1548265286.565590 0.000000000 0.000000000 0.000000000 0.000000000 0.000000000 0.000000000 1.000000000
1548265286.599090 -0.014941562 0.005351537 0.012314778 0.003093355 0.009807287 0.003933213 0.999939382
1548265286.632600 0.007280292 -0.012653051 -0.003268796 0.001661142 0.011543082 0.005333647 0.999917805
1548265286.666120 0.006786391 -0.020955507 -0.005269955 0.000663003 0.023695474 0.008562238 0.999682367
1548265286.699640 -0.001238283 -0.009527902 0.003675424 0.002924175 0.032884624 0.014559404 0.999348819
1548265286.733150 0.005613081 -0.022149002 -0.004855115 -0.000095972 0.034686133 0.015137275 0.999283612
1548265286.766670 0.019454591 -0.025438027 -0.009798220 -0.002508617 0.040430214 0.017419055 0.999027371
1548265286.800190 0.011861276 -0.024698773 -0.001790462 -0.004395177 0.048937786 0.020809308 0.998575389
1548265286.833720 0.023213372 -0.032067891 -0.004156025 -0.007701481 0.052563842 0.022919228 0.998324811
1548265286.867220 0.023844058 -0.035318375 -0.002720756 -0.010485598 0.060631104 0.025678214 0.997774839
1548265286.900730 0.021784026 -0.037650589 -0.002720883 -0.012139212 0.064405717 0.027975786 0.997457743
1548265286.934250 0.033957101 -0.056036502 -0.006524847 -0.016991774 0.065590821 0.027558161 0.997321248
1548265286.967760 0.044695571 -0.075936928 -0.020347221 -0.022373527 0.071967609 0.027336173 0.996781230
1548265287.001280 0.021725977 -0.064961679 -0.002763096 -0.021688636 0.083765887 0.030142209 0.995793283
1548265287.034790 0.046309218 -0.063658461 -0.010965417 -0.021788962 0.081665568 0.032645553 0.995886683
1548265287.068310 0.053146858 -0.076804921 -0.017667493 -0.025243241 0.085645594 0.030895703 0.995526493
1548265287.101820 0.032226335 -0.075049810 -0.011787268 -0.025895074 0.097396672 0.032279924 0.994384885
1548265287.135340 0.042729806 -0.072343476 -0.010666938 -0.026350306 0.095941320 0.034633327 0.994435251
1548265287.168810 0.052877884 -0.079469509 -0.021286720 -0.029183270 0.095955633 0.032820355 0.994416237
1548265287.202320 0.047230460 -0.070600584 -0.017619208 -0.029400265 0.099767417 0.033261914 0.994019985
1548265287.235890 0.049339727 -0.069843225 -0.017877888 -0.030779880 0.097768836 0.032955032 0.994186997
1548265287.269410 0.070564263 -0.087424435 -0.034770377 -0.035595533 0.095356502 0.029672319 0.994363964
1548265287.302920 0.064749487 -0.087928638 -0.038962338 -0.037886381 0.104944386 0.030494543 0.993288159
1548265287.336440 0.066580459 -0.071780153 -0.028911596 -0.037302613 0.109555997 0.033937495 0.992700517
1548265287.369980 0.072690614 -0.067150757 -0.032961503 -0.038729858 0.109577104 0.032576289 0.992689133
1548265287.403510 0.074185140 -0.057685636 -0.035039689 -0.039179787 0.112291425 0.032415021 0.992373347
1548265287.437360 0.067737766 -0.049073335 -0.033993371 -0.040279843 0.113501988 0.031288493 0.992227733
1548265287.470870 0.079206362 -0.040834483 -0.035133563 -0.042923320 0.113187760 0.026724083 0.992286205
1548265287.504390 0.064540952 -0.036896087 -0.031182297 -0.045914281 0.119184166 0.025786506 0.991474688
1548265287.537930 0.070352674 -0.032645505 -0.033426393 -0.048033018 0.115966439 0.024234751 0.991795003
1548265287.571450 0.081698127 -0.030561859 -0.041384611 -0.050697207 0.116542101 0.021486407 0.991658270
1548265287.605000 0.070462801 -0.020489885 -0.037572276 -0.051260296 0.120685689 0.023150051 0.991096079
1548265287.638520 0.072115824 -0.008423616 -0.037070878 -0.051206276 0.117343456 0.021890741 0.991528749
1548265287.672040 0.081996180 -0.004020901 -0.043046169 -0.052902322 0.116576813 0.021078037 0.991547704
1548265287.705560 0.076365389 0.006701427 -0.040361580 -0.053843919 0.118978724 0.020249018 0.991228998
1548265287.739110 0.075661987 0.017133828 -0.042378485 -0.055296261 0.118480079 0.018156601 0.991249323
1548265287.772640 0.079947665 0.019487809 -0.046125282 -0.058764659 0.118752256 0.016245103 0.991050303
1548265287.806160 0.075753883 0.034344725 -0.044563908 -0.059961814 0.118443578 0.014009279 0.991049707
1548265287.839680 0.076217778 0.037435081 -0.050769657 -0.063554645 0.114796586 0.011103421 0.991291702
1548265287.873190 0.078568824 0.044214394 -0.052213021 -0.066284604 0.112914354 0.007963489 0.991359293
1548265287.906720 0.054424241 0.054120466 -0.047209524 -0.067275010 0.114697360 0.006918021 0.991095722
1548265287.940220 0.076927915 0.054011401 -0.053557333 -0.069579557 0.103922337 0.004306700 0.992139220
1548265287.973750 0.076873779 0.065811016 -0.055364542 -0.069170810 0.102186292 0.003954920 0.992349565
1548265288.007280 0.081838220 0.067789815 -0.062485453 -0.070636436 0.099769339 0.002254290 0.992497623
1548265288.040800 0.077716351 0.079300433 -0.059681337 -0.070346236 0.100562692 0.002432374 0.992437720
1548265288.074300 0.069077969 0.090390041 -0.062316295 -0.070293620 0.096712604 0.001403963 0.992826045
1548265288.107830 0.092818908 0.088201024 -0.072720870 -0.073846512 0.092268936 -0.003762881 0.992984891
1548265288.141420 0.083409347 0.101417169 -0.070042260 -0.073774405 0.096110798 -0.001915189 0.992631018
1548265288.174940 0.082125291 0.108237937 -0.070581906 -0.075111024 0.094390668 -0.002973857 0.992693245
1548265288.208380 0.077603497 0.112133346 -0.069328576 -0.076020397 0.092051804 -0.005465025 0.992833078
1548265288.241880 0.077154227 0.114927597 -0.075775176 -0.075973891 0.087997667 -0.006800164 0.993195891
1548265288.275340 0.075357318 0.121238746 -0.077038825 -0.075096428 0.084590852 -0.008730459 0.993543506
1548265288.308800 0.079704985 0.127331778 -0.082632445 -0.073939294 0.079821557 -0.009224904 0.994020343
1548265288.342230 0.093461193 0.120376617 -0.098467357 -0.075511321 0.076394387 -0.012534011 0.994135201
1548265288.375730 0.085811652 0.135934442 -0.090359770 -0.072923996 0.082207955 -0.011383992 0.993878424
1548265288.409240 0.081040516 0.145673871 -0.092216149 -0.072127156 0.080958918 -0.011907252 0.994032979
1548265288.442580 0.094045796 0.139188513 -0.107855819 -0.075068690 0.079368517 -0.015786033 0.993889391
1548265288.476100 0.085063472 0.153382078 -0.098851807 -0.074232481 0.083370179 -0.015667927 0.993626416
1548265288.509540 0.083463199 0.163355187 -0.102343619 -0.074360333 0.080879398 -0.018065190 0.993782043
1548265288.543050 0.096666984 0.161435395 -0.109881930 -0.077158354 0.080759920 -0.022971006 0.993477106
1548265288.576640 0.079822309 0.169437081 -0.102593727 -0.077604569 0.085412234 -0.021624910 0.993083417
1548265288.610080 0.082182772 0.171020165 -0.107782759 -0.078889661 0.079997435 -0.024430847 0.993367970
1548265288.643580 0.097034261 0.170315817 -0.117180675 -0.080548428 0.078790501 -0.028635155 0.993219018
1548265288.677100 0.073341340 0.179829016 -0.110261567 -0.079662822 0.084483452 -0.026876263 0.992871583
1548265288.710620 0.080270663 0.182814240 -0.113305710 -0.079646230 0.078555986 -0.028218502 0.993322253
1548265288.744150 0.077345878 0.185943782 -0.109991483 -0.079102114 0.077208012 -0.027767025 0.993484139
1548265288.777740 0.079981200 0.186794877 -0.120233558 -0.078078330 0.072247289 -0.027882999 0.993934929
1548265288.811260 0.088414647 0.186669812 -0.124463670 -0.077203922 0.071365774 -0.028810712 0.994040430
1548265288.844770 0.088099517 0.193126559 -0.127106860 -0.074913889 0.073183648 -0.027191903 0.994129062
1548265288.878260 0.080406725 0.194484845 -0.131381258 -0.073958933 0.074488543 -0.024960713 0.994162202
1548265288.911730 0.090487830 0.196535975 -0.131885856 -0.072418906 0.069497861 -0.027525106 0.994569182
1548265288.945290 0.095842592 0.202868313 -0.138099223 -0.070148155 0.072938494 -0.029063577 0.994441807
1548265288.978810 0.083701842 0.213364825 -0.136305898 -0.068376094 0.076725073 -0.026778260 0.994344413
1548265289.012420 0.085819229 0.216971129 -0.139946669 -0.068406194 0.073350534 -0.029689370 0.994514346
1548265289.045940 0.096807040 0.218188927 -0.145642236 -0.069829814 0.072176248 -0.033689387 0.994373858
1548265289.079450 0.090765819 0.225377113 -0.141059816 -0.070699178 0.076123692 -0.034598902 0.993986785
1548265289.112970 0.090267681 0.233875021 -0.139706269 -0.071518362 0.077994503 -0.035586789 0.993748248
1548265289.146480 0.086538099 0.235200003 -0.139194891 -0.074388862 0.079116277 -0.036715075 0.993407726
1548265289.180000 0.091055132 0.237112075 -0.140222654 -0.076355584 0.077866472 -0.036908038 0.993350089
1548265289.213520 0.094305024 0.237897873 -0.140740559 -0.078234933 0.079322241 -0.037112400 0.993081033
1548265289.247030 0.089815669 0.235634387 -0.137113854 -0.080551624 0.080958977 -0.035075512 0.992837727
1548265289.280550 0.104384355 0.233278960 -0.139909476 -0.081837811 0.080184244 -0.034931857 0.992800534
1548265289.314060 0.089398459 0.232376069 -0.136738136 -0.082729526 0.086807229 -0.031787697 0.992275059
1548265289.347730 0.085390002 0.232823819 -0.137200892 -0.082910813 0.085227288 -0.029207038 0.992476225
1548265289.381360 0.095540427 0.231400862 -0.134511352 -0.083080836 0.082229249 -0.029700736 0.992700219
1548265289.414870 0.093677707 0.228320509 -0.136260808 -0.083358891 0.085687809 -0.027147394 0.992457509
1548265289.448390 0.085982256 0.227358058 -0.131776780 -0.083097741 0.086673863 -0.025136305 0.992446780
1548265289.481980 0.090323620 0.225362971 -0.133872807 -0.082086869 0.084489927 -0.024958262 0.992723644
1548265289.515490 0.086665072 0.225021765 -0.128207982 -0.080586515 0.085743330 -0.023304474 0.992779315
1548265289.548900 0.078661680 0.217501268 -0.131594405 -0.079965331 0.084545553 -0.020851824 0.992986798
1548265289.582520 0.085621856 0.211348906 -0.129743248 -0.078150488 0.080619045 -0.021264786 0.993448973
1548265289.616040 0.081711762 0.209517807 -0.129238486 -0.075421587 0.081166178 -0.019357311 0.993654370
1548265289.649560 0.083835267 0.206221223 -0.130973712 -0.072544269 0.079427749 -0.017050175 0.994051218
1548265289.683070 0.087971628 0.199942961 -0.132874444 -0.070257507 0.077579871 -0.015428232 0.994387865
1548265289.716480 0.083913922 0.196172580 -0.132339284 -0.067849956 0.079453595 -0.013610248 0.994433641
1548265289.749940 0.083905824 0.197635964 -0.133203328 -0.064347334 0.079300873 -0.011024480 0.994710624
1548265289.783430 0.088995367 0.188999519 -0.136056438 -0.063714698 0.078723341 -0.009252914 0.994815290
1548265289.816950 0.080684051 0.187070087 -0.136616915 -0.061988872 0.081048243 -0.006193655 0.994761407
1548265289.850440 0.083506383 0.180438623 -0.137138709 -0.061164454 0.078204043 -0.005446542 0.995044410
1548265289.883850 0.091579512 0.176536068 -0.138608575 -0.059681512 0.077847473 -0.004715730 0.995166123
1548265289.917360 0.080072463 0.174881935 -0.134196267 -0.058115438 0.082031555 -0.001556447 0.994932652
1548265289.950850 0.076808855 0.168757051 -0.136711016 -0.057159510 0.079259411 -0.000103476 0.995213926
1548265289.984350 0.086031176 0.164238870 -0.136514142 -0.055712651 0.076983705 -0.000403496 0.995474458
1548265290.017820 0.080009885 0.161848739 -0.137248710 -0.053812116 0.080247760 0.002200098 0.995318890
1548265290.051340 0.075928934 0.162052587 -0.133282676 -0.051053312 0.078381240 0.004215124 0.995606422
1548265290.084830 0.092986867 0.149611667 -0.143913329 -0.050712585 0.075156309 0.003833233 0.995874047
1548265290.118350 0.084108211 0.155348465 -0.139872327 -0.047656778 0.080785587 0.005810212 0.995574594
1548265290.151890 0.075941309 0.149814412 -0.138603419 -0.046510961 0.079394594 0.007488830 0.995729446
1548265290.185400 0.088542700 0.139625341 -0.145214215 -0.046709903 0.076275237 0.006309377 0.995972097
1548265290.218920 0.084114917 0.136339605 -0.146524474 -0.045803308 0.079979718 0.007136752 0.995718002
1548265290.252430 0.078677356 0.133839458 -0.146168545 -0.044699911 0.081531592 0.009009596 0.995627105
1548265290.285990 0.084237717 0.130796343 -0.149945632 -0.044271231 0.080251426 0.008547641 0.995754361
1548265290.319510 0.088785782 0.127206564 -0.156203613 -0.044051018 0.082442053 0.008767549 0.995583177
1548265290.353040 0.073201470 0.125506341 -0.154268816 -0.043440405 0.085675269 0.011415342 0.995310187
1548265290.386960 0.079887249 0.123063318 -0.155636281 -0.042862557 0.080077894 0.011326332 0.995802224
1548265290.420470 0.086420707 0.115903787 -0.161701337 -0.042997099 0.080637738 0.011941123 0.995744050
1548265290.454000 0.078012712 0.118740328 -0.158242390 -0.041397903 0.083187371 0.014722083 0.995564818
1548265290.487510 0.079903059 0.115011111 -0.163326100 -0.040899884 0.080182001 0.015769923 0.995815933
1548265290.521030 0.087596774 0.107760243 -0.171968222 -0.041561823 0.079559244 0.015455306 0.995843351
1548265290.554540 0.081755742 0.107497282 -0.172696039 -0.041038126 0.082759820 0.017308323 0.995573759
1548265290.588060 0.078361042 0.112796158 -0.173560575 -0.039832536 0.082236260 0.017363785 0.995665133
1548265290.621580 0.086217299 0.107708402 -0.180943355 -0.040946782 0.080103703 0.016099436 0.995814979
1548265290.655080 0.078362316 0.104520105 -0.180667669 -0.042046268 0.082804099 0.015947329 0.995550692
1548265290.688350 0.067501500 0.107271992 -0.185017034 -0.041604366 0.081892096 0.015464040 0.995652318
1548265290.721860 0.071314685 0.103992239 -0.189967677 -0.042380854 0.076854885 0.013351572 0.996051669
1548265290.755360 0.071033031 0.109067947 -0.185100853 -0.041455992 0.075712696 0.012647936 0.996187210
1548265290.788870 0.060400531 0.106957860 -0.196122333 -0.041349445 0.070195250 0.011632338 0.996608019
1548265290.822390 0.065809578 0.101132289 -0.201796085 -0.042647615 0.065286286 0.010509274 0.996899366
1548265290.855890 0.059282243 0.103940509 -0.201450303 -0.041752655 0.063141689 0.011171114 0.997068226
1548265290.889360 0.047745313 0.114357792 -0.210713640 -0.039594032 0.057638280 0.010100323 0.997500896
1548265290.922840 0.069843113 0.098613560 -0.217900410 -0.043757539 0.050038468 0.007606266 0.997759283
1548265290.956300 0.059292771 0.105881892 -0.218762130 -0.043629445 0.052981056 0.008890249 0.997602344
1548265290.989780 0.054206196 0.111714698 -0.220786706 -0.043800537 0.050013442 0.010385753 0.997733533
1548265291.023000 0.062492974 0.102538876 -0.230424568 -0.047129139 0.046788339 0.010212014 0.997740149
1548265291.056480 0.051434189 0.108075269 -0.228389502 -0.047076616 0.047249049 0.012755282 0.997691631
1548265291.090330 0.057837099 0.108057342 -0.235867783 -0.048187625 0.041343685 0.013756785 0.997887492
1548265291.123840 0.063965082 0.103685282 -0.241722330 -0.050490789 0.040094372 0.013806174 0.997823894
1548265291.157360 0.054815833 0.111057900 -0.235263556 -0.050050166 0.041430458 0.016623845 0.997748494
1548265291.190780 0.057863187 0.102272287 -0.245108962 -0.052683800 0.035602205 0.016494757 0.997840047
1548265291.224200 0.061335079 0.098735675 -0.247579426 -0.054705095 0.035317339 0.016017944 0.997749209
1548265291.257710 0.049837746 0.104025796 -0.248310924 -0.054276384 0.036525324 0.018430114 0.997687459
1548265291.291230 0.059650056 0.107213229 -0.250672340 -0.054207664 0.031877026 0.017561773 0.997866213
1548265291.324710 0.057059921 0.100804955 -0.253337264 -0.055404164 0.032940172 0.017254481 0.997771323
1548265291.358230 0.055860944 0.102237724 -0.250311971 -0.054903395 0.032098144 0.017757673 0.997817636
1548265291.391740 0.058283843 0.101458162 -0.252710938 -0.054960642 0.029591646 0.016565263 0.997912467
1548265291.425290 0.062941559 0.100561336 -0.257201403 -0.054855719 0.028853225 0.015104226 0.997963011
1548265291.458810 0.056130499 0.101015709 -0.253495425 -0.054357719 0.030926295 0.014838259 0.997932136
1548265291.492320 0.062021893 0.103160642 -0.256442010 -0.053177170 0.027967613 0.013401862 0.998103380
1548265291.525840 0.068162188 0.101960175 -0.261558235 -0.052670710 0.028953999 0.011454352 0.998126388
1548265291.559370 0.061559465 0.102858357 -0.258739620 -0.051817551 0.031786729 0.012294681 0.998074830
1548265291.592890 0.068687916 0.105836362 -0.260103136 -0.050184630 0.028850179 0.010361196 0.998269379
1548265291.626390 0.074616604 0.106818818 -0.262634128 -0.049005784 0.030725807 0.008696630 0.998287916
1548265291.659890 0.068524763 0.105417639 -0.260480553 -0.048282977 0.034917247 0.009217108 0.998180628
1548265291.693390 0.078842029 0.105369873 -0.263584584 -0.047175370 0.035077095 0.008342645 0.998235703
1548265291.726910 0.077559881 0.108999461 -0.266936779 -0.045418333 0.039493207 0.008439790 0.998151422
1548265291.760440 0.073141254 0.108709179 -0.264629185 -0.045245249 0.042272069 0.009304293 0.998037755
1548265291.793960 0.083229609 0.114019059 -0.260708094 -0.043921411 0.041199647 0.008540971 0.998148561
1548265291.827470 0.085960068 0.113905437 -0.266281962 -0.043803036 0.045536019 0.008222366 0.997968018
1548265291.860990 0.082032308 0.114643000 -0.261358559 -0.044312559 0.049916070 0.009647153 0.997723222
1548265291.894510 0.090345949 0.116048373 -0.261794567 -0.044664871 0.053540304 0.009276448 0.997523129
1548265291.928020 0.085108779 0.120977975 -0.257811219 -0.044285826 0.057853647 0.011796461 0.997272551
1548265291.961550 0.092135958 0.118744574 -0.258425355 -0.045138944 0.058739491 0.010277542 0.997199297
1548265291.995080 0.092652842 0.126002431 -0.256327301 -0.044536941 0.064306058 0.010981880 0.996875405
1548265292.028610 0.091754369 0.125695735 -0.254783422 -0.045166302 0.066014931 0.011450442 0.996730149
1548265292.062190 0.103143364 0.121746890 -0.259038657 -0.046193432 0.066826075 0.009301744 0.996651351
1548265292.095780 0.094314404 0.128496632 -0.252318025 -0.045094192 0.071612112 0.010033172 0.996362150
1548265292.129340 0.096501805 0.130037591 -0.251609981 -0.044662286 0.072009541 0.007896128 0.996372223
1548265292.162860 0.100113712 0.131306663 -0.249804139 -0.044548858 0.074012518 0.006758920 0.996238887
1548265292.196370 0.095077999 0.125846267 -0.252693653 -0.045344602 0.076048583 0.006675181 0.996050179
1548265292.229890 0.097595267 0.127403677 -0.256038904 -0.044674356 0.075559832 0.003936417 0.996132255
1548265292.263400 0.099973515 0.144053772 -0.245360702 -0.041308392 0.076556787 0.002734214 0.996205389
1548265292.296910 0.096614085 0.141653046 -0.248116329 -0.041864637 0.077673405 0.002327148 0.996096790
1548265292.330420 0.098643929 0.145754725 -0.247051358 -0.041264210 0.076556124 0.000644758 0.996210814
1548265292.363930 0.101025157 0.149435669 -0.244439229 -0.041245092 0.077105612 0.000295481 0.996169388
1548265292.397450 0.102132969 0.149535626 -0.244139865 -0.042273708 0.077542149 0.000975906 0.996091962
1548265292.430970 0.103038333 0.149703935 -0.243664727 -0.042980082 0.077332459 0.000768550 0.996078193
1548265292.464480 0.097432695 0.147895053 -0.244976044 -0.044459932 0.079471491 0.001431446 0.995844126
1548265292.497980 0.101687945 0.145476788 -0.243845284 -0.046267722 0.078415558 0.002497561 0.995843410
1548265292.531500 0.098518409 0.147120640 -0.244986057 -0.046783660 0.079036288 0.002386692 0.995770514
1548265292.565010 0.099171840 0.148159713 -0.246522292 -0.047525726 0.078729481 0.003116682 0.995757639
1548265292.598530 0.097082131 0.148149759 -0.241803974 -0.048597064 0.078116439 0.003614232 0.995752513
1548265292.632030 0.098990098 0.147687405 -0.241444275 -0.049472738 0.077633739 0.004207731 0.995744824
1548265292.665550 0.099516809 0.143439531 -0.240476370 -0.050749581 0.077058330 0.005798017 0.995717287
1548265292.699060 0.100773126 0.144373372 -0.239219278 -0.050555658 0.075951412 0.005727161 0.995812595
1548265292.732580 0.101426065 0.143685982 -0.238429755 -0.050297040 0.076219469 0.006882384 0.995797873
1548265292.766100 0.099147879 0.138507143 -0.238982812 -0.050768297 0.076625220 0.008605291 0.995729446
1548265292.799610 0.102390803 0.142895281 -0.241593108 -0.048974890 0.074630886 0.008826881 0.995968759
1548265292.833130 0.105940588 0.145124853 -0.240401953 -0.047873665 0.073597938 0.008228314 0.996104300
1548265292.866640 0.101131737 0.148698792 -0.239055842 -0.047048993 0.074448943 0.007905324 0.996082962
1548265292.900160 0.100201257 0.150240242 -0.238710046 -0.046829008 0.074105717 0.006544126 0.996128798
1548265292.933680 0.105114736 0.154482782 -0.240293160 -0.046433344 0.073333412 0.005176586 0.996212482
1548265292.967190 0.104149647 0.157187521 -0.238019362 -0.046757881 0.074310042 0.003719086 0.996131420
1548265293.000710 0.102077469 0.156432360 -0.237877741 -0.047497779 0.075226016 0.001338648 0.996033728
1548265293.034200 0.097929932 0.155511856 -0.236640945 -0.048464585 0.076743193 -0.000526206 0.995872140
1548265293.067580 0.104422353 0.154611692 -0.235912815 -0.049303692 0.075840950 -0.001301700 0.995899379
1548265293.101080 0.099196061 0.156221077 -0.233227357 -0.049335621 0.076665729 -0.001823287 0.995833874
1548265293.134590 0.096494280 0.155708224 -0.232873842 -0.049278397 0.076543383 -0.003016904 0.995843172
1548265293.168030 0.094000861 0.154405206 -0.234279260 -0.048989121 0.076495185 -0.002767107 0.995861888
1548265293.201550 0.090805329 0.159838542 -0.235164165 -0.047528807 0.075661786 -0.002736958 0.995996416
1548265293.235070 0.091679126 0.163422868 -0.236852318 -0.046697896 0.073927663 -0.002817816 0.996165693
1548265293.268580 0.090477519 0.167334840 -0.240837038 -0.046290215 0.072414324 -0.002430252 0.996296883
1548265293.302170 0.096757628 0.171117231 -0.241786525 -0.046674013 0.069314457 -0.003202205 0.996497273
1548265293.335700 0.095169388 0.166226357 -0.244501144 -0.048883379 0.068978935 -0.003260227 0.996414423
1548265293.369710 0.086542182 0.180844635 -0.240711302 -0.047937866 0.068340316 -0.003310644 0.996504188
1548265293.403220 0.094070084 0.176461771 -0.244058162 -0.050831839 0.065972105 -0.003854958 0.996518433
1548265293.436240 0.102648214 0.181598812 -0.242448300 -0.051712178 0.066160508 -0.004012309 0.996460021
1548265293.469760 0.093709730 0.182171196 -0.240719840 -0.053618576 0.069092266 -0.002763975 0.996164501
1548265293.503340 0.085387006 0.187653944 -0.240518719 -0.054322246 0.069623128 -0.002622730 0.996089756
1548265293.536860 0.089040995 0.185331210 -0.240317449 -0.055983692 0.068442419 -0.003827865 0.996075690
1548265293.570370 0.077321723 0.192861214 -0.241352335 -0.055926390 0.069178380 -0.004420122 0.996025622
1548265293.603890 0.074816361 0.191318661 -0.242735401 -0.057235423 0.064750314 -0.007258036 0.996232331
1548265293.637880 0.083697438 0.191867426 -0.240880057 -0.057903320 0.060771111 -0.010447076 0.996416032
1548265293.671430 0.080154508 0.190229565 -0.240087092 -0.058448084 0.061334722 -0.013764818 0.996309400
1548265293.705050 0.068671949 0.188454986 -0.236085147 -0.058995131 0.062927373 -0.015170525 0.996157408
1548265293.738460 0.064148337 0.188305527 -0.232915670 -0.058166988 0.061667074 -0.017070778 0.996254146
1548265293.771540 0.071944304 0.180860445 -0.231859624 -0.058241498 0.058828000 -0.017912623 0.996406734
1548265293.804990 0.071720622 0.184617221 -0.231756508 -0.055269606 0.061725423 -0.017852345 0.996401787
1548265293.838500 0.061369766 0.187609240 -0.226617023 -0.052941572 0.066886000 -0.016081193 0.996225297
1548265293.872010 0.055573225 0.178626627 -0.227062508 -0.052426700 0.068734258 -0.012765444 0.996174753
1548265293.905430 0.059094012 0.179598987 -0.229498908 -0.049595397 0.068888240 -0.010024304 0.996340394
1548265293.939040 0.057511684 0.181070670 -0.228012875 -0.045755003 0.071422584 -0.006083951 0.996377587
1548265293.972550 0.075083949 0.161713734 -0.230506450 -0.047612689 0.067536868 0.001832830 0.996578336
1548265294.006070 0.049206719 0.159048259 -0.228327021 -0.044481445 0.069348849 0.001556687 0.996599078
1548265294.039590 0.056903288 0.165887639 -0.234397456 -0.040414613 0.069774032 0.002938728 0.996739447
1548265294.072920 0.061546631 0.156135857 -0.235681698 -0.042592581 0.069561116 0.011412666 0.996602654
1548265294.106430 0.052504469 0.158026204 -0.232372433 -0.040012058 0.067514919 0.008851473 0.996876359
1548265294.139950 0.057980534 0.152340949 -0.232310116 -0.040153846 0.066418119 0.010267746 0.996930718
1548265294.173430 0.040633906 0.144640177 -0.229929432 -0.041028667 0.069252685 0.013080279 0.996669233
1548265294.206950 0.052781694 0.145736217 -0.231034562 -0.039939448 0.064272523 0.014257963 0.997030914
1548265294.240460 0.049021829 0.145191744 -0.232789606 -0.038611554 0.065299556 0.014366819 0.997014940
1548265294.274010 0.047482602 0.134249240 -0.239668593 -0.040027425 0.065402247 0.017414765 0.996903718
1548265294.307530 0.048571385 0.136280194 -0.236745492 -0.038467567 0.061596394 0.017019682 0.997214377
1548265294.341050 0.050912146 0.142510876 -0.238173872 -0.036748149 0.059177328 0.016008263 0.997442424
1548265294.374560 0.047849152 0.137852579 -0.241306722 -0.037422992 0.059178654 0.015276570 0.997428715
1548265294.408080 0.048344839 0.136846349 -0.242183790 -0.037753277 0.057870265 0.013895969 0.997513235
1548265294.441590 0.062568910 0.135009602 -0.250422060 -0.038126733 0.054433409 0.013448562 0.997698605
1548265294.475110 0.047629558 0.136896938 -0.250448793 -0.037740763 0.055437621 0.011615313 0.997681022
1548265294.508630 0.057895206 0.124970168 -0.250082761 -0.039655361 0.051850852 0.011284915 0.997803390
1548265294.542180 0.049942706 0.120084450 -0.249318510 -0.039987244 0.052389130 0.010432319 0.997771323
1548265294.575710 0.055679440 0.114956699 -0.244892910 -0.041045066 0.049282342 0.014458762 0.997836411
1548265294.609210 0.052733302 0.117871761 -0.248244464 -0.038614977 0.044515979 0.012457862 0.998184383
1548265294.642730 0.050443567 0.123410456 -0.252664059 -0.035849731 0.047601208 0.013427077 0.998132586
1548265294.676240 0.053002391 0.113236293 -0.250308216 -0.037057064 0.046745662 0.018731190 0.998043478
1548265294.709740 0.061474457 0.118008249 -0.256318539 -0.034537114 0.042640377 0.018875770 0.998314917
1548265294.743230 0.059766460 0.120694652 -0.254911542 -0.033266872 0.044986684 0.020462317 0.998223841
1548265294.776750 0.068556525 0.122200809 -0.255035371 -0.033632953 0.043652419 0.023344059 0.998207569
1548265294.810260 0.063002631 0.122524783 -0.256043494 -0.033676118 0.044783529 0.021581789 0.998195648
1548265294.843770 0.069113031 0.124287538 -0.258596182 -0.034520753 0.046588924 0.022214316 0.998070300
1548265294.877290 0.065873474 0.126614094 -0.257127434 -0.035609074 0.047747441 0.021432869 0.997994363
1548265294.910810 0.059480436 0.122926928 -0.256301612 -0.037439287 0.048204843 0.019251745 0.997949898
1548265294.944320 0.064131841 0.119866006 -0.255154163 -0.039251450 0.048438527 0.017312188 0.997904480
1548265294.977820 0.070151180 0.126927420 -0.254325509 -0.039008573 0.046035174 0.016625360 0.998039424
1548265295.011330 0.064962722 0.124274954 -0.259859771 -0.039708305 0.046825260 0.013167436 0.998026669
1548265295.044850 0.064604990 0.125670224 -0.251365751 -0.040415321 0.045982551 0.013907103 0.998027444
1548265295.078350 0.055999655 0.119279526 -0.256428421 -0.041801915 0.044408746 0.011690455 0.998070061
1548265295.111870 0.055982620 0.136547014 -0.257515043 -0.038736615 0.041102480 0.010041650 0.998353243
1548265295.145370 0.049099296 0.132460639 -0.265427768 -0.039726730 0.040691786 0.007234165 0.998355448
1548265295.178900 0.048793502 0.132561073 -0.265027374 -0.040935487 0.039265301 0.006288994 0.998370171
1548265295.212430 0.047388490 0.126648501 -0.260540456 -0.043540832 0.035248999 0.006107014 0.998410940
1548265295.245950 0.032596622 0.130225852 -0.261587203 -0.043482635 0.034343578 0.002832545 0.998459697
1548265295.279450 0.047713701 0.127682000 -0.271217972 -0.045230586 0.029035196 0.003196408 0.998549402
1548265295.312940 0.055724468 0.127385825 -0.268998504 -0.046145923 0.020114789 0.002464578 0.998729110
1548265295.346450 0.057365321 0.129834414 -0.267495871 -0.046529826 0.013887908 0.002071860 0.998818219
1548265295.379960 0.027376220 0.142884165 -0.279571384 -0.044494379 0.013034587 0.000037240 0.998924613
1548265295.413480 0.027478611 0.152310580 -0.283620268 -0.044212110 0.007620769 -0.001536600 0.998991907
1548265295.446990 0.023938932 0.145701498 -0.284092575 -0.047567979 0.004751611 -0.002697368 0.998853087
1548265295.480510 0.029245496 0.142322704 -0.281137794 -0.050313011 -0.000611283 -0.004795135 0.998721778
1548265295.514030 0.037174482 0.137446404 -0.282827258 -0.052774850 -0.000323208 -0.005926472 0.998588800
1548265295.547530 0.027450090 0.140234724 -0.284084886 -0.054031663 0.002366432 -0.003448840 0.998530507
1548265295.581060 0.031639386 0.138378039 -0.276459813 -0.055316091 0.000542929 -0.004379515 0.998459160
1548265295.614570 0.036682963 0.125388920 -0.271301985 -0.057322957 0.003475641 -0.006322623 0.998329580
1548265295.648080 0.033303257 0.143045008 -0.266588509 -0.053265702 0.007865847 -0.004333972 0.998539984
1548265295.681590 0.034158505 0.138353959 -0.266532123 -0.052180279 0.010370731 -0.006354118 0.998563588
1548265295.715110 0.033991646 0.138202906 -0.260937154 -0.050288040 0.014119092 -0.009080877 0.998593688
1548265295.748630 0.019576643 0.142304868 -0.260674596 -0.047620047 0.018156011 -0.010269307 0.998647690
1548265295.782140 0.027636917 0.141802505 -0.260260582 -0.045085184 0.015731432 -0.013784484 0.998764157
1548265295.815660 0.027874412 0.142193452 -0.259210020 -0.042638067 0.018506581 -0.017003819 0.998774469
1548265295.849600 0.024441719 0.148813054 -0.258010954 -0.040094450 0.020583520 -0.018008765 0.998821497
1548265295.883220 0.012406589 0.154023662 -0.256156087 -0.038269773 0.022755856 -0.018183688 0.998842776
1548265295.916730 0.022125702 0.158107609 -0.254071742 -0.036590237 0.018461548 -0.018974751 0.998979628
1548265295.950150 0.025244676 0.155109793 -0.254094094 -0.036633655 0.020106057 -0.020211102 0.998922050
1548265295.983080 0.012868827 0.167757586 -0.249681637 -0.034960687 0.024050564 -0.016614230 0.998961091
1548265296.017180 0.020468596 0.167773530 -0.251015931 -0.035798151 0.018933229 -0.017367864 0.999028742
1548265296.050800 0.023445355 0.162594050 -0.249543309 -0.037987981 0.021678481 -0.017622218 0.998887599
1548265296.084310 0.009890384 0.174414217 -0.247859538 -0.037542496 0.024012452 -0.015416186 0.998887539
1548265296.117830 0.016142190 0.160591021 -0.246033385 -0.042040013 0.021091837 -0.017590543 0.998738348
1548265296.151360 0.023504859 0.156648114 -0.242008373 -0.044477738 0.021608846 -0.018030727 0.998613894
1548265296.184870 0.013374882 0.160244539 -0.238606289 -0.045326646 0.025165118 -0.017179484 0.998507440
1548265296.218380 0.016975116 0.155850098 -0.235106289 -0.047224227 0.025322448 -0.016601643 0.998425245
1548265296.251530 0.023329459 0.151093975 -0.232762650 -0.048648000 0.029275035 -0.015399237 0.998268127
1548265296.285050 0.008937437 0.154726788 -0.230686471 -0.048518915 0.034257304 -0.011627707 0.998166919
1548265296.318660 0.014966718 0.147889301 -0.227491036 -0.049702216 0.032993875 -0.010154267 0.998167336
1548265296.352180 0.022583416 0.138767362 -0.224872962 -0.050817505 0.037706826 -0.007840522 0.997965097
1548265296.385690 0.013655161 0.140242457 -0.220102683 -0.050200302 0.043527413 -0.004002268 0.997782171
1548265296.419210 0.015528483 0.132291809 -0.217504144 -0.050828114 0.044506203 -0.001925561 0.997713387
1548265296.452730 0.011513869 0.123180702 -0.228971794 -0.051280517 0.050749112 -0.001144943 0.997393370
1548265296.486240 0.010975337 0.125993297 -0.221497670 -0.049637824 0.062132627 0.002711050 0.996829093
1548265296.519660 0.024086261 0.140332609 -0.205257654 -0.045749616 0.065903798 0.007633020 0.996747434
1548265296.553180 0.026781935 0.115392983 -0.207531348 -0.048427787 0.069372520 0.008518036 0.996378243
1548265296.586490 0.029873833 0.126298040 -0.201245531 -0.044436332 0.074905552 0.012958563 0.996115744
1548265296.620010 0.027215507 0.119787797 -0.195316270 -0.043145731 0.077596158 0.015609005 0.995928526
1548265296.653460 0.037138913 0.110610470 -0.201566443 -0.042076629 0.080863900 0.017322166 0.995685935
1548265296.686880 0.029507676 0.105969690 -0.192073390 -0.039734900 0.086128227 0.021485172 0.995259464
1548265296.720490 0.029963890 0.098233394 -0.189926550 -0.037716772 0.086787358 0.023689894 0.995230734
1548265296.754070 0.031766184 0.098677114 -0.187711865 -0.034235965 0.087110929 0.025602221 0.995280921
1548265296.787520 0.019465595 0.081038691 -0.179997444 -0.034367677 0.091269866 0.027156832 0.994862378
1548265296.820940 0.017252745 0.081652626 -0.176254511 -0.031059708 0.090831436 0.029907856 0.994932413
1548265296.854390 0.028224224 0.081502661 -0.183019966 -0.028382057 0.086886846 0.031538434 0.995314240
1548265296.887890 0.032364685 0.067392126 -0.179335296 -0.029469369 0.088015676 0.033086400 0.995133221
1548265296.921410 0.023789641 0.065805934 -0.176275387 -0.028583646 0.088624574 0.035444848 0.995023787
1548265296.954940 0.035894282 0.057929959 -0.175202131 -0.029998994 0.086274974 0.035497773 0.995186746
1548265296.988450 0.037207030 0.054417279 -0.170916557 -0.030845564 0.088304602 0.037042949 0.994926453
1548265297.021970 0.031347632 0.043374140 -0.167171657 -0.033233292 0.090633512 0.039168525 0.994558692
1548265297.055490 0.034267746 0.034393925 -0.160704225 -0.035211947 0.090455428 0.040305007 0.994461358
1548265297.089160 0.033387106 0.027913285 -0.154657379 -0.036319159 0.091355957 0.042543143 0.994246006
1548265297.122680 0.027630547 0.024581913 -0.148715228 -0.036187947 0.091157228 0.046131108 0.994109035
1548265297.156390 0.037799556 0.008418550 -0.150786698 -0.037798677 0.086244278 0.047789942 0.994409025
1548265297.189970 0.038634893 0.008593927 -0.145101160 -0.036316983 0.084281214 0.050951552 0.994475543
1548265297.223420 0.034098297 -0.000656273 -0.141844496 -0.036042292 0.080404386 0.053606182 0.994667053
1548265297.256940 0.053735107 -0.011317902 -0.140889227 -0.036168847 0.073386103 0.055194400 0.995118022
1548265297.290450 0.056245074 -0.020854039 -0.140586287 -0.035906136 0.070950836 0.058372878 0.995122790
1548265297.323970 0.062525712 -0.030257002 -0.139609843 -0.035551962 0.067939393 0.061577365 0.995152533
1548265297.357480 0.065405354 -0.034148764 -0.133742094 -0.034901436 0.064888120 0.063567743 0.995254040
1548265297.391070 0.074186899 -0.042719610 -0.127182782 -0.035616610 0.063839734 0.064994097 0.995204389
1548265297.424600 0.068661965 -0.060568530 -0.122080170 -0.038203735 0.065991879 0.066393800 0.994875610
1548265297.458120 0.069380261 -0.057592008 -0.117645301 -0.036454666 0.065549195 0.069264755 0.994774759
1548265297.491640 0.059304625 -0.063955829 -0.112974450 -0.036420871 0.060162496 0.068204567 0.995189488
1548265297.525130 0.076049060 -0.086332485 -0.101145312 -0.041177362 0.056175891 0.064250998 0.995500147
1548265297.558580 0.046260461 -0.064979210 -0.096435606 -0.037199873 0.058845855 0.065913886 0.995393753
1548265297.592060 0.055893172 -0.071595930 -0.093908139 -0.038617600 0.040737711 0.059087645 0.996673346
1548265297.625550 0.092302009 -0.089583732 -0.088801697 -0.043654516 0.033115618 0.051895615 0.997148156
1548265297.659010 0.076711029 -0.072496608 -0.085515678 -0.041271072 0.037410259 0.053287268 0.997024417
1548265297.692520 0.066265561 -0.077024221 -0.081816286 -0.041924123 0.023420691 0.043669943 0.997891128
1548265297.726010 0.099067599 -0.087588914 -0.080330133 -0.044772714 0.016089223 0.037436660 0.998165846
1548265297.759530 0.034359008 -0.075096548 -0.073663786 -0.041556660 0.023441831 0.033954773 0.998283803
1548265297.793050 0.090364262 -0.092826575 -0.070355654 -0.044990283 -0.000654546 0.023589192 0.998708665
1548265297.826560 0.110450335 -0.076090872 -0.061172746 -0.042914297 0.000274711 0.019341314 0.998891473
1548265297.860080 0.059311938 -0.036709737 -0.061705258 -0.035972945 0.006827944 0.018905327 0.999150574
1548265297.893600 0.090367660 -0.071101941 -0.049265660 -0.044127695 -0.008486290 0.009393755 0.998945713
1548265297.927110 0.106486112 -0.067884140 -0.051555414 -0.045778386 -0.006452219 0.005160028 0.998917460
1548265297.960630 0.074565731 -0.034483925 -0.037833851 -0.042161763 -0.003413429 0.004354650 0.999095500
1548265297.994140 0.092268653 -0.058084447 -0.037153617 -0.049650230 -0.012944842 -0.001901206 0.998680949
1548265298.027660 0.103003770 -0.061052814 -0.033687588 -0.053475264 -0.012896351 -0.005896346 0.998468518
1548265298.061180 0.097852357 -0.041897729 -0.029140038 -0.053594582 -0.010395031 -0.007591884 0.998479784
1548265298.094690 0.099435374 -0.044244427 -0.021250891 -0.057248633 -0.012379745 -0.010077090 0.998232365
1548265298.128210 0.110914744 -0.040788606 -0.019551929 -0.060245022 -0.010258485 -0.013125465 0.998044610
1548265298.161720 0.102513798 -0.017470649 -0.016065110 -0.059079271 -0.008452747 -0.013175918 0.998130560
1548265298.195250 0.105797812 -0.021976473 -0.008894861 -0.063358165 -0.010244241 -0.015616133 0.997816086
1548265298.228770 0.113897495 -0.026824556 -0.006971136 -0.067152917 -0.008644219 -0.017310048 0.997555077
1548265298.262290 0.110718377 -0.010334625 0.000467676 -0.066766582 -0.004876351 -0.016362691 0.997622550
1548265298.295800 0.110902220 -0.000796883 0.000796161 -0.067236729 -0.005761892 -0.016355561 0.997586370
1548265298.329310 0.121010244 0.004019009 0.004820399 -0.067978896 -0.005349934 -0.016434744 0.997537017
1548265298.362840 0.120353557 0.003100137 0.009036349 -0.069502652 -0.004201708 -0.015215885 0.997456849
1548265298.396370 0.124380089 0.005417967 0.011377203 -0.070338860 -0.004225886 -0.014904452 0.997402847
1548265298.429900 0.119461514 0.006053257 0.018177005 -0.070982486 -0.002797013 -0.014314604 0.997370899
1548265298.463380 0.123462252 0.009379414 0.019931782 -0.070845366 -0.005167133 -0.014042329 0.997375071
1548265298.496930 0.130927578 0.012619372 0.022576297 -0.070750758 -0.006021485 -0.014683587 0.997367799
1548265298.530410 0.123921417 0.026281986 0.024212269 -0.068951719 -0.005199410 -0.014397565 0.997502506
1548265298.563820 0.134176716 0.031193394 0.026826754 -0.069208011 -0.007124685 -0.015951298 0.997449279
1548265298.597330 0.141931430 0.032267157 0.027149839 -0.070237063 -0.004709861 -0.017481850 0.997366011
1548265298.631000 0.136453301 0.031505801 0.031391729 -0.071822837 -0.001978439 -0.018406995 0.997245610
1548265298.664410 0.135992497 0.033024609 0.032928698 -0.072063185 -0.002093121 -0.020967023 0.997177482
1548265298.697930 0.132009104 0.042515136 0.038691770 -0.070194811 -0.002143021 -0.022136789 0.997285366
1548265298.731440 0.136142239 0.043523427 0.039036285 -0.069463082 -0.003400652 -0.024882859 0.997268319
1548265298.764960 0.136811554 0.065964162 0.036204260 -0.064576246 -0.002505223 -0.025007622 0.997596264
1548265298.798470 0.140912652 0.076234080 0.034535836 -0.062362090 -0.003928532 -0.027844828 0.997657359
1548265298.832010 0.140212148 0.076488636 0.035815090 -0.062593222 -0.002931526 -0.030103350 0.997580707
1548265298.865510 0.143436342 0.083934344 0.032059941 -0.061747719 -0.004160488 -0.033551101 0.997519016
1548265298.898950 0.142707631 0.090302020 0.029898820 -0.061753325 -0.002945748 -0.035312321 0.997462213
1548265298.932470 0.137419149 0.099702410 0.025795249 -0.061736949 -0.003382423 -0.037732810 0.997373223
1548265298.965990 0.139618903 0.102560185 0.025148412 -0.063700743 -0.004209555 -0.040942736 0.997119963
1548265298.999470 0.140831143 0.116872028 0.019991111 -0.063539952 -0.002864511 -0.041725427 0.997102559
1548265299.032970 0.126840189 0.125451326 0.018954443 -0.064476587 -0.001778595 -0.041536495 0.997052789
1548265299.066480 0.144530222 0.122309186 0.012771648 -0.067279778 -0.006724718 -0.043383215 0.996767819
1548265299.100000 0.137698323 0.129326299 0.009268806 -0.068755090 -0.002116490 -0.042385258 0.996730506
1548265299.133520 0.127115682 0.155611023 0.005413855 -0.066736735 -0.004484378 -0.038982514 0.996998727
1548265299.167030 0.149233758 0.145011112 -0.005472453 -0.072178580 -0.010380247 -0.040590268 0.996511400
1548265299.200550 0.137651145 0.159863725 -0.011141199 -0.073887549 -0.006222271 -0.038909737 0.996487796
1548265299.234060 0.136576653 0.184903949 -0.011055046 -0.073808193 -0.009401619 -0.036961786 0.996542931
1548265299.267570 0.154340193 0.182449892 -0.024435746 -0.079709858 -0.014335915 -0.037688904 0.996002197
1548265299.301090 0.147596195 0.185286239 -0.023335740 -0.084856607 -0.012920060 -0.037898343 0.995588303
1548265299.334580 0.150217295 0.187979057 -0.028235944 -0.089941867 -0.014338062 -0.037708320 0.995129645
1548265299.368090 0.150797248 0.195851788 -0.035755109 -0.093257807 -0.014188213 -0.038012691 0.994814873
1548265299.401610 0.151172727 0.206260771 -0.039686188 -0.096220449 -0.014422477 -0.036926430 0.994570255
1548265299.435120 0.140948668 0.212054253 -0.043768972 -0.098933101 -0.015154148 -0.036987361 0.994290948
1548265299.468640 0.153063253 0.215698749 -0.053249858 -0.101858474 -0.021702480 -0.038432550 0.993819296
1548265299.502160 0.155703858 0.212686300 -0.059340224 -0.105957709 -0.022899710 -0.040625665 0.993276477
1548265299.535670 0.145887122 0.213658482 -0.060368583 -0.108333744 -0.021265250 -0.040956486 0.993042886
1548265299.569190 0.156576768 0.218500942 -0.069046251 -0.108738042 -0.027720466 -0.041603580 0.992812574
1548265299.602730 0.161467761 0.206955686 -0.076802641 -0.111257136 -0.028397230 -0.044753108 0.992377281
1548265299.636220 0.152836308 0.209585756 -0.079364754 -0.110480793 -0.025671193 -0.043657411 0.992587030
1548265299.669740 0.159294561 0.214402914 -0.086476773 -0.108147532 -0.033220056 -0.043834351 0.992612243
1548265299.703250 0.159970403 0.200102434 -0.094739318 -0.109174483 -0.033509742 -0.046428505 0.992372096
1548265299.736790 0.154827610 0.211416796 -0.100096032 -0.105029047 -0.033473264 -0.043936849 0.992934048
1548265299.770320 0.172669068 0.189138561 -0.109258331 -0.106748968 -0.041206509 -0.046696983 0.992333651
1548265299.804010 0.160349712 0.185024813 -0.115970075 -0.104802974 -0.035669193 -0.047342874 0.992724895
1548265299.837540 0.150692478 0.200687185 -0.116046190 -0.099389523 -0.037703332 -0.043720290 0.993372381
1548265299.871060 0.168091491 0.169458911 -0.121994093 -0.101001889 -0.045349296 -0.047095161 0.992735684
1548265299.904610 0.166503534 0.171267018 -0.131821901 -0.094600193 -0.038808521 -0.044723671 0.993752718
1548265299.938180 0.165303841 0.163345933 -0.132442981 -0.090071760 -0.041671347 -0.038773373 0.994307399
1548265299.971970 0.176776811 0.133181691 -0.140450701 -0.088828735 -0.045928784 -0.039700191 0.994195104
1548265300.005480 0.194392785 0.125744700 -0.146465316 -0.082852356 -0.041160394 -0.036059197 0.995058298
1548265300.039000 0.188025564 0.124338701 -0.146435723 -0.077006891 -0.040456496 -0.031826418 0.995700896
1548265300.072520 0.198358223 0.106563173 -0.152365714 -0.074775793 -0.041973993 -0.032227140 0.995795250
1548265300.106030 0.214756608 0.096388534 -0.151088908 -0.071234673 -0.030645141 -0.028121192 0.996592045
1548265300.139550 0.217160001 0.079709798 -0.149586350 -0.070307449 -0.031105598 -0.026516633 0.996687591
1548265300.173080 0.246912673 0.056015328 -0.164310277 -0.070956208 -0.031565342 -0.027393486 0.996603429
1548265300.206600 0.239805639 0.056939680 -0.145187810 -0.067687467 -0.020695489 -0.021389412 0.997262537
1548265300.240100 0.234094232 0.052379135 -0.147593260 -0.065569483 -0.020050021 -0.019056212 0.997464538
1548265300.273610 0.262152970 0.036529291 -0.159307793 -0.065483384 -0.017864000 -0.016583974 0.997555912
1548265300.307130 0.265911549 0.025698226 -0.145623013 -0.065495536 -0.009986330 -0.008120604 0.997769833
1548265300.340640 0.239543065 0.020289339 -0.139770076 -0.064621925 -0.007118684 -0.002931415 0.997880161
1548265300.374180 0.275151610 0.007267205 -0.144453913 -0.065072224 -0.012952617 0.000121515 0.997796476
1548265300.407690 0.272479624 0.013127811 -0.136965707 -0.063495457 -0.006745777 0.007705868 0.997929573
1548265300.441210 0.264581352 0.010238206 -0.130620375 -0.063555181 -0.009252302 0.012947950 0.997851431
1548265300.474830 0.281693190 -0.009995885 -0.125623956 -0.066065319 -0.013958902 0.013215666 0.997630119
1548265300.508490 0.295538902 -0.016367882 -0.123517275 -0.065672599 -0.012858887 0.016971782 0.997614026
1548265300.542010 0.286432296 -0.027774641 -0.115079276 -0.065997101 -0.009718406 0.020753548 0.997556627
1548265300.575520 0.295337737 -0.033528652 -0.110519782 -0.064584255 -0.012364444 0.021556061 0.997602761
1548265300.609040 0.301103890 -0.040854409 -0.109764248 -0.064430088 -0.012705415 0.019988123 0.997641146
1548265300.642560 0.298168153 -0.035654675 -0.105154216 -0.063600920 -0.011782573 0.017895173 0.997745395
1548265300.675930 0.292092949 -0.030113760 -0.098144725 -0.062502407 -0.012265139 0.015222430 0.997853339
1548265300.709440 0.285591483 -0.027451623 -0.092667416 -0.061638277 -0.014231114 0.009438459 0.997952461
1548265300.742960 0.280772328 -0.035418451 -0.089384638 -0.062918954 -0.016380832 0.003220664 0.997878969
1548265300.775610 0.273594141 -0.029637849 -0.085014917 -0.061187822 -0.020489318 -0.003392567 0.997910142
1548265300.809090 0.269485414 -0.022070235 -0.078704596 -0.059362479 -0.024001949 -0.010010325 0.997897685
1548265300.842600 0.264177918 -0.014238514 -0.071062662 -0.058148950 -0.026123852 -0.016335852 0.997832298
1548265300.876120 0.250258058 -0.015374694 -0.065185055 -0.059019856 -0.027548397 -0.022066155 0.997632623
1548265300.909640 0.233312845 -0.004830495 -0.060637575 -0.057950303 -0.030906036 -0.027565835 0.997460127
1548265300.943150 0.233612597 -0.003805596 -0.054766066 -0.058636907 -0.037072942 -0.033664897 0.997022569
1548265300.976670 0.224100709 0.005078902 -0.053278498 -0.057585593 -0.038495515 -0.036996979 0.996911824
1548265301.010180 0.219168618 0.009668002 -0.045163702 -0.057977743 -0.044337302 -0.039460167 0.996551871
1548265301.043710 0.212156847 0.010053249 -0.043382253 -0.059713259 -0.047874723 -0.042627726 0.996155202
1548265301.077220 0.201706603 0.016455306 -0.038764659 -0.060793746 -0.051828645 -0.042397492 0.995901763
1548265301.110730 0.185761988 0.029921453 -0.034095358 -0.059468865 -0.057216320 -0.041714467 0.995715618
1548265301.144250 0.191923156 0.021997783 -0.032235436 -0.061573386 -0.062378056 -0.041283343 0.995295644
1548265301.177760 0.190774888 0.025246942 -0.029540192 -0.061727013 -0.062916383 -0.037778553 0.995391428
1548265301.211360 0.159464970 0.046127945 -0.022609724 -0.058957499 -0.062688909 -0.032409746 0.995762885
1548265301.245020 0.193825617 0.033462279 -0.023121141 -0.062074885 -0.073027112 -0.032638948 0.994861007
1548265301.278540 0.191819817 0.035829216 -0.024294471 -0.062990010 -0.070152730 -0.028090524 0.995149136
1548265301.312050 0.182441682 0.046623696 -0.019607620 -0.062651344 -0.072077595 -0.024652451 0.995124042
1548265301.345570 0.204183102 0.037010059 -0.023786215 -0.066774018 -0.076727718 -0.025505485 0.994486570
1548265301.379120 0.191957340 0.041616093 -0.023213178 -0.069190249 -0.072922491 -0.023216896 0.994663775
1548265301.412630 0.188065812 0.049782626 -0.025720946 -0.071016893 -0.074917547 -0.023140555 0.994388521
1548265301.446150 0.191725150 0.045423757 -0.022634774 -0.074785568 -0.076360203 -0.023689883 0.993989468
1548265301.479670 0.182092980 0.055367280 -0.021706004 -0.074889861 -0.075854443 -0.022473712 0.994048595
1548265301.512980 0.182023540 0.055969089 -0.024854001 -0.075979739 -0.079641916 -0.023598874 0.993643463
1548265301.546500 0.197855532 0.053585481 -0.026550714 -0.077463798 -0.083007611 -0.025977764 0.993193984
1548265301.580020 0.189075306 0.055778418 -0.027977359 -0.078869954 -0.080054700 -0.025380401 0.993341148
1548265301.613530 0.182231501 0.059442956 -0.030805850 -0.079469346 -0.081005767 -0.025121404 0.993222833
1548265301.647050 0.190034300 0.054780032 -0.034215711 -0.081355609 -0.085670359 -0.027373731 0.992619038
1548265301.680430 0.187793836 0.059044238 -0.039386336 -0.081787333 -0.086392991 -0.029082855 0.992472291
1548265301.713940 0.186681658 0.062405627 -0.042625848 -0.082526103 -0.088467978 -0.030452508 0.992187202
1548265301.747460 0.184174508 0.064868316 -0.042979043 -0.083155587 -0.090772957 -0.032109164 0.991874218
1548265301.780970 0.189407870 0.062232897 -0.047465231 -0.084302157 -0.094189942 -0.033064958 0.991427302
1548265301.814590 0.191225693 0.060575232 -0.051111940 -0.085277908 -0.095805272 -0.035218816 0.991114855
1548265301.848110 0.194588467 0.068940468 -0.054406136 -0.084640987 -0.097376086 -0.035004649 0.991023958
1548265301.881620 0.196836919 0.067763738 -0.058054071 -0.086083367 -0.099333227 -0.036600620 0.990647733
1548265301.915140 0.198825642 0.072244406 -0.059972439 -0.087008566 -0.100476928 -0.037615705 0.990413547
1548265301.948660 0.199786931 0.078336164 -0.061017271 -0.087989159 -0.101178795 -0.037912875 0.990244091
1548265301.982690 0.198800385 0.075401984 -0.063826188 -0.090242304 -0.101387940 -0.038734421 0.989988089
1548265302.016240 0.198937371 0.071477920 -0.062994793 -0.092127711 -0.101731189 -0.039225023 0.989759862
1548265302.049760 0.198007524 0.072536528 -0.063878909 -0.092759050 -0.102113597 -0.038148578 0.989703596
1548265302.083280 0.199125558 0.074381217 -0.066958986 -0.092798136 -0.103959665 -0.037474647 0.989533484
1548265302.116820 0.203533888 0.076852441 -0.066689782 -0.092448734 -0.105944902 -0.038050652 0.989333630
1548265302.150330 0.199490830 0.078114934 -0.070424542 -0.092618510 -0.106056750 -0.038033534 0.989306450
1548265302.183870 0.202025786 0.074626148 -0.072003737 -0.093676113 -0.108529918 -0.038762581 0.988910258
1548265302.217400 0.207197577 0.078371473 -0.073091418 -0.093314439 -0.110266946 -0.040328082 0.988689661
1548265302.250900 0.196807146 0.082482226 -0.074265569 -0.093023919 -0.109213002 -0.040783770 0.988815308
1548265302.284400 0.192990527 0.078984939 -0.073825963 -0.093499385 -0.112238869 -0.042026162 0.988379538
1548265302.317910 0.197914332 0.070712261 -0.075667322 -0.093886159 -0.115898110 -0.043822870 0.987842381
1548265302.351430 0.189657316 0.073773026 -0.077957794 -0.091848306 -0.116387948 -0.045005891 0.987923205
1548265302.384950 0.189784870 0.071734354 -0.080147691 -0.090356082 -0.119753659 -0.045492794 0.987636209
1548265302.418460 0.191452831 0.067892440 -0.081727080 -0.088721834 -0.122465432 -0.046574954 0.987401366
1548265302.451980 0.194714621 0.069071911 -0.086769409 -0.086491115 -0.123890921 -0.047929469 0.987356663
1548265302.485490 0.189062119 0.075293861 -0.087724656 -0.084524468 -0.123815976 -0.046986960 0.987581611
1548265302.519040 0.187040672 0.078793705 -0.090822965 -0.083263323 -0.126549348 -0.047604833 0.987312675
1548265302.552560 0.187559366 0.079981029 -0.094203606 -0.082771316 -0.128421307 -0.049406104 0.987023771
1548265302.586080 0.187682793 0.080433711 -0.094210245 -0.083023138 -0.131132916 -0.050209533 0.986605465
1548265302.619560 0.184729323 0.080293477 -0.097312383 -0.083336972 -0.133198217 -0.051688042 0.986225903
1548265302.653070 0.189328864 0.071598291 -0.099352032 -0.084701665 -0.136195809 -0.052992161 0.985630870
1548265302.686570 0.180050597 0.073298506 -0.101438090 -0.084214091 -0.136316881 -0.053637419 0.985620975
1548265302.720080 0.184612557 0.071911439 -0.100654259 -0.083871894 -0.140349433 -0.055235870 0.984995663
1548265302.753620 0.191254020 0.073089860 -0.103568740 -0.083236553 -0.140934289 -0.055354360 0.984959424
1548265302.787140 0.182128742 0.073801868 -0.105566546 -0.082815915 -0.139628127 -0.054312136 0.985238910
1548265302.820660 0.184810117 0.079418689 -0.108143024 -0.081188343 -0.140882403 -0.055118103 0.985151052
1548265302.854210 0.183274612 0.077520512 -0.110662468 -0.081485353 -0.140085191 -0.055334620 0.985228062
1548265302.887760 0.186922684 0.077226304 -0.111719571 -0.082070373 -0.140432581 -0.054478709 0.985177755
1548265302.921340 0.184631690 0.076457709 -0.114579618 -0.082760431 -0.140741110 -0.054340370 0.985083640
1548265302.954870 0.190712824 0.074767329 -0.116026439 -0.083243519 -0.142128512 -0.055733029 0.984765887
1548265302.988390 0.186617687 0.073981829 -0.116057031 -0.083924398 -0.141056329 -0.055392504 0.984881461
1548265303.021900 0.183184132 0.079627849 -0.115405679 -0.082836695 -0.142481953 -0.054749694 0.984804273
1548265303.055420 0.187126294 0.070991285 -0.117125809 -0.083518252 -0.144495800 -0.055419296 0.984415770
1548265303.088940 0.180023253 0.066550300 -0.119366087 -0.083224177 -0.142724857 -0.055203091 0.984711111
