0.000000 0.0000000 0.0000000 0.0000000 0.0000000 0.0000000 0.0000000 1.0000000
0.103391 -0.0040639 -0.0053457 1.0101457 0.0021683 0.0006941 -0.0004143 0.9999973
0.207106 -0.0020863 -0.0025180 2.0126934 0.0025462 0.0010559 0.0008356 0.9999958
0.517929 0.0040807 0.0018300 5.0186286 -0.0023212 0.0001034 0.0045765 0.9999868
0.827211 -0.0017452 -0.0011772 7.9428282 0.0008301 -0.0011360 0.0060233 0.9999809
1.244258 -0.0189614 0.0007425 11.8248425 -0.0028288 -0.0029713 0.0063782 0.9999712
1.654521 -0.0461726 0.0100447 15.5946732 -0.0006717 -0.0055504 0.0067429 0.9999616
2.068236 -0.1055411 0.0133759 19.3146152 -0.0001855 -0.0089531 0.0053370 0.9999456
2.585514 -0.2237126 0.0059830 23.8975048 -0.0014013 -0.0127790 0.0065026 0.9998962
2.896139 -0.2901861 0.0090252 26.5099182 -0.0046201 -0.0142720 0.0060224 0.9998693
3.103545 -0.3980248 0.0496535 28.0127525 -0.0023758 -0.0142400 0.0054297 0.9998810
3.413963 -0.4704380 0.0550105 30.3928242 -0.0010316 -0.0158161 0.0048936 0.9998624
3.620721 -0.5286918 0.0467068 31.9183540 -0.0007555 -0.0178530 0.0048173 0.9998288
3.931241 -0.6261079 0.0502423 34.1265221 -0.0031567 -0.0208877 0.0043763 0.9997672
4.243437 -0.7365939 0.0546927 36.2607841 -0.0025488 -0.0237753 0.0016434 0.9997127
4.656235 -0.9035026 0.0640491 38.9921150 -0.0032694 -0.0244370 -0.0021745 0.9996937
5.073257 -1.0371017 0.0714975 41.5040550 -0.0026262 -0.0192160 -0.0064065 0.9997914
5.484644 -1.1253399 0.0824928 43.8578072 -0.0059216 -0.0096429 -0.0147729 0.9998268
6.002373 -1.1598295 0.0935226 46.3532944 -0.0052418 0.0086717 -0.0249712 0.9996368
6.209506 -1.1370271 0.0983296 47.1786461 -0.0037870 0.0166454 -0.0263757 0.9995064
6.416516 -1.0966495 0.1031106 47.9480133 -0.0049726 0.0245626 -0.0268936 0.9993241
7.038067 -0.9435161 0.1084027 49.6803818 -0.0028741 0.0539076 -0.0309371 0.9980624
7.763356 -0.5723490 0.0885862 51.3927650 0.0008323 0.1143645 -0.0327373 0.9928989
8.488779 0.1118122 0.0531894 53.0218430 0.0026576 0.2080549 -0.0371477 0.9774079
9.317832 1.6554599 -0.0127404 54.8304100 0.0104848 0.3698235 -0.0425217 0.9280692
9.630085 2.5741875 -0.0667639 55.5080986 0.0112061 0.4428721 -0.0407986 0.8955860
