1341845820.751833 0.0000000 0.0000000 0.0000000 0.0000000 0.0000000 0.0000000 1.0000000
1341845821.455778 0.0132987 -0.0011086 -0.0019343 0.0065577 0.0134907 0.0026262 0.9998841
1341845821.855574 0.0081933 -0.0044781 -0.0025223 0.0092938 0.0147626 -0.0015007 0.9998467
1341845822.428074 -0.0305790 -0.0127078 -0.0024679 0.0148249 0.0164413 -0.0040713 0.9997466
1341845822.825897 -0.0796329 -0.0180404 0.0052282 0.0181123 0.0133438 0.0049297 0.9997348
1341845823.829660 -0.2123301 -0.0457456 0.0079301 0.0337032 0.0153252 0.0146182 0.9992074
1341845824.097956 -0.2210338 -0.0523126 -0.0049361 0.0314641 0.0080660 0.0061808 0.9994532
1341845826.015845 -0.5172930 -0.0760881 0.0012936 0.0238988 -0.0194514 0.0440791 0.9985527
1341845826.683753 -0.5518081 -0.0722402 -0.0111040 0.0131576 -0.0428728 0.0534341 0.9975638
1341845826.945792 -0.5467205 -0.0530501 -0.0068761 -0.0171558 -0.0346419 0.0488111 0.9980597
1341845829.693835 -0.2236640 -0.0084258 0.0189493 -0.0038876 0.0191665 0.0616729 0.9979048
1341845830.129668 -0.1675580 -0.0251202 0.0201762 0.0143020 0.0029154 0.0583196 0.9981912
1341845831.069727 0.0069475 0.0013759 0.0131430 0.0204084 0.0082490 0.0449192 0.9987481
1341845831.773629 0.1315193 0.0105877 0.0005087 0.0064023 0.0163722 0.0419385 0.9989655
1341845832.273776 0.2229329 0.0332077 -0.0061926 -0.0058369 0.0274914 0.0371549 0.9989142
1341845832.845797 0.3021572 0.0653746 -0.0094620 -0.0245948 0.0313862 0.0489436 0.9980053
1341845833.617817 0.4219809 0.0791393 -0.0297458 -0.0299078 0.0478875 0.0541734 0.9969341
1341845836.471817 -0.0855528 0.0142518 -0.0328704 0.0098814 -0.0171485 0.0503083 0.9985376
1341845836.771652 -0.1086090 -0.0254702 -0.0314912 0.0223672 -0.0192370 0.0517650 0.9982234
1341845837.007714 -0.0921724 -0.0335171 -0.0369843 0.0363338 -0.0169037 0.0617778 0.9972851
1341845837.207675 -0.1168962 -0.0966172 -0.0336359 0.0383191 -0.0030670 0.0542447 0.9977874
1341845837.507973 -0.0915884 -0.1796890 -0.0448417 0.0388690 0.0056711 0.0386766 0.9984794
1341845837.775698 -0.0926934 -0.2469223 -0.0427054 0.0405018 0.0259835 0.0228415 0.9985803
1341845838.205767 -0.0768623 -0.2814687 -0.0464384 0.0325186 0.0437159 0.0082507 0.9984806
1341845838.809656 -0.0791601 -0.3694652 -0.0304522 0.0109466 0.0524151 -0.0066886 0.9985430
1341845839.587666 -0.0226371 -0.4165127 -0.0394682 0.0113679 0.0727769 -0.0051882 0.9972699
1341845839.817825 -0.0248791 -0.4131299 -0.0402190 0.0073092 0.0748999 -0.0058039 0.9971474
1341845841.257769 -0.1119345 -0.2223860 0.0062722 -0.0290787 0.0527587 -0.0169419 0.9980400
1341845843.039687 -0.1233102 0.0117672 0.0385317 -0.0043253 0.0175480 0.0387547 0.9990853
1341845843.805741 -0.1332443 0.1459941 0.0667723 -0.0118719 0.0287098 0.0458934 0.9984631
1341845846.049788 -1.4544522 2.0373740 1.3339242 0.4147761 0.0570038 0.4745324 0.7742934
1341845847.993685 -1.3337657 2.0572724 1.1114502 0.4266313 0.0532005 0.4778666 0.7660280
1341845860.025774 -1.5037925 2.2313342 0.7804953 0.3910211 0.0941100 0.4677714 0.7870424
1341845861.875772 -1.4761877 2.2382035 0.7813452 0.4380891 0.0602830 0.4182215 0.7934322
