1548265396.865520 0.0000000 0.0000000 0.0000000 -0.0000000 -0.0000000 -0.0000000 1.0000000
1548265396.897850 0.0055105 -0.0042876 -0.0026173 0.0018741 0.0018048 0.0003597 0.9999965
1548265396.931340 0.0017023 -0.0071069 0.0005798 0.0036066 0.0052872 0.0016372 0.9999782
1548265396.998070 0.0036044 -0.0169971 0.0007510 0.0072831 0.0068488 0.0031061 0.9999452
1548265397.098560 -0.0066824 -0.0227815 0.0032645 0.0113987 0.0141481 0.0037319 0.9998280
1548265397.801940 0.0084756 0.0181253 0.0553936 -0.0180575 0.0321363 0.0052414 0.9993066
1548265398.069750 0.0285618 0.0608193 0.0465193 -0.0167472 0.0213307 0.0053678 0.9996178
1548265398.170320 0.0185784 0.0627842 0.0546885 -0.0222391 0.0279375 0.0093980 0.9993181
1548265398.438450 0.0342700 0.1166985 0.0489951 -0.0217573 0.0294740 0.0034806 0.9993227
1548265399.075600 0.0093085 0.2034996 0.0899486 -0.0333319 0.0222454 -0.0045516 0.9991864
1548265399.343470 0.0273924 0.2296676 0.1087696 -0.0497960 0.0186607 -0.0059263 0.9985675
1548265399.880170 0.0858794 0.3018937 0.1455851 -0.0468038 0.0413711 0.0030464 0.9980424
1548265400.215290 0.0375862 0.2575429 0.1634857 -0.0408181 0.0667069 -0.0059235 0.9969198
1548265401.220720 0.0478792 0.0210280 0.1096794 0.0239263 0.0670170 -0.0001608 0.9974649
1548265401.489080 0.0870230 -0.0230875 0.1087441 0.0381816 0.0779198 0.0014233 0.9962272
1548265401.555750 0.0643362 -0.0393686 0.1113248 0.0430705 0.0881065 0.0079196 0.9951480
1548265401.958160 0.1255288 -0.0979896 0.1081670 0.0617274 0.1217893 0.0205040 0.9904225
1548265402.125740 0.0795959 -0.0391947 0.1288757 0.0847843 0.1406179 0.0233321 0.9861510
1548265402.829200 0.1395982 0.0693181 0.1948872 0.0482952 0.1663030 0.0312115 0.9843966
1548265403.431970 0.1437422 0.1637501 0.2447202 0.0129323 0.1859001 0.0368701 0.9817915
1548265403.733700 0.1796189 0.2372065 0.2493025 -0.0015396 0.2109543 0.0474754 0.9763411
1548265403.968800 0.2056227 0.2900620 0.2375963 -0.0009219 0.2509937 0.0693503 0.9655008
1548265404.102950 0.2165729 0.3184523 0.2371982 -0.0097199 0.2771248 0.0792249 0.9575128
1548265404.236970 0.2433246 0.3339606 0.2268289 -0.0224997 0.3055885 0.0995772 0.9466751
1548265404.304010 0.2616372 0.3354435 0.2347443 -0.0287540 0.3212202 0.1146078 0.9396041
1548265404.438100 0.2796084 0.3102288 0.2294345 -0.0378994 0.3430954 0.1411689 0.9278581
1548265404.505090 0.2821224 0.2919446 0.2202165 -0.0302209 0.3486146 0.1461399 0.9253095
1548265404.672550 0.2734515 0.2601193 0.1880241 -0.0170993 0.3619612 0.1380518 0.9217556
1548265405.812060 0.2496038 0.0499200 0.0251410 -0.0023086 0.3542855 0.1287525 0.9262285
1548265406.013470 0.2258065 0.0057434 0.0218715 -0.0081607 0.3539402 0.1367245 0.9251844
1548265406.515730 0.2501487 -0.0121937 -0.0324016 -0.0296467 0.3529420 0.1457520 0.9237475
1548265408.091690 0.2917145 -0.1022175 -0.1100010 -0.0239049 0.3191924 0.1366347 0.9374837
1548265408.225180 0.2401413 -0.0958286 -0.0663056 -0.0148061 0.3457465 0.1378756 0.9280251
1548265408.493060 0.2707861 -0.0931352 -0.0978376 -0.0074270 0.3561574 0.1541935 0.9215862
1548265410.637990 0.2094369 0.0728359 0.0176501 -0.0422810 0.3058443 0.1277696 0.9425213
1548265410.906130 0.2412976 0.0896743 0.0410096 -0.0668455 0.2551229 0.1167648 0.9575019
1548265411.744160 0.2643593 -0.0073132 -0.0102776 -0.0274683 0.2577756 0.1093944 0.9595989
1548265412.615510 0.3543794 0.0156031 -0.1129221 -0.0016305 0.2796103 0.1737767 0.9442548
1548265413.286290 0.3453517 0.0158575 -0.1034470 -0.0372353 0.3378091 0.1593321 0.9268829
1548265413.822160 0.3117684 0.0028503 -0.1196072 -0.0340717 0.3339905 0.1380378 0.9317913
1548265414.827580 0.2304424 0.0695447 -0.0568242 -0.0422013 0.3464569 0.1020441 0.9315437
1548265415.028610 0.2241793 0.0956650 -0.0332276 -0.0539869 0.3395985 0.0946766 0.9342347
1548265415.363740 0.2505897 0.0806803 0.0091860 -0.0692084 0.3147409 0.1062968 0.9406643
1548265415.900030 0.2682978 0.0582361 0.0133628 -0.0626374 0.3038885 0.1050823 0.9448207
1548265416.436260 0.2178641 -0.0052283 0.0245734 -0.0446101 0.3059967 0.0966806 0.9460596
1548265417.207150 0.1947153 -0.0629362 -0.0011728 -0.0340121 0.3212157 0.1181391 0.9389925
1548265417.911050 0.1657833 -0.0565731 -0.0085210 -0.0339097 0.3168931 0.1108565 0.9413500
1548265418.514330 0.1191472 0.0402935 0.0955875 -0.0422962 0.3478996 0.1318701 0.9272471
1548265419.117570 0.1622884 0.1226767 0.1138258 -0.0678329 0.3414194 0.1388232 0.9271244
1548265419.285330 0.1433330 0.1796599 0.1790797 -0.0651467 0.3280135 0.1359413 0.9325680
1548265419.721050 0.2214999 0.2154802 0.1849380 -0.0642450 0.3389210 0.1307249 0.9294709
1548265420.257030 0.2273599 0.1807307 0.2583626 -0.0415072 0.3837404 0.1587095 0.9087529
1548265420.927040 0.2186562 0.0724152 0.1691390 0.0313318 0.3730746 0.1632758 0.9127840
1548265421.195100 0.1897984 0.0325996 0.1517703 0.0673452 0.3891479 0.1446055 0.9072585
1548265421.363110 0.1926652 0.0011220 0.1283310 0.0780060 0.3907493 0.1435454 0.9058834
1548265421.563700 0.1980811 -0.0226741 0.1000826 0.0826507 0.3840367 0.1424596 0.9085098
1548265421.831900 0.1788166 -0.0414053 0.0988258 0.0789549 0.3744228 0.1291098 0.9148248
1548265421.898790 0.1925010 -0.0359133 0.0765935 0.0753189 0.3617239 0.1199269 0.9214664
1548265422.233990 0.1580480 -0.0220724 0.0801252 0.0542439 0.3328882 0.0864751 0.9374248
1548265422.938180 0.2361363 0.0273994 -0.0017423 0.0239733 0.2913480 0.0367874 0.9556089
1548265423.642360 0.3225069 0.2052885 0.0757490 -0.0297194 0.2833640 0.0844213 0.9548270
1548265423.877040 0.3487884 0.2249977 0.0625415 -0.0162749 0.2774372 0.0476807 0.9594219
1548265424.044660 0.3113993 0.2914578 0.1216812 -0.0176378 0.2843913 0.0384365 0.9577751
1548265424.312790 0.3430855 0.2784033 0.1475677 -0.0401585 0.2405430 0.0542999 0.9682861
1548265424.446860 0.3543805 0.2769147 0.1652731 -0.0442760 0.2196218 0.0491949 0.9733374
1548265424.882490 0.3307811 0.2636676 0.2274797 -0.0454456 0.1816114 0.0337703 0.9817390
1548265425.552490 0.2742501 0.2091728 0.2313216 -0.0193756 0.1297312 0.0099588 0.9913099
