1548265396.865520 0.0000000 0.0000000 0.0000000 -0.0000000 -0.0000000 -0.0000000 1.0000000
1548265396.897850 0.0039744 -0.0047552 -0.0036951 0.0017079 0.0020973 0.0004748 0.9999962
1548265396.931340 0.0012129 -0.0084973 -0.0005787 0.0033245 0.0053347 0.0016574 0.9999789
1548265396.998070 0.0025468 -0.0158806 0.0001999 0.0074242 0.0070456 0.0030998 0.9999428
1548265397.801940 0.0064641 0.0185168 0.0549392 -0.0180066 0.0325410 0.0052851 0.9992942
1548265398.538780 0.0236391 0.1220206 0.0586589 -0.0269089 0.0302606 0.0080888 0.9991471
1548265398.673300 0.0321758 0.1317151 0.0660820 -0.0322632 0.0303122 0.0120717 0.9989467
1548265399.142550 0.0165499 0.2079017 0.0900691 -0.0395812 0.0230479 -0.0057687 0.9989339
1548265399.544560 0.0318697 0.2448435 0.1221091 -0.0495770 0.0192288 -0.0047569 0.9985739
1548265399.880170 0.0933619 0.3007399 0.1426835 -0.0469073 0.0394698 0.0033013 0.9981137
1548265400.181770 0.0460663 0.2503468 0.1660710 -0.0471517 0.0659847 -0.0051495 0.9966927
1548265401.489080 0.0891725 -0.0280883 0.1090012 0.0371877 0.0773481 0.0015549 0.9963092
1548265401.555750 0.0628311 -0.0406728 0.1106255 0.0427241 0.0882982 0.0080729 0.9951447
1548265401.958160 0.1058392 -0.0984246 0.1141095 0.0614224 0.1246916 0.0200352 0.9900898
1548265402.125740 0.0795422 -0.0364901 0.1284893 0.0851287 0.1405338 0.0233713 0.9861324
1548265403.030510 0.1293797 0.0857854 0.2090082 0.0420459 0.1788323 0.0439580 0.9819974
1548265403.431970 0.1448182 0.1650821 0.2397474 0.0132687 0.1855170 0.0372754 0.9818442
1548265403.666660 0.1537814 0.2128805 0.2528734 -0.0017720 0.2028276 0.0410751 0.9783510
1548265403.733700 0.1774765 0.2375676 0.2478035 -0.0014758 0.2113330 0.0475844 0.9762540
1548265404.203470 0.2402712 0.3362675 0.2352479 -0.0185013 0.2979389 0.0945101 0.9497147
1548265404.236970 0.2481377 0.3372732 0.2311892 -0.0218251 0.3056431 0.0995309 0.9466782
1548265404.304010 0.2571474 0.3294464 0.2342208 -0.0299413 0.3222779 0.1146396 0.9392008
1548265404.438100 0.2772588 0.3001432 0.2244773 -0.0399498 0.3431590 0.1416011 0.9276826
1548265404.505090 0.2809636 0.2853314 0.2157045 -0.0314729 0.3485898 0.1461667 0.9252729
1548265404.639040 0.2776632 0.2600139 0.1893639 -0.0211173 0.3585178 0.1394092 0.9228131
1548265405.812060 0.2492367 0.0408947 0.0222188 -0.0038436 0.3542583 0.1285394 0.9262634
1548265405.913050 0.2469944 0.0478253 0.0151260 -0.0039251 0.3596549 0.1306747 0.9238815
1548265406.013470 0.2188672 -0.0063168 0.0182498 -0.0104418 0.3546968 0.1362769 0.9249377
1548265406.716790 0.2665490 -0.0522751 -0.0060692 -0.0642521 0.3461496 0.1519698 0.9235569
1548265408.091690 0.3033418 -0.0912364 -0.1017474 -0.0229825 0.3180072 0.1358289 0.9380265
1548265408.225180 0.2379380 -0.1027850 -0.0676483 -0.0158747 0.3461447 0.1378829 0.9278578
1548265408.493060 0.2628521 -0.1033876 -0.0967762 -0.0090304 0.3576185 0.1537860 0.9210741
1548265409.029270 0.2543002 -0.0927382 -0.1069606 -0.0159215 0.3484401 0.1583725 0.9237176
1548265409.196850 0.2701881 -0.0641566 -0.1214296 -0.0238827 0.3455454 0.1608501 0.9242052
1548265409.263940 0.2660383 -0.0666907 -0.1111900 -0.0311908 0.3523622 0.1580467 0.9218944
1548265410.604500 0.2125276 0.0526698 -0.0041856 -0.0424364 0.3166438 0.1309488 0.9385032
1548265410.637990 0.2073002 0.0702134 0.0119129 -0.0426592 0.3062288 0.1274062 0.9424287
1548265410.738480 0.2203845 0.0636211 0.0220037 -0.0540820 0.2828735 0.1231669 0.9496776
1548265410.939650 0.2443521 0.0799676 0.0419540 -0.0708867 0.2513908 0.1173716 0.9581240
1548265412.447990 0.3279923 -0.0142115 -0.0955640 -0.0029411 0.2736192 0.1635502 0.9478266
1548265413.286290 0.3404410 0.0068133 -0.1067426 -0.0387160 0.3384872 0.1590425 0.9266245
1548265413.452940 0.3370611 0.0030047 -0.1078094 -0.0387667 0.3416565 0.1563600 0.9259155
1548265413.788650 0.3010701 -0.0080525 -0.1123090 -0.0371286 0.3383925 0.1393888 0.9298832
1548265414.324860 0.2547330 0.0277639 -0.1002434 -0.0473232 0.3352079 0.1175363 0.9335852
1548265415.028610 0.2249352 0.0892910 -0.0367396 -0.0551097 0.3394234 0.0949863 0.9342014
1548265415.330230 0.2471105 0.0738108 0.0051932 -0.0710400 0.3177954 0.1057046 0.9395669
1548265415.900030 0.2653291 0.0536421 0.0137718 -0.0636131 0.3044158 0.1047666 0.9446208
1548265416.302200 0.2331100 -0.0018168 0.0238167 -0.0522918 0.3085086 0.0965149 0.9448666
1548265417.207150 0.1953026 -0.0615855 -0.0052750 -0.0338925 0.3207359 0.1180828 0.9391679
1548265417.475280 0.1780684 -0.0671369 -0.0198480 -0.0249546 0.3145202 0.1138519 0.9420680
1548265417.911050 0.1599845 -0.0639099 -0.0058586 -0.0352074 0.3180107 0.1107150 0.9409420
1548265418.514330 0.1156313 0.0328887 0.0871581 -0.0438096 0.3476884 0.1317329 0.9272756
1548265418.849350 0.1745006 0.0962609 0.0596891 -0.0585483 0.3341274 0.1402863 0.9301885
1548265419.184600 0.1359092 0.1305173 0.1458651 -0.0686960 0.3414167 0.1375855 0.9272464
1548265419.285330 0.1355153 0.1612823 0.1762320 -0.0685109 0.3290108 0.1361438 0.9319459
1548265419.486430 0.1763677 0.1571248 0.1928618 -0.0782178 0.3139917 0.1367698 0.9362614
1548265419.553460 0.2107080 0.2031263 0.1615434 -0.0682907 0.3136914 0.1345988 0.9374525
1548265419.721050 0.2257327 0.2101262 0.1772005 -0.0650885 0.3381762 0.1314830 0.9295766
1548265419.888650 0.2118616 0.2344604 0.2188544 -0.0624471 0.3606191 0.1469594 0.9189435
1548265420.189990 0.2279910 0.1834106 0.2533977 -0.0548459 0.3809820 0.1588125 0.9091882
1548265420.257030 0.2238220 0.1733598 0.2530383 -0.0429772 0.3839158 0.1585805 0.9086330
1548265420.390830 0.2169795 0.1500810 0.2418020 -0.0180501 0.3825423 0.1624071 0.9093732
1548265420.457590 0.2185120 0.1439672 0.2274317 -0.0068710 0.3813575 0.1643595 0.9096732
1548265420.893530 0.2143838 0.0667894 0.1754544 0.0264716 0.3717810 0.1650715 0.9131427
1548265421.195100 0.1872999 0.0281035 0.1488083 0.0663787 0.3892910 0.1443001 0.9073169
1548265421.363110 0.1819527 -0.0018098 0.1322815 0.0774522 0.3924159 0.1428835 0.9053150
1548265421.597290 0.1893878 -0.0331469 0.1035697 0.0819073 0.3871251 0.1427714 0.9072164
1548265421.764900 0.1819068 -0.0458628 0.0962706 0.0809506 0.3789040 0.1353916 0.9118925
1548265421.965840 0.1678246 -0.0536856 0.0898125 0.0676268 0.3590431 0.1102481 0.9243160
1548265422.233990 0.1547163 -0.0251208 0.0785876 0.0535118 0.3332355 0.0862833 0.9373611
1548265423.642360 0.3204714 0.2023866 0.0739776 -0.0302769 0.2836066 0.0840156 0.9547732
1548265423.877040 0.3533512 0.2190781 0.0535823 -0.0173562 0.2760024 0.0478183 0.9598098
1548265424.044660 0.3033365 0.2938730 0.1273673 -0.0174812 0.2858024 0.0376396 0.9573895
1548265424.413300 0.3533037 0.2717868 0.1539398 -0.0444564 0.2259229 0.0526307 0.9717060
1548265424.949530 0.3363937 0.2587834 0.2242108 -0.0438250 0.1729672 0.0338911 0.9833683
1548265425.552490 0.2854210 0.2079798 0.2253956 -0.0193897 0.1274426 0.0104893 0.9916009
