1548265396.865520 0.0000000 0.0000000 0.0000000 -0.0000000 -0.0000000 -0.0000000 1.0000000
1548265396.897850 0.0028518 -0.0045020 -0.0034540 0.0018051 0.0022392 0.0004309 0.9999958
1548265396.998070 0.0018339 -0.0173457 0.0001364 0.0072462 0.0071622 0.0032455 0.9999428
1548265397.098560 -0.0061747 -0.0276851 0.0030482 0.0106557 0.0141179 0.0040083 0.9998356
1548265397.333090 0.0076320 -0.0255437 0.0132213 0.0083045 0.0246156 0.0012958 0.9996617
1548265397.801940 0.0047758 0.0195496 0.0542190 -0.0178607 0.0328654 0.0052456 0.9992864
1548265398.505480 0.0134002 0.1252926 0.0595150 -0.0246338 0.0352714 0.0064607 0.9990532
1548265398.673300 0.0277233 0.1351992 0.0664515 -0.0316973 0.0311801 0.0118267 0.9989411
1548265399.142550 0.0134316 0.2118940 0.0927400 -0.0389954 0.0236565 -0.0060564 0.9989409
1548265399.645180 0.0343572 0.2594553 0.1300054 -0.0480229 0.0238001 -0.0067917 0.9985396
1548265399.880170 0.0790571 0.2954560 0.1446321 -0.0480461 0.0422211 0.0033094 0.9979469
1548265400.181770 0.0416142 0.2593502 0.1697084 -0.0456374 0.0670823 -0.0059907 0.9966852
1548265401.489080 0.0926657 -0.0297750 0.1093703 0.0371208 0.0771072 0.0015168 0.9963304
1548265401.555750 0.0593218 -0.0346789 0.1110765 0.0437453 0.0890258 0.0077651 0.9950380
1548265401.958160 0.1099621 -0.0939384 0.1200664 0.0624308 0.1244595 0.0202376 0.9900519
1548265402.125740 0.0779563 -0.0317208 0.1304983 0.0860925 0.1409499 0.0232769 0.9859916
1548265403.030510 0.1338271 0.0962413 0.2073919 0.0438783 0.1779517 0.0436663 0.9820902
1548265403.532550 0.1528201 0.1942888 0.2437857 0.0071774 0.1910345 0.0363532 0.9808837
1548265403.666660 0.1548866 0.2177660 0.2539069 -0.0007735 0.2026563 0.0408609 0.9783968
1548265403.968800 0.2018068 0.2922018 0.2379238 -0.0003200 0.2516447 0.0686950 0.9653786
1548265404.035870 0.2216485 0.3226278 0.2295537 -0.0013402 0.2631367 0.0722614 0.9620476
1548265404.169970 0.2327931 0.3416852 0.2401265 -0.0133335 0.2928225 0.0888184 0.9519394
1548265404.236970 0.2532478 0.3553960 0.2302691 -0.0186912 0.3048772 0.0980048 0.9471513
1548265404.304010 0.2570373 0.3373466 0.2369276 -0.0282738 0.3225109 0.1135728 0.9393021
1548265404.404580 0.2799158 0.3548498 0.2221711 -0.0276724 0.3346789 0.1291306 0.9330325
1548265404.438100 0.2767320 0.3050714 0.2247991 -0.0387320 0.3431529 0.1413280 0.9277782
1548265404.505090 0.2790731 0.2892637 0.2180698 -0.0305296 0.3490244 0.1457116 0.9252124
1548265404.739580 0.2688835 0.2410652 0.1714398 -0.0120485 0.3610280 0.1343351 0.9227501
1548265406.683070 0.2614789 -0.0347525 -0.0056119 -0.0583842 0.3557008 0.1500585 0.9206252
1548265406.985370 0.2833901 -0.0681006 -0.0138010 -0.0538338 0.3209474 0.1534836 0.9330260
1548265407.086090 0.2692454 -0.0803472 -0.0122956 -0.0533669 0.3225769 0.1506140 0.9329585
1548265407.153150 0.2741706 -0.0765142 -0.0183448 -0.0506983 0.3181232 0.1481015 0.9350365
1548265408.091690 0.3061875 -0.1081179 -0.1156149 -0.0259949 0.3165184 0.1357620 0.9384610
1548265408.225180 0.2390029 -0.0977597 -0.0653283 -0.0150631 0.3461079 0.1380554 0.9278594
1548265408.459540 0.2535799 -0.1082734 -0.0858119 -0.0089744 0.3592355 0.1561268 0.9200510
1548265408.493060 0.2686216 -0.0989386 -0.0951634 -0.0084929 0.3569576 0.1543988 0.9212330
1548265408.761230 0.2500469 -0.1099662 -0.0961493 -0.0061198 0.3660991 0.1577276 0.9170911
1548265409.499260 0.2568626 -0.0638734 -0.0930150 -0.0319101 0.3525790 0.1603933 0.9213814
1548265410.604500 0.2112524 0.0546350 0.0001649 -0.0420175 0.3173560 0.1307389 0.9383107
1548265410.637990 0.2080683 0.0719538 0.0130913 -0.0421359 0.3062097 0.1275767 0.9424354
1548265410.738480 0.2171487 0.0675560 0.0258069 -0.0532723 0.2839663 0.1225758 0.9494738
1548265410.906130 0.2388853 0.0869737 0.0392292 -0.0671810 0.2553856 0.1165819 0.9574307
1548265413.085260 0.3515400 0.0225552 -0.1160486 -0.0239666 0.3223830 0.1638120 0.9320195
1548265413.252880 0.3545568 0.0210432 -0.1069951 -0.0360618 0.3352046 0.1584764 0.9280208
1548265413.385630 0.3459767 0.0075465 -0.1071211 -0.0392912 0.3403565 0.1584101 0.9260237
1548265413.553810 0.3310149 0.0028404 -0.1084180 -0.0373005 0.3397511 0.1521893 0.9273707
1548265414.324860 0.2533609 0.0309571 -0.0950642 -0.0467715 0.3356937 0.1174979 0.9334433
1548265415.028610 0.2250630 0.0940136 -0.0332817 -0.0542068 0.3395500 0.0951921 0.9341873
1548265415.263190 0.2410132 0.0835088 0.0057490 -0.0697679 0.3227932 0.1020656 0.9383601
1548265415.598580 0.2599600 0.0677221 0.0228059 -0.0730375 0.3117531 0.1041262 0.9416121
1548265415.900030 0.2634829 0.0557086 0.0167943 -0.0630274 0.3048358 0.1047488 0.9445266
1548265416.101080 0.2556117 0.0263212 0.0229311 -0.0608857 0.3076196 0.1013151 0.9441390
1548265416.235190 0.2371884 0.0116370 0.0278263 -0.0546146 0.3100511 0.0987302 0.9440011
1548265416.436260 0.2199148 -0.0078690 0.0235098 -0.0449910 0.3057781 0.0970362 0.9460759
1548265417.039620 0.2202592 -0.0471460 0.0016426 -0.0444057 0.3197094 0.1162713 0.9393056
1548265417.475280 0.1817896 -0.0653944 -0.0211245 -0.0244513 0.3139432 0.1144663 0.9421992
1548265417.911050 0.1649210 -0.0562317 -0.0077502 -0.0338335 0.3171224 0.1110659 0.9412508
1548265418.514330 0.1204894 0.0349062 0.0874351 -0.0433211 0.3472537 0.1318564 0.9274438
1548265418.849350 0.1747402 0.1023780 0.0605492 -0.0571743 0.3340405 0.1399603 0.9303544
1548265419.184600 0.1378748 0.1410725 0.1526705 -0.0667183 0.3418187 0.1374784 0.9272585
1548265419.285330 0.1371388 0.1674867 0.1816210 -0.0671907 0.3294204 0.1356457 0.9319699
1548265419.419390 0.2026837 0.1840325 0.1480232 -0.0739034 0.3057727 0.1344432 0.9396629
1548265419.721050 0.2200341 0.2182667 0.1877153 -0.0638143 0.3399113 0.1295670 0.9293011
1548265420.257030 0.2206834 0.1796598 0.2577758 -0.0419932 0.3848207 0.1573854 0.9085039
1548265420.490990 0.2173837 0.1334217 0.2253273 -0.0025363 0.3817967 0.1668533 0.9090571
1548265420.826550 0.2139485 0.0803424 0.1865352 0.0221020 0.3742509 0.1696948 0.9114008
1548265420.927040 0.2119664 0.0664052 0.1743805 0.0303278 0.3747137 0.1624597 0.9122920
1548265421.027640 0.2063640 0.0441842 0.1623445 0.0403021 0.3793871 0.1528599 0.9116332
1548265421.195100 0.1909105 0.0327395 0.1474704 0.0672571 0.3887454 0.1445760 0.9074422
1548265421.363110 0.1859505 -0.0038827 0.1330287 0.0772928 0.3921920 0.1433735 0.9053481
1548265421.597290 0.1898859 -0.0336013 0.1073674 0.0821545 0.3876112 0.1432237 0.9069152
1548265421.831900 0.1729732 -0.0484547 0.0965609 0.0778792 0.3751437 0.1288913 0.9146524
1548265421.965840 0.1739654 -0.0517571 0.0867185 0.0684308 0.3581655 0.1111958 0.9244838
1548265422.233990 0.1534893 -0.0248214 0.0773282 0.0536305 0.3332482 0.0859965 0.9373761
1548265422.938180 0.2400234 0.0333607 -0.0138407 0.0246071 0.2897916 0.0367111 0.9560688
1548265423.038810 0.2708691 0.0566425 -0.0366962 0.0289947 0.2891736 0.0324468 0.9562872
1548265423.139330 0.2503030 0.1004587 0.0073433 0.0308510 0.3039001 0.0335571 0.9516128
1548265423.642360 0.3215273 0.2081887 0.0766155 -0.0290489 0.2836211 0.0841300 0.9547971
1548265423.843520 0.3405789 0.2181068 0.0760179 -0.0182204 0.2749178 0.0531979 0.9598219
1548265424.044660 0.3091857 0.2960398 0.1270542 -0.0167130 0.2852210 0.0382603 0.9575520
1548265424.413300 0.3448061 0.2765203 0.1618840 -0.0433630 0.2278828 0.0519465 0.9713345
1548265424.949530 0.3339021 0.2609835 0.2277565 -0.0434490 0.1735312 0.0333957 0.9833025
1548265425.552490 0.2747062 0.2114156 0.2314820 -0.0188391 0.1296886 0.0094486 0.9913308
