1548263176.860390 0.0000681 0.0000993 -0.0001395 0.0000628 0.0001426 0.0000713 1.0000000
1548263177.327780 -0.0157490 -0.0182870 0.0036407 0.0014168 -0.0127306 -0.0095858 0.9998720
1548263177.495540 -0.0317241 -0.0238925 -0.0045368 0.0109305 -0.0267892 -0.0131929 0.9994943
1548263177.596010 -0.0316900 -0.0203321 -0.0072442 0.0136823 -0.0421967 -0.0196906 0.9988216
1548263178.199160 -0.0713924 -0.0573337 0.0054603 -0.0274520 -0.0648255 -0.0486994 0.9963295
1548263179.070290 -0.1263327 -0.0982023 0.0618557 -0.0834019 -0.0828997 -0.1071562 0.9872636
1548263179.237830 -0.0874720 -0.0886706 0.0910985 -0.0935176 -0.0810305 -0.1183271 0.9852346
1548263179.438990 -0.1046061 -0.0837433 0.0913891 -0.0799657 -0.0468523 -0.1065593 0.9899775
1548263179.540130 -0.0840607 -0.0608979 0.0890456 -0.0669527 -0.0362023 -0.0982718 0.9922446
1548263180.813490 0.0215937 -0.1007461 0.0048095 0.0106612 0.0791855 0.0423361 0.9959034
1548263182.020160 0.0882780 0.0337069 -0.0932677 -0.0179817 0.1228209 0.0563928 0.9906622
1548263182.087130 0.1078383 0.0291048 -0.0958362 -0.0236242 0.1269024 0.0632277 0.9896160
1548263182.221180 0.0999873 0.0708148 -0.1251801 -0.0189067 0.1465706 0.0674878 0.9867142
1548263183.964020 0.1646440 -0.0029970 -0.2302179 0.0140109 0.1566870 0.1120810 0.9811680
1548263184.198130 0.1925694 -0.0063989 -0.2582990 0.0064808 0.1639380 0.1117414 0.9801001
1548263184.768130 0.3242812 0.0915512 -0.3114096 -0.0391160 0.1886325 0.1338010 0.9721034
1548263184.969320 0.3524968 0.1319511 -0.3176322 -0.0719895 0.1979892 0.1352853 0.9681506
1548263185.103450 0.3629885 0.1628675 -0.3126248 -0.0991033 0.2087116 0.1402658 0.9627790
1548263185.271510 0.3745626 0.2106526 -0.3212169 -0.1172939 0.2297959 0.1634681 0.9522154
1548263185.539610 0.3888727 0.2613372 -0.3530860 -0.1312484 0.2503185 0.1891070 0.9404005
1548263185.606670 0.3855055 0.2628341 -0.3624130 -0.1286750 0.2683234 0.1951703 0.9345340
1548263185.740730 0.3871721 0.3058509 -0.4028608 -0.0889004 0.2625741 0.1975898 0.9402711
1548263185.807360 0.4000297 0.2768387 -0.4144737 -0.0765417 0.2748575 0.2005061 0.9372257
1548263185.874440 0.4161497 0.2452938 -0.4222295 -0.0684401 0.2780925 0.2014575 0.9366938
1548263186.611560 0.4922277 0.1433166 -0.5555300 0.0691192 0.2431968 0.1633928 0.9536145
1548263186.678570 0.5054191 0.1155303 -0.5665490 0.0725347 0.2349232 0.1601616 0.9559802
1548263186.913160 0.5413157 0.1209476 -0.6018832 0.0949922 0.2178383 0.1542898 0.9590191
1548263187.013450 0.4821944 0.1396056 -0.5966268 0.0974060 0.2319570 0.1486518 0.9563528
1548263187.080870 0.5387349 0.1129083 -0.6050957 0.0781888 0.2279664 0.1521538 0.9585234
1548263187.181520 0.5706890 0.1128009 -0.6077860 0.0509725 0.2136052 0.1483952 0.9642373
1548263187.550100 0.5606470 0.1871854 -0.5310556 -0.0473199 0.2373530 0.1499000 0.9586211
1548263187.684000 0.5768867 0.2183968 -0.5303625 -0.0621400 0.2503551 0.1643847 0.9520707
1548263187.784480 0.5903577 0.2434984 -0.5346444 -0.0699048 0.2619196 0.1735612 0.9467776
1548263188.287240 0.6221035 0.3390155 -0.5678573 -0.1109256 0.3549147 0.2002364 0.9064417
1548263188.354280 0.6229812 0.3441556 -0.5679147 -0.1190487 0.3658839 0.2075291 0.8993821
1548263188.454820 0.6248610 0.3578118 -0.5703257 -0.1288754 0.3789817 0.2106111 0.8918559
1548263188.622230 0.6285216 0.3861949 -0.5751445 -0.1495299 0.4055021 0.2127426 0.8763272
1548263188.789290 0.6383379 0.4066212 -0.5875725 -0.1454658 0.4348861 0.2305028 0.8582437
1548263189.058180 0.6876944 0.4247289 -0.6414686 -0.1105507 0.4552776 0.2684294 0.8416926
1548263189.560580 0.7832971 0.4453178 -0.7464598 -0.0659722 0.4368832 0.2546434 0.8601962
1548263190.231190 0.8813248 0.3650485 -0.8690855 -0.0278449 0.4401495 0.2428918 0.8640004
1548263190.599790 0.9198213 0.2933346 -0.9029982 0.0063376 0.4572767 0.2231786 0.8608421
1548263193.348240 1.1627346 0.5144203 -1.0224831 -0.0559805 0.5144463 0.2588878 0.8155908
1548263194.588130 1.2379934 0.6315109 -0.9946318 -0.1066802 0.5563268 0.2991685 0.7678659
1548263195.224890 1.3545913 0.6206651 -1.0977261 -0.0395711 0.5411310 0.2781065 0.7926337
1548263197.537810 1.6289459 0.8067456 -1.2319896 -0.0401458 0.5281897 0.3018637 0.7926426
1548263200.553620 2.2502010 1.0327197 -1.5191121 -0.0841387 0.4323878 0.2404167 0.8649632
1548263200.956360 2.2955453 1.1123711 -1.6077131 -0.0710712 0.4562644 0.2569992 0.8489541
1548263201.090440 2.3178031 1.1475890 -1.6184942 -0.0793877 0.4575351 0.2755962 0.8416686
1548263201.224500 2.3375771 1.1484212 -1.6326728 -0.0650402 0.4587524 0.2904114 0.8372439
1548263203.503670 2.4208269 1.2185484 -1.9077977 0.0168301 0.3139583 0.2979770 0.9013083
1548263204.877760 2.6472394 1.0849432 -2.1397080 0.0109549 0.1951242 0.2020040 0.9596879
1548263205.514430 2.7338030 1.1483314 -2.1965430 -0.0086289 0.2200957 0.2482693 0.9433164
1548263206.117760 2.6855106 1.3341018 -2.2968342 -0.0400839 0.1911357 0.2578237 0.9462491
1548263206.251820 2.6746762 1.3716729 -2.3160691 -0.0462764 0.2027471 0.2711461 0.9398042
1548263206.385690 2.6695724 1.4090579 -2.3360813 -0.0451644 0.2197579 0.2834291 0.9323812
1548263206.419200 2.6572084 1.4210731 -2.3438213 -0.0460474 0.2319283 0.2880956 0.9279492
1548263206.553270 2.6747830 1.4812675 -2.3726749 -0.0548671 0.2549917 0.3100275 0.9142493
1548263206.720990 2.6833556 1.5365912 -2.3863299 -0.0682869 0.2772904 0.3327234 0.8987448
1548263206.855060 2.6979682 1.5473204 -2.3967488 -0.0770348 0.2945179 0.3488426 0.8863598
1548263206.989120 2.7124169 1.5547107 -2.4066734 -0.0703259 0.3230512 0.3495900 0.8766293
1548263208.564670 2.9179144 1.3743476 -2.6713619 -0.0251831 0.4267212 0.2704689 0.8626248
1548263210.407210 2.8555379 1.5452743 -2.7301459 -0.0690640 0.4099683 0.3095595 0.8551778
1548263210.574830 2.8817544 1.5846916 -2.7746394 -0.0775835 0.3812959 0.3187061 0.8643036
1548263210.809560 2.8508825 1.6671480 -2.8193061 -0.0762636 0.3727327 0.3080806 0.8719751
1548263210.977130 2.8394392 1.7216508 -2.8548934 -0.0779081 0.3665851 0.3153326 0.8718435
1548263211.178150 2.8590393 1.7629560 -2.8979053 -0.0779203 0.3659705 0.3321745 0.8658257
1548263211.379170 2.8822830 1.7718692 -2.9560218 -0.0553779 0.3869857 0.3454776 0.8531240
1548263213.726110 3.2136052 1.9573370 -3.2949460 -0.0407466 0.3458689 0.3025921 0.8872161
1548263213.893680 3.2239826 1.9911404 -3.3059037 -0.0463756 0.3492036 0.3147736 0.8813760
1548263214.161780 3.2898269 2.0004127 -3.3435633 -0.0379596 0.3499109 0.3229181 0.8785473
1548263214.429730 3.3512099 1.9670626 -3.3702655 -0.0166763 0.3517779 0.2980396 0.8872129
1548263217.546160 3.9465685 2.0036230 -3.5411386 0.0458571 0.2136219 0.2924162 0.9309971
1548263218.049200 4.0190926 2.0383723 -3.5608034 0.0419836 0.1736464 0.2819060 0.9426629
1548263218.350910 4.0500755 2.0619993 -3.5619557 0.0358121 0.1599116 0.3058187 0.9378810
1548263218.518480 4.0500398 2.0805981 -3.5566719 0.0297032 0.1738449 0.3102367 0.9341568
1548263218.686060 4.0280013 2.1014099 -3.5448892 0.0081224 0.2067630 0.3029633 0.9302668
1548263218.719580 4.0350676 2.0955808 -3.5734019 -0.0028816 0.2131990 0.2951176 0.9313665
1548263221.232950 3.7585921 1.7948542 -3.5157752 0.0327252 0.5626317 0.2611449 0.7836950
1548263221.803340 3.6757324 1.8216319 -3.4769824 -0.0028995 0.6535613 0.2273538 0.7219138
1548263222.674380 3.6469164 1.9964286 -3.4401329 -0.1112722 0.6254421 0.2529061 0.7297117
1548263223.412220 3.5289323 2.1539912 -3.4300108 -0.2056153 0.5795713 0.2373019 0.7520022
1548263223.579630 3.4978743 2.1477196 -3.4516723 -0.1997388 0.6050279 0.2397746 0.7324983
1548263224.015030 3.4187410 2.1018198 -3.4636083 -0.1734937 0.6343201 0.2773452 0.7004410
1548263225.590150 3.2708073 2.0324550 -3.5473025 -0.0937187 0.6714844 0.3837420 0.6269510
1548263225.892080 3.2431755 2.0948954 -3.4908185 -0.1544953 0.6423698 0.3884455 0.6423413
1548263226.092870 3.2089398 2.1134355 -3.4633358 -0.1656500 0.6404054 0.3765216 0.6485927
1548263226.226480 3.1921592 2.0877759 -3.4456451 -0.1624156 0.6416403 0.3830574 0.6443492
1548263226.561740 3.1930594 2.1008503 -3.4815187 -0.1381721 0.6148672 0.3762320 0.6791880
1548263226.729320 3.2133100 2.0732119 -3.5185218 -0.1139247 0.6384678 0.3852994 0.6564483
1548263227.198840 3.2247105 2.0167601 -3.5976634 -0.0754914 0.7036706 0.3584386 0.6088271
1548263228.103820 3.2391086 1.9171144 -3.6834593 -0.0081849 0.8060148 0.3289257 0.4920173
1548263228.237720 3.2431269 1.9069096 -3.6870849 -0.0048180 0.8264551 0.3222416 0.4616374
1548263228.472280 3.2358456 1.9045886 -3.7215230 -0.0058988 0.8430783 0.3239800 0.4292099
1548263228.942270 3.2326424 1.8711139 -3.7720056 0.0156417 0.8565716 0.3251639 0.4003860
1548263229.143460 3.2219260 1.8857323 -3.7898080 0.0110303 0.8653080 0.3397961 0.3683192
1548263235.845630 3.1353335 2.1900313 -3.9015605 -0.1419144 0.8778028 0.4298020 0.1568207
1548263236.013260 3.1279001 2.2118850 -3.8807051 -0.1473203 0.8776026 0.4358743 0.1346251
1548263236.080260 3.0880451 2.2257221 -3.8890228 -0.1483168 0.8769770 0.4369747 0.1340399
1548263237.957300 3.1454239 1.9356805 -4.0156937 -0.0398036 0.9664116 0.2536493 -0.0112427
1548263238.493570 3.1269884 1.9139646 -4.0312099 -0.0694904 0.9701509 0.2155310 -0.0867445
1548263240.705390 3.0310621 2.1210597 -4.0060382 -0.1275105 0.8975772 0.3514180 -0.2336699
1548263241.275250 3.0280712 2.1904144 -3.9791398 -0.1422742 0.8773314 0.4051352 -0.2142735
1548263242.213480 3.0038810 2.1246319 -3.9925349 -0.0526046 0.9118127 0.3400881 -0.2239878
1548263243.688350 3.0878949 1.8177910 -4.0991802 -0.0710323 0.9546290 0.2367315 -0.1661207
1548263244.728450 3.0758634 1.7689172 -4.1147480 -0.0809115 0.9452828 0.2019981 -0.2430855
1548263246.269210 3.0305095 1.9091924 -4.0912414 -0.1390052 0.9161901 0.2499253 -0.2807322
1548263246.671360 2.9607391 1.9481854 -4.0986977 -0.1462372 0.8837146 0.2736252 -0.3504176
1548263246.906190 2.9221098 1.9770437 -4.0599952 -0.1487811 0.8695722 0.2851230 -0.3747175
1548263247.241090 2.8482327 2.0268681 -4.0338893 -0.1384481 0.8537639 0.3269313 -0.3808349
1548263247.509070 2.7591100 2.0693591 -4.0246964 -0.1145107 0.8503835 0.3609426 -0.3653159
1548263247.978370 2.6597085 2.1219325 -3.9841697 -0.1090982 0.8658504 0.3718807 -0.3163944
1548263249.083650 2.5765123 2.0387332 -3.9590132 -0.1210641 0.8415495 0.3307680 -0.4095491
1548263252.570530 2.4457135 1.7667831 -3.9272013 -0.0464684 0.8923753 0.2465794 -0.3751074
1548263252.637560 2.4480433 1.7439361 -3.9392185 -0.0451647 0.8923706 0.2508289 -0.3724510
1548263253.207180 2.4891312 1.6314020 -3.9698229 -0.0622595 0.9140773 0.1940367 -0.3506227
1548263253.408280 2.4777129 1.5998042 -3.9655156 -0.0642807 0.9047984 0.1841317 -0.3785544
1548263253.709880 2.4897597 1.5220784 -4.1098914 0.0746290 -0.8321078 -0.2210751 0.5031431
1548263253.776830 2.4584770 1.5940523 -4.0009665 0.0747010 -0.8353160 -0.1996397 0.5067652
1548263254.313210 2.4130192 1.6716372 -3.9664383 0.0879674 -0.7949565 -0.2489152 0.5462116
1548263254.648260 2.4023073 1.7278588 -3.9328341 0.0947834 -0.7706123 -0.2915503 0.5587229
1548263255.519750 2.3537290 1.9572484 -3.8713791 0.0982698 -0.7293649 -0.4344851 0.5192230
1548263256.022110 2.3460898 2.0371792 -3.8690844 -0.0741089 0.7548739 0.4838605 -0.4365229
1548263258.067230 2.1888878 1.7519517 -3.8051760 0.0896693 -0.7146252 -0.3388228 0.6053671
1548263258.468890 2.0923464 1.7315032 -3.7708194 0.0774590 -0.7324148 -0.3679122 0.5676349
1548263259.407710 2.0545454 1.8353722 -3.5906639 0.0694658 -0.7260726 -0.4227091 0.5378755
1548263259.575290 2.0504253 1.8625492 -3.5562282 0.0542466 -0.7147041 -0.4308353 0.5483031
1548263259.910370 2.0510840 1.8943979 -3.5154810 0.0425556 -0.7224883 -0.4127263 0.5530431
1548263262.591530 1.8162491 1.5486106 -3.5652966 -0.0252194 0.8304972 0.3823253 -0.4043090
1548263262.960200 1.7193754 1.5330466 -3.5479789 0.0127482 0.8383003 0.4221294 -0.3448142
1548263263.094140 1.6906549 1.5403420 -3.5161641 0.0131697 0.8374323 0.4300889 -0.3369824
1548263264.300630 1.6159701 1.6333109 -3.3324924 0.0075244 0.8093498 0.4734338 -0.3475008
1548263264.501770 1.6272821 1.6813061 -3.3188841 -0.0013602 0.8093704 0.4680783 -0.3547117
1548263264.602290 1.6264446 1.7006716 -3.3029172 -0.0119571 0.8143510 0.4526714 -0.3630127
1548263264.736830 1.6176488 1.7145056 -3.2851582 -0.0321256 0.8097214 0.4365911 -0.3907780
1548263265.976480 1.4517257 1.3784329 -3.3693552 0.0017600 0.8641158 0.3856401 -0.3233921
1548263266.177570 1.4393353 1.3150508 -3.3751049 0.0020948 0.8836456 0.3546632 -0.3055816
1548263266.345110 1.4719026 1.2909268 -3.3503942 -0.0251109 0.8962876 0.3184299 -0.3076367
1548263266.646620 1.4938855 1.2625296 -3.3250675 -0.0488490 0.8944837 0.2830555 -0.3426254
1548263266.780970 1.5005462 1.2734563 -3.3212531 -0.0559889 0.8747757 0.2726684 -0.3965912
1548263267.049260 1.4357834 1.2957249 -3.2873011 -0.0523620 0.8484481 0.3052616 -0.4291962
1548263267.519360 1.3740765 1.3945590 -3.2510085 -0.0333790 0.8102308 0.3864052 -0.4394349
1548263268.590740 1.2380012 1.5678045 -3.0261302 0.0207583 0.7843381 0.4855229 -0.3855520
1548263269.093480 1.2060978 1.5578111 -2.9795833 0.0043602 0.7564611 0.4279666 -0.4945626
1548263269.998510 1.1706575 1.6971997 -3.0328338 -0.0664772 0.7456705 0.4433533 -0.4929444
1548263270.534380 1.1168406 1.6624726 -3.0413029 0.0519658 -0.7552272 -0.4100221 0.5087370
1548263271.339200 1.0265416 1.4763739 -3.1510985 0.0299856 -0.7762492 -0.3747852 0.5060377
1548263271.506510 1.0294253 1.4891514 -3.1575327 -0.0187592 0.7883665 0.3587072 -0.4994552
1548263272.344100 1.0201139 1.7066400 -3.2174437 -0.0364195 0.8259077 0.4656797 -0.3157412
1548263272.645970 0.9853178 1.7774130 -3.2327809 -0.0438149 0.8181624 0.4977516 -0.2844887
1548263272.914320 0.9375969 1.8288860 -3.2515180 -0.0403953 0.8232658 0.5190673 -0.2262096
1548263273.215860 0.9059086 1.8733097 -3.2549992 -0.0609744 0.8326225 0.5304493 -0.1471239
1548263273.517440 0.8812674 1.8725796 -3.2591181 -0.0813285 0.8394443 0.5281111 -0.0990837
1548263273.684700 0.8628721 1.8444090 -3.2708828 -0.0709620 0.8539194 0.5112286 -0.0665680
1548263273.819080 0.8582617 1.8157268 -3.2987380 -0.0626500 0.8610610 0.5031896 -0.0380674
1548263273.952900 0.8511930 1.7918901 -3.3284888 -0.0498797 0.8680852 0.4937995 -0.0101044
1548263274.019940 0.8539663 1.7740506 -3.3503778 -0.0374573 0.8667307 0.4973679 -0.0002844
1548263274.187850 0.8483592 1.7358034 -3.3823562 -0.0093797 0.8608325 0.5049522 0.0624711
1548263274.388970 0.8494755 1.7097774 -3.4135129 -0.0257207 0.8623176 0.4964267 0.0964744
1548263274.556650 0.8478189 1.6910554 -3.4241822 -0.0598283 0.8659147 0.4859237 0.1024229
1548263274.858200 0.8594162 1.6579406 -3.4274268 -0.1037814 0.8628053 0.4903450 0.0660165
1548263275.025630 0.8976747 1.6151304 -3.4244242 -0.0996426 0.8575992 0.5042490 0.0181090
1548263275.193100 0.9006163 1.6241513 -3.3738256 -0.1004236 0.8664181 0.4891156 0.0008228
1548263275.293650 0.8874334 1.6183249 -3.3564785 -0.1006203 0.8659579 0.4892745 -0.0245584
1548263275.394390 0.8908555 1.6153330 -3.3459702 -0.1020780 0.8643793 0.4881620 -0.0642360
1548263275.495550 0.8976367 1.6037900 -3.3363678 -0.1093446 0.8597777 0.4877704 -0.1044322
1548263275.628750 0.9012229 1.6264293 -3.3077853 -0.1182269 0.8571542 0.4656751 -0.1856228
1548263275.662520 0.9027874 1.6283188 -3.3064525 -0.1164751 0.8552784 0.4632791 -0.2007606
1548263275.762920 0.9005806 1.6264088 -3.2886698 -0.1102723 0.8515145 0.4553190 -0.2354734
1548263276.031000 0.9497021 1.6907940 -3.2457941 -0.0980259 0.8205863 0.4144172 -0.3811658
1548263277.405200 1.0313228 1.9571078 -3.1811047 -0.0638517 0.7568271 0.4362390 -0.4825259
1548263277.639840 1.0308008 2.0030904 -3.1502478 -0.0862609 0.7505091 0.4505445 -0.4757149
1548263277.807390 1.0274826 2.0443416 -3.1253080 -0.0947145 0.7365698 0.4804151 -0.4665785
1548263278.041870 1.0235306 2.0840797 -3.0880351 -0.0928552 0.7216772 0.5042643 -0.4650563
1548263278.242800 1.0234075 2.1058314 -3.0708213 -0.0994505 0.7295110 0.5059986 -0.4493202
1548263278.544160 1.0228419 2.0863349 -3.0894074 -0.1080467 0.7487341 0.4809380 -0.4431950
1548263278.778900 1.0022542 2.0308335 -3.1315122 -0.0764994 0.7463528 0.4589955 -0.4758450
1548263278.946980 0.9912418 1.9772332 -3.1597204 -0.0640913 0.7487127 0.4406945 -0.4910296
1548263279.148130 0.9862037 1.9196898 -3.1934030 -0.0626449 0.7517838 0.4405856 -0.4866015
1548263279.416250 0.9786035 1.8610080 -3.2206454 -0.0653633 0.7475528 0.4397050 -0.4935098
1548263279.617340 0.9690862 1.8109083 -3.2400405 -0.0501685 0.7460842 0.4432108 -0.4943740
1548263279.818400 0.9596817 1.7616843 -3.2568722 0.0379324 -0.7419229 -0.4445072 0.5005246
1548263280.019500 0.9555697 1.7054324 -3.2660329 -0.0359802 0.7548043 0.4262226 -0.4973029
1548263280.253780 0.9524341 1.6353407 -3.2766433 -0.0350379 0.7670823 0.4075893 -0.4941943
1548263280.757060 0.8521759 1.5068583 -3.2531233 0.0193064 0.7944669 0.4407198 -0.4173916
1548263280.991640 0.8029814 1.4594961 -3.2229347 0.0115337 0.8094606 0.4635160 -0.3602686
1548263281.259760 0.7539143 1.4230580 -3.1644187 -0.0014178 0.8184057 0.4514575 -0.3555226
1548263281.527480 0.7180207 1.4055730 -3.1370828 0.0114683 0.8160820 0.4681452 -0.3387015
1548263281.795720 0.7108067 1.3958304 -3.1005359 0.0049446 0.8302310 0.4524582 -0.3255360
1548263282.030520 0.6944906 1.4031264 -3.0719316 0.0047737 0.8302827 0.4546033 -0.3224029
1548263282.231830 0.6530350 1.4165212 -3.0308309 0.0152674 0.8297147 0.4540909 -0.3242558
1548263282.466510 0.5765021 1.4267409 -2.9755325 0.0344718 0.8288940 0.4652608 -0.3086728
1548263282.969330 0.4800113 1.4418795 -2.8790507 0.0095122 0.8321473 0.4912268 -0.2571704
1548263283.304370 0.4336469 1.4713488 -2.8356504 0.0148608 0.8283529 0.4908971 -0.2695007
1548263283.471840 0.4220883 1.4893738 -2.7990854 0.0053668 0.8367600 0.4842070 -0.2556315
1548263283.672930 0.4153564 1.5252162 -2.7589912 -0.0205556 0.8401547 0.4870055 -0.2377881
1548263283.873790 0.4034025 1.5654523 -2.7209837 -0.0236082 0.8307636 0.5073799 -0.2276841
1548263284.074890 0.3913261 1.6095346 -2.6815915 -0.0217382 0.8253033 0.5183567 -0.2229536
1548263284.376880 0.3888857 1.6507004 -2.6219912 -0.0527325 0.8338201 0.5169057 -0.1864719
1548263284.846230 0.3809820 1.6124820 -2.5531185 -0.0719550 0.8517708 0.4928634 -0.1624642
1548263285.449260 0.3308798 1.5265796 -2.5196795 -0.0609823 0.8575661 0.4805296 -0.1730692
1548263286.287140 0.2768747 1.3673886 -2.5432329 -0.0615805 0.8771269 0.4478545 -0.1621191
1548263286.421170 0.2573751 1.3263373 -2.5763845 -0.0669971 0.8789982 0.4535911 -0.1308763
1548263286.655720 0.2260633 1.2625357 -2.5868917 -0.0823948 0.8854889 0.4487821 -0.0878367
1548263286.890110 0.2100829 1.2112684 -2.6162860 -0.0825933 0.8840295 0.4576511 -0.0471768
1548263287.661220 0.1150956 1.1030215 -2.7208796 -0.0397620 0.8943926 0.4451590 -0.0177289
1548263287.962530 0.0488220 1.1242539 -2.7039285 -0.0433783 0.8920247 0.4496833 0.0139712
1548263288.264170 -0.0265135 1.1497560 -2.6964586 -0.0272995 0.8793242 0.4742150 0.0341150
1548263288.566200 -0.0615305 1.1617173 -2.6817775 -0.0388292 0.8774344 0.4759331 0.0457047
1548263288.834340 -0.0788758 1.1913594 -2.6476412 -0.0422639 0.8843576 0.4633325 0.0380581
1548263289.068950 -0.0872991 1.2489541 -2.6297102 -0.0309265 0.8754928 0.4808870 0.0361053
1548263289.437610 -0.1073299 1.3449658 -2.5701368 -0.0392579 0.8721739 0.4856686 0.0435606
1548263289.571380 -0.1110210 1.3784586 -2.5466151 -0.0453416 0.8615627 0.5029774 0.0516484
1548263290.108220 -0.1211906 1.5141410 -2.4732966 -0.0605144 0.8365299 0.5417909 0.0549395
1548263290.376130 -0.1329218 1.5519000 -2.4351943 -0.0742798 0.8312563 0.5496783 0.0367325
1548263290.543500 -0.1499002 1.5660287 -2.4341433 -0.0829939 0.8271472 0.5556448 -0.0140863
1548263290.878450 -0.1621823 1.5561976 -2.4318883 -0.0938567 0.8227510 0.5569983 -0.0634407
1548263291.079520 -0.1538447 1.5198833 -2.4662678 -0.0980980 0.8420008 0.5204739 -0.1025592
1548263291.180130 -0.1629050 1.4863304 -2.4883392 -0.0942039 0.8550245 0.4967962 -0.1151184
1548263291.281210 -0.1758340 1.4566931 -2.5001974 -0.0862037 0.8671191 0.4742691 -0.1254677
1548263291.549330 -0.1898875 1.3879256 -2.5843382 -0.0948298 0.8727112 0.4510943 -0.1609237
1548263291.649860 -0.1828913 1.3567441 -2.6068687 -0.1061012 0.8763825 0.4385041 -0.1685537
1548263291.749850 -0.1758454 1.3237996 -2.6206107 -0.1085728 0.8829958 0.4246927 -0.1678285
1548263291.883920 -0.1662150 1.2795765 -2.6509016 -0.1074901 0.8871408 0.4145965 -0.1718626
1548263292.051590 -0.1715531 1.2421396 -2.6834023 -0.1083378 0.8874465 0.4082697 -0.1844381
1548263292.185780 -0.1767509 1.2172804 -2.6938801 -0.1065903 0.8815587 0.4050750 -0.2177317
1548263292.252920 -0.1591841 1.2147895 -2.6945407 -0.1135053 0.8749155 0.4010666 -0.2465460
1548263292.487580 -0.1650698 1.2045647 -2.6903567 -0.1141869 0.8663387 0.3923999 -0.2871253
1548263292.588170 -0.1780260 1.1748701 -2.6916664 -0.1081949 0.8587795 0.3953251 -0.3074244
1548263292.722020 -0.1851413 1.1707934 -2.6716301 -0.1049611 0.8569700 0.3869365 -0.3238299
1548263292.822220 -0.1759971 1.1510818 -2.6839638 -0.1052914 0.8434268 0.3903515 -0.3537947
1548263292.889250 -0.1836281 1.1476496 -2.6786077 -0.1041564 0.8376931 0.3835278 -0.3746040
1548263292.922770 -0.1937757 1.1470324 -2.6694353 -0.1020584 0.8377733 0.3774434 -0.3811254
1548263292.989860 -0.3100083 1.1249617 -2.6067784 -0.0776768 0.8540653 0.3645410 -0.3628342
1548263293.023370 -0.3254156 1.0969719 -2.5993261 -0.0708488 0.8494821 0.3661900 -0.3731830
1548263293.090340 -0.3222986 1.0722786 -2.5986140 -0.0628767 0.8395861 0.3612441 -0.4008047
1548263293.123820 -0.3170446 1.0746949 -2.5987189 -0.0608837 0.8354390 0.3547562 -0.4153106
1548263293.157330 -0.3208867 1.0608999 -2.6117797 -0.0573486 0.8267832 0.3575099 -0.4304967
1548263293.190850 -0.3236752 1.0455465 -2.6000593 -0.0521629 0.8248455 0.3554880 -0.4365057
1548263293.258190 -0.3438668 1.0015894 -2.5564837 -0.0374742 0.8275735 0.3551049 -0.4331492
1548263293.325370 -0.3368530 0.9953018 -2.5594585 -0.0335361 0.8224354 0.3560837 -0.4423571
1548263293.425650 -0.3409998 0.9834511 -2.5364830 -0.0301993 0.8176031 0.3571580 -0.4506123
1548263296.107150 -0.0950939 0.7891650 -2.2043326 -0.0451709 0.8668736 0.3552038 -0.3468716
1548263296.207600 -0.0882950 0.7587238 -2.2061613 -0.0490717 0.8787650 0.3333854 -0.3379618
1548263296.308090 -0.0940041 0.7391245 -2.1861436 -0.0514087 0.8914326 0.3158532 -0.3208454
1548263296.408580 -0.1226519 0.6094737 -2.3100457 -0.0355043 0.8828532 0.3449780 -0.3167017
1548263296.877270 -0.0563690 0.6221278 -2.1796393 -0.0476962 0.9138673 0.2522380 -0.3145594
1548263297.212430 -0.0448425 0.7089952 -2.1205444 -0.0444598 0.8835440 0.2879361 -0.3666961
1548263300.229260 0.1519836 1.2074982 -2.0143301 -0.1117040 0.8061256 0.3769653 -0.4422452
1548263300.363260 0.1543821 1.2360253 -2.0688498 -0.1098513 0.8039292 0.3886886 -0.4365223
1548263300.497300 0.1604667 1.2614655 -2.1206520 -0.1088504 0.8074484 0.3925200 -0.4267396
1548263300.664860 0.1638818 1.2863159 -2.1867883 -0.1018809 0.8205211 0.3864979 -0.4086377
1548263301.569530 0.3320092 1.3040519 -2.5080922 -0.0774978 0.8240653 0.3189636 -0.4617062
1548263301.870800 0.3530608 1.2141204 -2.6006043 -0.0468056 0.8084536 0.3107556 -0.4976374
1548263302.072240 0.3292962 1.1688842 -2.6461027 0.0015208 -0.7934771 -0.3146492 0.5209487
1548263303.178360 0.3603271 1.4289210 -2.5472572 0.0877558 -0.7607421 -0.3544505 0.5365959
1548263303.480010 0.3469228 1.4738127 -2.5158539 0.1041597 -0.7351880 -0.3945382 0.5412846
1548263303.814810 0.2970023 1.4559560 -2.4702806 0.0991396 -0.7263917 -0.4021371 0.5484635
1548263303.948960 0.2749813 1.4164296 -2.4415164 0.0894887 -0.7334319 -0.3803298 0.5562541
1548263304.083070 0.2443521 1.3569421 -2.4183278 0.0679367 -0.7495216 -0.3550020 0.5545949
1548263305.591520 -0.0640419 0.7464358 -2.1933157 0.0331570 0.8474815 0.3310978 -0.4135818
1548263305.859510 -0.0889095 0.6669884 -2.1553071 0.0115822 0.8382750 0.3273104 -0.4359230
1548263306.127560 -0.1419120 0.6273532 -2.1080072 0.0529581 0.8405407 0.3144050 -0.4379912
1548263306.295220 -0.1870091 0.6329626 -2.0840280 0.0612899 0.8369147 0.3305480 -0.4319206
1548263306.496570 -0.2477804 0.6559274 -2.0566382 0.0674755 0.8382809 0.3536122 -0.4095004
1548263307.836710 -0.3336016 1.0210807 -1.7958754 -0.0286898 0.8201545 0.4481148 -0.3545654
1548263307.937260 -0.3418673 1.0416734 -1.7750901 -0.0371281 0.8192150 0.4677629 -0.3297062
1548263308.272360 -0.3921471 1.0534281 -1.7339103 -0.0426037 0.7980233 0.4970845 -0.3380098
1548263308.439830 -0.4437029 1.0197617 -1.7139628 -0.0296430 0.7985285 0.4735204 -0.3704753
1548263310.149350 -0.6162880 0.5955040 -1.8395586 0.0375831 0.8679290 0.3924650 -0.3020892
1548263311.455820 -0.8117770 0.5420921 -1.7727388 0.0217969 0.8503061 0.4039963 -0.3365878
1548263311.790960 -0.8333779 0.4769297 -1.7709652 0.0039413 0.8280764 0.3606788 -0.4291675
1548263312.797100 -0.7766033 0.2453124 -1.8489791 -0.0121328 0.8754274 0.2506085 -0.4131283
1548263312.931160 -0.7606561 0.2234803 -1.8569179 -0.0213803 0.8796681 0.2394773 -0.4103383
1548263313.198420 -0.7432738 0.1824203 -1.8731948 -0.0302681 0.8891354 0.2047730 -0.4081546
1548263313.298870 -0.7190667 0.1700893 -1.8881446 -0.0325505 0.8868952 0.1925197 -0.4186808
1548263313.332390 -0.7234849 0.1564467 -1.8894994 -0.0313339 0.8849937 0.1945684 -0.4218382
1548263313.432900 -0.7641315 0.1292007 -1.8007258 -0.0226520 0.8973191 0.1876532 -0.3988629
1548263313.499970 -0.7555795 0.1191150 -1.8529464 -0.0231560 0.8822957 0.1953325 -0.4276251
1548263313.566970 -0.7276744 0.1307776 -1.8859589 -0.0287733 0.8654521 0.1957631 -0.4602624
1548263313.600480 -0.7260295 0.1319443 -1.8870934 -0.0309404 0.8601189 0.1979578 -0.4690957
1548263313.667520 -0.7284863 0.1490068 -1.8667595 -0.0341936 0.8583647 0.1965874 -0.4726459
1548263313.768090 -0.7264358 0.1619101 -1.8583378 -0.0402769 0.8520821 0.2150502 -0.4754863
1548263313.835100 -0.7318697 0.1844604 -1.8526399 -0.0414183 0.8479304 0.2274951 -0.4770163
1548263314.036180 -0.7579380 0.2443810 -1.8383633 -0.0298008 0.8303272 0.2741430 -0.4842668
1548263314.907510 -0.7591149 0.4653326 -1.7793714 -0.0306063 0.7952904 0.3632447 -0.4843860
1548263316.985890 -0.7477005 0.8980395 -1.6136416 -0.0050553 0.7937402 0.4624960 -0.3950295
1548263317.220280 -0.7392927 0.9443361 -1.6056476 -0.0024763 0.7984438 0.4810972 -0.3619764
1548263317.320830 -0.7465116 0.9575119 -1.5999860 0.0065058 0.8024589 0.4894386 -0.3412730
1548263317.589150 -0.7359442 1.0142143 -1.5926541 0.0040313 0.8182031 0.4923808 -0.2967971
1548263317.756820 -0.7165117 1.0511655 -1.6252493 -0.0334693 0.8164543 0.4926190 -0.2993471
1548263317.890770 -0.7178127 1.0652000 -1.6190296 -0.0666196 0.8037597 0.4852656 -0.3377120
1548263318.226150 -0.6953503 1.1086096 -1.5987538 -0.0769906 0.7869923 0.4796865 -0.3802846
1548263318.326790 -0.6981978 1.1131121 -1.5904920 -0.0631587 0.7812726 0.4813865 -0.3922896
1548263318.996470 -0.7077419 1.0151181 -1.5381907 -0.0078449 0.7953029 0.4167135 -0.4402062
1548263319.163940 -0.7133135 0.9626700 -1.5266929 0.0093952 0.8051137 0.4028019 -0.4352635
1548263319.297930 -0.7150823 0.9262514 -1.5186687 0.0031967 0.8005092 0.3936120 -0.4519341
1548263319.499070 -0.7043443 0.8683645 -1.4938766 -0.0087022 0.8122206 0.3847373 -0.4384053
1548263319.666650 -0.6927342 0.8301761 -1.4591208 -0.0028468 0.8069043 0.3774793 -0.4543201
1548263320.001970 -0.6524181 0.7401723 -1.4413817 0.0168978 -0.7819380 -0.3700310 0.5013626
1548263320.202960 -0.6615470 0.6634781 -1.4055495 0.0211504 -0.7635874 -0.3578645 0.5370474
1548263320.337360 -0.6675326 0.6123565 -1.3856860 0.0084245 -0.7435094 -0.3446803 0.5729906
1548263320.471450 -0.6620173 0.5923339 -1.3575720 -0.0211375 -0.7376096 -0.3145055 0.5971361
1548263320.639170 -0.6983648 0.4991886 -1.3517934 -0.0386290 -0.7343436 -0.2887032 0.6131049
1548263320.773290 -0.7050430 0.4537518 -1.3321003 -0.0444035 -0.7291306 -0.2571304 0.6326775
1548263320.974350 -0.7174155 0.3900468 -1.2966515 -0.0394738 -0.7220670 -0.2253933 0.6528851
1548263321.376310 -0.7270167 0.3656907 -1.2925205 0.0491073 -0.7023187 -0.2328126 0.6709211
1548263322.347840 -0.7612023 0.5359703 -1.1817712 0.0347298 -0.6654532 -0.3507415 0.6579865
1548263322.582490 -0.7580877 0.5849879 -1.1846390 0.0329648 -0.6684389 -0.3644531 0.6475158
1548263322.683040 -0.7555165 0.5930776 -1.1653619 0.0299023 -0.6806773 -0.3695140 0.6318573
1548263322.750100 -0.7496305 0.5881994 -1.1767197 0.0255357 -0.6923363 -0.3721579 0.6176705
1548263322.817150 -0.7509986 0.5604357 -1.1659555 0.0185482 -0.7056425 -0.3658004 0.6065598
1548263323.051330 -0.7460697 0.4952816 -1.1814654 0.0039075 -0.7158857 -0.3243724 0.6182839
1548263323.855630 -0.7190872 0.3304344 -1.2737834 0.0666900 -0.7541673 -0.2173610 0.6160669
1548263324.123730 -0.7128608 0.2698390 -1.2907821 0.0629830 -0.7701379 -0.1860740 0.6068749
1548263324.325220 -0.7105940 0.2185896 -1.3061322 0.0587976 -0.7788383 -0.1802143 0.5978935
1548263324.492810 -0.7225772 0.1943188 -1.3376849 0.0675341 -0.7824751 -0.1669852 0.5960603
1548263324.593350 -0.7194690 0.1579881 -1.3552233 0.0807497 -0.7807040 -0.1579086 0.5992042
1548263324.693910 -0.7072409 0.1128993 -1.3427370 0.0941049 -0.7754700 -0.1487863 0.6063440
1548263324.760940 -0.6906593 0.1017801 -1.3278944 0.1019698 -0.7680286 -0.1409055 0.6163440
1548263324.861450 -0.6971784 0.0946501 -1.3334690 0.1088016 -0.7551945 -0.1319771 0.6327918
1548263324.961870 -0.6936671 0.0809714 -1.3138063 0.1099732 -0.7442046 -0.1259467 0.6466861
1548263325.229910 -0.6952789 0.0866087 -1.2884558 0.1113375 -0.7016747 -0.1335394 0.6909586
1548263325.632710 -0.7176396 0.1674248 -1.2865283 0.1192064 -0.6596735 -0.1474502 0.7272407
1548263328.581750 -0.7773038 0.3642285 -1.1870228 0.0500830 -0.5692338 -0.2513340 0.7812143
1548263329.654040 -0.7404106 0.5591469 -1.0937382 0.0611181 -0.5732859 -0.2721051 0.7704328
1548263330.089750 -0.7590274 0.6247125 -1.0737762 0.0087594 -0.5691915 -0.3285164 0.7536719
1548263330.156750 -0.7586454 0.6345696 -1.0563245 0.0058880 -0.5699396 -0.3357833 0.7499225
1548263330.357830 -0.7622709 0.6639959 -1.0356799 -0.0110756 -0.5489529 -0.3636862 0.7525027
1548263330.391340 -0.7671897 0.6684013 -1.0375754 -0.0143562 -0.5457419 -0.3672245 0.7530643
1548263331.027640 -0.7688874 0.6356977 -0.9988627 -0.0212781 -0.5424697 -0.3359937 0.7696636
1548263331.128190 -0.7558784 0.6360393 -1.0138983 -0.0181680 -0.5364993 -0.3207825 0.7803441
1548263331.195070 -0.7773710 0.6298853 -1.0237535 -0.0208144 -0.5258715 -0.3105564 0.7915685
1548263331.597360 -0.7493462 0.4907627 -1.0330639 -0.0407406 -0.5188265 -0.2571374 0.8142725
1548263333.541070 -0.7363889 0.2430066 -1.0622576 0.0542071 -0.4269142 -0.1312454 0.8930736
1548263333.943320 -0.7013398 0.2738128 -0.9725567 0.0304173 -0.4069806 -0.1352491 0.9028562
1548263334.178420 -0.6888728 0.2885788 -0.9510689 0.0292865 -0.3846941 -0.1390968 0.9120334
1548263334.614050 -0.6365430 0.3495525 -0.8701687 0.0476368 -0.3604057 -0.1306556 0.9223706
1548263335.217410 -0.6369349 0.4277751 -0.8166615 0.0608424 -0.3607325 -0.1319449 0.9212822
1548263336.155640 -0.6074013 0.2069399 -0.8979194 0.1174517 -0.4187475 -0.0872958 0.8962339
1548263336.892780 -0.5864931 0.1327664 -0.9274848 0.1420959 -0.4427946 -0.0771629 0.8819227
1548263337.295320 -0.5879309 0.1576465 -0.8950833 0.1178004 -0.4012402 -0.0813935 0.9047124
1548263338.300520 -0.6065071 0.2306900 -0.8878717 0.0801955 -0.4050070 -0.1269115 0.9019044
1548263338.903250 -0.5924304 0.3653065 -0.8686101 0.0377796 -0.4899284 -0.1937386 0.8491220
1548263339.171760 -0.5794004 0.3687013 -0.7950901 0.0461218 -0.4637031 -0.1957010 0.8628750
1548263340.110180 -0.5466445 0.1413299 -0.7212494 0.0867665 -0.3858081 -0.0969233 0.9133617
1548263340.478640 -0.5827640 0.1138937 -0.6917475 0.0977787 -0.3547918 -0.0796023 0.9264047
1548263341.852800 -0.5800762 0.0643939 -0.6201307 0.0802366 -0.3301181 -0.0819053 0.9369502
1548263342.221480 -0.5513351 0.0602245 -0.5847439 0.0834596 -0.2975790 -0.0650902 0.9488121
1548263342.456100 -0.5285496 0.0658019 -0.5578337 0.0778441 -0.2620835 -0.0588019 0.9601015
1548263343.093320 -0.5143017 0.1216834 -0.4939865 0.0329220 -0.1718025 -0.0480570 0.9834076
1548263344.802640 -0.3821197 -0.0018080 -0.4631169 0.0533001 -0.1192328 -0.0129029 0.9913507
1548263345.874440 -0.2445257 -0.0764932 -0.2368376 0.0317802 -0.1604685 -0.0294752 0.9860888
1548263346.109060 -0.2589899 -0.1482778 -0.2366149 0.0569926 -0.1573016 -0.0180435 0.9857395
1548263346.444560 -0.2083486 -0.2030302 -0.2336488 0.0905150 -0.1647367 0.0147748 0.9820644
1548263346.545200 -0.1579033 -0.1921513 -0.2179769 0.0960580 -0.1657451 0.0181832 0.9813107
1548263346.746170 -0.1120244 -0.1763153 -0.1806989 0.0894004 -0.1403739 0.0205947 0.9858390
1548263346.913730 -0.0955811 -0.1597339 -0.1562767 0.0725734 -0.1122997 0.0209175 0.9907998
1548263347.449680 0.0268757 -0.0621644 -0.0520104 0.0290626 -0.0583199 -0.0018539 0.9978731
1548263347.918800 0.0763402 0.0009938 -0.0328674 0.0186260 0.0139542 0.0131029 0.9996433
1548263348.186860 0.0977341 0.0329120 -0.0167776 -0.0034692 0.0299609 0.0277298 0.9991603
1548263348.454820 0.1060939 0.0709653 -0.0153293 -0.0152834 0.0432205 0.0198871 0.9987507
1548263348.689400 0.1360206 0.0556779 -0.0357445 -0.0026600 0.0591426 0.0401862 0.9974368
1548263348.923980 0.1706223 0.0293248 -0.0701895 0.0128420 0.0761728 0.0623035 0.9950634
1548263349.393600 0.2191891 -0.0005898 -0.1314349 0.0596998 0.1188835 0.0823130 0.9876878
1548263349.694560 0.2276146 -0.0235599 -0.1912495 0.0839443 0.1691531 0.0851380 0.9783109
1548263349.828660 0.2307323 -0.0319334 -0.2203988 0.0867388 0.1870060 0.0858661 0.9747473
1548263350.868290 0.4028958 0.1049769 -0.1967211 0.0209356 0.2155531 0.1220744 0.9686054
1548263351.103010 0.4115662 0.1486399 -0.1849148 0.0106977 0.2143560 0.1065846 0.9708639
1548263351.572070 0.4459201 0.2384461 -0.1726152 -0.0354193 0.2415767 0.1263966 0.9614624
1548263351.739500 0.4503448 0.2712937 -0.1836285 -0.0266561 0.2598135 0.1338722 0.9559627
1548263351.974130 0.4616348 0.2726559 -0.2079725 -0.0244940 0.3008824 0.1408397 0.9428860
1548263352.141710 0.4894089 0.2609255 -0.2396420 -0.0084627 0.3225401 0.1571451 0.9333819
1548263352.409790 0.4908676 0.2048026 -0.2794673 0.0233694 0.3591219 0.1816714 0.9151398
1548263352.543920 0.4753492 0.1635790 -0.2769124 0.0271871 0.3804881 0.1818735 0.9063177
1548263352.677930 0.4767869 0.1606706 -0.3339909 0.0445244 0.3849877 0.1830278 0.9034948
1548263352.812040 0.4720808 0.1225044 -0.3594408 0.0632212 0.3939237 0.1859012 0.8979242
1548263352.946120 0.4804563 0.0860679 -0.3973316 0.0775825 0.4093883 0.1907441 0.8888188
1548263353.046690 0.4892380 0.0571511 -0.4191431 0.0840552 0.4239159 0.1940062 0.8806768
1548263353.147300 0.4947000 0.0497756 -0.4350352 0.0947965 0.4319874 0.1905469 0.8764088
1548263353.247850 0.5138126 0.0428447 -0.4572139 0.1005145 0.4372691 0.1863840 0.8740444
1548263353.549610 0.5743623 0.0822121 -0.4938070 0.0846443 0.4528502 0.1923777 0.8664600
1548263353.918190 0.6592560 0.1850114 -0.5152908 0.0629085 0.4437879 0.2163312 0.8673497
1548263354.219560 0.6945401 0.2639650 -0.5199642 0.0728321 0.4325618 0.2059509 0.8747399
1548263354.856090 0.7505065 0.3790663 -0.5060745 0.0371434 0.4630266 0.2118418 0.8598545
1548263355.090630 0.7650328 0.3519314 -0.4959875 0.0336679 0.4848473 0.2104412 0.8482358
1548263355.258230 0.7680829 0.3104969 -0.5222099 0.0475446 0.5036828 0.1994939 0.8391933
1548263355.425720 0.7733732 0.2416605 -0.5327250 0.0725177 0.5063487 0.1911087 0.8377528
1548263355.727360 0.7915148 0.1633317 -0.6059922 0.0843979 0.4990659 0.2147619 0.8352770
1548263356.900940 0.8173198 0.3251475 -0.7579999 0.0109543 0.4653305 0.2164661 0.8581899
1548263357.570520 0.7744780 0.4555387 -0.7646238 -0.0372733 0.4299612 0.2188390 0.8751306
1548263357.738880 0.7552747 0.4843731 -0.7666304 -0.0492113 0.4270495 0.2235405 0.8747780
1548263357.972870 0.7337332 0.5372620 -0.7649389 -0.0514738 0.4378880 0.2168092 0.8709755
1548263358.241030 0.7191750 0.5892975 -0.7834497 -0.0611668 0.4482738 0.2147442 0.8655600
1548263358.576670 0.7182469 0.6461468 -0.7880767 -0.0722340 0.4315441 0.2271575 0.8700296
1548263358.811210 0.7433359 0.6271977 -0.8092073 -0.0717130 0.4308929 0.2298104 0.8696986
1548263359.581950 0.8521689 0.4839242 -1.0025452 0.0307920 0.4727851 0.2165748 0.8535933
1548263360.117610 0.9335603 0.4466075 -1.0670377 0.0451681 0.4785823 0.2156048 0.8499609
1548263360.420140 1.0023528 0.4250605 -1.0521848 0.0473550 0.4689783 0.2113994 0.8562285
1548263360.621240 1.0585164 0.3866958 -1.0379637 0.0546271 0.4649274 0.2116834 0.8579327
1548263360.922540 1.1176262 0.3951526 -1.0411831 0.0459942 0.4571764 0.2140970 0.8619958
1548263361.927320 1.2270356 0.6444920 -1.0886389 -0.0169436 0.4314646 0.2138160 0.8762614
1548263362.229020 1.2308264 0.7062740 -1.0903174 -0.0332011 0.4078970 0.2228578 0.8847893
1548263362.865820 1.2538248 0.7113016 -1.0556376 -0.0386377 0.4162288 0.2133495 0.8830304
1548263364.307180 1.5506194 0.5717777 -1.1324650 0.0065205 0.4632170 0.2152597 0.8596807
1548263365.748120 1.7705405 0.8647320 -1.1847481 -0.0262527 0.4624885 0.2748900 0.8425264
1548263366.284420 1.8232924 0.8798227 -1.1099395 -0.0485753 0.4585020 0.2489868 0.8517171
1548263366.720540 1.8396431 0.9090888 -1.0881412 -0.0493243 0.4405179 0.2364363 0.8646439
1548263369.870740 2.3052435 0.3483098 -1.5505580 0.0207584 0.3480093 0.2445899 0.9047841
1548263370.071870 2.3015285 0.3073036 -1.5703933 0.0215731 0.3631420 0.2352704 0.9012826
1548263370.239670 2.3044806 0.2641943 -1.5739647 0.0000421 0.3869835 0.2359288 0.8913929
1548263371.077030 2.3595815 0.2444832 -1.5924482 -0.0372690 0.3789311 0.2630755 0.8864612
1548263371.814330 2.4060967 0.3843351 -1.4840181 -0.1031539 0.3565016 0.2812978 0.8849505
1548263372.484410 2.3710213 0.6164830 -1.4725671 -0.0788905 0.3158431 0.3059790 0.8946487
1548263373.020790 2.3308496 0.7464105 -1.4752979 -0.1201168 0.3113092 0.3055842 0.8917829
1548263373.355780 2.3322737 0.8479071 -1.4720722 -0.1493408 0.3398906 0.3240433 0.8701538
1548263373.556520 2.2991014 0.9578980 -1.4965574 -0.1126314 0.3486639 0.3479874 0.8629325
1548263376.171780 2.7942281 0.9091480 -1.9285777 0.0124031 0.0966773 0.1676440 0.9810174
1548263376.373010 2.8446760 0.8487222 -1.9268258 -0.0023433 0.0843736 0.1578087 0.9838557
1548263376.607690 2.8987260 0.8269320 -1.9076475 -0.0106469 0.0510949 0.1613107 0.9855226
1548263376.842420 2.9419038 0.7985530 -1.8966843 0.0085295 0.0370497 0.1577050 0.9867541
1548263377.310860 2.9503014 0.7850563 -1.8329409 0.0292289 0.0181997 0.1243057 0.9916463
1548263377.746550 2.9347167 0.8661740 -1.7864313 0.0129413 -0.0135256 0.0898012 0.9957838
1548263377.981180 2.9420447 0.9442879 -1.7752508 0.0151043 0.0056644 0.0902128 0.9957919
1548263378.752010 3.0260711 0.9096091 -1.7490782 0.0171023 0.0760801 0.1351563 0.9877511
1548263378.919590 3.0375195 0.8936238 -1.7312603 0.0424881 0.0896551 0.1382032 0.9854220
1548263379.288210 3.0654213 0.8124999 -1.6297799 0.0304351 0.1230982 0.1455470 0.9811915
1548263379.590120 3.0777082 0.7484382 -1.5689918 0.0421320 0.1223044 0.1549804 0.9794119
1548263380.059000 3.1135633 0.6487684 -1.4066403 -0.0458944 0.0777777 0.1953822 0.9765604
1548263380.461190 3.0983889 0.5727884 -1.3544481 -0.0553810 0.0628989 0.2249705 0.9707548
1548263382.036900 3.1405513 0.7120767 -1.3806088 -0.0228815 0.1117435 0.2453040 0.9627127
1548263382.204480 3.1498711 0.7628580 -1.3864758 -0.0429409 0.1235662 0.2541178 0.9582857
1548263382.505210 3.1705537 0.8705797 -1.4386400 -0.0531061 0.0876658 0.2415488 0.9649604
1548263382.807150 3.1363020 1.0337085 -1.5012848 0.0013714 0.1159422 0.1869366 0.9755051
1548263382.974810 3.1529784 1.0721399 -1.5091493 -0.0021111 0.1073281 0.1835319 0.9771347
1548263383.309930 3.1382859 1.1729466 -1.5261133 -0.0109150 0.0997158 0.1379317 0.9853489
1548263383.544560 3.1496487 1.2524585 -1.5457267 -0.0455804 0.0808882 0.0810170 0.9923788
1548263383.879910 3.1794837 1.3726655 -1.5931009 -0.0664510 0.0646830 0.0319630 0.9951777
1548263384.013970 3.2092485 1.4059037 -1.6112666 -0.0782355 0.0856549 0.0303365 0.9927850
1548263384.215020 3.2349148 1.4253846 -1.6643203 -0.0648295 0.1446596 0.0726288 0.9846805
1548263384.415480 3.3062150 1.4291824 -1.7204401 -0.0677378 0.1612775 0.1161117 0.9777112
1548263384.851260 3.3105960 1.3974459 -1.7729700 -0.0267540 0.1321753 0.1188481 0.9837119
1548263385.287130 3.2967687 1.2233933 -1.7888931 -0.0445742 0.0634779 0.0928661 0.9926528
1548263385.521550 3.3097515 1.1096780 -1.7878958 -0.0585591 0.0331804 0.0927879 0.9934084
1548263385.689130 3.2880988 1.1301688 -1.7908014 -0.0458576 0.0618238 0.0869800 0.9932318
1548263385.789620 3.2702239 1.1898324 -1.8029791 -0.0306765 0.0829924 0.0866799 0.9922993
1548263385.991000 3.3164065 1.2335941 -1.7672036 -0.0769661 0.0684255 0.1060179 0.9890169
1548263386.158540 3.2635300 1.3228811 -1.7553967 -0.0913008 0.0893747 0.0947069 0.9872725
1548263386.393190 3.2451067 1.4258757 -1.7682425 -0.1085629 0.1037609 0.0966337 0.9839256
1548263386.460230 3.1843452 1.4487609 -1.7811779 -0.1075971 0.1592915 0.1045496 0.9757656
1548263386.527280 3.2076879 1.4474870 -1.7756139 -0.1115742 0.1802627 0.1090188 0.9711701
1548263386.560790 3.1881924 1.4086014 -1.7597387 -0.1261750 0.2194999 0.1090377 0.9612546
1548263386.661340 3.1842930 1.4309794 -1.7913702 -0.0957693 0.2890641 0.1314620 0.9433917
1548263386.728360 3.3271875 1.4370424 -1.8789285 -0.0789131 0.2741476 0.1573539 0.9454393
1548263387.264750 3.3407671 1.2788353 -2.0460131 0.0065768 0.3138282 0.2127565 0.9253125
1548263388.001600 3.2375555 1.0702369 -2.1828306 0.0523862 0.3374456 0.2112284 0.9158432
1548263388.169180 3.2445073 1.0461764 -2.2288947 0.0704278 0.3346170 0.2055404 0.9169648
1548263388.438300 3.2225721 1.0161400 -2.2717230 0.0920077 0.3387074 0.2106630 0.9123777
1548263388.672940 3.2137289 1.0609440 -2.2759922 0.0694708 0.3506629 0.2122186 0.9094903
1548263389.041590 3.1864913 1.1811237 -2.2587490 0.0130653 0.3644361 0.2264967 0.9031693
1548263390.783500 3.1100714 1.5480963 -2.3073575 -0.0761993 0.4953025 0.2485940 0.8288969
1548263392.727480 3.0532002 1.1059163 -1.7496481 -0.0110496 0.5367684 0.2685274 0.7997816
1548263393.565550 3.0486500 1.2388546 -1.6623437 -0.0877710 0.5978007 0.2617171 0.7526186
1548263393.933590 3.0281398 1.2914585 -1.6295844 -0.0922029 0.6042746 0.2633090 0.7463372
1548263394.738250 2.9663067 1.4199142 -1.5283105 -0.1101943 0.5500867 0.2470182 0.7900910
1548263395.408420 2.9740517 1.3029557 -1.5293572 -0.0925436 0.5718811 0.2461549 0.7770427
1548263395.945120 3.0513074 1.1637321 -1.4875131 -0.0495824 0.6043681 0.2914976 0.7398040
1548263396.213200 3.1285934 1.1284841 -1.3979747 -0.0419120 0.6140266 0.2984680 0.7294735
1548263396.515080 3.2016070 1.1432269 -1.2905675 -0.0529044 0.6176964 0.2865540 0.7304376
1548263396.783260 3.2323334 1.1973494 -1.1892703 -0.0899983 0.6085370 0.2701935 0.7406608
1548263397.152120 3.2316010 1.2698990 -1.1114547 -0.1147778 0.6061611 0.2508630 0.7459642
1548263397.353220 3.2155275 1.3098741 -1.0993000 -0.1163975 0.6085926 0.2480534 0.7446718
1548263397.553800 3.2098343 1.3474406 -1.1004196 -0.1330122 0.6243145 0.2674951 0.7217932
1548263397.788290 3.2223198 1.3557118 -1.1706399 -0.1063639 0.6385704 0.3087098 0.6968593
1548263397.989280 3.2273681 1.3376119 -1.2734543 -0.0575703 0.6471341 0.3307823 0.6844606
1548263398.190040 3.2327917 1.3107400 -1.3722649 -0.0305779 0.6574177 0.3242243 0.6795186
1548263398.424560 3.2415378 1.2914610 -1.4814070 0.0037059 0.6698212 0.3293631 0.6654665
1548263398.625650 3.2408626 1.2710891 -1.5813686 0.0186533 0.6752172 0.3286531 0.6600916
1548263398.927660 3.2357607 1.2582965 -1.6963886 0.0219579 0.6783005 0.3289038 0.6566952
1548263399.161890 3.2433202 1.2733712 -1.7521604 -0.0001149 0.6510850 0.3261916 0.6853374
1548263399.463430 3.2438617 1.3576626 -1.8047717 -0.0257478 0.6286945 0.2971431 0.7181826
1548263399.697820 3.2247713 1.4368266 -1.8213969 -0.0379050 0.6315505 0.2666216 0.7270626
1548263399.965850 3.1989124 1.5075488 -1.8563321 -0.0405439 0.6334351 0.2653330 0.7257510
1548263400.268250 3.1516762 1.5723339 -1.9157051 -0.0488230 0.6413689 0.2611423 0.7197687
1548263400.536410 3.1120415 1.6293265 -1.9423579 -0.0666762 0.6426560 0.2641860 0.7160680
1548263401.005170 3.0851805 1.7596413 -1.9370161 -0.0889289 0.6465296 0.2414290 0.7181944
1548263401.776340 3.0928512 1.8023096 -2.0970311 -0.0576474 0.6241507 0.2643606 0.7329571
1548263401.977210 3.0915902 1.7698778 -2.1745422 -0.0342427 0.6086884 0.2610405 0.7484543
1548263402.178320 3.0574641 1.7662963 -2.2277505 -0.0181848 0.5907182 0.2445288 0.7687178
1548263402.412970 3.0363789 1.7620379 -2.2731316 -0.0593280 0.5734383 0.2613651 0.7741686
1548263402.647660 3.0142074 1.7955860 -2.2921374 -0.0929930 0.5568056 0.2886979 0.7732874
1548263402.849010 2.9833250 1.8168344 -2.2881796 -0.1182917 0.5386499 0.2910694 0.7817557
1548263403.050160 2.9623170 1.8510857 -2.2652795 -0.1287942 0.5365226 0.2876951 0.7828072
1548263403.385400 2.9219358 1.8981109 -2.2366555 -0.1192638 0.5529774 0.2712450 0.7787287
1548263404.156360 2.8342636 1.7717917 -2.4293163 -0.0806158 0.5640223 0.3025184 0.7641090
1548263404.323900 2.8433909 1.7068599 -2.4921279 -0.0626629 0.5802746 0.2946783 0.7566501
1548263404.659160 2.8574643 1.6051500 -2.5832932 -0.0435628 0.5949303 0.2807007 0.7519091
1548263405.027500 2.8923943 1.5213388 -2.6372278 -0.0493749 0.5367900 0.2870307 0.7918535
1548263405.563650 2.9763691 1.4555949 -2.7881627 -0.0474980 0.4795510 0.2692645 0.8338293
1548263405.998990 3.0596886 1.4091549 -2.8913903 -0.0529168 0.4355089 0.2993650 0.8472971
1548263406.367280 3.1140449 1.3697720 -2.9179993 -0.0699513 0.4164633 0.3132580 0.8506083
1548263406.467830 3.1158087 1.3650061 -2.9262681 -0.0651624 0.4194113 0.3165740 0.8483094
1548263406.903790 3.1491516 1.4139599 -2.9361670 -0.0750672 0.4234316 0.3550421 0.8300697
1548263407.809000 3.2440610 1.5374920 -3.0815296 -0.0686999 0.4138515 0.3599233 0.8333442
1548263408.211640 3.2551584 1.5348474 -3.1288793 -0.0693068 0.4096073 0.3570297 0.8366291
1548263408.881360 3.2307036 1.4875249 -3.1326296 -0.0461196 0.3953191 0.3269335 0.8571524
1548263410.288710 3.2735419 1.8968488 -3.2447712 -0.0634283 0.4026168 0.2742009 0.8710284
1548263410.591130 3.3208632 1.9954414 -3.2301264 -0.0631520 0.3906456 0.2895034 0.8715478
1548263410.858700 3.3935585 2.0712342 -3.2324843 -0.0742880 0.3594449 0.2740233 0.8889274
1548263411.126680 3.4284790 2.1107061 -3.1918931 -0.1066822 0.3585648 0.2253865 0.8995839
1548263411.495340 3.5124900 2.0724206 -3.1920862 -0.0946729 0.3284924 0.2301102 0.9111416
1548263411.763020 3.5656211 2.0335772 -3.2216892 -0.0796569 0.3360345 0.2367908 0.9081111
1548263411.997810 3.6123896 1.9910254 -3.2536175 -0.0489043 0.3223896 0.2199667 0.9193954
1548263412.467310 3.7086389 2.0076659 -3.3218129 -0.0194228 0.2873189 0.2238401 0.9311102
1548263413.003520 3.7355914 2.0803006 -3.3327422 -0.0208274 0.2674842 0.2143297 0.9391918
1548263413.808190 3.6843638 2.0055017 -3.4248765 0.0137453 0.2805435 0.2064161 0.9372827
1548263414.244010 3.7170939 2.0035436 -3.4550970 -0.0051702 0.3154826 0.2050126 0.9265062
1548263416.254950 3.9478185 1.8945963 -3.4084024 -0.0243784 0.2329926 0.2249693 0.9457848
1548263416.958400 3.9447401 1.9359932 -3.3511825 -0.0402765 0.1780292 0.2327579 0.9552524
1548263417.327210 3.9222553 1.9027271 -3.3380544 -0.0406161 0.1925401 0.2184501 0.9558024
1548263417.662110 3.9363363 1.7900003 -3.3602889 -0.0113087 0.2446578 0.2435522 0.9384546
1548263417.963750 3.9446692 1.6864543 -3.3708804 0.0042949 0.2700380 0.2578570 0.9276696
1548263418.902080 3.9665849 1.4620405 -3.3768408 -0.0020402 0.2675957 0.3108348 0.9120143
1548263419.405420 3.9543276 1.3770365 -3.3415773 -0.0071369 0.2614444 0.3156904 0.9121050
1548263419.908290 3.8965354 1.3995771 -3.2988319 0.0105021 0.2787538 0.2984852 0.9127390
1548263420.142710 3.8637159 1.4343632 -3.2893329 0.0331274 0.3020137 0.2639151 0.9154448
1548263420.410620 3.8447146 1.4949592 -3.2148216 0.0442489 0.3352757 0.2378227 0.9105342
1548263421.248350 3.9375384 1.3846840 -2.9877732 -0.0005313 0.2942452 0.2564077 0.9206924
1548263421.616970 4.0087404 1.3397245 -2.9305036 -0.0250551 0.2892577 0.2887806 0.9123092
1548263421.952100 4.0783577 1.3100313 -2.8751528 -0.0458338 0.2957593 0.3036935 0.9045419
1548263422.253820 4.1247778 1.2835083 -2.8370063 -0.0562208 0.3035487 0.3184972 0.8962461
1548263422.789790 4.1610432 1.2587279 -2.7702880 -0.0762953 0.3116450 0.3375547 0.8849369
1548263423.091490 4.1744285 1.2453990 -2.7401190 -0.0791933 0.3393113 0.3364441 0.8748724
1548263423.661620 4.1499014 1.3051689 -2.7199519 -0.0596085 0.3597416 0.3245895 0.8727397
1548263423.963250 4.1286883 1.3565542 -2.7316101 -0.0463966 0.3519695 0.3058422 0.8834169
1548263424.163740 4.1074295 1.3999271 -2.7615051 -0.0224849 0.3428599 0.2864165 0.8943753
1548263424.398300 4.0817370 1.4660614 -2.7953358 -0.0080407 0.3385611 0.2676880 0.9020282
1548263424.632990 4.0542459 1.5401032 -2.8019793 -0.0125111 0.3352538 0.2507742 0.9080532
1548263424.867990 4.0362725 1.6158975 -2.8075321 -0.0292939 0.3305361 0.2447771 0.9110279
1548263425.136120 4.0285001 1.7021939 -2.8521593 -0.0423402 0.3605888 0.2495050 0.8977361
1548263425.437770 3.9776144 1.7810756 -2.9318266 -0.0348422 0.4193673 0.2424277 0.8741544
1548263426.007380 3.9169931 1.9045376 -3.0663259 -0.0533440 0.5138218 0.2698191 0.8126125
1548263426.308830 3.8834195 1.9475262 -3.1016819 -0.0562365 0.5583596 0.2668792 0.7834842
1548263427.348220 3.9693713 1.6876127 -3.2976258 0.0498013 0.5476421 0.2808539 0.7865934
1548263427.716920 3.9124818 1.6688204 -3.3673408 0.0844843 0.5771427 0.2737488 0.7647420
1548263427.850970 3.9010448 1.6894904 -3.4107857 0.0863327 0.5944294 0.2856396 0.7467331
1548263427.984870 3.8826566 1.6701846 -3.3950961 0.0613051 0.6297449 0.2954568 0.7157991
1548263428.185560 3.8490202 1.7098907 -3.3896024 0.0268364 0.6488250 0.3093121 0.6947172
1548263428.520850 3.8180192 1.8271254 -3.3894856 -0.0303551 0.6581776 0.3168200 0.6822799
1548263428.755220 3.7845271 1.8697208 -3.3669207 -0.0589156 0.6756626 0.2998675 0.6708863
1548263428.956260 3.7575021 1.9133787 -3.3414724 -0.0880177 0.6742791 0.2913174 0.6728557
1548263429.157760 3.7325056 1.9748986 -3.3275650 -0.1139117 0.6616374 0.2998336 0.6777610
1548263429.358850 3.7189655 2.0280106 -3.3296332 -0.1389500 0.6510804 0.3262564 0.6710768
1548263429.593160 3.7170231 2.0744884 -3.3365200 -0.1631934 0.6449594 0.3657063 0.6508873
1548263429.794560 3.7023549 2.1033614 -3.3421707 -0.1665341 0.6471407 0.3686350 0.6462070
1548263429.995740 3.6760936 2.0957055 -3.3667262 -0.1381615 0.6559741 0.3526479 0.6528773
1548263430.129740 3.6660073 2.0787446 -3.4047470 -0.1135931 0.6702687 0.3551428 0.6416464
1548263430.665710 3.6616991 2.0143046 -3.4974437 -0.0888437 0.7234117 0.3554883 0.5851585
1548263431.302860 3.6649911 1.9374868 -3.5931687 -0.0698430 0.7206399 0.3565723 0.5904713
1548263431.939720 3.6417482 1.9160961 -3.6792200 -0.0545372 0.7351695 0.3696172 0.5656276
1548263432.643630 3.6038103 2.0493088 -3.6365581 -0.0805038 0.7461266 0.4095584 0.5187256
1548263433.246560 3.5593839 2.1303101 -3.5626757 -0.1331351 0.7327889 0.4108812 0.5258062
1548263435.057240 3.4833848 1.7954149 -3.7617629 0.0632527 0.7868548 0.3317667 0.5165166
1548263435.491900 3.4461842 1.8310434 -3.7422178 0.0753280 0.8106064 0.3115438 0.4900852
1548263435.659420 3.4546008 1.8831971 -3.7262404 0.0421681 0.8144104 0.3359288 0.4712848
1548263436.531470 3.4448071 2.0486817 -3.7053571 -0.0857241 0.8128986 0.4034818 0.4111565
1548263436.765660 3.4510362 2.0907502 -3.6919186 -0.1074165 0.8062686 0.4265072 0.3955809
1548263437.167880 3.4406779 2.1702600 -3.6540282 -0.1359889 0.7890279 0.4471700 0.3987242
1548263439.648110 3.3133616 2.1805253 -3.8185210 -0.0907249 0.8593262 0.4468262 0.2316761
1548263440.016470 3.2200720 2.2468576 -3.8354027 -0.1027057 0.8539984 0.4472662 0.2451351
1548263440.418840 3.1878471 2.2437651 -3.9097881 -0.0716315 0.8542705 0.4752523 0.1980558
1548263441.692330 3.2355597 1.9625695 -4.0705309 0.0305465 0.8682334 0.4105439 0.2769322
1548263441.826360 3.2241182 1.9502101 -4.0738845 0.0258504 0.8809834 0.4008754 0.2499979
1548263443.200560 3.1476159 2.1892471 -3.9885068 -0.0705218 0.8913887 0.4344756 0.1080924
1548263443.602740 3.0654540 2.2308261 -4.0709906 -0.0561787 0.8954045 0.4329418 0.0874992
1548263444.072290 2.9420052 2.3083262 -4.1945667 -0.0647079 0.8863080 0.4290459 0.1618353
1548263444.239870 2.9198844 2.3433015 -4.2205262 -0.0773896 0.8830085 0.4244928 0.1846965
1548263444.340420 2.9099617 2.3684680 -4.2192812 -0.0792939 0.8788479 0.4265318 0.1985183
1548263444.507720 2.9004269 2.4048991 -4.2246494 -0.0772904 0.8700763 0.4395022 0.2093591
1548263444.808990 2.8844676 2.4041600 -4.2471805 -0.0688018 0.8644040 0.4424874 0.2286414
1548263445.479490 2.9607117 2.1929984 -4.3239427 -0.0243666 0.8841506 0.3870976 0.2604600
1548263445.580140 2.9723926 2.1516263 -4.3239946 0.0013286 0.8820342 0.3853774 0.2711055
1548263445.680710 2.9936116 2.0766175 -4.3184919 0.0156774 0.8743189 0.3922543 0.2854072
1548263445.881790 3.0294299 2.0093920 -4.3224955 0.0293896 0.8587039 0.3885043 0.3329087
1548263446.049350 3.0418687 1.9773235 -4.3291693 0.0126721 0.8556075 0.3673855 0.3644216
1548263446.216830 3.0673618 1.9366034 -4.2771163 -0.0038303 0.8640193 0.3510403 0.3608694
1548263446.484900 3.0730197 1.9613800 -4.2187719 -0.0020591 0.8460210 0.3652014 0.3884228
1548263447.255850 3.0898910 2.1225140 -4.0394216 -0.0273067 0.8522311 0.3769557 0.3617470
1548263447.389810 3.0869877 2.1274505 -4.0278831 -0.0496871 0.8466168 0.3875343 0.3613701
1548263447.557690 3.1016757 2.1957872 -4.0199761 -0.0736045 0.8499795 0.3970801 0.3382967
1548263447.691390 3.0893729 2.2352798 -4.0352669 -0.0894829 0.8640066 0.3958260 0.2980053
1548263447.825450 3.0840201 2.2437413 -4.0551753 -0.1077744 0.8862550 0.3916239 0.2226376
1548263447.959730 3.0484822 2.3014624 -4.0551009 -0.1148459 0.9032652 0.3805634 0.1615362
1548263448.495650 3.0042324 2.3913529 -4.0381823 -0.1541443 0.9068301 0.3912207 0.0290696
1548263448.596190 3.0114839 2.4056847 -4.0314493 -0.1651561 0.9004157 0.4024449 0.0036341
1548263448.730390 2.9701893 2.4254293 -4.0623713 -0.1604044 0.8919402 0.4218059 -0.0281597
1548263448.830930 2.9464822 2.4140451 -4.1037707 -0.1374344 0.8902410 0.4316486 -0.0475636
1548263448.931240 2.9406669 2.3954482 -4.1047521 -0.1180751 0.8959851 0.4206147 -0.0797008
1548263449.300230 2.9638536 2.1898320 -4.2067218 -0.0460681 0.9140306 0.3948579 -0.0807035
1548263450.573950 3.0531540 1.8847163 -4.3313642 -0.0094253 0.9173139 0.3921263 -0.0684342
1548263450.707960 3.0481534 1.8974953 -4.3340683 -0.0159829 0.9154346 0.3950986 -0.0749745
1548263451.009170 3.0269542 1.8947979 -4.3582058 -0.0453760 0.9129771 0.3907856 -0.1081684
1548263451.109420 3.0294812 1.8497466 -4.3776512 -0.0480955 0.9142264 0.3856868 -0.1145540
1548263451.277000 3.0332608 1.7734324 -4.4153209 -0.0437574 0.9170585 0.3808739 -0.1096548
1548263451.545250 3.0601904 1.6974965 -4.4234481 -0.0353107 0.9280947 0.3644159 -0.0677829
1548263451.679310 3.0578835 1.6573386 -4.4827271 -0.0182715 0.9175746 0.3928902 -0.0579688
1548263452.014870 3.0551212 1.6605883 -4.5752296 -0.0043022 0.8967378 0.4423577 -0.0127427
1548263452.148810 3.0756574 1.6524277 -4.5668182 -0.0167792 0.9039031 0.4274063 0.0012351
1548263452.819070 3.1307704 1.4928194 -4.5482392 -0.0210819 0.9352223 0.3534211 0.0028803
1548263454.193200 3.2414052 1.3745632 -4.5396485 -0.0398503 0.9364269 0.3485906 0.0010692
1548263454.394340 3.2214394 1.3848388 -4.5446258 -0.0440359 0.9345074 0.3514475 -0.0352340
1548263454.561980 3.2080953 1.3973219 -4.5347862 -0.0501574 0.9327135 0.3482708 -0.0789756
1548263454.863720 3.1242266 1.3905516 -4.5516715 -0.0125864 0.9301338 0.3451906 -0.1246439
1548263455.165310 3.1312613 1.4076368 -4.5079584 -0.0533505 0.9333062 0.3169200 -0.1601714
1548263455.835120 3.1123323 1.3556945 -4.5054631 -0.0716936 0.9305413 0.2684361 -0.2385266
1548263456.572730 3.0430472 1.3543972 -4.5892982 -0.0563841 0.9151932 0.3278840 -0.2274518
1548263456.740340 3.0350606 1.3392937 -4.5794735 -0.0555922 0.9097138 0.3119439 -0.2683678
1548263456.840850 3.0300412 1.3302779 -4.5619192 -0.0558140 0.9114543 0.2937114 -0.2826119
1548263457.712910 2.9814842 1.3969662 -4.5210962 -0.0597629 0.9233671 0.3186584 -0.2056173
1548263458.316290 2.8977749 1.4090033 -4.4907565 -0.0497631 0.9187364 0.3280045 -0.2141497
1548263458.985920 2.7833996 1.4158034 -4.5213346 0.0151311 0.9297355 0.3609280 -0.0713725
1548263459.253930 2.7542777 1.4241135 -4.5117002 0.0063046 0.9258774 0.3727323 -0.0614978
1548263459.421490 2.7291961 1.4249367 -4.4661407 0.0000312 0.9304692 0.3577014 -0.0792264
1548263459.857300 2.6516001 1.3807973 -4.4472136 -0.0286448 0.9271464 0.3523196 -0.1242977
1548263460.326650 2.5168273 1.3578233 -4.4624019 -0.0291600 0.9283530 0.3593703 -0.0903517
1548263460.493880 2.4760287 1.3415908 -4.4478450 -0.0351693 0.9268466 0.3597894 -0.1013418
1548263460.694780 2.3972332 1.3261307 -4.4306951 -0.0160830 0.9243609 0.3641568 -0.1126409
1548263460.895860 2.3348181 1.3185102 -4.4295187 -0.0108310 0.9170891 0.3732262 -0.1397587
1548263461.398790 2.1991911 1.3139585 -4.4475050 0.0045451 0.9034228 0.4020410 -0.1488947
1548263462.035580 2.1070027 1.3899914 -4.3955350 -0.0047296 0.8998957 0.4127090 -0.1408427
1548263462.203180 2.1086035 1.4224252 -4.3827238 -0.0188651 0.8961573 0.4183991 -0.1465890
1548263462.438340 2.1173904 1.4703075 -4.3418956 -0.0301334 0.8960251 0.4150733 -0.1547421
1548263462.638770 2.1131852 1.5032669 -4.2835603 -0.0345376 0.8980337 0.4068453 -0.1637664
1548263462.839730 2.1258163 1.5477800 -4.2555661 -0.0421018 0.8883369 0.4254212 -0.1676360
1548263463.007460 2.1409078 1.5999799 -4.2453985 -0.0459899 0.8767545 0.4450144 -0.1764898
1548263463.175040 2.1627641 1.6600094 -4.2337327 -0.0432141 0.8633131 0.4683446 -0.1829658
1548263463.544190 2.2003732 1.7921391 -4.2111945 -0.0599458 0.8342824 0.4990560 -0.2265446
1548263464.381890 2.1738153 1.8504407 -4.0215168 -0.0407924 0.8699468 0.4346416 -0.2293801
1548263465.588930 2.2720859 1.9784770 -3.9485648 -0.0455479 0.8702427 0.4520954 -0.1902962
1548263466.258570 2.2776148 2.0780253 -3.9302008 -0.0661558 0.8560355 0.4504460 -0.2447961
1548263466.526910 2.2854507 2.0423765 -3.9258916 -0.1039131 0.8726602 0.3870339 -0.2790538
1548263467.364470 2.2621195 1.7389843 -4.0262518 -0.0746825 0.9281960 0.2673948 -0.2477393
1548263467.599050 2.2620256 1.6653693 -4.0616703 -0.0690634 0.9340957 0.2562393 -0.2388240
1548263467.900930 2.2556858 1.5597997 -4.0999546 -0.0356564 0.9396346 0.2507664 -0.2300686
1548263468.202580 2.2685504 1.4898901 -4.1233091 -0.0502374 0.9395431 0.2294578 -0.2491667
1548263468.370200 2.2757006 1.4549989 -4.1227956 -0.0628486 0.9354366 0.1973206 -0.2864837
1548263468.638300 2.2473073 1.3811649 -4.1594768 -0.0699011 0.9119185 0.1729279 -0.3655331
1548263469.274500 2.1827466 1.4842563 -4.1064906 -0.0903814 0.8903214 0.2321024 -0.3811659
1548263469.676870 2.1744535 1.5898011 -4.0459900 -0.0941043 0.8729177 0.2711866 -0.3944830
1548263469.710360 2.1851933 1.6197046 -4.0036135 -0.1003420 0.8746782 0.2645647 -0.3935417
1548263470.280000 2.1725314 1.7148440 -3.9950440 -0.0978902 0.8192328 0.2915343 -0.4840279
1548263470.380600 2.1700845 1.7255197 -3.9807105 -0.0997932 0.8133578 0.2870859 -0.4960566
1548263470.984190 2.1182165 1.7954879 -3.9176040 0.0918153 -0.7962100 -0.3053293 0.5141922
1548263471.353440 2.1085413 1.8557993 -3.8792436 0.1002990 -0.7948590 -0.3242936 0.5029642
1548263471.587100 2.0977433 1.8773322 -3.8358018 0.0947503 -0.7767720 -0.3365363 0.5238234
1548263471.888860 2.0870304 1.9270574 -3.7963536 0.0988993 -0.7534692 -0.3466768 0.5498348
1548263472.224450 2.1065729 1.9938844 -3.7476742 0.0970896 -0.7433645 -0.3536586 0.5593821
1548263472.559620 2.1524801 2.0795491 -3.7276585 0.1317992 -0.7369253 -0.3764108 0.5457884
1548263472.894480 2.2108588 2.1527696 -3.6752067 0.1368586 -0.7417985 -0.3824278 0.5336233
1548263473.799510 2.1239543 2.1121156 -3.6450157 0.1113141 -0.6928784 -0.3982946 0.5906692
1548263474.168190 2.1428299 2.0860019 -3.6318362 0.1252318 -0.6857733 -0.3672478 0.6157606
1548263474.536910 2.1307480 2.0470462 -3.5944455 0.1324414 -0.6570361 -0.3259653 0.6667155
1548263474.804970 2.1163595 1.9934502 -3.5841649 0.1317349 -0.6839489 -0.3219265 0.6412669
1548263475.441360 2.0341477 1.7708998 -3.5023232 0.1071062 -0.7645131 -0.3320185 0.5420440
1548263476.010920 2.0367649 1.6251283 -3.4522264 -0.1025580 0.8134899 0.3216417 -0.4735639
1548263476.715280 2.0154047 1.6208521 -3.2899024 -0.0862823 0.8077097 0.3843586 -0.4386671
1548263477.050760 1.9512581 1.7061266 -3.2210813 -0.0698955 0.8003758 0.4346364 -0.4069451
1548263477.888660 1.8778058 1.6111310 -3.2078273 -0.0664585 0.8331292 0.3949318 -0.3814549
1548263478.994360 1.5739408 1.3559394 -3.1379125 -0.0546100 0.8886648 0.3672116 -0.2691623
1548263479.664800 1.4375980 1.4397550 -3.0963609 -0.0536868 0.8741233 0.4114777 -0.2524128
1548263480.033740 1.3801415 1.5462064 -3.0597308 -0.0670086 0.8720115 0.4375557 -0.2089279
1548263480.435910 1.3345854 1.6221679 -2.9289572 -0.0890098 0.8781862 0.4403279 -0.1642485
1548263480.972300 1.3092834 1.6186129 -2.8935673 -0.0859992 0.8622041 0.4623133 -0.1883468
1548263481.005480 1.3226628 1.6047244 -2.8961053 -0.0907224 0.8627173 0.4555104 -0.1999967
1548263481.105980 1.3280776 1.5888882 -2.8992255 -0.0942828 0.8694664 0.4189819 -0.2441173
1548263481.139490 1.3311970 1.5890050 -2.9003894 -0.0963461 0.8710255 0.4035467 -0.2630249
1548263481.173000 1.3347307 1.5753369 -2.9057298 -0.0985530 0.8712898 0.3922999 -0.2779246
1548263481.206520 1.3542923 1.5749931 -2.9127755 -0.1116037 0.8666720 0.3769423 -0.3071461
1548263481.239750 1.3643305 1.5695202 -2.9171894 -0.1156690 0.8624854 0.3586834 -0.3377659
1548263481.273250 1.3244776 1.5070295 -2.9414659 -0.1009300 0.8605387 0.3613148 -0.3445837
1548263481.306760 1.3643529 1.5458615 -2.9415853 -0.1197176 0.8570719 0.3400788 -0.3680243
1548263481.373780 1.3148139 1.4586315 -2.9607882 -0.1075441 0.8455526 0.3303021 -0.4054326
1548263481.440800 1.2796495 1.3971531 -2.9551377 -0.1003901 0.8359371 0.3151055 -0.4379949
1548263481.675820 1.2692782 1.3245258 -2.9287353 -0.0820648 0.8384274 0.2718618 -0.4651839
1548263482.010910 1.2601404 1.3564607 -2.9197414 -0.0933217 0.8240173 0.3154127 -0.4613039
1548263482.178510 1.2612011 1.4526793 -2.8967402 -0.0950641 0.8070818 0.3239428 -0.4843996
1548263482.245530 1.2578727 1.4543549 -2.8808515 -0.0934102 0.8003473 0.3476006 -0.4794712
1548263482.279040 1.2507106 1.4786768 -2.8742917 -0.0913536 0.7901579 0.3528840 -0.4927250
1548263482.312570 1.2450703 1.5009223 -2.8486116 -0.0841386 0.7927180 0.3536366 -0.4893465
1548263482.346090 1.2414172 1.5164186 -2.8633397 -0.0851723 0.7865935 0.3714050 -0.4858752
1548263482.379620 1.2327780 1.5406342 -2.8600335 -0.0858846 0.7775677 0.3826230 -0.4915404
1548263482.413130 1.2365316 1.5682178 -2.8298898 -0.0815324 0.7786213 0.3830311 -0.4902943
1548263482.446650 1.2242156 1.5695345 -2.8464251 -0.0816931 0.7715555 0.4057831 -0.4830823
1548263482.480160 1.2173785 1.5836087 -2.8389666 -0.0777877 0.7683218 0.4128312 -0.4829090
1548263482.915340 1.2299328 1.6814152 -2.8421695 -0.0983979 0.7524299 0.4670796 -0.4538763
1548263483.049580 1.2282760 1.6168402 -2.8675194 -0.0961557 0.7603514 0.4276310 -0.4793242
1548263483.116610 1.2137933 1.5713084 -2.8892226 0.0956068 -0.7601402 -0.4025788 0.5009756
1548263483.686410 1.1998218 1.3231574 -2.9750483 0.0874027 -0.7912974 -0.3390708 0.5012386
1548263483.887510 1.2014472 1.2668221 -2.9798002 -0.0681122 0.8182263 0.3616334 -0.4416874
1548263484.256200 1.1525854 1.2200350 -2.9758143 -0.0871587 0.8383201 0.3578934 -0.4019141
1548263484.624880 1.0746448 1.2995616 -2.8514638 -0.0733083 0.8226736 0.3604902 -0.4334522
1548263485.429100 0.9423155 1.4150800 -2.5875196 -0.0895604 0.8368836 0.4072604 -0.3546036
1548263485.831280 0.8818441 1.3844795 -2.5403018 -0.0643413 0.8336949 0.4002250 -0.3750105
1548263486.166450 0.8559882 1.4300948 -2.5212440 -0.0850473 0.8246213 0.4398386 -0.3454109
1548263486.535600 0.8216320 1.3836420 -2.5287592 -0.0801535 0.8285584 0.4573234 -0.3129246
1548263486.602660 0.8051946 1.3473151 -2.5258501 -0.0722056 0.8361676 0.4476393 -0.3085921
1548263486.636180 0.8020427 1.3204662 -2.5109785 -0.0641883 0.8460770 0.4403601 -0.2934560
1548263486.669660 0.8030308 1.3160222 -2.5148714 -0.0721434 0.8517061 0.4356354 -0.2821591
1548263486.703070 0.8126009 1.2852246 -2.5249648 -0.0782894 0.8507590 0.4317707 -0.2892302
1548263486.770080 0.8070621 1.2389797 -2.5275080 -0.0861327 0.8562494 0.4256342 -0.2797387
1548263486.837140 0.7871999 1.1919471 -2.5446796 -0.0937819 0.8560616 0.4220961 -0.2831930
1548263486.870630 0.7884426 1.1758553 -2.5389283 -0.0979221 0.8608787 0.4191497 -0.2713165
1548263486.970770 0.7958860 1.1130286 -2.5549564 -0.0953404 0.8660977 0.4192297 -0.2550127
1548263487.138300 0.7576570 1.0673267 -2.5512402 -0.0890485 0.8786097 0.4079421 -0.2317297
1548263487.574420 0.6326368 0.9513084 -2.5966907 -0.0374655 0.8955982 0.4017111 -0.1874254
1548263488.077160 0.5001217 1.0089788 -2.5601935 -0.0647251 0.8909423 0.4186529 -0.1635916
1548263488.412290 0.4027838 1.0832115 -2.5018554 -0.0526644 0.8939018 0.4328715 -0.1038671
1548263489.015260 0.3054555 1.1639897 -2.3737755 -0.0700336 0.8791938 0.4631697 -0.0871053
1548263489.317030 0.2551747 1.2407053 -2.3055229 -0.0706467 0.8627430 0.4927068 -0.0890146
1548263489.350540 0.2548013 1.2512268 -2.2977285 -0.0745999 0.8596528 0.4968342 -0.0926706
1548263489.551930 0.2267397 1.2894450 -2.2802646 -0.0880873 0.8340882 0.5375341 -0.0871469
1548263489.852820 0.2018622 1.2576778 -2.3111279 -0.1006328 0.8467841 0.5144788 -0.0902291
1548263489.886280 0.1935610 1.2473752 -2.3292410 -0.0955439 0.8498923 0.5107107 -0.0879156
1548263489.919760 0.1950465 1.2382611 -2.3133800 -0.0977122 0.8569890 0.4980414 -0.0893131
1548263489.953270 0.1898153 1.2213286 -2.3211274 -0.1026774 0.8591565 0.4905089 -0.1034819
1548263489.986790 0.1583390 1.2270886 -2.3155522 -0.0875316 0.8679655 0.4783502 -0.1007733
1548263490.020310 0.1550851 1.2036092 -2.3381572 -0.0941042 0.8678651 0.4783856 -0.0954035
1548263490.053820 0.1711474 1.1992980 -2.3477459 -0.1002521 0.8689058 0.4692226 -0.1215830
1548263490.087180 0.1389076 1.1897281 -2.3436315 -0.0830885 0.8742477 0.4643555 -0.1147219
1548263490.154120 0.1374593 1.1681350 -2.3647642 -0.0893969 0.8754324 0.4601322 -0.1179184
1548263491.528640 -0.0416538 1.0076997 -2.5858209 -0.0735852 0.8815812 0.4661985 0.0076644
1548263491.729990 -0.0599144 1.0502043 -2.5852449 -0.0670058 0.8768457 0.4759415 0.0114713
1548263491.830590 -0.0654206 1.0698488 -2.5859129 -0.0609905 0.8662540 0.4955544 0.0176074
1548263492.165720 -0.1428417 1.1834718 -2.5542402 -0.0481925 0.8536595 0.5151578 0.0596272
1548263492.232480 -0.1685822 1.2269378 -2.5221865 -0.0638265 0.8598186 0.5018257 0.0693480
1548263492.467070 -0.1828196 1.2748617 -2.4774323 -0.0826002 0.8416796 0.5294720 0.0664237
1548263492.735390 -0.2048983 1.3563666 -2.4306400 -0.0792188 0.8185402 0.5651134 0.0660546
1548263493.003450 -0.2024757 1.3658177 -2.4156914 -0.0897766 0.8147485 0.5702194 0.0545429
1548263493.036960 -0.1955243 1.3389583 -2.4007974 -0.1072833 0.8194586 0.5620806 0.0322986
1548263493.070480 -0.1859775 1.3625816 -2.4079077 -0.1145025 0.8267173 0.5508413 -0.0012255
1548263493.204470 -0.1622626 1.3218530 -2.4151719 -0.1575414 0.8460999 0.5010888 -0.0905853
1548263493.405530 -0.1786506 1.2921276 -2.3894992 -0.1442624 0.8627375 0.4547193 -0.1676384
1548263493.673660 -0.1744240 1.2607911 -2.3780825 -0.1157219 0.8566245 0.4666390 -0.1872190
1548263493.908350 -0.1654493 1.2371737 -2.3772686 -0.0996306 0.8630066 0.4501258 -0.2065917
1548263494.846710 -0.0427594 1.0929241 -2.3339801 -0.1101187 0.8519270 0.3905995 -0.3309476
1548263495.148280 -0.0303073 1.1115195 -2.2811739 -0.1264781 0.8392023 0.4107749 -0.3331769
1548263495.349550 -0.0307068 1.1350633 -2.2553966 -0.1328568 0.8306701 0.4333284 -0.3233616
1548263495.449800 -0.0363948 1.1501008 -2.2355065 -0.1410343 0.8330710 0.4346685 -0.3117135
1548263495.685060 -0.0380670 1.1516632 -2.1898417 -0.1420044 0.8463885 0.4265955 -0.2854427
1548263495.919800 -0.0442439 1.1496744 -2.1503458 -0.1279661 0.8460815 0.4333510 -0.2828034
1548263496.120890 -0.0574232 1.1648954 -2.1261983 -0.1261363 0.8351114 0.4466021 -0.2953391
1548263496.288500 -0.0621863 1.1854799 -2.1135507 -0.1355575 0.8249519 0.4538957 -0.3083133
1548263496.556630 -0.0378271 1.1925726 -2.0889606 -0.1513938 0.8221597 0.4335910 -0.3363512
1548263496.690630 -0.0148717 1.1822596 -2.0782208 -0.1547571 0.8175228 0.4226767 -0.3592367
1548263497.092560 0.0636488 1.1501112 -2.0756102 -0.1487364 0.8113578 0.3957044 -0.4037253
1548263497.293680 0.0805429 1.0949435 -2.0942099 -0.1263394 0.8057898 0.3598319 -0.4530587
1548263497.461260 0.0740499 1.0246041 -2.1229367 -0.1069168 0.8022379 0.3312198 -0.4850532
1548263497.762830 0.1352608 0.9510874 -2.1654103 -0.0793614 0.8207297 0.2899094 -0.4858572
1548263497.997200 0.1671873 0.9407002 -2.2010076 -0.0687382 0.8338276 0.2903183 -0.4644587
1548263498.198290 0.1907983 0.9663187 -2.2362802 -0.0894462 0.8388433 0.2943661 -0.4490989
1548263498.399710 0.2137224 1.0463377 -2.2821548 -0.1139312 0.8260109 0.3036432 -0.4610059
1548263498.567250 0.2319948 1.1199443 -2.3248415 -0.1234679 0.8206730 0.3177701 -0.4585560
1548263498.768330 0.2342253 1.1742899 -2.3708622 -0.1196130 0.8230400 0.3380303 -0.4404922
1548263500.142300 0.3408354 1.4908967 -2.4715126 -0.1549290 0.8274978 0.3270721 -0.4292647
1548263500.476920 0.3550906 1.5784189 -2.4899719 -0.1518917 0.8178639 0.3488357 -0.4316726
1548263500.745050 0.3547979 1.6319618 -2.4866579 -0.1606277 0.8134794 0.3470321 -0.4381994
1548263501.047150 0.3186755 1.6431115 -2.4746726 -0.1561646 0.7964795 0.3532358 -0.4652499
1548263501.248200 0.2932830 1.6035079 -2.4653099 -0.1496335 0.7889042 0.3455245 -0.4856467
1548263501.449230 0.2867420 1.5411031 -2.4328351 0.1386755 -0.7831082 -0.3212113 0.5141341
1548263501.750870 0.2688463 1.4135449 -2.3888018 0.1039030 -0.7684940 -0.2901508 0.5607440
1548263502.186590 0.2478735 1.2281581 -2.3138177 0.0954949 -0.7650484 -0.2898793 0.5670552
1548263503.460140 0.1152211 1.1243894 -2.0473435 0.1329041 -0.7789746 -0.3330490 0.5144060
1548263503.627780 0.1048387 1.1331320 -1.9985453 0.1404519 -0.7702417 -0.3358164 0.5236682
1548263503.829280 0.1152112 1.1513433 -1.9195789 0.1355033 -0.7640072 -0.3349394 0.5345535
1548263504.030130 0.1093339 1.1807305 -1.8728369 0.1273041 -0.7672708 -0.3461142 0.5246848
1548263504.264640 0.1116789 1.2033337 -1.8116307 0.1354181 -0.7729452 -0.3479548 0.5129768
1548263504.465740 0.1006131 1.2132906 -1.7619820 0.1556800 -0.7638212 -0.3535137 0.5170773
1548263504.666830 0.0765540 1.1898301 -1.7189676 0.1539463 -0.7605416 -0.3554863 0.5210628
1548263504.834350 0.0384349 1.1021686 -1.7035211 0.1242662 -0.7771677 -0.3512647 0.5071306
1548263505.001990 -0.0024228 1.0206536 -1.6841589 -0.1026288 0.7981349 0.3438531 -0.4839556
1548263505.169490 -0.0351128 0.9402012 -1.6769727 -0.0888176 0.8111130 0.3391746 -0.4681535
1548263505.571680 -0.0928283 0.7942237 -1.6718123 -0.0882599 0.8542178 0.3382704 -0.3848316
1548263506.175070 -0.1679773 0.6674631 -1.7619179 -0.0570702 0.8877355 0.3576551 -0.2841679
1548263507.046240 -0.4133926 0.4600834 -1.8546580 -0.0137539 0.8820639 0.3720767 -0.2886746
1548263507.448050 -0.4439008 0.4164219 -1.8062041 -0.0692451 0.8633967 0.3404248 -0.3658719
1548263509.694210 -0.4308486 0.7788803 -1.6176946 -0.1009192 0.8187923 0.3506280 -0.4432319
1548263510.364220 -0.5175719 0.9989361 -1.6617513 -0.1059382 0.8154798 0.3839259 -0.4199651
1548263510.598990 -0.5774335 1.1063762 -1.7025396 -0.1254364 0.8090423 0.3833875 -0.4274697
1548263511.102590 -0.6899831 1.2627442 -1.7661716 -0.1331081 0.8042188 0.3604541 -0.4534172
1548263511.270210 -0.7222759 1.3047087 -1.7818415 -0.1308888 0.7984108 0.3620951 -0.4629205
1548263511.571420 -0.7719593 1.3550210 -1.8108099 -0.1366467 0.7903596 0.3643431 -0.4731951
1548263511.939880 -0.8335887 1.4009737 -1.8097440 0.1375653 -0.7719959 -0.3539164 0.5097463
1548263512.140880 -0.8288789 1.4424206 -1.7975911 0.1394031 -0.7632424 -0.3744045 0.5077884
1548263512.375430 -0.8171835 1.4686363 -1.7791041 0.1235008 -0.7593012 -0.3902064 0.5059132
1548263513.012080 -0.7613447 1.3305860 -1.8213135 0.1102159 -0.7671617 -0.3557335 0.5222730
1548263513.146170 -0.7523275 1.2654476 -1.8207506 0.1038421 -0.7688437 -0.3487025 0.5258355
1548263513.414110 -0.7106580 1.1482389 -1.7996987 0.0926817 -0.7659946 -0.3394874 0.5379690
1548263513.815890 -0.6370620 0.9777180 -1.7902292 0.0988312 -0.7611405 -0.3255725 0.5521777
