0.000000 0.0000000 0.0000000 0.0000000 0.0000000 0.0000000 0.0000000 1.0000000
0.104499 -0.0023140 -0.0199576 1.2730267 0.0005244 0.0008251 -0.0002942 0.9999995
0.207793 -0.0054395 -0.0383817 2.5457921 0.0003816 0.0015888 -0.0004502 0.9999986
0.727346 -0.0364925 -0.1549008 8.7413998 0.0007202 0.0044688 0.0003836 0.9999897
1.350553 -0.0319454 -0.2836688 16.0533028 0.0001955 0.0007268 -0.0004579 0.9999996
1.973923 -0.0440195 -0.2938265 22.8990231 0.0016747 -0.0019041 0.0006706 0.9999965
2.285652 -0.1175447 -0.3892276 26.5853252 0.0017373 -0.0024637 0.0009392 0.9999950
2.909338 -0.1598093 -0.6078868 33.9253273 0.0004865 -0.0046030 0.0010552 0.9999887
3.636879 -0.6273237 -0.5374666 42.0899277 0.0028548 0.0001515 -0.0003005 0.9999959
4.260741 -0.7877075 -0.6077160 49.3252945 -0.0020733 0.0069842 -0.0037280 0.9999665
4.780371 -0.8476577 -0.6280456 55.0292931 0.0020022 0.0115915 -0.0055342 0.9999155
5.299899 -0.9266309 -0.6652034 60.7667694 0.0024326 0.0130923 -0.0083143 0.9998767
5.715493 -0.9100847 -0.6785326 65.4258881 0.0037568 0.0160479 -0.0104013 0.9998100
6.235244 -0.8361155 -0.7575957 71.1444473 0.0071066 0.0209604 -0.0170479 0.9996097
6.651123 -0.6540841 -0.8567976 75.6703949 0.0120457 0.0289141 -0.0194063 0.9993209
6.963119 -0.4897489 -0.9033927 79.0681381 0.0124580 0.0366530 -0.0229685 0.9989864
7.275124 -0.3420787 -1.0426751 82.5394745 0.0184119 0.0461994 -0.0248120 0.9984543
7.691125 -0.0595892 -1.2644476 87.1157990 0.0219091 0.0597898 -0.0291128 0.9975458
7.899123 0.1346618 -1.3480910 89.3159409 0.0250559 0.0666484 -0.0303479 0.9970001
8.107122 0.3454908 -1.4431119 91.1149063 0.0263468 0.0704528 -0.0256736 0.9968365
8.419122 0.6720887 -1.5854013 93.8086548 0.0287735 0.0764916 -0.0224586 0.9964019
9.043123 1.4189177 -1.9184740 99.1851044 0.0388127 0.0835777 -0.0145366 0.9956390
9.770876 2.5010884 -2.4621348 104.8237152 0.0472958 0.0721941 -0.0027107 0.9962649
