1341845688.561749 0.0000000 0.0000000 0.0000000 0.0000000 0.0000000 0.0000000 1.0000000
1341845688.729899 -0.0096277 0.0019106 -0.0166039 0.0117000 -0.0246881 0.0222633 0.9993788
1341845688.761762 -0.0023101 0.0112970 -0.0134467 0.0156431 -0.0287014 0.0218079 0.9992276
1341845688.965631 -0.0146585 0.0346312 -0.0266777 0.0192665 -0.0329908 0.0202189 0.9990653
1341845689.133718 -0.0128267 0.0626616 -0.0274476 0.0075005 -0.0273503 0.0150081 0.9994851
1341845689.565814 -0.0260672 0.0610531 -0.0391372 0.0080574 -0.0301136 0.0119873 0.9994421
1341845692.417776 0.0021797 0.0673128 -0.0540918 0.0325996 -0.0536160 -0.0123166 0.9979534
1341845694.261793 0.0150413 0.0670923 -0.0660927 0.0527216 -0.0365339 -0.0164354 0.9978054
1341845694.693720 0.0307072 0.0752739 -0.0725883 0.0579491 -0.0476708 -0.0090886 0.9971393
1341845695.203618 0.0169739 0.0645531 -0.0617451 0.0550469 -0.0269375 0.0029552 0.9981160
1341845695.539693 0.0175049 0.0685194 -0.0660571 0.0676374 -0.0663912 -0.0096694 0.9954516
1341845698.649887 0.0417551 0.0798510 -0.0535679 0.0329122 -0.0811782 0.0002777 0.9961560
1341845707.698455 0.1031599 0.0816702 -0.0129795 0.0520066 -0.0599750 0.0045430 0.9968338
