1341846313.592026 0.0000000 0.0000000 0.0000000 0.0000000 0.0000000 0.0000000 1.0000000
1341846313.853928 0.0529927 0.0065488 0.0044155 0.0008016 -0.0059152 0.0033959 0.9999764
1341846313.890011 0.0568210 0.0083655 -0.0017443 0.0009030 -0.0038745 0.0037483 0.9999850
1341846313.957927 0.0963623 0.0095555 -0.0080009 -0.0033891 -0.0029557 0.0069340 0.9999658
1341846314.089801 0.1129402 0.0093964 0.0052781 -0.0094043 0.0136144 0.0108004 0.9998047
1341846314.389899 0.1623725 0.0184723 0.0196527 -0.0148912 0.0355171 0.0148679 0.9991475
1341846314.826092 0.2500541 0.0128695 0.0088149 -0.0030583 0.0732146 0.0144705 0.9972066
1341846315.298000 0.3303732 0.0219977 0.0151625 -0.0251033 0.0772682 0.0267780 0.9963345
1341846315.530008 0.3682309 0.0286217 0.0209286 -0.0102473 0.0838917 0.0431063 0.9954894
1341846316.134066 0.3117729 0.0185101 0.0234623 -0.0036380 0.0988643 0.0332940 0.9945371
1341846317.106113 0.1021650 -0.0198279 0.0004595 0.0224674 0.0655610 0.0334964 0.9970331
1341846317.509927 0.0087241 -0.0121212 0.0189443 0.0444567 0.0421937 0.0605998 0.9962786
1341846318.313937 -0.2030901 -0.0251178 0.0406734 0.0581555 0.0120101 0.0409511 0.9973950
1341846318.582042 -0.2637462 -0.0262147 0.0300017 0.0697899 -0.0215003 0.0401409 0.9965219
1341846318.850072 -0.3383252 -0.0391451 0.0196380 0.0701317 -0.0351696 0.0338336 0.9963433
1341846318.918047 -0.3357756 -0.0378553 -0.0052367 0.0759123 -0.0567639 0.0329647 0.9949515
1341846319.018123 -0.3950082 -0.0356391 0.0256307 0.0796386 -0.0720695 0.0249168 0.9939028
1341846319.081905 -0.3874591 -0.0391823 0.0179172 0.0864216 -0.0800644 0.0226208 0.9927786
1341846319.150093 -0.4193075 -0.0384245 0.0107326 0.0906104 -0.0826535 0.0345252 0.9918499
1341846319.218149 -0.4140285 -0.0128042 -0.0009242 0.0902909 -0.0799969 0.0333896 0.9921356
1341846319.286594 -0.4352297 -0.0252460 0.0106277 0.0815008 -0.0705181 0.0367458 0.9934961
1341846319.350268 -0.4574583 -0.0255201 0.0213103 0.0830723 -0.0690469 0.0464137 0.9930646
1341846319.386163 -0.4634749 -0.0309468 0.0155087 0.0842415 -0.0739469 0.0551656 0.9921653
1341846319.418386 -0.4747373 -0.0264615 0.0085886 0.0860820 -0.0783154 0.0539713 0.9917377
1341846319.486271 -0.4863504 -0.0233142 -0.0069960 0.0855729 -0.0804529 0.0497482 0.9918315
1341846319.653962 -0.5386148 -0.0351247 0.0064536 0.0780293 -0.0940758 0.0410182 0.9916545
1341846320.289887 -0.5134136 -0.0506515 0.0243331 0.0881748 -0.1214996 0.0542842 0.9871759
1341846320.357890 -0.4867105 -0.0363065 0.0292756 0.1033768 -0.1228739 0.0556405 0.9854539
1341846320.390064 -0.4630027 -0.0327245 0.0300250 0.1049629 -0.1198584 0.0559099 0.9856423
1341846320.426544 -0.4365995 -0.0341237 0.0394825 0.1074516 -0.1134107 0.0526939 0.9863141
1341846320.458122 -0.4349120 -0.0343045 0.0289957 0.1084466 -0.1055012 0.0497677 0.9872345
1341846320.490186 -0.4209724 -0.0376565 0.0374742 0.1118546 -0.0985476 0.0497288 0.9875748
1341846320.525911 -0.4111899 -0.0419554 0.0210869 0.1147751 -0.0906604 0.0478021 0.9880903
1341846320.594093 -0.3732482 -0.0435429 0.0144245 0.1170035 -0.0823495 0.0397366 0.9889134
1341846320.631955 -0.3761130 -0.0397868 0.0258627 0.1200255 -0.0744900 0.0391262 0.9891988
1341846320.699927 -0.3494089 -0.0367772 0.0305701 0.1203640 -0.0691409 0.0358075 0.9896716
1341846320.763877 -0.3473965 0.0022050 0.0283341 0.1220895 -0.0601816 0.0349362 0.9900767
1341846320.799999 -0.3214616 -0.0309023 0.0213837 0.1129375 -0.0627946 0.0306749 0.9911413
1341846320.831871 -0.2771311 -0.0380131 0.0034057 0.1147755 -0.0527945 0.0272337 0.9916137
1341846320.863887 -0.3179705 -0.0061858 0.0262971 0.1148443 -0.0422130 0.0261490 0.9921417
1341846321.367913 -0.1528853 -0.0422242 0.0244784 0.1000714 -0.0175974 0.0041969 0.9948158
1341846322.534002 -0.0103281 -0.1828619 0.0697504 0.0780608 0.0166107 0.0060961 0.9967915
1341846324.487928 0.0071051 -0.3754158 0.0874768 0.0937862 0.0029659 -0.0180376 0.9954245
1341846326.762753 -0.0287017 0.2604692 0.1860819 0.0931973 0.0330298 0.0717598 0.9925088
1341846327.026301 -0.0343734 0.3393572 0.2209955 0.0716581 0.0361304 0.0726303 0.9941250
1341846327.429966 -0.0153041 0.4815288 0.2219770 0.0647086 0.0740792 0.0451182 0.9941275
1341846327.929991 -0.0543363 0.6012008 0.2799375 0.0171902 0.0570647 0.0519511 0.9968697
1341846332.894069 0.0144546 -0.0006027 0.5207669 0.0477172 0.0114745 0.0361874 0.9981392
1341846333.529953 0.0736560 0.0322868 0.6151710 0.0180630 0.0215027 0.0263642 0.9992579
1341846335.910005 -0.0863540 0.0228995 0.0533293 0.0426599 0.0080039 0.0140655 0.9989586
1341846336.142002 -0.1044445 0.0230065 -0.0163348 0.0407372 0.0022400 0.0105044 0.9991122
1341846336.346143 -0.1204472 0.0280540 -0.0563310 0.0437589 -0.0042503 0.0162863 0.9989003
1341846336.410032 -0.1229017 0.0312235 -0.0743964 0.0456488 -0.0034461 0.0157933 0.9988267
1341846336.477990 -0.1249077 0.0323647 -0.0896197 0.0440597 -0.0040337 0.0155113 0.9989004
1341846336.578003 -0.1325577 0.0379284 -0.1093817 0.0453977 -0.0034483 0.0196623 0.9987695
1341846336.645982 -0.1353862 0.0432076 -0.1201933 0.0439458 -0.0014175 0.0176718 0.9988766
1341846336.714024 -0.1421891 0.0309464 -0.1273375 0.0429357 -0.0053046 0.0181642 0.9988986
1341846336.820006 -0.1510268 0.0407212 -0.1493956 0.0504982 -0.0149353 0.0261493 0.9982700
1341846337.014238 -0.1636274 0.0538567 -0.1823788 0.0625759 -0.0340457 0.0249685 0.9971468
1341846337.317920 -0.1618529 0.0524967 -0.2029204 0.0514477 -0.0458539 0.0159053 0.9974957
1341846337.417941 -0.1674467 0.0403296 -0.2167953 0.0471941 -0.0438402 0.0142604 0.9978213
1341846337.686352 -0.1637934 0.0498421 -0.2267680 0.0471002 -0.0484850 0.0134391 0.9976223
1341846338.958108 -0.0975710 0.0820346 0.0881017 -0.0020899 -0.0174648 0.0185924 0.9996724
1341846340.770081 0.0581069 0.0922424 0.4365842 -0.0020886 0.0039153 0.0140010 0.9998921
1341846342.379953 0.0701393 0.0654166 0.3494554 0.0403603 -0.0192096 0.0429065 0.9980787
