1341845688.561749 0.000000000 0.000000000 0.000000000 0.000000000 0.000000000 0.000000000 1.000000000
1341845688.593654 -0.003955629 -0.003363142 -0.000997684 0.000204806 -0.002651179 0.003660609 0.999989748
1341845688.629688 -0.009803214 0.002080901 -0.008505954 0.002483370 -0.006999103 0.007532715 0.999944031
1341845688.663680 -0.010448063 -0.002628792 -0.010198555 0.003424835 -0.012212010 0.013557105 0.999827683
1341845688.697719 -0.011412598 -0.005557029 -0.016382556 0.006273282 -0.017732987 0.019878294 0.999625444
1341845688.729899 -0.009842670 0.003785150 -0.017177787 0.012073441 -0.024720496 0.021777282 0.999384224
1341845688.761762 -0.003176200 0.003668352 -0.012242532 0.014364707 -0.028665124 0.021533055 0.999253869
1341845688.797687 0.001635334 0.000901808 -0.021997411 0.015074841 -0.028168308 0.021167213 0.999265373
1341845688.829892 -0.003405514 0.010787394 -0.019580290 0.016321031 -0.025482882 0.019193739 0.999357760
1341845688.865774 -0.010976595 0.018877178 -0.019994607 0.016790990 -0.023953835 0.019690705 0.999378085
1341845688.929779 -0.018865868 0.015778799 -0.034972843 0.016092123 -0.029216262 0.022919567 0.999180734
1341845688.965631 -0.013288052 0.021576079 -0.031837165 0.016808825 -0.033290740 0.021920893 0.999063909
1341845688.997750 -0.004450471 0.032508623 -0.034525380 0.016872844 -0.034348410 0.018705888 0.999092400
1341845689.029751 0.003245611 0.041938156 -0.038275126 0.014159302 -0.033124704 0.012774449 0.999269247
1341845689.065755 0.008684088 0.048908930 -0.031036889 0.011805403 -0.032736376 0.009694504 0.999347270
1341845689.097725 0.007849240 0.044088364 -0.033092286 0.006586514 -0.031870071 0.013665688 0.999376893
1341845689.133718 0.004327786 0.049917959 -0.027341627 0.005387671 -0.030108973 0.015924079 0.999405265
1341845689.165884 -0.000232125 0.052489717 -0.035173889 0.002794767 -0.028587928 0.019889824 0.999389470
1341845689.198264 0.008783013 0.052471381 -0.035765681 -0.001109114 -0.030207874 0.022270724 0.999294877
1341845689.234322 -0.008298043 0.042193074 -0.044929355 -0.005001603 -0.026048927 0.023683025 0.999367535
1341845689.265745 -0.012804774 0.045270052 -0.045609187 -0.005818412 -0.024770033 0.024656471 0.999372125
1341845689.297769 -0.010796766 0.049981043 -0.047853772 -0.006507569 -0.025596360 0.025864046 0.999316514
1341845689.333650 -0.010600126 0.048901215 -0.044928961 -0.007587048 -0.024786158 0.026070341 0.999324024
1341845689.365881 -0.012870126 0.038455084 -0.048409283 -0.009102371 -0.023894507 0.026025882 0.999334216
1341845689.401592 -0.012673831 0.044942014 -0.045929566 -0.006913567 -0.025029333 0.026027473 0.999323964
1341845689.433744 -0.012312738 0.043042846 -0.049110014 -0.006554936 -0.025714163 0.024681291 0.999343097
1341845689.465651 -0.019933775 0.028629476 -0.054709319 -0.005974692 -0.025843153 0.024465356 0.999348700
1341845689.501840 -0.021708490 0.034582682 -0.057581060 -0.001313587 -0.028971629 0.022209387 0.999332607
1341845689.533687 -0.018862497 0.037357368 -0.058103185 0.001200429 -0.031091312 0.017001687 0.999371231
1341845689.565814 -0.018074922 0.029483860 -0.059624720 0.002215166 -0.031171441 0.014126141 0.999411762
1341845689.601682 -0.030556865 0.023905391 -0.066408902 0.004145676 -0.030819913 0.010782319 0.999458194
1341845689.633591 -0.022403792 0.033072773 -0.062639147 0.007700121 -0.035342619 0.006828967 0.999322236
1341845689.669672 -0.027484942 0.034482475 -0.061650753 0.008939193 -0.036101930 0.004391332 0.999298453
1341845689.701700 -0.028341940 0.037228573 -0.060312096 0.010518613 -0.038558982 0.004530438 0.999190688
1341845689.733773 -0.031563219 0.036475498 -0.064383976 0.010546098 -0.040716436 0.003082919 0.999110341
1341845689.769822 -0.026732037 0.034806728 -0.063940279 0.010506428 -0.043015994 0.001378026 0.999018192
1341845689.802003 -0.030000482 0.030364104 -0.064340726 0.009911137 -0.044229839 0.000967827 0.998971760
1341845689.833757 -0.033842545 0.031509720 -0.064201772 0.010969204 -0.046631493 -0.000450889 0.998851836
1341845689.869861 -0.033098221 0.035010841 -0.067238227 0.012427009 -0.049047831 -0.001139969 0.998718500
1341845689.901825 -0.029982816 0.034726460 -0.064217180 0.012643672 -0.051021595 -0.001582523 0.998616278
1341845689.937674 -0.034080595 0.035314858 -0.067155205 0.013647729 -0.052812502 -0.001228126 0.998510420
1341845689.969679 -0.026160138 0.038951911 -0.068980291 0.014242280 -0.055337843 -0.000916671 0.998365700
1341845690.003830 -0.029778225 0.036344822 -0.068834320 0.013591676 -0.054738857 -0.001454737 0.998407125
1341845690.037686 -0.031762797 0.037334446 -0.067612857 0.013898596 -0.054755855 -0.002639901 0.998399556
1341845690.069636 -0.024996791 0.036619481 -0.070566446 0.014233640 -0.055347465 -0.001528063 0.998364508
1341845690.106587 -0.034359824 0.038239799 -0.068476997 0.014342958 -0.054327972 -0.001701410 0.998418689
1341845690.138859 -0.026688362 0.034463096 -0.067575179 0.013339642 -0.056161825 -0.002567597 0.998329282
1341845690.169919 -0.025973054 0.040719956 -0.065980464 0.014773410 -0.055446588 -0.002967640 0.998347938
1341845690.206103 -0.025890393 0.040712934 -0.071387507 0.014131906 -0.055457782 -0.002036472 0.998358965
1341845690.237700 -0.027621200 0.035678197 -0.068917461 0.012636310 -0.055816550 -0.002507320 0.998357952
1341845690.269981 -0.031025611 0.033772424 -0.068568625 0.013081211 -0.056632064 -0.002555842 0.998306155
1341845690.306143 -0.031342335 0.040926762 -0.072014228 0.014630267 -0.057758406 -0.003969063 0.998215497
1341845690.338646 -0.026538698 0.042138193 -0.068838358 0.014018698 -0.058645159 -0.002716518 0.998176754
1341845690.373833 -0.025242748 0.042548053 -0.068516560 0.013087333 -0.059281223 -0.003347431 0.998149931
1341845690.405976 -0.033298388 0.051714323 -0.062011223 0.014728987 -0.058103878 -0.005232420 0.998188138
1341845690.437908 -0.034341108 0.052473731 -0.063379817 0.014878517 -0.057408139 -0.004907553 0.998227835
1341845690.473654 -0.034460299 0.050250616 -0.063521601 0.014523372 -0.058219608 -0.003349101 0.998192549
1341845690.505978 -0.037958641 0.050440699 -0.063745543 0.015160786 -0.059122331 -0.004262445 0.998126507
1341845690.537884 -0.032500263 0.052108668 -0.062378716 0.015694551 -0.060045708 -0.005841805 0.998055160
1341845690.573708 -0.033443749 0.052441951 -0.061132036 0.015022364 -0.058528699 -0.004982726 0.998160243
1341845690.605848 -0.032983765 0.049942978 -0.062011097 0.014521073 -0.058212347 -0.003520877 0.998192370
1341845690.641747 -0.032376990 0.050236665 -0.060135905 0.015429054 -0.058852814 -0.003916645 0.998139739
1341845690.673751 -0.032207195 0.051192869 -0.060286582 0.015506516 -0.057788745 -0.004536672 0.998198152
1341845690.706003 -0.031563330 0.049972508 -0.058750905 0.015731536 -0.056816310 -0.004663518 0.998249829
1341845690.741684 -0.032092787 0.051599987 -0.059517305 0.016769458 -0.056127589 -0.005713704 0.998266459
1341845690.773770 -0.028820455 0.050087996 -0.057954468 0.016699409 -0.055803411 -0.004929197 0.998289943
1341845690.805715 -0.028274495 0.048154872 -0.060267162 0.016755696 -0.054903015 -0.004204981 0.998342216
1341845690.841674 -0.031915512 0.050538737 -0.060137738 0.017454557 -0.053545598 -0.004270550 0.998403728
1341845690.873770 -0.027173327 0.052849919 -0.058271781 0.017404584 -0.053675666 -0.004033082 0.998398602
1341845690.909837 -0.028027726 0.049332932 -0.057049815 0.016395338 -0.052856233 -0.002627187 0.998464108
1341845690.941576 -0.027089601 0.050321084 -0.057302788 0.016454611 -0.052929673 -0.002645896 0.998459160
1341845690.973879 -0.028271180 0.052826047 -0.055764109 0.016984770 -0.052112300 -0.002991066 0.998492301
1341845691.011558 -0.028344858 0.052588321 -0.057500880 0.016670421 -0.051245816 -0.001407572 0.998545945
1341845691.077986 -0.030110456 0.050752584 -0.057721056 0.017046437 -0.050938305 -0.003563432 0.998549938
1341845691.109685 -0.023506252 0.052510548 -0.054658815 0.017797785 -0.051297758 -0.003136919 0.998519897
1341845691.141759 -0.024468329 0.052462909 -0.055979416 0.018258505 -0.050198622 -0.002988420 0.998567879
1341845691.177729 -0.028131500 0.049554136 -0.058114342 0.018481353 -0.049816489 -0.004123007 0.998578906
1341845691.209644 -0.024710448 0.052720156 -0.058455672 0.018920043 -0.050440390 -0.005678122 0.998531699
1341845691.241757 -0.021656068 0.053660605 -0.056920644 0.018967265 -0.049558133 -0.005536490 0.998575807
1341845691.277595 -0.025645847 0.047810346 -0.057923179 0.018968856 -0.049353171 -0.004682344 0.998590291
1341845691.310138 -0.023579324 0.051460467 -0.058622476 0.019906813 -0.051490843 -0.005796835 0.998458207
1341845691.345620 -0.020593591 0.053709690 -0.058980033 0.020341070 -0.051159587 -0.007117405 0.998457968
1341845691.378062 -0.022722460 0.052560437 -0.059739754 0.020650405 -0.048604287 -0.007992555 0.998572648
1341845691.451922 -0.021275001 0.057716571 -0.062546849 0.021778343 -0.048481535 -0.009524592 0.998541176
1341845691.509739 -0.023041502 0.049291112 -0.062679783 0.019716537 -0.046708692 -0.009258245 0.998671055
1341845691.545833 -0.021842400 0.054504622 -0.063509159 0.020732034 -0.047245860 -0.011220953 0.998605072
1341845691.578399 -0.018453678 0.054445688 -0.061621506 0.019641384 -0.046484705 -0.013546132 0.998634040
1341845691.613857 -0.012415195 0.056582123 -0.056351755 0.020404961 -0.044202540 -0.017421061 0.998662233
1341845691.645632 -0.017341988 0.050288830 -0.058829609 0.020540534 -0.040594567 -0.019614136 0.998771966
1341845691.677793 -0.018050170 0.049953733 -0.060835563 0.021198183 -0.040533740 -0.017084716 0.998807192
1341845691.713727 -0.019684909 0.050664809 -0.059702367 0.021721726 -0.041935556 -0.014956431 0.998772204
1341845691.746050 -0.014204046 0.054424841 -0.059170447 0.022905573 -0.042815156 -0.016857177 0.998678148
1341845691.778411 -0.014067040 0.061442357 -0.060062762 0.022747533 -0.040132616 -0.017928209 0.998774529
1341845691.813646 -0.013773445 0.054855380 -0.057188641 0.020384546 -0.039282650 -0.015791908 0.998895347
1341845691.845603 -0.019830223 0.053712361 -0.059966777 0.020352514 -0.039393380 -0.015386133 0.998897970
1341845691.881595 -0.015569638 0.056981806 -0.059670821 0.021259602 -0.040934775 -0.017085165 0.998789489
1341845691.913600 -0.015710816 0.055379666 -0.060196012 0.020982070 -0.039687552 -0.016776638 0.998850942
1341845691.945997 -0.018351531 0.049019989 -0.060578678 0.020436710 -0.040157549 -0.013475162 0.998893440
1341845691.981657 -0.019395590 0.049396001 -0.056508027 0.022632170 -0.044756319 -0.010982145 0.998681188
1341845692.013904 -0.017770825 0.052720971 -0.060050782 0.025010861 -0.048692033 -0.009557690 0.998454928
1341845692.049676 -0.015959799 0.052605756 -0.061341688 0.025294505 -0.049665354 -0.008553215 0.998408973
1341845692.081862 -0.016674105 0.050923813 -0.059729457 0.025677698 -0.050396565 -0.008033494 0.998366833
1341845692.113695 -0.012432076 0.051697679 -0.061444502 0.026256142 -0.052174810 -0.008680205 0.998255014
1341845692.149736 -0.007157097 0.054980725 -0.058833588 0.026575625 -0.052165799 -0.009588080 0.998238742
1341845692.182123 -0.007143377 0.047953773 -0.060907483 0.026468124 -0.051087908 -0.009093916 0.998301923
1341845692.213661 -0.009142366 0.050556615 -0.063706182 0.027743284 -0.051203083 -0.008197741 0.998269200
1341845692.249828 -0.006842907 0.053285353 -0.064503334 0.028013045 -0.051202528 -0.008834303 0.998256266
1341845692.282146 -0.004488959 0.050548874 -0.063380092 0.026933270 -0.050992783 -0.008890079 0.998296201
1341845692.317711 -0.008382495 0.049161039 -0.064111598 0.026526522 -0.051014572 -0.009294181 0.998302281
1341845692.349688 -0.007390244 0.047523677 -0.065018468 0.026948653 -0.052299004 -0.009709165 0.998220623
1341845692.381560 -0.002137657 0.047109544 -0.066243142 0.028138971 -0.053020883 -0.010724478 0.998139262
1341845692.417776 -0.003442874 0.045640461 -0.066460259 0.028832596 -0.052499074 -0.012231481 0.998129725
1341845692.449672 -0.003104317 0.042541865 -0.071580112 0.028892681 -0.052447874 -0.013232994 0.998117924
1341845692.481594 -0.002917097 0.042203162 -0.071433932 0.029917022 -0.052855141 -0.014197600 0.998052955
1341845692.517778 0.000982617 0.044299491 -0.065320805 0.031501196 -0.053939704 -0.014164373 0.997946680
1341845692.549744 -0.004284082 0.044985451 -0.070652090 0.033053856 -0.052981257 -0.014868101 0.997937560
1341845692.585822 -0.001816616 0.046935521 -0.069339238 0.033463076 -0.053648870 -0.015271435 0.997882128
1341845692.617836 -0.001912788 0.046660155 -0.068524763 0.033937789 -0.052629240 -0.014718978 0.997928739
1341845692.649770 -0.005190750 0.044817995 -0.073905863 0.034389112 -0.051863164 -0.014245921 0.997960269
1341845692.685749 -0.003805343 0.044227205 -0.075000770 0.034506604 -0.053173460 -0.014555900 0.997882783
1341845692.717676 0.002789668 0.043701861 -0.075765222 0.034406997 -0.053864039 -0.014879344 0.997844398
1341845692.749897 -0.006083689 0.043067902 -0.076364093 0.034556694 -0.050960172 -0.014309685 0.998000085
1341845692.785833 -0.008856707 0.042182878 -0.076471120 0.035512399 -0.051402245 -0.015177309 0.997931063
1341845692.817657 -0.002517404 0.042003863 -0.077369496 0.036591604 -0.053253755 -0.018671030 0.997735679
1341845692.853833 -0.006121379 0.049471300 -0.075273134 0.038787156 -0.051146507 -0.019575706 0.997745633
1341845692.885614 -0.009214107 0.044608623 -0.077629343 0.039517064 -0.050710317 -0.019987397 0.997731090
1341845692.917728 -0.008639885 0.046429221 -0.077406213 0.040592935 -0.051615369 -0.020644391 0.997628152
1341845692.953573 -0.004181115 0.048403565 -0.077551968 0.041787241 -0.051577114 -0.020711813 0.997579396
1341845692.985667 -0.009469140 0.049177673 -0.078868754 0.043185696 -0.050291583 -0.021139547 0.997576475
1341845693.017585 -0.007194122 0.054972578 -0.078709856 0.043976046 -0.050824732 -0.020823928 0.997521579
1341845693.053684 -0.007252485 0.047725115 -0.078247324 0.042926949 -0.050055631 -0.021707654 0.997587323
1341845693.086059 -0.003393588 0.044328015 -0.081973553 0.043155342 -0.050713994 -0.020808233 0.997563422
1341845693.121690 -0.011037519 0.052429169 -0.080961227 0.044487666 -0.050705388 -0.018718028 0.997546732
1341845693.153852 -0.005400190 0.054730311 -0.084263779 0.044017043 -0.052266877 -0.019314319 0.997475624
1341845693.185655 -0.002124862 0.051990375 -0.080838971 0.042922799 -0.051055681 -0.019917520 0.997574210
1341845693.221687 -0.009794499 0.046276901 -0.086576708 0.041904520 -0.049377870 -0.017440854 0.997748315
1341845693.254518 -0.013213246 0.040671941 -0.089034498 0.041699611 -0.051949758 -0.016681006 0.997639298
1341845693.289735 0.005051520 0.050488085 -0.087702528 0.043322571 -0.054919500 -0.016803117 0.997408986
1341845693.321741 0.020337019 0.046770796 -0.093203962 0.042077631 -0.052517258 -0.016945638 0.997589231
1341845693.353715 0.005252245 0.044605013 -0.085193366 0.042109422 -0.046936218 -0.015711367 0.997886240
1341845693.421993 0.001782505 0.046804570 -0.083856478 0.043038920 -0.043436170 -0.016491236 0.997992516
1341845693.453700 0.000225773 0.048129953 -0.082137726 0.043406017 -0.041612908 -0.018535951 0.998018384
1341845693.489783 -0.001813474 0.043613389 -0.080511071 0.043818135 -0.039635345 -0.019101351 0.998070180
1341845693.522084 -0.001874766 0.040176753 -0.083176620 0.045106776 -0.040571447 -0.017932491 0.997996867
1341845693.557666 0.002643258 0.043788418 -0.083483644 0.047449686 -0.042708237 -0.018555213 0.997787654
1341845693.589792 0.004572907 0.047742486 -0.082505599 0.048962671 -0.043442048 -0.019947400 0.997656047
1341845693.622158 0.005376140 0.047657702 -0.081475206 0.048995223 -0.042373478 -0.020851297 0.997681916
1341845693.689929 0.004212602 0.053962201 -0.081964031 0.048934359 -0.040903963 -0.019650856 0.997770607
1341845693.721602 0.011283525 0.053962052 -0.085310183 0.046432298 -0.040598106 -0.020042365 0.997894883
1341845693.757636 0.002367508 0.049424265 -0.082179196 0.043943133 -0.038470082 -0.020818587 0.998075962
1341845693.789776 -0.000856895 0.054228846 -0.081280179 0.043863419 -0.038999949 -0.019807819 0.998079479
1341845693.825637 -0.001557258 0.055860035 -0.085493676 0.042479534 -0.038911100 -0.019884733 0.998141289
1341845693.857724 -0.002176906 0.049738307 -0.080801956 0.040967643 -0.038947545 -0.019431261 0.998211980
1341845693.889741 0.001132280 0.052692521 -0.081747755 0.041763064 -0.039184127 -0.017803425 0.998200119
1341845693.925573 0.002907754 0.051588468 -0.080314294 0.041075319 -0.039280556 -0.016488593 0.998247445
1341845693.957722 0.003164721 0.050763272 -0.081295885 0.041509338 -0.038839340 -0.015612413 0.998260856
1341845693.990410 0.003967460 0.053605519 -0.079761595 0.042840824 -0.038118146 -0.015620581 0.998232245
1341845694.025740 0.007279681 0.054467045 -0.078004092 0.043363731 -0.037202965 -0.016184697 0.998235226
1341845694.057728 0.000702967 0.047946069 -0.081196390 0.042873818 -0.035181016 -0.017064182 0.998315036
1341845694.093631 0.001735749 0.047906455 -0.081071250 0.044459585 -0.035579529 -0.016102288 0.998247564
1341845694.125598 0.000959411 0.047807436 -0.078520633 0.045887537 -0.035646349 -0.016372610 0.998176157
1341845694.157890 0.004141365 0.049482696 -0.080526046 0.046737861 -0.035330184 -0.017368551 0.998131096
1341845694.193528 -0.001711424 0.046186037 -0.080980562 0.047223747 -0.033985041 -0.017646883 0.998150051
1341845694.226254 0.000815907 0.047406677 -0.083211131 0.048616212 -0.034487583 -0.017424438 0.998069882
1341845694.261793 0.004644356 0.053312294 -0.076965526 0.050071463 -0.034831349 -0.015769381 0.998013496
1341845694.293655 0.005345733 0.056362536 -0.076645367 0.051069267 -0.034961808 -0.014674904 0.997975051
1341845694.325844 0.005224448 0.053053811 -0.076720439 0.051709421 -0.036610160 -0.012437761 0.997913361
1341845694.361761 0.003637611 0.055536572 -0.077947617 0.053641219 -0.038694825 -0.010437830 0.997755706
1341845694.393754 0.006399278 0.056050725 -0.077229261 0.054483324 -0.041012056 -0.009969424 0.997622252
1341845694.425809 0.003633732 0.056789845 -0.078807406 0.054587550 -0.041987550 -0.010308950 0.997572541
1341845694.461731 0.003926258 0.059871327 -0.077857360 0.054773938 -0.043278780 -0.010870292 0.997501194
1341845694.493931 0.007726932 0.062335193 -0.076432444 0.053822353 -0.043696318 -0.012387807 0.997517049
1341845694.529694 0.005607063 0.059709840 -0.078883432 0.052127603 -0.042942762 -0.013163864 0.997629881
1341845694.561652 0.004625585 0.056914266 -0.077824011 0.051670793 -0.044101123 -0.012933115 0.997606099
1341845694.595586 0.005015209 0.057607010 -0.077762112 0.052640092 -0.045595542 -0.011932965 0.997500718
1341845694.629850 0.005685701 0.057827953 -0.076356955 0.053933408 -0.047606997 -0.010704564 0.997351587
1341845694.661659 0.015312289 0.062329590 -0.076780200 0.056301929 -0.049490158 -0.009319589 0.997142911
1341845694.693720 0.037293755 0.053695157 -0.100837164 0.053794146 -0.048425864 -0.007918033 0.997345686
1341845694.735664 0.038102396 0.053293504 -0.086174116 0.052123655 -0.041405320 -0.007155903 0.997756243
1341845694.767988 0.037163787 0.058229059 -0.083348699 0.051164798 -0.035569236 -0.005279515 0.998042643
1341845694.803611 0.031220170 0.064433083 -0.071321748 0.050095681 -0.029594833 -0.004045607 0.998297632
1341845694.835585 0.022395795 0.060419112 -0.070954107 0.048712004 -0.024325127 -0.003358447 0.998510957
1341845694.867728 0.021550702 0.067409351 -0.066539399 0.048994459 -0.021571297 -0.002365073 0.998563290
1341845694.903566 0.022621538 0.066390686 -0.067392871 0.047226597 -0.019077497 -0.002077556 0.998699844
1341845694.935679 0.021667203 0.062582061 -0.067900881 0.046531323 -0.017052127 -0.001503632 0.998770177
1341845694.967669 0.021830726 0.062189486 -0.067854919 0.047004167 -0.015847448 -0.000339194 0.998768926
1341845695.003730 0.030312184 0.063404135 -0.066207990 0.047152054 -0.015029449 0.001246810 0.998773873
1341845695.035689 0.029934904 0.064813569 -0.062765867 0.047208469 -0.011588844 0.001763528 0.998816252
1341845695.072465 0.025527092 0.054890163 -0.068433538 0.045658886 -0.009197667 0.002128545 0.998912454
1341845695.103895 0.022652473 0.061554253 -0.061181437 0.047125120 -0.010696170 0.003181685 0.998826623
1341845695.135680 0.020737052 0.049677588 -0.069265723 0.046471160 -0.013434757 0.002518736 0.998826087
1341845695.172193 0.015591915 0.056526270 -0.062406495 0.050462317 -0.018575994 0.003147495 0.998548210
1341845695.203618 0.018822245 0.053425029 -0.064470477 0.052603919 -0.027008824 0.004356811 0.998240650
1341845695.235612 0.014239844 0.054568499 -0.065816678 0.056840569 -0.033461034 0.004342561 0.997812927
1341845695.271738 0.018781850 0.055038106 -0.065648973 0.059548274 -0.039688867 0.003354725 0.997430444
1341845695.303569 0.021447213 0.060908694 -0.063812800 0.061975021 -0.044316247 0.002297162 0.997090697
1341845695.335657 0.019995674 0.058925197 -0.063391574 0.062368061 -0.047318790 -0.000451844 0.996930778
1341845695.371706 0.021817133 0.058314692 -0.066773161 0.062770441 -0.050637629 -0.003850298 0.996735096
1341845695.403745 0.019762667 0.056477513 -0.068416767 0.062843114 -0.053243976 -0.005849828 0.996584952
1341845695.435657 0.012217565 0.053185370 -0.074504800 0.063794971 -0.055441201 -0.006305813 0.996401906
1341845695.471720 0.012740539 0.054106984 -0.076167643 0.065356433 -0.059692942 -0.006304240 0.996055007
1341845695.503710 0.016132418 0.060606167 -0.073489450 0.066130646 -0.063631512 -0.006974995 0.995755553
1341845695.539693 0.016759785 0.058729097 -0.069501013 0.065625936 -0.066189557 -0.008057735 0.995613992
1341845695.603908 0.016407128 0.054044716 -0.073028833 0.065538123 -0.068518817 -0.010875055 0.995435417
1341845695.665980 0.021055372 0.054220188 -0.071978241 0.064908370 -0.072142847 -0.012128806 0.995206118
1341845695.701693 0.021268584 0.055906460 -0.070770584 0.065198556 -0.073287703 -0.011514164 0.995110810
1341845695.733686 0.023507450 0.055875931 -0.070813119 0.064915299 -0.074398853 -0.010489228 0.995058179
1341845695.769679 0.022790369 0.056314599 -0.075082332 0.064463235 -0.074224763 -0.010541344 0.995100021
1341845695.801697 0.020582831 0.057557475 -0.075319424 0.063267924 -0.073594607 -0.010181702 0.995227277
1341845695.833635 0.021920037 0.054980680 -0.076022558 0.062008496 -0.073675804 -0.009529029 0.995307028
1341845695.869766 0.020660667 0.054896012 -0.075352520 0.061669629 -0.073044635 -0.008402584 0.995384693
1341845695.901827 0.018478289 0.056850921 -0.080433853 0.060893264 -0.072508827 -0.008020876 0.995474815
1341845695.933900 0.020932771 0.056377552 -0.076284364 0.059393838 -0.073005706 -0.007022288 0.995536625
1341845695.969774 0.024115261 0.056185219 -0.074331880 0.058598731 -0.072866894 -0.006198356 0.995599389
1341845696.001940 0.025166076 0.057282049 -0.071447268 0.058193587 -0.072102897 -0.005767850 0.995681345
1341845696.037778 0.019755300 0.057255305 -0.074728832 0.057212397 -0.070509307 -0.004481986 0.995858967
1341845696.069962 0.022095034 0.056574352 -0.071629830 0.056118518 -0.071211211 -0.001690550 0.995879889
1341845696.102048 0.020971054 0.055135041 -0.071038038 0.055911958 -0.071760856 -0.000325583 0.995853484
1341845696.137759 0.020818273 0.059592050 -0.070659108 0.055950847 -0.072104789 -0.000016927 0.995826483
1341845696.169934 0.021163853 0.059263755 -0.071068801 0.055067442 -0.072690807 -0.000187355 0.995833099
1341845696.201602 0.022144858 0.059491273 -0.073202468 0.054244660 -0.072789706 -0.001406756 0.995870054
1341845696.237582 0.021572791 0.059806842 -0.078066953 0.052524127 -0.072406083 -0.002548273 0.995988011
1341845696.269654 0.018087102 0.057286829 -0.075432479 0.050889380 -0.072791025 -0.002915267 0.996043801
1341845696.305713 0.021372357 0.057144698 -0.076751754 0.050577380 -0.074163370 -0.002133164 0.995960414
1341845696.337790 0.020418610 0.056778055 -0.076047964 0.050137222 -0.074579030 -0.000857561 0.995953560
1341845696.369780 0.019891204 0.058766652 -0.077683352 0.050200686 -0.074981667 -0.000457029 0.995920420
1341845696.406019 0.023573741 0.059589449 -0.074676707 0.048920084 -0.076079063 -0.000108822 0.995900989
1341845696.437910 0.026429947 0.059601642 -0.072968192 0.047207225 -0.076696038 0.000279781 0.995936275
1341845696.473667 0.027143249 0.060131617 -0.072836652 0.045927748 -0.075786106 -0.000433211 0.996065736
1341845696.505801 0.026616603 0.060897797 -0.071331561 0.044423614 -0.075163871 0.000110215 0.996181130
1341845696.537879 0.025582802 0.058310404 -0.072941296 0.043232784 -0.075026840 0.001418909 0.996242881
1341845696.573790 0.022982301 0.060055517 -0.074447878 0.043323368 -0.075388387 0.001998285 0.996210635
1341845696.611644 0.023298921 0.059305429 -0.075477950 0.042980853 -0.076096550 0.001728977 0.996172130
1341845696.648592 0.023785086 0.061975975 -0.075999968 0.042800847 -0.076717086 0.002025461 0.996131778
1341845696.705640 0.029187040 0.063195676 -0.074783847 0.040595442 -0.076406822 0.002361708 0.996247172
1341845696.741801 0.029416950 0.058828101 -0.074222393 0.039428137 -0.075315207 0.002779657 0.996376097
1341845696.773765 0.029022967 0.062243927 -0.073108569 0.039579187 -0.074270666 0.002914759 0.996448100
1341845696.805698 0.030351333 0.065784015 -0.071028650 0.038922600 -0.074247122 0.003976648 0.996472061
1341845696.841908 0.032459777 0.063869022 -0.070091158 0.038088992 -0.074230194 0.005094172 0.996500492
1341845696.873637 0.031712208 0.065666065 -0.069023661 0.037642062 -0.072881430 0.005450509 0.996615112
1341845696.905693 0.034645475 0.066966489 -0.067407377 0.036495291 -0.072464243 0.005550637 0.996687651
1341845696.941841 0.032262202 0.067412809 -0.066333137 0.035170946 -0.071495809 0.007136071 0.996795058
1341845696.973560 0.031306364 0.063614421 -0.066803567 0.033753138 -0.070939563 0.009091660 0.996867895
1341845697.009723 0.031779177 0.064921945 -0.068774149 0.032954950 -0.070744574 0.009607521 0.996903658
1341845697.041678 0.032478165 0.061828740 -0.068259373 0.031310488 -0.069568150 0.009308633 0.997042239
1341845697.073636 0.033517729 0.061709881 -0.067036629 0.031709354 -0.068563685 0.008286808 0.997108221
1341845697.109770 0.033115063 0.062443186 -0.068578072 0.031844996 -0.067791440 0.007710393 0.997161388
1341845697.141787 0.033533245 0.064077877 -0.065399364 0.031510770 -0.067647561 0.008109403 0.997178555
1341845697.173791 0.035642274 0.062743492 -0.067086048 0.031438153 -0.067655966 0.008115501 0.997180223
1341845697.209803 0.036571398 0.066941515 -0.067823373 0.032297447 -0.067663349 0.009011839 0.997144580
1341845697.241685 0.036050986 0.066811755 -0.066636510 0.031866062 -0.067129731 0.008913088 0.997195423
1341845697.277780 0.036549296 0.068420276 -0.061033797 0.031742137 -0.067266099 0.010380258 0.997175992
1341845697.309575 0.035861108 0.066540450 -0.065338135 0.031231750 -0.067306601 0.009739418 0.997195840
1341845697.342252 0.035016064 0.065357648 -0.065520450 0.030866878 -0.067416757 0.010002078 0.997197151
1341845697.377604 0.034386937 0.064448223 -0.064744726 0.031027839 -0.067287117 0.009468065 0.997206151
1341845697.409528 0.034263764 0.066475786 -0.064864054 0.031200543 -0.066989936 0.008423726 0.997230113
1341845697.441666 0.032601319 0.063140586 -0.059821770 0.030728796 -0.066588797 0.009307829 0.997263789
1341845697.477718 0.030331898 0.064961433 -0.060804810 0.032114390 -0.066341206 0.009295137 0.997236729
1341845697.509822 0.033570085 0.065171063 -0.058238592 0.032143161 -0.066968583 0.008677038 0.997199416
1341845697.545892 0.031591807 0.064857587 -0.063171044 0.032039408 -0.066889867 0.008767494 0.997207284
1341845697.577742 0.033119410 0.066586122 -0.061674003 0.032795236 -0.068116829 0.009342562 0.997094393
1341845697.609653 0.032230783 0.065754749 -0.063950069 0.032702830 -0.068479918 0.009222252 0.997073710
1341845697.645769 0.035194684 0.069836982 -0.060532432 0.032958705 -0.069427304 0.010230884 0.996989906
1341845697.677795 0.035540301 0.067651935 -0.062183507 0.032334138 -0.069288947 0.009978201 0.997022569
1341845697.713520 0.035926007 0.059121095 -0.067398116 0.030595114 -0.068824738 0.008859757 0.997120142
1341845697.745975 0.040258311 0.058995936 -0.067489840 0.030106036 -0.069668494 0.009899065 0.997066677
1341845697.777683 0.039950017 0.064626746 -0.064859368 0.030750124 -0.070396505 0.011027040 0.996984065
1341845697.813673 0.040166110 0.060246415 -0.067760885 0.029397570 -0.069951177 0.010268037 0.997064292
1341845697.845793 0.039598119 0.064112090 -0.069645882 0.028528020 -0.069341041 0.009756869 0.997137308
1341845697.877887 0.041399535 0.059848357 -0.070643052 0.026865315 -0.069795877 0.010261978 0.997146666
1341845697.913637 0.042631082 0.064473331 -0.066345483 0.027350917 -0.070217669 0.010666584 0.997099638
1341845697.945734 0.037960757 0.066487946 -0.064597093 0.027075106 -0.069619104 0.009122220 0.997164428
1341845697.981763 0.042091534 0.059895672 -0.067504466 0.025602901 -0.070005864 0.008897781 0.997178257
1341845698.013639 0.040330701 0.061461702 -0.062924549 0.026214078 -0.069659062 0.008871487 0.997186899
1341845698.045700 0.038521409 0.064625271 -0.061269980 0.027135881 -0.069464564 0.008464674 0.997179389
1341845698.081804 0.037225980 0.062299978 -0.063878730 0.026492249 -0.069966495 0.008299323 0.997162938
1341845698.113733 0.033837020 0.063366137 -0.057378478 0.026890533 -0.070187747 0.008214829 0.997137427
1341845698.145605 0.037461594 0.060474452 -0.064999767 0.026843900 -0.070632666 0.007162700 0.997115374
1341845698.181637 0.038026292 0.062690221 -0.065468162 0.027111676 -0.070680372 0.006772110 0.997107506
1341845698.213981 0.034863982 0.056661449 -0.068363652 0.026446858 -0.070853464 0.005760506 0.997119427
1341845698.249641 0.037194937 0.066960320 -0.061335884 0.028746782 -0.072744228 0.007043279 0.996911407
1341845698.281737 0.033839069 0.072575592 -0.055452451 0.028260948 -0.072832145 0.006883669 0.996919990
1341845698.313940 0.039693452 0.060269091 -0.066543967 0.026289178 -0.073310465 0.005064881 0.996949732
1341845698.349629 0.038126640 0.060380965 -0.062842809 0.026578102 -0.073049411 0.004104493 0.996965706
1341845698.381667 0.040405922 0.061224919 -0.067298882 0.026734188 -0.073868744 0.004162252 0.996900856
1341845698.413724 0.033849858 0.063182980 -0.063964814 0.027217235 -0.074576475 0.005398752 0.996829212
1341845698.449543 0.037678193 0.061449632 -0.066640228 0.027505852 -0.076301157 0.005433649 0.996690571
1341845698.481693 0.041860495 0.064468309 -0.067394808 0.027783135 -0.078168951 0.005851557 0.996535718
1341845698.517644 0.038253579 0.068394989 -0.061454490 0.028521137 -0.078539118 0.005603426 0.996487200
1341845698.549633 0.038168434 0.065144747 -0.063097432 0.028731249 -0.079007581 0.004000987 0.996451855
1341845698.581773 0.040528890 0.063838921 -0.064103767 0.029248381 -0.079996549 0.001573891 0.996364713
1341845698.617608 0.038465325 0.063764833 -0.068544433 0.029532220 -0.079671673 0.000817140 0.996383250
1341845698.649887 0.040572450 0.059512869 -0.066464528 0.029309629 -0.080382615 0.000884067 0.996332645
1341845698.685838 0.044271588 0.065790050 -0.063200936 0.031640694 -0.081482336 0.000103140 0.996172428
1341845698.717744 0.047148414 0.066014148 -0.067659549 0.031064959 -0.081614658 0.000265572 0.996179640
1341845698.749680 0.043308388 0.060170181 -0.065921143 0.029664520 -0.080711111 0.001483188 0.996294916
1341845698.785826 0.042635914 0.063117102 -0.068250917 0.030010929 -0.080425702 0.001837261 0.996307015
1341845698.817603 0.043500401 0.065106630 -0.067267478 0.029661538 -0.080524594 0.001523786 0.996310055
1341845698.849705 0.042950884 0.063114509 -0.070897937 0.028460020 -0.080248825 0.000935203 0.996368051
1341845698.885714 0.043555479 0.061045226 -0.069338500 0.027928824 -0.080337122 0.000656939 0.996376157
1341845698.917723 0.048138727 0.067356147 -0.067304946 0.028083159 -0.080970176 0.001009754 0.996320307
1341845698.953706 0.045565289 0.064427897 -0.067977622 0.026878843 -0.080143675 0.001123814 0.996420205
1341845698.985694 0.046273030 0.066159576 -0.066028036 0.026705401 -0.080273673 0.001202364 0.996414304
1341845699.017571 0.042656496 0.067142926 -0.067864366 0.025957329 -0.079954125 0.001837971 0.996458828
1341845699.053593 0.043051757 0.066647723 -0.071237825 0.024634728 -0.080216132 0.002000263 0.996471047
1341845699.086340 0.044161726 0.069629192 -0.068069756 0.023199411 -0.080204070 0.001575395 0.996507227
1341845699.117688 0.040715840 0.068503037 -0.063440263 0.021339284 -0.079617389 0.001003707 0.996596575
1341845699.153695 0.040133409 0.067685224 -0.068234600 0.019802464 -0.079190016 0.000913515 0.996662438
1341845699.185845 0.045219965 0.068214647 -0.067993507 0.018658360 -0.079388514 0.000813683 0.996668816
1341845699.221973 0.041303344 0.067902029 -0.063356549 0.017641433 -0.078442611 0.000064986 0.996762514
1341845699.253571 0.039037220 0.066791564 -0.065331556 0.017307710 -0.078742690 0.000659958 0.996744514
1341845699.285622 0.042447504 0.066739716 -0.065798134 0.018276587 -0.080483444 0.001828624 0.996586680
1341845699.321906 0.041657586 0.063622534 -0.067613222 0.018386954 -0.081149057 0.001642762 0.996531010
1341845699.354916 0.043259148 0.062382277 -0.068274200 0.018038617 -0.081946611 0.002101641 0.996471226
1341845699.385859 0.047361162 0.064909011 -0.069277659 0.018738661 -0.082767501 0.002541279 0.996389449
1341845699.421535 0.043103360 0.068098679 -0.062557980 0.020048296 -0.082051754 0.001758844 0.996424854
1341845699.454093 0.044299297 0.065031730 -0.071881428 0.019333161 -0.081061043 -0.000493911 0.996521473
1341845699.489836 0.046947025 0.061129149 -0.068769857 0.018297508 -0.080653965 -0.000688085 0.996573985
1341845699.522001 0.042035241 0.063782133 -0.065897040 0.019084485 -0.080889672 0.000709156 0.996540070
1341845699.556281 0.044311043 0.067588173 -0.060453273 0.020518081 -0.081777200 0.002220944 0.996436954
1341845699.595416 0.047900438 0.075301029 -0.056034122 0.021952644 -0.082348138 0.002827662 0.996357799
1341845699.628631 0.045000479 0.076366603 -0.056499917 0.021924440 -0.080519825 0.001562673 0.996510625
1341845699.663810 0.046195336 0.070881143 -0.055634186 0.020793181 -0.079962127 0.002444996 0.996578038
1341845699.696113 0.043805778 0.074622430 -0.054338969 0.022419170 -0.079332933 0.003911717 0.996588349
1341845699.727683 0.041683078 0.077193566 -0.059948448 0.021355104 -0.078488171 0.003455472 0.996680260
1341845699.789808 0.043298319 0.074899316 -0.061690118 0.019256042 -0.077752195 0.003124335 0.996781826
1341845699.821737 0.042602118 0.076042712 -0.058405183 0.019664496 -0.077008680 0.002690319 0.996832848
1341845699.857825 0.045014933 0.075117148 -0.062625006 0.019289061 -0.077585168 0.002527509 0.996795893
1341845699.889686 0.043807887 0.074929193 -0.058177751 0.019349882 -0.077630460 0.002642897 0.996790886
1341845699.925749 0.048804656 0.073053621 -0.058213573 0.019366566 -0.077929333 0.002294030 0.996768117
1341845699.957536 0.046356898 0.073949561 -0.059728716 0.020103516 -0.077095419 0.002950090 0.996816635
1341845699.989671 0.048030563 0.074332990 -0.055093724 0.021299681 -0.078082398 0.004708664 0.996708214
1341845700.025810 0.048873097 0.074491568 -0.056932338 0.022278303 -0.078087606 0.004887001 0.996685565
1341845700.058133 0.048205949 0.074321687 -0.055314392 0.022938984 -0.077746347 0.004136905 0.996700644
1341845700.090754 0.048896763 0.075199775 -0.060309704 0.023309818 -0.077176102 0.003277692 0.996739566
1341845700.125852 0.050735228 0.076392218 -0.053613972 0.023579979 -0.077575341 0.002968128 0.996703207
1341845700.157773 0.051103923 0.075461373 -0.053567432 0.023981586 -0.077621289 0.002453000 0.996691465
1341845700.193533 0.050140712 0.078265175 -0.055601895 0.024806563 -0.076621890 0.001689169 0.996750176
1341845700.225771 0.053403299 0.075558320 -0.054273199 0.024257053 -0.076453269 0.002003894 0.996776044
1341845700.257669 0.051526729 0.076678723 -0.056676745 0.024633052 -0.075569607 0.002449855 0.996833205
1341845700.293641 0.051787958 0.076110035 -0.058569659 0.024475960 -0.075366437 0.003449486 0.996849477
1341845700.325714 0.051698916 0.074795000 -0.057120230 0.024508160 -0.075345919 0.003796083 0.996849000
1341845700.357742 0.051778406 0.077460848 -0.056133114 0.024968695 -0.074713744 0.003222508 0.996887147
1341845700.393681 0.051307850 0.076989628 -0.056256209 0.024411330 -0.073664568 0.001996551 0.996982276
1341845700.425997 0.051162835 0.077420920 -0.057186700 0.024354372 -0.073294289 0.001535045 0.997011781
1341845700.461682 0.050605461 0.076831274 -0.056866471 0.024172982 -0.073092878 0.001264747 0.997031331
1341845700.493808 0.050763715 0.078885682 -0.056309823 0.024376206 -0.072834603 0.000983500 0.997045577
1341845700.526106 0.051139254 0.078215368 -0.054644857 0.023865771 -0.072933465 0.001243308 0.997050464
1341845700.562458 0.049684193 0.079221584 -0.055040985 0.023767678 -0.072502486 0.001749397 0.997083485
1341845700.626137 0.051557135 0.077887535 -0.056304734 0.023115814 -0.072931454 0.001806697 0.997067392
1341845700.661872 0.050390057 0.078718998 -0.055706821 0.022957692 -0.071930848 0.000161908 0.997145355
1341845700.693861 0.050652366 0.078020342 -0.054187376 0.022209236 -0.071686991 0.000182963 0.997179866
1341845700.732394 0.050218657 0.075970411 -0.054136448 0.021967560 -0.072326951 0.001523385 0.997137845
1341845700.767794 0.053361379 0.077365823 -0.052767042 0.022699447 -0.073000588 0.002049453 0.997071445
1341845700.799058 0.051519327 0.076449007 -0.054366153 0.022776963 -0.072234437 0.001355797 0.997126639
1341845700.867749 0.053149529 0.079437427 -0.051492024 0.023491973 -0.072273895 0.000916367 0.997107685
1341845700.930007 0.052296333 0.076314211 -0.053495195 0.024035923 -0.073040016 0.001612487 0.997038007
1341845700.961797 0.052775752 0.077638127 -0.053162258 0.024214514 -0.072766095 0.000599703 0.997054875
1341845700.997752 0.050381765 0.076866210 -0.053824585 0.023943895 -0.072395645 -0.000003625 0.997088552
1341845701.029597 0.052648786 0.077950113 -0.053253431 0.024308259 -0.073370755 0.000154198 0.997008443
1341845701.061618 0.052586269 0.077142872 -0.054973111 0.024391798 -0.073745772 -0.000303495 0.996978700
1341845701.097561 0.051277250 0.077311538 -0.055305783 0.024592068 -0.073649310 -0.000456913 0.996980846
1341845701.129741 0.052194212 0.077899195 -0.054729350 0.024767758 -0.073471703 -0.000056334 0.996989667
1341845701.165734 0.048430715 0.078086942 -0.054294232 0.024603477 -0.072731704 -0.000041251 0.997048020
1341845701.197714 0.050629415 0.077456482 -0.055786327 0.024975881 -0.073407985 -0.000039942 0.996989191
1341845701.230497 0.052674025 0.078118660 -0.055632763 0.025292709 -0.073957324 -0.000202458 0.996940613
1341845701.265852 0.053294037 0.075451575 -0.052851427 0.025176760 -0.074616924 0.000192220 0.996894360
1341845701.297730 0.056564003 0.074037574 -0.053421289 0.025893282 -0.076005556 0.000066410 0.996771157
1341845701.329611 0.057110380 0.077903993 -0.054387581 0.026311602 -0.075830117 -0.000650615 0.996773362
1341845701.365791 0.057408683 0.076844588 -0.050086718 0.025851337 -0.075686172 -0.000637139 0.996796310
1341845701.397757 0.056884497 0.077688165 -0.050884392 0.025643013 -0.075316206 -0.001151116 0.996829271
1341845701.433542 0.053426456 0.076482065 -0.051990233 0.025014175 -0.074225120 -0.000689221 0.996927500
1341845701.465617 0.051664196 0.078681134 -0.054285780 0.025656788 -0.073937923 0.000279273 0.996932745
1341845701.497704 0.051297728 0.078531846 -0.054714341 0.025411379 -0.074126512 0.000546743 0.996924877
1341845701.533597 0.051645387 0.078286767 -0.054953363 0.024992857 -0.074237525 0.000194212 0.996927321
1341845701.597762 0.054451868 0.080133282 -0.056692228 0.024998015 -0.073744632 0.000100123 0.996963799
1341845701.633825 0.055653792 0.076133855 -0.057196755 0.025001202 -0.074163988 -0.000014648 0.996932626
1341845701.665709 0.058232334 0.077492304 -0.056256149 0.025906581 -0.074386291 0.000049805 0.996892929
1341845701.701676 0.059780132 0.076104991 -0.053443976 0.026424792 -0.074352570 0.000441325 0.996881783
1341845701.733527 0.058597665 0.075891383 -0.052836467 0.026794517 -0.074150965 -0.000172423 0.996886969
1341845701.765764 0.058773439 0.076423950 -0.052165601 0.026880335 -0.074210949 -0.000331112 0.996880174
1341845701.801701 0.058347601 0.078299262 -0.049764130 0.027236078 -0.073916934 -0.000355136 0.996892333
1341845701.833700 0.059795167 0.075734578 -0.050159704 0.027016504 -0.073973805 0.000009279 0.996894181
1341845701.865775 0.059319578 0.076706156 -0.051607847 0.027434332 -0.073911063 0.000245201 0.996887386
1341845701.901711 0.060310632 0.079645209 -0.052331261 0.027772961 -0.073847070 0.000005471 0.996882796
1341845701.933585 0.058349147 0.081349812 -0.052278697 0.027649002 -0.073205464 -0.000230654 0.996933520
1341845701.969726 0.058310080 0.080917478 -0.052310385 0.027182922 -0.073221453 -0.000184431 0.996945202
1341845702.002544 0.058024652 0.080601156 -0.051724553 0.027325660 -0.072981007 -0.000173052 0.996958911
1341845702.034379 0.059784953 0.078671433 -0.052486058 0.027280141 -0.072938427 -0.000733587 0.996963024
1341845702.101809 0.059685189 0.077846423 -0.051959738 0.027662169 -0.073300764 -0.001081255 0.996925592
1341845702.137663 0.058118537 0.079316393 -0.049438804 0.028130503 -0.073652066 -0.001015365 0.996886671
1341845702.169629 0.058977269 0.080087848 -0.046614692 0.028864885 -0.074005060 -0.001400004 0.996839046
1341845702.201769 0.063794702 0.077813640 -0.051495120 0.028778305 -0.073977657 -0.002398823 0.996841729
1341845702.237691 0.059511166 0.077029221 -0.049739044 0.028592968 -0.073047593 -0.002795969 0.996914566
1341845702.269760 0.059586521 0.073618591 -0.051930685 0.028409548 -0.073172450 -0.003154953 0.996909618
1341845702.301761 0.058794878 0.075142406 -0.052024741 0.028711515 -0.072551288 -0.004016267 0.996943235
1341845702.337713 0.056982983 0.078173101 -0.051926084 0.028838050 -0.071873054 -0.003981509 0.996988833
1341845702.369720 0.057941947 0.075672887 -0.052365161 0.028203029 -0.072520122 -0.003307028 0.996962607
1341845702.405655 0.060961716 0.078382835 -0.049130667 0.028565858 -0.073031746 -0.002725595 0.996916711
1341845702.469691 0.063295834 0.071336500 -0.053158753 0.027724016 -0.072172426 -0.003489905 0.997000694
1341845702.506265 0.061340608 0.073289476 -0.051529448 0.028234422 -0.071986273 -0.003020190 0.997001350
1341845702.569753 0.064149000 0.069758765 -0.050225735 0.027597493 -0.072898790 -0.000969836 0.996957004
1341845702.605685 0.065284707 0.074305229 -0.051546752 0.027801581 -0.073057272 -0.000890820 0.996939778
1341845702.637718 0.062715814 0.072742023 -0.050400950 0.027060052 -0.072605357 -0.001753237 0.996992052
1341845702.673733 0.063891612 0.072826169 -0.050111201 0.026967231 -0.072581127 -0.002438520 0.996994853
1341845702.705735 0.063504897 0.074514873 -0.051769152 0.026540808 -0.072029069 -0.002827893 0.997045338
1341845702.737648 0.065145291 0.078660816 -0.051073607 0.026284657 -0.071545854 -0.003738217 0.997083902
1341845702.773644 0.061766829 0.077698432 -0.055093814 0.024292732 -0.070309244 -0.005261438 0.997215509
1341845702.805893 0.061385520 0.073237456 -0.053351898 0.022597402 -0.069591701 -0.006118741 0.997300804
1341845702.837969 0.064146936 0.081731737 -0.054776516 0.022698652 -0.069276571 -0.006781073 0.997316182
1341845702.874009 0.063920781 0.078438617 -0.054378796 0.020326579 -0.068527378 -0.006718868 0.997419536
1341845702.908704 0.062745474 0.073893435 -0.050731294 0.019282077 -0.068199709 -0.006532934 0.997463942
1341845702.941673 0.062521689 0.069253974 -0.050233129 0.019303843 -0.068573751 -0.005423201 0.997444510
1341845702.973595 0.060842954 0.069712125 -0.049895272 0.021616377 -0.069604591 -0.003484381 0.997334361
1341845703.005769 0.061182939 0.073101923 -0.048961129 0.023726568 -0.071089379 -0.001746987 0.997186184
1341845703.041648 0.064307168 0.071607254 -0.052727941 0.024739180 -0.072183914 -0.001881710 0.997082710
1341845703.073714 0.068147063 0.077325679 -0.056346767 0.024689160 -0.072397970 -0.003766857 0.997063100
1341845703.109699 0.067841358 0.074066348 -0.053906702 0.022128835 -0.070601039 -0.005697260 0.997242868
1341845703.142006 0.069183260 0.073595993 -0.053617235 0.020687098 -0.069500059 -0.006558873 0.997345865
1341845703.173706 0.063304618 0.070586741 -0.052885830 0.018860657 -0.068011217 -0.007536108 0.997477770
1341845703.209732 0.062410425 0.071459226 -0.050282784 0.019001707 -0.068074331 -0.007618594 0.997470200
1341845703.242050 0.063789837 0.071110182 -0.051754501 0.019883802 -0.068527043 -0.006949058 0.997426867
1341845703.273874 0.064876206 0.072496280 -0.051613614 0.020776050 -0.069445685 -0.005829676 0.997352302
1341845703.309758 0.059963066 0.071724989 -0.051890116 0.021612998 -0.069537230 -0.005074047 0.997332275
1341845703.341850 0.061326396 0.072820023 -0.049127989 0.022181306 -0.069857821 -0.004804434 0.997298777
1341845703.377702 0.066198550 0.073792666 -0.052004162 0.022983653 -0.069810659 -0.005274962 0.997281492
1341845703.409585 0.064678766 0.074761145 -0.055560082 0.023413083 -0.069252908 -0.005756336 0.997307718
1341845703.441629 0.063045003 0.076954946 -0.053474288 0.023603231 -0.069307864 -0.006510929 0.997294784
1341845703.477741 0.061510120 0.072192289 -0.054291874 0.022834733 -0.069111951 -0.007298599 0.997320831
1341845703.509995 0.060351312 0.073127732 -0.054918084 0.023366498 -0.068776287 -0.007641589 0.997329175
1341845703.541800 0.059683446 0.072041310 -0.053270407 0.023890434 -0.068682499 -0.008334016 0.997317672
1341845703.577765 0.060828026 0.071901083 -0.053929660 0.023890201 -0.069019191 -0.009109356 0.997287631
1341845703.609650 0.058647141 0.071943410 -0.052224722 0.024529435 -0.068978891 -0.009542572 0.997270882
1341845703.651761 0.059781715 0.071730524 -0.052825384 0.024694700 -0.069538295 -0.009132769 0.997231781
1341845703.709916 0.061914295 0.074340113 -0.051992256 0.025112869 -0.071124777 -0.008263438 0.997116983
1341845703.745719 0.066992708 0.076570317 -0.053480279 0.024290560 -0.071407348 -0.009148317 0.997109473
1341845703.777733 0.066880293 0.074048825 -0.051089060 0.022686245 -0.070384942 -0.009999802 0.997211754
1341845703.809711 0.064977653 0.073618054 -0.052734897 0.022228558 -0.069548272 -0.009421699 0.997286379
1341845703.845769 0.065135725 0.074384943 -0.053097762 0.022401201 -0.069677308 -0.009751651 0.997270346
1341845703.877728 0.064975597 0.074241318 -0.053900085 0.022158949 -0.069587812 -0.009662889 0.997282863
1341845703.913808 0.067253098 0.074619740 -0.053485330 0.021752045 -0.069858849 -0.009080032 0.997278392
1341845703.945653 0.067243598 0.069330752 -0.051358249 0.021129414 -0.069489375 -0.009728296 0.997311473
1341845703.977870 0.065813474 0.071479738 -0.052050572 0.021973778 -0.069030687 -0.010072261 0.997321665
1341845704.013637 0.064846337 0.070552975 -0.049965315 0.022557955 -0.069081940 -0.009914317 0.997306645
1341845704.045703 0.065331340 0.069316737 -0.051602822 0.023408288 -0.069456160 -0.009413948 0.997265935
1341845704.077666 0.066688649 0.070482932 -0.050116684 0.023992319 -0.069897108 -0.008480255 0.997229576
1341845704.113706 0.069214486 0.073248796 -0.051399160 0.024470791 -0.069912896 -0.008450578 0.997217119
1341845704.145681 0.066029906 0.071637101 -0.052466281 0.023716914 -0.069083445 -0.008882489 0.997289360
1341845704.181785 0.064713888 0.072241910 -0.051282849 0.023520144 -0.068337351 -0.009467458 0.997340083
1341845704.213778 0.065809831 0.071679935 -0.050667472 0.023216896 -0.068557940 -0.009303325 0.997333586
1341845704.245863 0.066764720 0.073678866 -0.047869373 0.023609595 -0.068667360 -0.008698895 0.997322261
1341845704.281578 0.066093825 0.075196080 -0.050960742 0.023556836 -0.068165816 -0.008533159 0.997359335
1341845704.313707 0.071797796 0.072860740 -0.053482171 0.022265308 -0.068393536 -0.008495131 0.997373760
1341845704.349873 0.072367013 0.074538291 -0.050721664 0.022071784 -0.067052253 -0.008550820 0.997468650
1341845704.381729 0.070088774 0.074130699 -0.048634823 0.021120381 -0.065163493 -0.008775287 0.997612476
1341845704.413817 0.071403570 0.074293323 -0.045805138 0.021220379 -0.063984491 -0.008564343 0.997688472
1341845704.449837 0.073268898 0.078396887 -0.049407892 0.021674579 -0.062564306 -0.008576968 0.997768700
1341845704.481600 0.071052440 0.074171267 -0.051754855 0.019897303 -0.060524944 -0.009054815 0.997927248
1341845704.513671 0.064207897 0.067453794 -0.046828698 0.020114440 -0.059169829 -0.008840765 0.998006105
1341845704.549869 0.064171985 0.067992158 -0.045437589 0.024492942 -0.060405578 -0.005296682 0.997859299
1341845704.581901 0.059682243 0.067678146 -0.046740696 0.028645936 -0.061679568 -0.004101404 0.997676373
1341845704.617838 0.066229701 0.072578266 -0.046721119 0.031181734 -0.063463487 -0.004869709 0.997485042
1341845704.650477 0.065706864 0.072221093 -0.048685748 0.031551935 -0.063258931 -0.006196233 0.997479022
1341845704.681708 0.060602009 0.070312776 -0.047300767 0.032335442 -0.063091919 -0.006584583 0.997462034
1341845704.717704 0.057549179 0.069199398 -0.046679545 0.033409793 -0.063916780 -0.006973069 0.997371435
1341845704.749702 0.064702272 0.074035197 -0.051340595 0.034403600 -0.065184563 -0.008045833 0.997247517
1341845704.781791 0.061182417 0.073403947 -0.047700454 0.033503924 -0.064292096 -0.009829557 0.997320116
1341845704.817744 0.056467962 0.065534979 -0.050252266 0.032769278 -0.063949004 -0.011180560 0.997352362
1341845704.849705 0.060862415 0.066869199 -0.055215344 0.034736618 -0.066191569 -0.011597951 0.997134686
1341845704.885675 0.059321739 0.070148185 -0.054028559 0.035241809 -0.067032680 -0.011815549 0.997058213
1341845704.917742 0.063030094 0.072240964 -0.054524876 0.034935404 -0.068094291 -0.011714103 0.996998250
1341845704.949746 0.062157441 0.070551336 -0.056700911 0.034101628 -0.068409748 -0.013217001 0.996986687
1341845704.985761 0.058526080 0.071946852 -0.055122089 0.033583555 -0.068325371 -0.014249376 0.996995866
1341845705.017537 0.057300396 0.073364459 -0.052417964 0.033095803 -0.068663850 -0.014359281 0.996987343
1341845705.049660 0.060674004 0.075671084 -0.053457964 0.032549795 -0.069390520 -0.014623068 0.996951163
1341845705.085710 0.057512283 0.072789982 -0.051801864 0.031648278 -0.069560654 -0.015219083 0.996959448
1341845705.117831 0.059801150 0.074199013 -0.055828374 0.031848785 -0.070538580 -0.015817888 0.996874988
1341845705.154005 0.061292678 0.074171036 -0.057661522 0.030540805 -0.070703536 -0.016387125 0.996895075
1341845705.185648 0.059578463 0.071727224 -0.052676067 0.029365359 -0.070407383 -0.016087851 0.996956170
1341845705.217695 0.057301871 0.072942883 -0.052291531 0.029567845 -0.069580160 -0.016428620 0.997002780
1341845705.253735 0.061311163 0.076214522 -0.052022222 0.029325493 -0.069810823 -0.015908813 0.997002184
1341845705.285554 0.057950381 0.073031299 -0.050163589 0.028571036 -0.069574140 -0.015895184 0.997040868
1341845705.321646 0.059274260 0.075978443 -0.050460991 0.029540109 -0.070124820 -0.015019909 0.996987641
1341845705.353674 0.057947904 0.076066002 -0.049422197 0.029665824 -0.070371114 -0.013941131 0.996982157
1341845705.385774 0.062530540 0.075887837 -0.049750514 0.030088956 -0.071203157 -0.013965932 0.996910095
1341845705.421801 0.058161382 0.072867326 -0.050149776 0.030688088 -0.070076436 -0.015045359 0.996955931
1341845705.453568 0.058611870 0.076226734 -0.044589426 0.033525962 -0.070549786 -0.013862893 0.996848345
1341845705.485749 0.060296543 0.076557025 -0.046484243 0.035428863 -0.071830176 -0.012459214 0.996709585
1341845705.521655 0.061619952 0.076651163 -0.048204623 0.036695320 -0.072290324 -0.011541634 0.996641517
1341845705.553548 0.061963677 0.078302883 -0.049220115 0.037583340 -0.072577484 -0.010848062 0.996595383
1341845705.589775 0.064480200 0.082603715 -0.046929475 0.037956160 -0.072772533 -0.010713791 0.996568441
1341845705.621894 0.056977503 0.080460817 -0.049101915 0.037731636 -0.071793631 -0.010491737 0.996650338
1341845705.653569 0.055453271 0.075436898 -0.051302131 0.036959659 -0.073999047 -0.009635996 0.996526599
1341845705.689868 0.063408144 0.080533072 -0.046127092 0.038369041 -0.076743044 -0.009911810 0.996263087
1341845705.721810 0.064362749 0.078946143 -0.047203772 0.037923682 -0.075992189 -0.010461447 0.996332049
1341845705.753738 0.062483929 0.078415439 -0.044710338 0.037719037 -0.075116634 -0.011434400 0.996395528
1341845705.789861 0.064576805 0.079731129 -0.043201674 0.037881520 -0.074456833 -0.010715757 0.996446848
1341845705.821704 0.056504451 0.080265708 -0.044102158 0.037773076 -0.072559625 -0.010826306 0.996589780
1341845705.863629 0.057841096 0.075265348 -0.046554770 0.037611321 -0.073699266 -0.010738923 0.996513188
1341845705.895623 0.057503533 0.076173007 -0.047224388 0.039452445 -0.075191520 -0.008680235 0.996350527
1341845705.931726 0.057205614 0.079130158 -0.045540359 0.041285731 -0.077770054 -0.006662883 0.996093810
1341845705.963641 0.058219258 0.082989722 -0.044667944 0.041798159 -0.079603769 -0.008529346 0.995913386
1341845705.995677 0.059675954 0.086765833 -0.041547831 0.040774137 -0.079179719 -0.013438894 0.995935440
1341845706.031837 0.063239746 0.084624186 -0.044468258 0.037890889 -0.077513322 -0.014512215 0.996165335
1341845706.063631 0.051035084 0.081399061 -0.041225202 0.036638867 -0.076710239 -0.013943183 0.996282458
1341845706.095737 0.053750608 0.083962411 -0.039173223 0.037274089 -0.078721680 -0.015123407 0.996084750
1341845706.131716 0.063128017 0.087308094 -0.037048407 0.036606636 -0.079413511 -0.016220069 0.996037364
1341845706.163718 0.057961129 0.083799876 -0.034814656 0.035628635 -0.077437580 -0.015057381 0.996246636
1341845706.195662 0.055705320 0.089273624 -0.032550633 0.037118100 -0.077703029 -0.013950394 0.996187687
1341845706.231610 0.062335242 0.089127429 -0.031047130 0.036035120 -0.078060299 -0.013879758 0.996200502
1341845706.263724 0.067986041 0.088736773 -0.033369280 0.034799114 -0.076938115 -0.012579248 0.996348977
1341845706.299838 0.060305648 0.087956123 -0.034746401 0.033674341 -0.075489916 -0.011759352 0.996508420
1341845706.331753 0.062251750 0.085397340 -0.036401842 0.032776494 -0.076289818 -0.012923243 0.996463060
1341845706.363574 0.062026538 0.081656568 -0.032680627 0.031951673 -0.076138146 -0.012923394 0.996501386
1341845706.399690 0.064197250 0.080628626 -0.034480326 0.031962015 -0.076821595 -0.012411617 0.996455133
1341845706.431735 0.065958537 0.084301963 -0.031209305 0.033037335 -0.076808013 -0.012189987 0.996423841
1341845706.463612 0.065521255 0.082692049 -0.030012758 0.032512091 -0.075879745 -0.010468993 0.996531785
1341845706.499655 0.064041018 0.080807872 -0.029138148 0.032990571 -0.076478660 -0.008924950 0.996485353
1341845706.531782 0.069502719 0.082009718 -0.030616989 0.033862352 -0.077895023 -0.009018304 0.996345520
1341845706.563559 0.075465165 0.079150878 -0.028839760 0.033784270 -0.076377280 -0.009138563 0.996464550
1341845706.599529 0.062961750 0.078412585 -0.023270113 0.034815218 -0.073552556 -0.009575936 0.996637464
1341845706.631786 0.065619692 0.079670608 -0.023374436 0.036654834 -0.075356424 -0.010314171 0.996429324
1341845706.667647 0.070730112 0.082715847 -0.023861049 0.038048133 -0.074953943 -0.010331474 0.996407270
1341845706.700732 0.067390971 0.079443224 -0.025657032 0.037557505 -0.072171755 -0.010010033 0.996634603
1341845706.732115 0.068111144 0.079436027 -0.025995281 0.038370177 -0.072038993 -0.009144085 0.996621549
1341845706.768143 0.069540560 0.080867983 -0.024133222 0.039212734 -0.071751617 -0.007995364 0.996619344
1341845706.800357 0.068284243 0.079704143 -0.024551308 0.039603785 -0.070937343 -0.006185609 0.996675074
1341845706.832602 0.069185935 0.081448175 -0.025902746 0.039890505 -0.071095511 -0.006560107 0.996649981
1341845706.869449 0.066853337 0.083461240 -0.025527872 0.039519142 -0.070497334 -0.006591471 0.996707022
1341845706.933651 0.070664585 0.080017924 -0.024207484 0.038134146 -0.071776465 -0.005401844 0.996676862
1341845706.994021 0.068218708 0.079790331 -0.026740870 0.036929261 -0.070996121 -0.004088187 0.996784389
1341845707.029674 0.068764940 0.076464690 -0.027664384 0.036997657 -0.071484305 -0.002771421 0.996751428
1341845707.061864 0.071034521 0.078512676 -0.028251316 0.037898999 -0.071455799 -0.002807529 0.996719539
1341845707.097704 0.072921030 0.074046023 -0.025669081 0.037567385 -0.070563190 -0.001871214 0.996797860
1341845707.129770 0.071095094 0.071621902 -0.027261335 0.039460380 -0.070293270 -0.001097113 0.996744931
1341845707.161817 0.073965639 0.072202429 -0.027683156 0.041863691 -0.071111560 -0.000635626 0.996589303
1341845707.197721 0.076133966 0.072945423 -0.026127024 0.042870503 -0.070198700 -0.000911170 0.996610999
1341845707.229795 0.074366927 0.071391545 -0.027043790 0.043237422 -0.068967581 -0.001635978 0.996680140
1341845707.261851 0.076567888 0.071072116 -0.026621122 0.043655485 -0.069140233 -0.000561850 0.996651173
1341845707.297710 0.079497077 0.074431218 -0.023794085 0.044239506 -0.068826303 -0.000125430 0.996647239
1341845707.329761 0.079967730 0.072562255 -0.024102235 0.043429013 -0.067155860 -0.001365105 0.996795952
1341845707.365850 0.080650948 0.068248779 -0.022524770 0.043224439 -0.065780632 0.000094441 0.996897459
1341845707.397796 0.079553336 0.067192912 -0.023762034 0.044204026 -0.065682590 0.002886707 0.996856809
1341845707.429752 0.082002930 0.065112412 -0.026371401 0.044953212 -0.065860480 0.003165529 0.996810734
1341845707.465767 0.085625909 0.067172237 -0.023241090 0.046325903 -0.064763293 0.002400044 0.996821880
1341845707.497642 0.085763194 0.066830419 -0.023340901 0.046777181 -0.063211128 0.002838510 0.996899247
1341845707.533665 0.088292539 0.064795308 -0.023724755 0.047340430 -0.062363438 0.003779437 0.996922970
1341845707.565754 0.090919845 0.064905189 -0.022292268 0.048269320 -0.060598854 0.003086671 0.996989667
1341845707.597603 0.092207581 0.064929128 -0.022773935 0.048680514 -0.058826730 0.003156195 0.997075558
1341845707.633748 0.088661574 0.065330699 -0.021573830 0.049050473 -0.058173250 0.004503222 0.997090578
1341845707.665870 0.093024150 0.066592507 -0.019624693 0.049821999 -0.059018213 0.005178584 0.996999383
1341845707.698455 0.096603692 0.069109440 -0.015801499 0.049670421 -0.058798485 0.005190117 0.997019887
1341845707.734303 0.092955336 0.066386655 -0.019960111 0.048572198 -0.057524849 0.003602918 0.997155249
1341845707.766259 0.093146607 0.063499905 -0.018002816 0.048297890 -0.058035091 0.004119994 0.997137070
1341845707.836344 0.090308234 0.065107524 -0.021043269 0.050139278 -0.057386819 0.003205860 0.997087002
1341845707.866230 0.091889560 0.069774806 -0.018230127 0.050637130 -0.058371935 0.003555852 0.997003496
1341845707.901694 0.092677072 0.066992141 -0.021912437 0.049702868 -0.058710441 0.004324590 0.997027576
1341845707.933640 0.088324822 0.065318584 -0.020400245 0.049714793 -0.058523532 0.004354918 0.997037828
1341845707.965831 0.095292039 0.067554541 -0.017943008 0.050473206 -0.059908502 0.004345195 0.996917546
1341845708.001954 0.091355734 0.064468034 -0.019818293 0.049824730 -0.058514833 0.004495066 0.997032225
1341845708.034393 0.092175670 0.065593913 -0.018974748 0.050335661 -0.059496004 0.003970459 0.996950746
1341845708.069946 0.093790971 0.069025576 -0.015249498 0.050580502 -0.059908058 0.003955918 0.996913731
1341845708.101700 0.090169273 0.064486228 -0.014806486 0.049342595 -0.059197769 0.003456606 0.997020066
1341845708.133697 0.091270968 0.062866449 -0.015342474 0.049595751 -0.060374703 0.003204534 0.996937752
1341845708.169675 0.095345646 0.065210603 -0.015603864 0.049936425 -0.061485149 0.003155266 0.996853054
1341845708.201793 0.089555845 0.060655810 -0.018989181 0.048845582 -0.060116485 0.001465489 0.996994495
1341845708.233744 0.088368587 0.060126513 -0.021172490 0.049202763 -0.060837813 0.001467341 0.996933162
1341845708.269711 0.089976959 0.060561214 -0.019747134 0.049734816 -0.061936691 0.001841963 0.996838450
1341845708.301629 0.089618638 0.063118011 -0.022527730 0.050424859 -0.062365074 0.000869529 0.996778429
1341845708.337612 0.092046298 0.064053640 -0.022463625 0.049958199 -0.062428322 -0.000593865 0.996798158
1341845708.369900 0.087703295 0.061400682 -0.023093054 0.049202308 -0.061369468 -0.001249915 0.996900856
1341845708.401883 0.092037588 0.064362079 -0.019862257 0.049866289 -0.063001938 -0.001122334 0.996766210
1341845708.443610 0.093702562 0.064973310 -0.021368006 0.050224539 -0.063114621 -0.001277039 0.996740878
1341845708.501776 0.090510949 0.066069752 -0.020358585 0.049726557 -0.064125530 -0.000906634 0.996701717
1341845708.543852 0.092735000 0.065640964 -0.021182954 0.050008129 -0.066377662 -0.000382654 0.996540546
1341845708.605675 0.092426158 0.069824167 -0.021869769 0.049788997 -0.067594290 -0.002964177 0.996465385
1341845708.637641 0.084954999 0.067366600 -0.024667716 0.049444407 -0.068418317 -0.003876470 0.996423185
1341845708.669692 0.090781756 0.071887136 -0.023453899 0.050242741 -0.070842482 -0.004538683 0.996211052
1341845708.705736 0.090796314 0.073241115 -0.023398504 0.049407747 -0.070402876 -0.005506820 0.996279061
1341845708.738027 0.084494568 0.069806352 -0.027237266 0.048499558 -0.070288137 -0.006373302 0.996326625
1341845708.773829 0.086594433 0.073390208 -0.024662590 0.049143292 -0.072748005 -0.006599518 0.996116996
1341845708.805763 0.087097555 0.074013598 -0.023900140 0.048308909 -0.072833143 -0.007909751 0.996142089
1341845708.838653 0.086030498 0.070995666 -0.022676701 0.047562230 -0.073405653 -0.008669359 0.996129632
1341845708.873912 0.087220311 0.074829705 -0.022149768 0.048307329 -0.074896619 -0.009861903 0.995971739
1341845708.905735 0.085991390 0.074571706 -0.024112068 0.047850497 -0.074855223 -0.010712590 0.995988071
1341845708.938426 0.085474536 0.073952176 -0.024135981 0.047692999 -0.075578012 -0.012199913 0.995923936
1341845708.973642 0.081957214 0.074053191 -0.026650608 0.047773182 -0.075950339 -0.011869957 0.995895743
1341845709.005742 0.083727352 0.075277723 -0.025330154 0.047517184 -0.077129371 -0.012695321 0.995807230
1341845709.041686 0.082008205 0.076128960 -0.028132973 0.047663763 -0.077257097 -0.013727024 0.995776594
1341845709.073656 0.082716070 0.076875135 -0.028703058 0.047383193 -0.077941582 -0.014480139 0.995725989
1341845709.105658 0.079082832 0.075390302 -0.029541170 0.047056075 -0.078206018 -0.015259161 0.995709121
1341845709.141741 0.083169103 0.076346494 -0.028634073 0.047115806 -0.080255732 -0.015729742 0.995535851
1341845709.173646 0.082208276 0.076843746 -0.029018149 0.046651173 -0.079936191 -0.015581496 0.995585799
1341845709.205765 0.082210474 0.079925790 -0.027313214 0.046611764 -0.080202445 -0.015382510 0.995569348
1341845709.241765 0.084698543 0.080406547 -0.027274931 0.046165962 -0.080486126 -0.015488467 0.995565534
1341845709.273754 0.082882121 0.077270247 -0.027755465 0.045284200 -0.079819776 -0.015232168 0.995663643
1341845709.309890 0.082885303 0.075853989 -0.028274762 0.045011941 -0.080063656 -0.013950177 0.995675206
1341845709.341728 0.082643755 0.078316577 -0.027790729 0.044785652 -0.080340624 -0.013299625 0.995671988
1341845709.373776 0.079627030 0.081123732 -0.030237172 0.043940660 -0.079633124 -0.013512785 0.995763600
1341845709.409657 0.079736322 0.083341688 -0.032364745 0.042310134 -0.079611093 -0.012023340 0.995855093
1341845709.442072 0.078304961 0.082095399 -0.033283271 0.040039647 -0.079860948 -0.010043473 0.995950878
1341845709.473660 0.076730765 0.083315827 -0.034718931 0.038646832 -0.079983920 -0.009500884 0.996001363
1341845709.509632 0.076396279 0.085502490 -0.034964722 0.037058864 -0.079839863 -0.009085200 0.996077180
1341845709.541673 0.075070053 0.084796101 -0.032843489 0.034971952 -0.080767773 -0.008745934 0.996080875
1341845709.578645 0.074701458 0.083305269 -0.032626595 0.033840336 -0.081776738 -0.009040324 0.996034980
1341845709.609672 0.076506443 0.084008239 -0.030618776 0.033632737 -0.083532564 -0.009714281 0.995889962
1341845709.642057 0.076498576 0.082560532 -0.030041838 0.033111218 -0.084507771 -0.008894266 0.995832801
1341845709.709730 0.080373332 0.084976986 -0.029919017 0.032560017 -0.086368345 -0.009892240 0.995681942
1341845709.745593 0.077509299 0.085154660 -0.032875735 0.031913564 -0.085542493 -0.009847556 0.995774567
1341845709.777709 0.075936913 0.082220070 -0.031733088 0.030864913 -0.085788921 -0.008879572 0.995795548
1341845709.809687 0.078443795 0.085445791 -0.031903822 0.031662822 -0.086266473 -0.010064935 0.995717943
1341845709.845686 0.081512600 0.085854039 -0.031036962 0.031576667 -0.084916897 -0.012182409 0.995813012
1341845709.878752 0.078636102 0.083817065 -0.032341633 0.031120811 -0.082581431 -0.013103304 0.996012092
1341845709.909693 0.075283900 0.079151049 -0.035929400 0.031375751 -0.081804335 -0.012486368 0.996076167
1341845709.945663 0.075636767 0.078391492 -0.035909653 0.032924056 -0.082995683 -0.011588446 0.995938480
1341845709.977698 0.078856722 0.082330853 -0.033986241 0.034924313 -0.083692990 -0.011309807 0.995815158
1341845710.013739 0.078585997 0.079494379 -0.035724901 0.035193931 -0.082876109 -0.012429653 0.995860636
1341845710.045754 0.076481633 0.079369955 -0.035143416 0.035832696 -0.081989780 -0.012765463 0.995907009
1341845710.077705 0.078294538 0.081935756 -0.036606312 0.036325276 -0.082713410 -0.012916701 0.995827377
1341845710.113730 0.080279432 0.080391653 -0.035057008 0.036166895 -0.082640402 -0.012740887 0.995841444
1341845710.145759 0.077978611 0.080710225 -0.035253230 0.036300991 -0.082474574 -0.012142860 0.995857775
1341845710.177824 0.078590706 0.078861810 -0.037543863 0.036500137 -0.083265722 -0.012315696 0.995782554
1341845710.213581 0.080312014 0.079856165 -0.036827385 0.036998015 -0.083550721 -0.012182348 0.995741963
1341845710.245636 0.076828785 0.075991414 -0.038258482 0.037222315 -0.083281994 -0.012813835 0.995748162
1341845710.281582 0.073467508 0.076358370 -0.040471554 0.039383981 -0.084472366 -0.014579104 0.995540440
1341845710.313617 0.079635613 0.082770243 -0.038329512 0.040823344 -0.085907631 -0.014248014 0.995364428
1341845710.345643 0.076484330 0.079988174 -0.039296161 0.040408332 -0.084924191 -0.013840456 0.995471478
1341845710.381860 0.074769795 0.078767650 -0.038202517 0.040903769 -0.085326813 -0.013806561 0.995417297
1341845710.413817 0.079448864 0.081992671 -0.037490584 0.041637409 -0.086282425 -0.013464155 0.995309174
1341845710.445824 0.077845395 0.079974025 -0.038852602 0.040574834 -0.085304677 -0.012771500 0.995446503
1341845710.481794 0.077444546 0.078008935 -0.039431922 0.040344551 -0.086254731 -0.013275119 0.995367348
1341845710.513650 0.078942306 0.078103840 -0.038890872 0.040447466 -0.086477876 -0.012425886 0.995354831
1341845710.549635 0.077687256 0.077239864 -0.039505586 0.040954690 -0.086443998 -0.011915236 0.995343268
1341845710.581654 0.075562321 0.079079725 -0.041009791 0.042224154 -0.086450882 -0.011919106 0.995289564
1341845710.613694 0.078146495 0.079734832 -0.041048422 0.042243991 -0.086437248 -0.010912815 0.995301425
1341845710.649564 0.075897284 0.077550046 -0.039950252 0.042264532 -0.085970528 -0.010869629 0.995341480
1341845710.681648 0.080619991 0.077978149 -0.040735621 0.043130696 -0.086866930 -0.010945899 0.995225668
1341845710.713728 0.081175424 0.077550150 -0.038252093 0.043174770 -0.086193547 -0.010274384 0.995289385
1341845710.749785 0.078533925 0.078151740 -0.037654448 0.043633085 -0.085317940 -0.009854025 0.995349109
1341845710.781816 0.079325788 0.077129744 -0.039153732 0.044071872 -0.085525081 -0.010357608 0.995306909
1341845710.817567 0.080849074 0.080236740 -0.038969867 0.044607248 -0.085090697 -0.010653911 0.995317161
1341845710.850205 0.083416507 0.080275208 -0.035976626 0.044068824 -0.084854141 -0.008893709 0.995378613
1341845710.882136 0.081251048 0.076825954 -0.037861276 0.043298490 -0.085004434 -0.008541360 0.995402694
1341845710.917631 0.084282212 0.079603359 -0.035551969 0.043766223 -0.085496232 -0.009048358 0.995335639
1341845710.950281 0.081010558 0.078763761 -0.034881301 0.043511204 -0.084059924 -0.009152392 0.995468199
1341845710.985647 0.078652591 0.075047962 -0.036701079 0.044293754 -0.084631480 -0.009090357 0.995385826
1341845711.017722 0.081634425 0.080828935 -0.037519809 0.046425126 -0.086462900 -0.010732113 0.995114923
1341845711.049965 0.086551391 0.083101928 -0.037263643 0.045475848 -0.085123561 -0.012619350 0.995252073
1341845711.085583 0.081754580 0.077354476 -0.037103586 0.043593653 -0.082136720 -0.012089226 0.995593786
1341845711.117670 0.078887545 0.074964032 -0.037271231 0.044018846 -0.082972355 -0.011204166 0.995516121
1341845711.149770 0.085106440 0.080081098 -0.036084134 0.044876833 -0.084219627 -0.010366517 0.995382190
1341845711.191691 0.084017709 0.078064308 -0.034581464 0.043462217 -0.082500413 -0.010859833 0.995583653
1341845711.253627 0.083501674 0.075327337 -0.039678134 0.044251457 -0.084734410 -0.010770614 0.995362163
1341845711.285627 0.089685991 0.077453747 -0.035568018 0.043527078 -0.085906655 -0.010857143 0.995292723
1341845711.317874 0.087922223 0.078652091 -0.036921859 0.042916745 -0.084732585 -0.011378162 0.995414019
1341845711.353756 0.090117320 0.083043538 -0.037679080 0.042279828 -0.084336653 -0.012462083 0.995461941
1341845711.385687 0.085290439 0.081329979 -0.036458664 0.040447310 -0.081696637 -0.013289455 0.995747507
1341845711.417635 0.082728565 0.076279536 -0.035791565 0.039391648 -0.081031874 -0.012383131 0.995855808
1341845711.485895 0.086267762 0.080339089 -0.033266943 0.041915387 -0.083890557 -0.010741521 0.995535076
1341845711.521704 0.083742380 0.077460796 -0.035985552 0.041861456 -0.082579836 -0.010077791 0.995653868
1341845711.553696 0.084634095 0.081249021 -0.035174038 0.042951398 -0.082546920 -0.010053390 0.995610416
1341845711.585708 0.090238154 0.083791219 -0.034182567 0.042272564 -0.082659684 -0.010076114 0.995629907
1341845711.621659 0.086486697 0.079306915 -0.034311727 0.041166201 -0.080703668 -0.010580053 0.995831430
1341845711.653731 0.082138568 0.079908259 -0.037427891 0.041587185 -0.080373138 -0.010350748 0.995843112
1341845711.685758 0.086446770 0.080815226 -0.036984991 0.041681003 -0.081163235 -0.009581003 0.995782793
1341845711.721850 0.087246314 0.077936783 -0.035795882 0.041538965 -0.081269294 -0.008782423 0.995787442
1341845711.754323 0.082409114 0.076923288 -0.035940766 0.041751236 -0.081456326 -0.008379040 0.995766819
1341845711.789716 0.086604834 0.079450965 -0.035692677 0.042270165 -0.082774296 -0.008264525 0.995637119
1341845711.821820 0.086737968 0.078694098 -0.035509583 0.042371776 -0.082528390 -0.008479847 0.995651424
1341845711.854173 0.086359389 0.079623073 -0.036067978 0.042851675 -0.082247779 -0.009918203 0.995640814
1341845711.889875 0.092351072 0.082002625 -0.034423187 0.042628333 -0.081621170 -0.010178268 0.995699346
1341845711.923959 0.089492276 0.082014322 -0.034202747 0.041750293 -0.079321474 -0.010260227 0.995921552
1341845711.957595 0.086201854 0.079293810 -0.034663320 0.040642459 -0.078605086 -0.011928869 0.996005595
1341845711.989820 0.092721894 0.083615661 -0.032173902 0.040626518 -0.078821540 -0.012551235 0.995981514
1341845712.057899 0.084203281 0.080918066 -0.036101375 0.038991347 -0.077112213 -0.010929860 0.996199727
1341845712.090038 0.095514834 0.083992474 -0.033013403 0.038641345 -0.077927940 -0.013356608 0.996120334
1341845712.127587 0.087807514 0.082790762 -0.034656689 0.036914770 -0.074168295 -0.013981349 0.996464193
1341845712.195638 0.085546248 0.079567723 -0.030814843 0.038625691 -0.079084978 -0.012037122 0.996046543
1341845712.257830 0.091148943 0.083050981 -0.034478068 0.037464581 -0.076430276 -0.014415067 0.996266544
1341845712.289935 0.085287444 0.080169231 -0.037853584 0.037539784 -0.076215185 -0.013988855 0.996286273
