1341845688.561749 0.000000000 0.000000000 0.000000000 0.000000000 0.000000000 0.000000000 1.000000000
1341845688.593654 -0.003731109 -0.003414829 -0.001048113 0.000195131 -0.002689049 0.003693588 0.999989569
1341845688.629688 -0.010122917 0.001848297 -0.008594248 0.002445548 -0.006939038 0.007476747 0.999944985
1341845688.663680 -0.011834544 -0.007279221 -0.016010588 0.002618040 -0.011805796 0.013064197 0.999841571
1341845688.697719 -0.015645757 -0.011358446 -0.021060929 0.005265091 -0.016784826 0.019078899 0.999663234
1341845688.729899 -0.017786786 -0.001854089 -0.022759449 0.011159941 -0.023031240 0.020669868 0.999458730
1341845688.761762 -0.007985247 -0.000979234 -0.017158812 0.013486079 -0.027659627 0.021044035 0.999304891
1341845688.797687 -0.003840729 0.001022861 -0.024352759 0.015028008 -0.027150702 0.020566752 0.999306738
1341845688.829892 -0.002850945 0.005240418 -0.025669556 0.015341300 -0.025376305 0.018712075 0.999385118
1341845688.865774 -0.009456006 0.008376809 -0.027111545 0.015330344 -0.023940023 0.018605914 0.999422669
1341845688.929779 -0.017593512 0.007718083 -0.041701842 0.015240348 -0.029005136 0.021232128 0.999237537
1341845688.965631 -0.016047884 0.009389360 -0.041913453 0.014957204 -0.032806940 0.020906547 0.999131083
1341845688.997750 -0.009335738 0.022759266 -0.044435598 0.015349519 -0.033386577 0.018040465 0.999161780
1341845689.029751 -0.003881909 0.034250170 -0.039832558 0.013114872 -0.031919297 0.012444849 0.999326885
1341845689.065755 -0.013503812 0.052117884 -0.040126286 0.012068996 -0.028377740 0.009124233 0.999482751
1341845689.097725 -0.014781799 0.051891360 -0.039131314 0.008024394 -0.027579414 0.011496986 0.999521255
1341845689.133718 -0.017103890 0.061373923 -0.035368308 0.007302814 -0.026227308 0.014714812 0.999521017
1341845689.165884 -0.021035483 0.064222634 -0.037640367 0.004776082 -0.024733908 0.018301902 0.999515116
1341845689.198264 -0.020269245 0.063969515 -0.035543323 0.000959569 -0.024758331 0.021244522 0.999467254
1341845689.234322 -0.016616952 0.062475555 -0.037080500 -0.001532804 -0.024484238 0.022806134 0.999438882
1341845689.265745 -0.026167443 0.060616992 -0.041828424 -0.003227046 -0.022439400 0.024583401 0.999440670
1341845689.297769 -0.026270373 0.064394072 -0.043345038 -0.003765078 -0.022792445 0.024262076 0.999438703
1341845689.333650 -0.025744418 0.067668304 -0.040893167 -0.004080161 -0.021973120 0.024292240 0.999455035
1341845689.365881 -0.028463591 0.058860209 -0.044242308 -0.005364007 -0.021190183 0.023979049 0.999473453
1341845689.401592 -0.027249454 0.058439240 -0.043758262 -0.004582242 -0.022211142 0.023640258 0.999463260
1341845689.433744 -0.028430499 0.060808938 -0.043898061 -0.003352849 -0.022921499 0.022878842 0.999469817
1341845689.465651 -0.024110824 0.053234149 -0.041659541 -0.001552233 -0.025249543 0.023142416 0.999412060
1341845689.501840 -0.027697729 0.057470232 -0.049226709 0.003015170 -0.028089369 0.019732192 0.999406099
1341845689.533687 -0.022997925 0.058825161 -0.046620995 0.005123226 -0.030466985 0.015246260 0.999406338
1341845689.565814 -0.027413243 0.055315662 -0.047649711 0.006997165 -0.029558072 0.011681618 0.999470294
1341845689.601682 -0.032366339 0.047560986 -0.052939359 0.008457982 -0.030747674 0.008852702 0.999452174
1341845689.633591 -0.033515468 0.050858382 -0.057152271 0.010954134 -0.033417881 0.004245278 0.999372423
1341845689.669672 -0.030726828 0.050573304 -0.057677846 0.011718390 -0.035586994 0.003329098 0.999292374
1341845689.701700 -0.038941350 0.049752571 -0.060652170 0.012580540 -0.036519151 0.003201830 0.999248624
1341845689.733773 -0.039094515 0.051365566 -0.060231533 0.013003691 -0.039281603 0.001053820 0.999143004
1341845689.769822 -0.031234246 0.049401451 -0.059857432 0.012900375 -0.042265311 -0.000163447 0.999023139
1341845689.802003 -0.040428039 0.048568517 -0.061008181 0.012987562 -0.042483285 -0.000837170 0.999012411
1341845689.833757 -0.045814916 0.053458095 -0.058835939 0.014838149 -0.044592328 -0.002251774 0.998892546
1341845689.869861 -0.040561445 0.057910837 -0.057477124 0.016435998 -0.047767378 -0.003553016 0.998716950
1341845689.901825 -0.044634081 0.058880173 -0.057278894 0.016816335 -0.048457585 -0.003639129 0.998677015
1341845689.937674 -0.039676540 0.061082374 -0.055281676 0.018184317 -0.051865023 -0.002902741 0.998484313
1341845689.969679 -0.033002455 0.065916233 -0.056296352 0.019043475 -0.054195534 -0.002123000 0.998346508
1341845690.003830 -0.038983177 0.065160073 -0.057426561 0.018590624 -0.053163137 -0.003282994 0.998407364
1341845690.037686 -0.040398467 0.058844272 -0.060889386 0.017789876 -0.053136934 -0.004675538 0.998417795
1341845690.069636 -0.034104135 0.061951704 -0.060435310 0.018695073 -0.053814068 -0.003971248 0.998368084
1341845690.106587 -0.035950780 0.062021125 -0.062542677 0.018476160 -0.053999931 -0.003666795 0.998363256
1341845690.138859 -0.031314932 0.059510749 -0.060782071 0.017732926 -0.055167641 -0.004604427 0.998309016
1341845690.169919 -0.033060227 0.061796170 -0.060330756 0.018436620 -0.054182079 -0.004001413 0.998352826
1341845690.206103 -0.032645255 0.064003691 -0.062035367 0.018172991 -0.054366097 -0.003306312 0.998350203
1341845690.237700 -0.028249776 0.060435921 -0.058225114 0.016999932 -0.055835124 -0.003637076 0.998288631
1341845690.269981 -0.034287166 0.064992532 -0.057926517 0.018699730 -0.056131009 -0.004351553 0.998238802
1341845690.306143 -0.027961662 0.061034322 -0.061161958 0.018224413 -0.058224052 -0.005317192 0.998123050
1341845690.338646 -0.039502762 0.066300794 -0.061328929 0.018166577 -0.056231242 -0.004959904 0.998240173
1341845690.373833 -0.038141862 0.064459115 -0.060132969 0.016854027 -0.057017908 -0.004982917 0.998218477
1341845690.405976 -0.037981059 0.065779738 -0.060747888 0.017337797 -0.057011068 -0.006796110 0.998199880
1341845690.437908 -0.036935784 0.065805063 -0.060451917 0.017414723 -0.056835439 -0.006224562 0.998212278
1341845690.473654 -0.036500722 0.062199205 -0.060188942 0.016639393 -0.057707343 -0.004792557 0.998183370
1341845690.505978 -0.037961129 0.062774666 -0.060098764 0.017430751 -0.059053607 -0.005376512 0.998088121
1341845690.537884 -0.035235517 0.067770690 -0.058358055 0.018601369 -0.059423629 -0.007173335 0.998033762
1341845690.573708 -0.035454821 0.066329211 -0.059960946 0.017522389 -0.057923086 -0.006148506 0.998148322
1341845690.605848 -0.036789488 0.062867999 -0.058418073 0.016893705 -0.057359900 -0.004907942 0.998198569
1341845690.641747 -0.037174974 0.062449466 -0.058255658 0.017687526 -0.057773072 -0.005531053 0.998157740
1341845690.673751 -0.036164533 0.064796343 -0.057476107 0.017975176 -0.056910794 -0.005865359 0.998200178
1341845690.706003 -0.035549577 0.063269824 -0.057317201 0.018199053 -0.055831734 -0.005923384 0.998256743
1341845690.741684 -0.036109790 0.063520841 -0.056520019 0.019025834 -0.055261333 -0.006899179 0.998266816
1341845690.773770 -0.033519033 0.063488930 -0.056397807 0.019193290 -0.054879837 -0.006348983 0.998288274
1341845690.805715 -0.034800269 0.063085854 -0.057415139 0.019507131 -0.053666275 -0.005562935 0.998352885
1341845690.841674 -0.033490539 0.063858002 -0.057811830 0.019939136 -0.053181253 -0.005340152 0.998371542
1341845690.873770 -0.030143645 0.064237364 -0.058031093 0.019595305 -0.053015877 -0.005353335 0.998387039
1341845690.909837 -0.033987109 0.063938476 -0.056857474 0.019229151 -0.051614959 -0.004402678 0.998472214
1341845690.941576 -0.033503592 0.064127907 -0.057317145 0.019099696 -0.051568247 -0.004321754 0.998477459
1341845690.973879 -0.033327363 0.065006226 -0.055055328 0.019296857 -0.050979458 -0.004432342 0.998503447
1341845691.011558 -0.032500234 0.066341817 -0.056555506 0.019355787 -0.050330296 -0.002970622 0.998540640
1341845691.077986 -0.030081104 0.064639151 -0.056487188 0.019630009 -0.050783306 -0.004966835 0.998504400
1341845691.109685 -0.028819470 0.065280877 -0.054954514 0.020253539 -0.050178539 -0.004637347 0.998524129
1341845691.141759 -0.032557104 0.065267839 -0.054770499 0.020703152 -0.048491694 -0.004505645 0.998598814
1341845691.177729 -0.033236813 0.065771632 -0.055239934 0.021558169 -0.048683617 -0.005714685 0.998565197
1341845691.209644 -0.027691299 0.068742864 -0.056431178 0.021948781 -0.049735036 -0.007289015 0.998494625
1341845691.241757 -0.025322678 0.066675514 -0.056423843 0.021497443 -0.048722625 -0.007091808 0.998555779
1341845691.277595 -0.037365276 0.061574556 -0.060933936 0.021659624 -0.046963844 -0.006612911 0.998639822
1341845691.310138 -0.026604105 0.066571578 -0.058437724 0.022753866 -0.050855216 -0.007039888 0.998421967
1341845691.345620 -0.026362788 0.067723088 -0.057990149 0.022938959 -0.050001021 -0.008640758 0.998448312
1341845691.378062 -0.025407720 0.066088222 -0.057754017 0.023171874 -0.048010673 -0.009588039 0.998531997
1341845691.451922 -0.024507493 0.070015870 -0.060548432 0.024010435 -0.047813762 -0.010617419 0.998511195
1341845691.509739 -0.026234185 0.061600164 -0.060366549 0.021976473 -0.045955081 -0.010668000 0.998644769
1341845691.545833 -0.024915829 0.069802776 -0.057883460 0.023563636 -0.046555120 -0.012451284 0.998560131
1341845691.578399 -0.021166107 0.068127327 -0.058455195 0.022196878 -0.045871843 -0.014709249 0.998592377
1341845691.613857 -0.011972673 0.068544723 -0.052410122 0.022795800 -0.044182558 -0.018915636 0.998584211
1341845691.645632 -0.019326363 0.062276911 -0.057372406 0.022874778 -0.040041469 -0.021348299 0.998708010
1341845691.677793 -0.022572091 0.062402871 -0.058539018 0.023603003 -0.039694481 -0.018598687 0.998759925
1341845691.713727 -0.024508372 0.061758950 -0.058687251 0.023844266 -0.041034553 -0.016501347 0.998736858
1341845691.746050 -0.014601661 0.067703687 -0.056461561 0.025387080 -0.042758815 -0.017854320 0.998603225
1341845691.778411 -0.015746869 0.070298783 -0.060952529 0.024559645 -0.039471216 -0.019751823 0.998723567
1341845691.813646 -0.018026782 0.066192247 -0.055690229 0.022522585 -0.038483325 -0.017431706 0.998853326
1341845691.845603 -0.024141155 0.065192871 -0.059464961 0.022691973 -0.038415797 -0.017119469 0.998857439
1341845691.881595 -0.015760569 0.069739118 -0.055206239 0.023699906 -0.040876091 -0.018275924 0.998715878
1341845691.913600 -0.019209547 0.069298364 -0.056090709 0.023604710 -0.039037779 -0.018023379 0.998796284
1341845691.945997 -0.026573543 0.063167997 -0.059042532 0.023161154 -0.038530178 -0.015690820 0.998865724
1341845691.981657 -0.022103237 0.056701962 -0.057994470 0.024022069 -0.044152681 -0.012038982 0.998663366
1341845692.013904 -0.018508153 0.060203519 -0.058665533 0.026580030 -0.048375297 -0.011253476 0.998412132
1341845692.049676 -0.017181695 0.062899873 -0.059938718 0.027418325 -0.049237959 -0.010322570 0.998357296
1341845692.081862 -0.017731173 0.063139565 -0.058407687 0.027958062 -0.050071005 -0.009828762 0.998305917
1341845692.113695 -0.013053601 0.068647273 -0.055636745 0.029491844 -0.052051798 -0.010305463 0.998155594
1341845692.149736 -0.009347917 0.069555998 -0.056639563 0.029407971 -0.051626105 -0.011095559 0.998171747
1341845692.182123 -0.010035295 0.064264365 -0.057985980 0.029577350 -0.050559171 -0.010754856 0.998225033
1341845692.213661 -0.010766929 0.065073632 -0.060229443 0.030455716 -0.050843727 -0.009757444 0.998194456
1341845692.249828 -0.006134572 0.066689342 -0.060176961 0.030535575 -0.051390924 -0.009780517 0.998163760
1341845692.282146 -0.006488680 0.065002501 -0.060267106 0.029752728 -0.050526094 -0.010572561 0.998223484
1341845692.317711 -0.011129856 0.062583148 -0.063399866 0.029091354 -0.050378483 -0.010915413 0.998246729
1341845692.349688 -0.007362608 0.060176156 -0.063082069 0.029374437 -0.052230690 -0.010868868 0.998143792
1341845692.381560 -0.006842622 0.058580093 -0.065303273 0.030309057 -0.052134261 -0.012340449 0.998103738
1341845692.417776 -0.004751269 0.059594672 -0.063351624 0.031340901 -0.052086942 -0.013635501 0.998057485
1341845692.449672 -0.006353055 0.058940470 -0.065752856 0.032000355 -0.051875185 -0.014882535 0.998029768
1341845692.481594 -0.010071441 0.058179390 -0.068259202 0.032952346 -0.051529836 -0.015480138 0.998007596
1341845692.517778 -0.003027937 0.056173593 -0.065138720 0.033758577 -0.053187206 -0.015418768 0.997894645
1341845692.549744 -0.007786679 0.059536289 -0.069115989 0.035851706 -0.052263495 -0.016679421 0.997850180
1341845692.585822 -0.005188828 0.059200317 -0.068833418 0.035892088 -0.052768879 -0.017112968 0.997814775
1341845692.617836 -0.004378246 0.054328617 -0.072661422 0.035521034 -0.051890288 -0.016707353 0.997880995
1341845692.649770 -0.007956197 0.054970346 -0.074084960 0.036386710 -0.051265661 -0.016250938 0.997889638
1341845692.685749 -0.010554888 0.053691238 -0.077762142 0.036296047 -0.051773421 -0.016562810 0.997861624
1341845692.717676 -0.001028864 0.053241242 -0.075203434 0.036377229 -0.053027432 -0.016699674 0.997790515
1341845692.749897 -0.007109369 0.051406510 -0.076073743 0.036170010 -0.050542414 -0.015932610 0.997939587
1341845692.785833 -0.007203937 0.052070826 -0.075920507 0.037318904 -0.051544059 -0.016519209 0.997836471
1341845692.817657 -0.004056892 0.054805104 -0.076738507 0.038925767 -0.052714378 -0.019973956 0.997650802
1341845692.853833 -0.003100008 0.053533629 -0.076930434 0.039618731 -0.051365942 -0.021315943 0.997666061
1341845692.885614 -0.004470003 0.050692644 -0.078169510 0.040656716 -0.051257987 -0.021672405 0.997622132
1341845692.917728 -0.002768972 0.050996564 -0.079195067 0.041555818 -0.052192226 -0.022499647 0.997518361
1341845692.953573 -0.001817606 0.051629238 -0.080547757 0.042677969 -0.051479392 -0.023350429 0.997488439
1341845692.985667 -0.002632515 0.049153514 -0.082370646 0.043254338 -0.050975069 -0.023174040 0.997493625
1341845693.017585 -0.001824540 0.053480424 -0.083303608 0.044003047 -0.051165335 -0.023374630 0.997446477
1341845693.053684 -0.000525507 0.048453584 -0.080538586 0.043045789 -0.050757237 -0.023587197 0.997504115
1341845693.086059 -0.002409224 0.049912464 -0.081674017 0.044222645 -0.050528355 -0.022404643 0.997491479
1341845693.121690 -0.003797494 0.051520124 -0.082682990 0.044449821 -0.051535543 -0.020442087 0.997471988
1341845693.153852 -0.001447354 0.054851368 -0.084126197 0.044190895 -0.052612167 -0.021369839 0.997407854
1341845693.185655 0.001801045 0.055572517 -0.080359958 0.043680336 -0.051421806 -0.022099646 0.997476518
1341845693.221687 -0.009014343 0.053841271 -0.082739100 0.043401740 -0.049312856 -0.019171875 0.997655749
1341845693.254518 -0.010979049 0.050348680 -0.085306905 0.043395210 -0.051990069 -0.017604796 0.997548997
1341845693.289735 0.000833603 0.056746848 -0.084168494 0.044442568 -0.054133680 -0.018516172 0.997372329
1341845693.321741 0.023217076 0.049422428 -0.097441606 0.042495426 -0.052581128 -0.018358245 0.997543156
1341845693.353715 0.009625943 0.048304152 -0.082893901 0.042872213 -0.047528055 -0.017021913 0.997804224
1341845693.421993 0.009371177 0.053286817 -0.083031543 0.044236723 -0.044478696 -0.017753335 0.997872531
1341845693.453700 0.009280061 0.055774909 -0.082459845 0.044672575 -0.042794771 -0.019915121 0.997885942
1341845693.489783 0.006948319 0.055109512 -0.078659467 0.045785479 -0.040977094 -0.020230781 0.997905433
1341845693.522084 -0.003061972 0.053727955 -0.081202284 0.047496460 -0.040159646 -0.019535653 0.997872591
1341845693.557666 0.001999820 0.053666271 -0.081945747 0.049205218 -0.042348623 -0.020654606 0.997676730
1341845693.589792 0.007374980 0.055928033 -0.080741711 0.050507754 -0.043693639 -0.021990320 0.997525036
1341845693.622158 0.006814401 0.058400270 -0.081478804 0.050912000 -0.042360675 -0.022423744 0.997552335
1341845693.689929 0.008314823 0.061848447 -0.082160741 0.050273318 -0.041349880 -0.020709926 0.997664213
1341845693.721602 0.008544548 0.064635463 -0.080682985 0.048441630 -0.039825100 -0.022109579 0.997786820
1341845693.757636 0.005239251 0.060975254 -0.079896897 0.046062838 -0.038682777 -0.022198400 0.997942388
1341845693.789776 -0.000003696 0.060472440 -0.082884565 0.045007613 -0.038684696 -0.021185096 0.998012543
1341845693.825637 -0.001082138 0.064114422 -0.080541246 0.044189893 -0.038991872 -0.021650307 0.998027146
1341845693.857724 0.001330420 0.057365183 -0.078348100 0.042282812 -0.039360330 -0.020461008 0.998120368
1341845693.889741 0.002918312 0.063176014 -0.078498282 0.043685686 -0.039351925 -0.019008311 0.998089015
1341845693.925573 0.003336546 0.061857406 -0.075944476 0.042946611 -0.039202694 -0.018085301 0.998144090
1341845693.957722 0.003469273 0.058166411 -0.078562886 0.042962480 -0.038660191 -0.017406158 0.998176694
1341845693.990410 0.006771478 0.060167290 -0.077388547 0.044162873 -0.038328215 -0.017428013 0.998136699
1341845694.025740 0.010616050 0.058970757 -0.076637059 0.044280533 -0.037449446 -0.018298699 0.998149276
1341845694.057728 0.004184715 0.057344779 -0.077526927 0.044680037 -0.035510879 -0.018654076 0.998195708
1341845694.093631 0.003660667 0.053867772 -0.078040987 0.045649014 -0.035581257 -0.017997155 0.998161435
1341845694.125598 0.006488955 0.052330930 -0.078986235 0.046759497 -0.036238872 -0.018182598 0.998082995
1341845694.157890 0.006991371 0.054813534 -0.080930755 0.047716811 -0.035519339 -0.019070888 0.998046994
1341845694.193528 0.008665805 0.053723834 -0.079604112 0.048612595 -0.035396229 -0.018630566 0.998016417
1341845694.226254 0.009677696 0.054561146 -0.078010663 0.050034445 -0.035852622 -0.018478403 0.997932732
1341845694.261793 0.010882763 0.056786817 -0.078991614 0.050818279 -0.035581227 -0.017877553 0.997913778
1341845694.293655 0.007351636 0.055969924 -0.078305870 0.051276010 -0.035105634 -0.016152482 0.997936606
1341845694.325844 0.007464637 0.054223675 -0.076076120 0.052311387 -0.036973234 -0.012848304 0.997863412
1341845694.361761 0.005463660 0.055550773 -0.076391049 0.053948525 -0.038805984 -0.011160589 0.997726977
1341845694.393754 0.007105627 0.055800147 -0.077604048 0.054748528 -0.040895872 -0.011026560 0.997601390
1341845694.425809 0.005756190 0.056758080 -0.077222362 0.054852169 -0.042091440 -0.011159561 0.997544467
1341845694.461731 0.006926386 0.059948042 -0.078520782 0.055139344 -0.043503817 -0.011890948 0.997459590
1341845694.493931 0.011587457 0.060714327 -0.076341324 0.053875543 -0.044146493 -0.013007950 0.997486472
1341845694.529694 0.008218850 0.060288440 -0.076973692 0.052580439 -0.043199077 -0.013946043 0.997584403
1341845694.561652 0.005053791 0.057028845 -0.077083044 0.051972829 -0.043901298 -0.013912486 0.997586071
1341845694.595586 0.008036823 0.055597674 -0.077604830 0.052554484 -0.045827445 -0.012629237 0.997486055
1341845694.629850 0.007168174 0.057769381 -0.077380098 0.054291606 -0.047561035 -0.012234394 0.997316718
1341845694.661659 0.015441310 0.062103298 -0.077485666 0.056482818 -0.049367175 -0.010436616 0.997127712
1341845694.693720 0.037508782 0.058759522 -0.098929659 0.054894634 -0.048341446 -0.009216312 0.997278690
1341845694.735664 0.039859451 0.058448471 -0.085557759 0.053239502 -0.041645490 -0.008012364 0.997680783
1341845694.767988 0.026415233 0.068547063 -0.074792527 0.053072385 -0.033901118 -0.006921039 0.997991025
1341845694.803611 0.022913717 0.069121256 -0.070417985 0.051220354 -0.028103579 -0.006723938 0.998269200
1341845694.835585 0.019395651 0.065863475 -0.070282243 0.050025593 -0.023678200 -0.005555539 0.998451769
1341845694.867728 0.021056876 0.070423171 -0.069058746 0.049969133 -0.021294098 -0.004493052 0.998513579
1341845694.903566 0.020149658 0.069758609 -0.068278030 0.048231922 -0.018501114 -0.003731704 0.998657823
1341845694.935679 0.016454278 0.066832669 -0.068632312 0.047707640 -0.015948400 -0.003009003 0.998729467
1341845694.967669 0.020894250 0.067530252 -0.068519548 0.048169464 -0.015542137 -0.001722375 0.998716772
1341845695.003730 0.025546152 0.070606709 -0.064138032 0.048929650 -0.014130044 -0.000777493 0.998701930
1341845695.035689 0.029054381 0.069397695 -0.063665949 0.048680544 -0.011194470 -0.000101077 0.998751640
1341845695.072465 0.020194707 0.063979849 -0.065564014 0.047695812 -0.008203017 0.000634847 0.998827994
1341845695.103895 0.019256335 0.061354768 -0.065929644 0.047439918 -0.009830161 0.001840455 0.998824000
1341845695.135680 0.017114755 0.059066955 -0.066837840 0.048330918 -0.012693357 0.001522570 0.998749554
1341845695.172193 0.011474747 0.058376938 -0.065457098 0.051197078 -0.017673125 0.001228089 0.998531401
1341845695.203618 0.015863348 0.057296254 -0.066388130 0.053794470 -0.026476502 0.001644327 0.998199642
1341845695.235612 0.013449552 0.056331072 -0.066343777 0.057532985 -0.033292953 0.002306739 0.997785687
1341845695.271738 0.018771416 0.059572589 -0.064658828 0.060720164 -0.039632540 0.001379415 0.997366786
1341845695.303569 0.023975447 0.064199492 -0.063680664 0.062932797 -0.044646945 0.000344458 0.997018576
1341845695.335657 0.022175455 0.062276136 -0.065139569 0.063256755 -0.047569979 -0.002128383 0.996860623
1341845695.371706 0.017256858 0.063051462 -0.065111257 0.063757889 -0.049903035 -0.005403207 0.996702254
1341845695.403745 0.016141495 0.059110366 -0.072164655 0.063468307 -0.052538313 -0.007283773 0.996573329
1341845695.435657 0.009826285 0.054252956 -0.075163640 0.064112231 -0.054940701 -0.008415574 0.996393621
1341845695.471720 0.008341981 0.059992857 -0.074626826 0.066526137 -0.058947358 -0.007689592 0.996012211
1341845695.503710 0.011520525 0.059024725 -0.075135946 0.066102393 -0.062724173 -0.008423182 0.995803773
1341845695.539693 0.012019145 0.058496866 -0.072151423 0.065824397 -0.065280236 -0.009820923 0.995645106
1341845695.603908 0.018910445 0.056601681 -0.070518643 0.066181540 -0.068960041 -0.011843545 0.995351315
1341845695.665980 0.020843048 0.056652348 -0.071790196 0.065455005 -0.071987763 -0.013174051 0.995168269
1341845695.701693 0.023398863 0.057724308 -0.069102824 0.065788724 -0.073648691 -0.012847871 0.995028973
1341845695.733686 0.023065211 0.058503360 -0.074502483 0.065523684 -0.074241646 -0.012191452 0.995010674
1341845695.769679 0.024190668 0.058628038 -0.074196801 0.065139055 -0.074546315 -0.011924149 0.995016336
1341845695.801697 0.018380599 0.060253017 -0.074915327 0.063950054 -0.073167928 -0.011764959 0.995197713
1341845695.833635 0.021555956 0.056053720 -0.073624201 0.062482014 -0.073582053 -0.010768953 0.995271683
1341845695.869766 0.021887915 0.055921778 -0.072219372 0.062206298 -0.073289365 -0.009609977 0.995322406
1341845695.901827 0.016239300 0.057490073 -0.077771932 0.061221752 -0.072113380 -0.009265689 0.995472610
1341845695.933900 0.023514831 0.057713147 -0.074386865 0.059922595 -0.073529616 -0.008430130 0.995455444
1341845695.969774 0.024231499 0.059803113 -0.070652120 0.059502345 -0.072884366 -0.008156526 0.995530427
1341845696.001940 0.023179842 0.060769085 -0.070501924 0.059036810 -0.071729206 -0.007474308 0.995647371
1341845696.037778 0.023110382 0.059604563 -0.069910504 0.057827041 -0.071008429 -0.005381102 0.995783567
1341845696.069962 0.022313831 0.058691353 -0.069078855 0.056764077 -0.071140870 -0.003183044 0.995844722
1341845696.102048 0.019402070 0.059442636 -0.070534281 0.056787420 -0.071446642 -0.002146725 0.995824218
1341845696.137759 0.017525246 0.063513771 -0.071687154 0.056787554 -0.071458600 -0.002068423 0.995823562
1341845696.169934 0.019927831 0.063633829 -0.069810294 0.056133844 -0.072390981 -0.001690216 0.995793998
1341845696.201602 0.018799996 0.063512921 -0.071773663 0.055195875 -0.072164230 -0.002739962 0.995860517
1341845696.237582 0.018455051 0.063076288 -0.074076690 0.053330619 -0.071845151 -0.004019784 0.995980918
1341845696.269654 0.014189054 0.058630574 -0.076417334 0.051387731 -0.071896061 -0.004986364 0.996074975
1341845696.305713 0.021236464 0.058173589 -0.072150789 0.050955821 -0.074036531 -0.003410072 0.995947003
1341845696.337790 0.019192228 0.057486225 -0.072915316 0.050495237 -0.074232116 -0.002336434 0.995958984
1341845696.369780 0.019766435 0.062706508 -0.072635263 0.051037278 -0.075038418 -0.001896571 0.995871902
1341845696.406019 0.018772641 0.066541493 -0.074281111 0.050210960 -0.075148761 -0.002300986 0.995904744
1341845696.437910 0.018835058 0.063616507 -0.074051566 0.048066184 -0.075199887 -0.002096111 0.996007144
1341845696.473667 0.024014968 0.065129280 -0.070188776 0.047040693 -0.075309031 -0.001915977 0.996048212
1341845696.505801 0.023214765 0.063916266 -0.068776391 0.045104586 -0.074565709 -0.002016438 0.996193469
1341845696.537879 0.023364412 0.062814690 -0.070243172 0.044318080 -0.074616805 -0.000574307 0.996226847
1341845696.573790 0.019502992 0.063575894 -0.071301378 0.044309590 -0.074719213 -0.000017653 0.996219695
1341845696.611644 0.021464121 0.063866943 -0.073659405 0.044045538 -0.075735897 -0.000018597 0.996154606
1341845696.648592 0.021655599 0.063767821 -0.075442322 0.043423835 -0.076214351 0.000453531 0.996145368
1341845696.705640 0.021860803 0.065204479 -0.076811582 0.041144896 -0.074919745 0.000068187 0.996340394
1341845696.741801 0.026083769 0.064545698 -0.072857566 0.040570997 -0.074852839 0.001083413 0.996368349
1341845696.773765 0.022944000 0.067085803 -0.070735343 0.040787444 -0.073295347 0.001372562 0.996474922
1341845696.805698 0.024088290 0.068047360 -0.073635668 0.039531834 -0.073174544 0.002786662 0.996531427
1341845696.841908 0.029775083 0.068932988 -0.066456527 0.039281603 -0.073928013 0.003485994 0.996483505
1341845696.873637 0.030857569 0.070871137 -0.063851207 0.038776491 -0.072936192 0.004195791 0.996573687
1341845696.905693 0.030346250 0.071883447 -0.065236934 0.037603699 -0.072010070 0.004070038 0.996686459
1341845696.941841 0.031074516 0.072512299 -0.064530440 0.036373027 -0.071358435 0.005506011 0.996772110
1341845696.973560 0.028470602 0.067455590 -0.066284865 0.034797285 -0.070597835 0.007858106 0.996866763
1341845697.009723 0.030251699 0.068387069 -0.069781229 0.033764631 -0.070521906 0.008256024 0.996904433
1341845697.041678 0.029610477 0.066206843 -0.066524602 0.032398865 -0.069048420 0.007751274 0.997056901
1341845697.073636 0.032383841 0.065036342 -0.064110510 0.032352652 -0.068392679 0.006819201 0.997110426
1341845697.109770 0.030950462 0.067035645 -0.067424819 0.032900069 -0.067439795 0.006400994 0.997160196
1341845697.141787 0.032825802 0.069301941 -0.063445628 0.032638598 -0.067504235 0.006672714 0.997162640
1341845697.173791 0.035071351 0.069503881 -0.063872248 0.032865766 -0.067772046 0.007279114 0.997132778
1341845697.209803 0.035004709 0.070161082 -0.066309251 0.033063505 -0.067477293 0.007890762 0.997141600
1341845697.241685 0.033220872 0.072363235 -0.066645347 0.033112679 -0.066629790 0.007454109 0.997200310
1341845697.277780 0.034362871 0.069639087 -0.065703891 0.032266743 -0.066617526 0.007868488 0.997225642
1341845697.309575 0.030009059 0.071243107 -0.064975552 0.032360282 -0.066262022 0.007986713 0.997245371
1341845697.342252 0.032701936 0.071217991 -0.063834704 0.032108366 -0.067087241 0.008404466 0.997194886
1341845697.377604 0.030268112 0.068406530 -0.064069293 0.031961903 -0.066561408 0.008102749 0.997237384
1341845697.409528 0.031506307 0.069795921 -0.062664859 0.032081116 -0.066458791 0.007177371 0.997247458
1341845697.441666 0.028048629 0.068565026 -0.060219716 0.031974386 -0.065781914 0.007128320 0.997296154
1341845697.477718 0.026888562 0.068846419 -0.060863569 0.032949265 -0.065737478 0.007230487 0.997266591
1341845697.509822 0.027674498 0.070456624 -0.060958225 0.033240765 -0.065756984 0.006211979 0.997262478
1341845697.545892 0.026908642 0.068044350 -0.063470826 0.032688890 -0.066041812 0.006990613 0.997256756
1341845697.577742 0.031842403 0.071629092 -0.059215840 0.034137242 -0.067863144 0.007491803 0.997082293
1341845697.609653 0.034005519 0.072608694 -0.060412697 0.034118369 -0.068842433 0.008243962 0.997009873
1341845697.645769 0.036051493 0.071165755 -0.061551768 0.033568211 -0.069470309 0.008425083 0.996983469
1341845697.677795 0.032444037 0.071061671 -0.065042466 0.033182934 -0.068583265 0.008027900 0.997061074
1341845697.713520 0.031468015 0.073642530 -0.062727429 0.033073958 -0.068219192 0.008233365 0.997088015
1341845697.745975 0.033816636 0.069669224 -0.060077503 0.031872738 -0.069041379 0.009340102 0.997060776
1341845697.777683 0.032931991 0.075596564 -0.062529676 0.032633349 -0.069317125 0.009519187 0.997015357
1341845697.813673 0.034146614 0.076328777 -0.061466519 0.032053497 -0.069218397 0.009265316 0.997043371
1341845697.845793 0.032858625 0.074891970 -0.063406631 0.030403664 -0.068429053 0.008878618 0.997153044
1341845697.877887 0.037234206 0.070573598 -0.065445147 0.028654302 -0.069307223 0.009342016 0.997139990
1341845697.913637 0.034643956 0.069469489 -0.064759560 0.028369505 -0.068897188 0.008622080 0.997183025
1341845697.945734 0.030986642 0.074809603 -0.063288897 0.028663669 -0.068462953 0.007818999 0.997211158
1341845697.981763 0.028515371 0.074822009 -0.060413308 0.028276315 -0.068090759 0.007666975 0.997248888
1341845698.013639 0.033895522 0.073114626 -0.058368117 0.028363731 -0.068802416 0.007301187 0.997200251
1341845698.045700 0.033199318 0.070472360 -0.063472368 0.028134469 -0.068562768 0.006782022 0.997226954
1341845698.081804 0.033149965 0.073800877 -0.060492627 0.028562052 -0.069284670 0.006663602 0.997165680
1341845698.113733 0.034685791 0.070494309 -0.060957301 0.028296687 -0.070017844 0.006697106 0.997121811
1341845698.145605 0.032205325 0.075163238 -0.059328895 0.029361421 -0.069877662 0.006182582 0.997104228
1341845698.181637 0.033162467 0.075054467 -0.059734557 0.029294180 -0.070138901 0.006043733 0.997088671
1341845698.213981 0.030227629 0.071399599 -0.062618256 0.029045971 -0.070382088 0.005275154 0.997083187
1341845698.249641 0.032457393 0.075184591 -0.061075132 0.030198043 -0.071953654 0.005452257 0.996935785
1341845698.281737 0.033761166 0.075268827 -0.060672924 0.028923659 -0.072469711 0.005379982 0.996936619
1341845698.313940 0.034479823 0.070290983 -0.060618825 0.028105032 -0.072691537 0.004224892 0.996949434
1341845698.349629 0.036004052 0.072798774 -0.058996718 0.028838065 -0.072945431 0.003351860 0.996913254
1341845698.381667 0.031867210 0.075719997 -0.058388200 0.029208994 -0.072903045 0.003629115 0.996904612
1341845698.413724 0.033932518 0.074816063 -0.059940625 0.029433552 -0.074763358 0.004415275 0.996757030
1341845698.449543 0.031728704 0.077576995 -0.059813451 0.030303871 -0.075597182 0.004451556 0.996667922
1341845698.481693 0.038495667 0.078256659 -0.057625115 0.030249082 -0.077941619 0.004808817 0.996487319
1341845698.517644 0.039404672 0.077044941 -0.058878940 0.030247102 -0.078623548 0.003916169 0.996437728
1341845698.549633 0.039370198 0.075364113 -0.057823110 0.030597186 -0.079387218 0.002854310 0.996370077
1341845698.581773 0.039801966 0.077760026 -0.057027403 0.031758152 -0.080026619 0.001257435 0.996285915
1341845698.617608 0.039368670 0.077527441 -0.057954915 0.031887792 -0.080158204 0.000713845 0.996271729
1341845698.649887 0.039229468 0.075586393 -0.058452666 0.032183014 -0.080495328 0.000415376 0.996235192
1341845698.685838 0.041904368 0.079145975 -0.058149476 0.033804059 -0.081217632 0.000195543 0.996122956
1341845698.717744 0.041317388 0.079213619 -0.058897667 0.033251598 -0.080993682 0.000179384 0.996159792
1341845698.749680 0.039689377 0.078459017 -0.057105843 0.032697242 -0.080372892 0.000598400 0.996228278
1341845698.785826 0.042934701 0.078108378 -0.058949053 0.032555357 -0.080798671 0.001449978 0.996197581
1341845698.817603 0.042086080 0.080203220 -0.057557266 0.032238498 -0.080626562 0.000910852 0.996222496
1341845698.849705 0.041468792 0.078522988 -0.058107868 0.031014256 -0.080417290 0.000486223 0.996278524
1341845698.885714 0.041522492 0.077290341 -0.058174994 0.030564787 -0.080497541 0.000361087 0.996286035
1341845698.917723 0.044416253 0.080460317 -0.057558510 0.030295340 -0.080733597 0.000324496 0.996275187
1341845698.953706 0.041126501 0.078162000 -0.057255447 0.029206755 -0.079622492 -0.000227010 0.996397078
1341845698.985694 0.039489467 0.079092205 -0.056507051 0.028920125 -0.079355352 0.000064260 0.996426821
1341845699.017571 0.037712369 0.078674540 -0.060037076 0.027923672 -0.079460084 0.000677143 0.996446609
1341845699.053593 0.038190749 0.080236256 -0.059970900 0.026928850 -0.079673268 0.000506913 0.996457100
1341845699.086340 0.036744609 0.079513259 -0.059985448 0.024958095 -0.079195440 0.000405604 0.996546566
1341845699.117688 0.039544750 0.078633502 -0.059507392 0.023026772 -0.079543203 -0.000117872 0.996565402
1341845699.153695 0.038169153 0.081178539 -0.057975829 0.022136765 -0.079118788 -0.000327989 0.996619344
1341845699.185845 0.041663360 0.081678756 -0.058389671 0.021030357 -0.079066515 -0.000501848 0.996647358
1341845699.221973 0.036843456 0.081787184 -0.056666113 0.020045711 -0.077934347 -0.000869594 0.996756554
1341845699.253571 0.035159383 0.079779580 -0.056601901 0.019631185 -0.078332335 -0.000195288 0.996733963
1341845699.285622 0.037440632 0.078016438 -0.056693014 0.020252790 -0.079905979 0.000617471 0.996596456
1341845699.321906 0.040947400 0.080356926 -0.059248738 0.021147717 -0.081375174 0.001533968 0.996457994
1341845699.354916 0.042745829 0.079400644 -0.059883550 0.020976789 -0.082291640 0.002015633 0.996385455
1341845699.385859 0.042488694 0.079459518 -0.059381284 0.021319678 -0.082392752 0.001516382 0.996370733
1341845699.421535 0.042771220 0.079227090 -0.058105081 0.022000570 -0.081881173 0.000405931 0.996399164
1341845699.454093 0.043438930 0.081964172 -0.058863636 0.022275329 -0.081197806 -0.000737541 0.996448815
1341845699.489836 0.041660734 0.079401664 -0.058615834 0.021506740 -0.080202214 -0.000954095 0.996546090
1341845699.522001 0.041876562 0.077956915 -0.057438824 0.021526191 -0.081093095 0.000162390 0.996474028
1341845699.556281 0.041209728 0.077068478 -0.057679240 0.022152975 -0.081249028 0.000701382 0.996447384
1341845699.595416 0.044029471 0.077728860 -0.058466729 0.022756636 -0.081334546 0.000439290 0.996426940
1341845699.628631 0.046578415 0.079755761 -0.059215952 0.022718456 -0.080611914 0.000063253 0.996486604
1341845699.663810 0.044265546 0.077078000 -0.057012867 0.022294829 -0.079440355 0.000471521 0.996590137
1341845699.696113 0.041793644 0.078430735 -0.057119686 0.023287999 -0.078851290 0.001804640 0.996612728
1341845699.727683 0.042383298 0.081957959 -0.062295843 0.022397779 -0.078480259 0.001867265 0.996662259
1341845699.789808 0.043992549 0.079059787 -0.059870418 0.020398190 -0.077688582 0.000322402 0.996768951
1341845699.821737 0.040972322 0.079520829 -0.059304278 0.020465793 -0.076435506 0.000501832 0.996864378
1341845699.857825 0.041777994 0.080585741 -0.060817711 0.020402228 -0.076837920 0.000633917 0.996834636
1341845699.889686 0.041783608 0.079858288 -0.060143646 0.020562399 -0.077123851 0.000465277 0.996809363
1341845699.925749 0.047826920 0.079105310 -0.057187349 0.020699268 -0.077797100 0.000724136 0.996754050
1341845699.957536 0.044970658 0.077851385 -0.058046173 0.021166410 -0.076962776 0.001193747 0.996808529
1341845699.989671 0.046486832 0.077138901 -0.055708360 0.022086035 -0.077580519 0.002921639 0.996737123
1341845700.025810 0.047808774 0.079178490 -0.055581916 0.023496652 -0.077825345 0.002979085 0.996685624
1341845700.058133 0.051057503 0.078124970 -0.054254573 0.023867439 -0.078003943 0.002058827 0.996665180
1341845700.090754 0.051248141 0.080146573 -0.055868112 0.024473017 -0.077394135 0.001445476 0.996699095
1341845700.125852 0.050581958 0.079644911 -0.054201942 0.024492403 -0.077390432 0.001206258 0.996699214
1341845700.157773 0.052209452 0.078982398 -0.053380877 0.025024977 -0.077739879 0.000742820 0.996659279
1341845700.193533 0.050854228 0.079868071 -0.055797722 0.025366846 -0.076589592 0.000136154 0.996739984
1341845700.225771 0.051101565 0.077766947 -0.055549800 0.025000231 -0.075939916 0.000060881 0.996798933
1341845700.257669 0.050631069 0.079009086 -0.056675073 0.025438992 -0.075416014 0.000398518 0.996827543
1341845700.293641 0.050298695 0.077391811 -0.058924258 0.025088042 -0.074981548 0.001653084 0.996867895
1341845700.325714 0.049145482 0.076414660 -0.058801986 0.025177203 -0.074729480 0.001918579 0.996884108
1341845700.357742 0.049030531 0.079726145 -0.058263663 0.025750739 -0.074024640 0.001491599 0.996922791
1341845700.393681 0.050837379 0.078463309 -0.057232883 0.025043320 -0.073509924 0.000455429 0.996979892
1341845700.425997 0.051709913 0.078840464 -0.057176679 0.024885595 -0.073170543 0.000171875 0.997008920
1341845700.461682 0.052319597 0.079596177 -0.056227174 0.024933714 -0.073271982 -0.000288352 0.997000217
1341845700.493808 0.051468927 0.079852141 -0.056354556 0.024768872 -0.072852977 -0.000444628 0.997034967
1341845700.526106 0.053419851 0.079532884 -0.054033779 0.024320664 -0.073177449 -0.000204843 0.997022331
1341845700.562458 0.050690874 0.080087885 -0.054136015 0.024188174 -0.072573029 0.000372123 0.997069657
1341845700.626137 0.050988618 0.080974728 -0.056263894 0.024043644 -0.072682425 0.000034992 0.997065306
1341845700.661872 0.050168794 0.081252649 -0.057264298 0.023742234 -0.071775444 -0.001193305 0.997137487
1341845700.693861 0.049198695 0.080802284 -0.056900777 0.023034669 -0.071186110 -0.001405554 0.997196078
1341845700.732394 0.050619256 0.078792788 -0.055077743 0.022819320 -0.072337687 0.000002599 0.997119129
1341845700.767794 0.053956207 0.080776572 -0.052192818 0.023610175 -0.073129967 0.000296657 0.997042835
1341845700.799058 0.050269127 0.080246538 -0.053701539 0.023821663 -0.072122142 -0.000155706 0.997111320
1341845700.867749 0.052212957 0.082884498 -0.050206631 0.024379933 -0.072117627 -0.000558654 0.997097969
1341845700.930007 0.049536359 0.078922801 -0.052900705 0.024805225 -0.072413079 -0.000325096 0.997066200
1341845700.961797 0.054099262 0.080613144 -0.050908756 0.025147215 -0.072928622 -0.001191041 0.997019351
1341845700.997752 0.048302032 0.080664493 -0.052242354 0.024988379 -0.071887232 -0.001432691 0.997098684
1341845701.029597 0.051033016 0.078565471 -0.052327700 0.024729896 -0.072923742 -0.001778206 0.997029305
1341845701.061618 0.051331706 0.079650953 -0.055202525 0.025176734 -0.073237635 -0.001844235 0.996994972
1341845701.097561 0.050383601 0.080431640 -0.054680672 0.025486734 -0.073269345 -0.001611797 0.996985137
1341845701.129741 0.050981924 0.079997599 -0.055785347 0.025438037 -0.073056966 -0.001713077 0.997001827
1341845701.165734 0.048429888 0.079906672 -0.055695228 0.025164878 -0.072503507 -0.001810580 0.997048974
1341845701.197714 0.050454855 0.080901407 -0.054128837 0.025965307 -0.073387988 -0.001214142 0.996964633
1341845701.230497 0.051666066 0.082324512 -0.055301212 0.026378630 -0.073726892 -0.001317634 0.996928632
1341845701.265852 0.053994756 0.079009444 -0.052992392 0.026213776 -0.074527547 -0.001133005 0.996873736
1341845701.297730 0.056956485 0.079674527 -0.052231766 0.027295388 -0.076040030 -0.001448754 0.996730030
1341845701.329611 0.058645289 0.082628161 -0.053125538 0.027577674 -0.075937718 -0.002074298 0.996728957
1341845701.365791 0.057754543 0.080941468 -0.048568495 0.026866877 -0.075705983 -0.002005154 0.996766150
1341845701.397757 0.055752199 0.080978729 -0.050712027 0.026510954 -0.074950874 -0.002701219 0.996831119
1341845701.433542 0.052806098 0.081987932 -0.050449654 0.026363380 -0.074116655 -0.001882838 0.996899307
1341845701.465617 0.050058100 0.080016866 -0.053765215 0.026313683 -0.073605381 -0.001206860 0.996939540
1341845701.497704 0.050885901 0.083352499 -0.054383069 0.026574906 -0.073930688 -0.000800489 0.996908903
1341845701.533597 0.050583202 0.083020017 -0.054056469 0.026150957 -0.073924884 -0.001064632 0.996920347
1341845701.597762 0.055440020 0.083826520 -0.057057042 0.025970785 -0.073660858 -0.001402085 0.996944129
1341845701.633825 0.056814894 0.081583440 -0.056594372 0.026319586 -0.074276835 -0.001455573 0.996889234
1341845701.665709 0.057528630 0.082982562 -0.055869862 0.027213585 -0.074192874 -0.001549748 0.996871352
1341845701.701676 0.061848983 0.079598986 -0.054495599 0.027286191 -0.074679382 -0.000871802 0.996833861
1341845701.733527 0.060100801 0.080073185 -0.052623864 0.027889801 -0.074421532 -0.001434690 0.996835768
1341845701.765764 0.060078263 0.080869585 -0.052246567 0.027998555 -0.074370332 -0.001807226 0.996835947
1341845701.801701 0.058844667 0.079008736 -0.050901592 0.027691945 -0.073802054 -0.001827871 0.996886671
1341845701.833700 0.059167445 0.077017598 -0.050161075 0.027570141 -0.073771112 -0.001337676 0.996893167
1341845701.865775 0.059932958 0.080539547 -0.050337143 0.028446095 -0.073990524 -0.000847875 0.996852815
1341845701.901711 0.060311325 0.082076810 -0.052120999 0.028486248 -0.073794246 -0.001115065 0.996865928
1341845701.933585 0.058677915 0.081935644 -0.053884000 0.028180445 -0.073097698 -0.001850929 0.996924877
1341845701.969726 0.057059269 0.080776602 -0.053483825 0.027661486 -0.072848000 -0.001891649 0.996957600
1341845702.002544 0.059550617 0.082253426 -0.052144274 0.028017269 -0.073144294 -0.001753070 0.996926248
1341845702.034379 0.059637979 0.081027448 -0.051393908 0.028104970 -0.072959676 -0.002485114 0.996935725
1341845702.101809 0.057302643 0.081269555 -0.050659336 0.028555993 -0.072820194 -0.002818977 0.996932209
1341845702.137663 0.058526002 0.080247477 -0.048434500 0.028562913 -0.073627561 -0.002812169 0.996872723
1341845702.169629 0.060796343 0.082059614 -0.046964794 0.029543214 -0.074236706 -0.003089439 0.996798158
1341845702.201769 0.062413406 0.082198031 -0.047587730 0.029699259 -0.073935591 -0.003950846 0.996812880
1341845702.237691 0.060082242 0.080426663 -0.047782268 0.029506566 -0.073196992 -0.004195967 0.996872067
1341845702.269760 0.056643859 0.081474267 -0.048414957 0.029976217 -0.072791971 -0.004633111 0.996885777
1341845702.301761 0.059591163 0.082364716 -0.049834795 0.030197496 -0.072787009 -0.005172399 0.996876836
1341845702.337713 0.054717623 0.082780428 -0.050665248 0.029922374 -0.071479164 -0.005456194 0.996978223
1341845702.369720 0.050935667 0.080784142 -0.051540751 0.029463794 -0.071226284 -0.005206157 0.997011304
1341845702.405655 0.059947755 0.079532675 -0.051554479 0.029251110 -0.072646454 -0.004357342 0.996919215
1341845702.469691 0.056829516 0.079116940 -0.051370215 0.029426686 -0.071250580 -0.004825710 0.997012615
1341845702.506265 0.056660689 0.082312100 -0.047903843 0.030047445 -0.071343057 -0.004124306 0.996990621
1341845702.569753 0.061360858 0.074418113 -0.048496135 0.028605573 -0.072460845 -0.002865443 0.996956825
1341845702.605685 0.064965621 0.077555917 -0.050360333 0.028653763 -0.073063776 -0.002782287 0.996911705
1341845702.637718 0.063587531 0.076843604 -0.049787138 0.028032713 -0.072803631 -0.003132779 0.996947348
1341845702.673733 0.061888743 0.076330803 -0.049602464 0.028009841 -0.072295398 -0.003892847 0.996982276
1341845702.705735 0.060553830 0.078196570 -0.052393686 0.027550751 -0.071489438 -0.004508672 0.997050643
1341845702.737648 0.060716182 0.082049347 -0.052119028 0.027233431 -0.070793897 -0.005347805 0.997104764
1341845702.773644 0.057753742 0.085139871 -0.054043502 0.025988622 -0.069543667 -0.007167423 0.997214556
1341845702.805893 0.061479539 0.076940298 -0.052390836 0.023493534 -0.069625691 -0.007536374 0.997268021
1341845702.837969 0.059807636 0.083959192 -0.054225303 0.023474399 -0.068583071 -0.008444181 0.997333467
1341845702.874009 0.060490154 0.080103122 -0.053085022 0.021033525 -0.067988783 -0.008202745 0.997430623
1341845702.908704 0.058598485 0.078924142 -0.049861141 0.020470675 -0.067441791 -0.008245694 0.997479081
1341845702.941673 0.060165573 0.073368914 -0.048043869 0.020455863 -0.068270370 -0.007095723 0.997431874
1341845702.973595 0.057882331 0.072323702 -0.050176177 0.022445405 -0.069198571 -0.005401948 0.997335732
1341845703.005769 0.058391578 0.076168418 -0.048087806 0.024658080 -0.070611507 -0.003885179 0.997191548
1341845703.041648 0.060143322 0.076101497 -0.051624782 0.025857424 -0.071519889 -0.003929639 0.997096241
1341845703.073714 0.065313376 0.081464559 -0.055053905 0.025639435 -0.071960159 -0.005069977 0.997065008
1341845703.109699 0.068120845 0.080277219 -0.054145359 0.023332523 -0.070599213 -0.006645210 0.997209728
1341845703.142006 0.064522468 0.081319466 -0.053707644 0.022040119 -0.068656452 -0.007518427 0.997368515
1341845703.173706 0.058407903 0.078888156 -0.053138103 0.020399502 -0.067235738 -0.008627158 0.997491241
1341845703.209732 0.056105174 0.079218090 -0.049929738 0.020430500 -0.067078508 -0.008714599 0.997500420
1341845703.242050 0.060380220 0.077727042 -0.051754240 0.021234542 -0.067944445 -0.007773784 0.997432828
1341845703.273874 0.057987846 0.079418153 -0.052061502 0.022278950 -0.068307832 -0.007488240 0.997387409
1341845703.309758 0.057822153 0.077734552 -0.052510437 0.022856303 -0.069005854 -0.006222689 0.997334957
1341845703.341850 0.059587710 0.077725455 -0.049618807 0.023380348 -0.069506533 -0.006553965 0.997285962
1341845703.377702 0.064422727 0.076273538 -0.050189998 0.023744652 -0.069622338 -0.006771677 0.997267783
1341845703.409585 0.062056970 0.079554662 -0.052266032 0.024538221 -0.069087580 -0.007248378 0.997282445
1341845703.441629 0.057108484 0.081324689 -0.050959747 0.024566822 -0.068437397 -0.007879195 0.997321784
1341845703.477741 0.056433767 0.078789674 -0.051399354 0.024178574 -0.068335764 -0.008826269 0.997330308
1341845703.509995 0.055066261 0.078546584 -0.050021738 0.024587741 -0.067992575 -0.009018246 0.997342050
1341845703.541800 0.056482360 0.078166686 -0.053878684 0.025174567 -0.068009421 -0.009753647 0.997319341
1341845703.577765 0.060731530 0.077636391 -0.052230548 0.025106613 -0.069006398 -0.009994026 0.997250199
1341845703.609650 0.062568225 0.077454425 -0.052778989 0.025554957 -0.069522835 -0.009846131 0.997204363
1341845703.651761 0.061358869 0.079588719 -0.052525099 0.026172929 -0.069647193 -0.009780643 0.997180343
1341845703.709916 0.064824723 0.081210002 -0.051719125 0.026397975 -0.071554862 -0.009110898 0.997045636
1341845703.745719 0.064029202 0.082870148 -0.052782666 0.025534755 -0.070849307 -0.009996556 0.997110009
1341845703.777733 0.063202210 0.083046883 -0.052294515 0.024264745 -0.069618322 -0.010945698 0.997218490
1341845703.809711 0.062405154 0.080710120 -0.050935570 0.023689652 -0.069115989 -0.010643954 0.997270525
1341845703.845769 0.063702457 0.078881830 -0.052270208 0.023384154 -0.069426723 -0.010731336 0.997255206
1341845703.877728 0.064655900 0.079076968 -0.053199682 0.023229714 -0.069542326 -0.010695149 0.997251153
1341845703.913808 0.061547052 0.080972105 -0.050592519 0.023029348 -0.068957314 -0.010418946 0.997299314
1341845703.945653 0.063099943 0.074643172 -0.051587824 0.022238513 -0.068725489 -0.011308134 0.997323632
1341845703.977870 0.061920661 0.076210000 -0.052291464 0.023018418 -0.068251997 -0.011617978 0.997334838
1341845704.013637 0.060248986 0.076658256 -0.049188681 0.023870753 -0.068391152 -0.011262309 0.997309387
1341845704.045703 0.059377782 0.073331974 -0.050997995 0.024331460 -0.068515189 -0.010706142 0.997295856
1341845704.077666 0.062614262 0.075243577 -0.050619032 0.025114518 -0.069214538 -0.009914993 0.997236311
1341845704.113706 0.063076213 0.078798085 -0.051608082 0.025681902 -0.068876706 -0.009965796 0.997244775
1341845704.145681 0.063425891 0.076316237 -0.053055201 0.024864201 -0.068458460 -0.010644939 0.997287273
1341845704.181785 0.064710654 0.078056484 -0.049896572 0.024748044 -0.068372786 -0.010700147 0.997295439
1341845704.213778 0.063822232 0.077765122 -0.051429376 0.024598934 -0.068136849 -0.010592885 0.997316420
1341845704.245863 0.062838823 0.075482711 -0.051170491 0.024241222 -0.067857526 -0.010577663 0.997344375
1341845704.281578 0.063486859 0.079021640 -0.051202685 0.024381949 -0.067694150 -0.009835503 0.997359693
1341845704.313707 0.066742837 0.081478640 -0.051646475 0.023928750 -0.067676984 -0.009646765 0.997373641
1341845704.349873 0.064793646 0.081454992 -0.049572632 0.023409422 -0.065894254 -0.009834271 0.997503519
1341845704.381729 0.066461220 0.083654158 -0.044537090 0.022965163 -0.064748846 -0.009638272 0.997590721
1341845704.413817 0.064179465 0.079313710 -0.045934066 0.022286458 -0.062770367 -0.009816379 0.997730851
1341845704.449837 0.067533426 0.082758218 -0.050333589 0.022672348 -0.061487377 -0.010206459 0.997798145
1341845704.481600 0.065328605 0.081777498 -0.049505681 0.021466600 -0.059656214 -0.010413757 0.997933805
1341845704.513671 0.060871337 0.071862556 -0.046328321 0.021038320 -0.058545772 -0.009715036 0.998015761
1341845704.549869 0.058654387 0.071539246 -0.047608990 0.025388613 -0.059326079 -0.006997718 0.997891188
1341845704.581901 0.059633028 0.074394628 -0.045886248 0.029952761 -0.061693825 -0.005281976 0.997631609
1341845704.617838 0.063251667 0.077571400 -0.049093276 0.032122150 -0.062794700 -0.006037171 0.997491121
1341845704.650477 0.064023182 0.075684212 -0.047876112 0.032190721 -0.062931001 -0.007520261 0.997470260
1341845704.681708 0.059107069 0.073720984 -0.047827180 0.033104561 -0.062772453 -0.007811103 0.997448087
1341845704.717704 0.063343883 0.075878270 -0.046317197 0.034743842 -0.064782552 -0.007569107 0.997265637
1341845704.749702 0.065778442 0.079939835 -0.049520757 0.035650112 -0.065349586 -0.009202687 0.997182965
1341845704.781791 0.060519025 0.078005247 -0.047885191 0.034532003 -0.063962534 -0.011479705 0.997288585
1341845704.817744 0.056587562 0.070997521 -0.052250881 0.033967361 -0.063836865 -0.012566171 0.997302949
1341845704.849705 0.055675920 0.077112079 -0.048777755 0.036595605 -0.065675385 -0.012448694 0.997092068
1341845704.885675 0.057012204 0.074040763 -0.050336327 0.036200449 -0.066742040 -0.013063233 0.997027755
1341845704.917742 0.057018366 0.077155598 -0.051771507 0.036122900 -0.067271240 -0.013349817 0.996991217
1341845704.949746 0.058203183 0.073864244 -0.053073514 0.034940660 -0.067921400 -0.014494580 0.996973336
1341845704.985761 0.055326223 0.075681515 -0.052423548 0.034460623 -0.067889959 -0.015203905 0.996981561
1341845705.017537 0.053531982 0.075521208 -0.050168809 0.033806637 -0.068085253 -0.016143899 0.996975899
1341845705.049660 0.055374198 0.079878181 -0.047549598 0.033567410 -0.068700880 -0.016483480 0.996936202
1341845705.085710 0.053763375 0.072487332 -0.053329747 0.031997278 -0.068800367 -0.017316880 0.996966779
1341845705.117831 0.057181235 0.076362915 -0.053529147 0.032544125 -0.070128329 -0.016969098 0.996862590
1341845705.154005 0.055448510 0.077212282 -0.053271946 0.031387549 -0.069944896 -0.017683873 0.996900141
1341845705.185648 0.057540633 0.077327415 -0.051604062 0.030570487 -0.070000201 -0.017433353 0.996926069
1341845705.217695 0.055676989 0.078058198 -0.052748829 0.030537099 -0.069202699 -0.017443987 0.996982574
1341845705.253735 0.056193575 0.081518210 -0.050633807 0.030466035 -0.068906918 -0.017485170 0.997004509
1341845705.285554 0.055088904 0.078001432 -0.050339725 0.029728208 -0.069022104 -0.017161950 0.997024417
1341845705.321646 0.057466760 0.079567403 -0.049931228 0.030368350 -0.069882229 -0.016248597 0.996960521
1341845705.353674 0.056840394 0.081906945 -0.050162692 0.030924682 -0.070096381 -0.015142335 0.996945798
1341845705.385774 0.058436409 0.078419551 -0.051462423 0.030902322 -0.070419140 -0.015908016 0.996911824
1341845705.421801 0.057152826 0.075668469 -0.049414121 0.031530708 -0.069822118 -0.016271269 0.996928275
1341845705.453568 0.054991052 0.076426350 -0.046466693 0.033834957 -0.069898210 -0.015413851 0.996860981
1341845705.485749 0.058862712 0.076181956 -0.049405694 0.035593718 -0.071452223 -0.014258981 0.996706784
1341845705.521655 0.058976762 0.079437017 -0.048173189 0.037423573 -0.072025970 -0.012874408 0.996617317
1341845705.553548 0.058833074 0.082045697 -0.050590221 0.038554940 -0.072035260 -0.012277663 0.996581018
1341845705.589775 0.061718147 0.082591541 -0.049057264 0.038259238 -0.072288424 -0.012618515 0.996569812
1341845705.621894 0.056015875 0.082443491 -0.050977901 0.038256634 -0.071534246 -0.011696207 0.996635616
1341845705.653569 0.051917512 0.079134807 -0.050993472 0.037693303 -0.073371910 -0.011069945 0.996530592
1341845705.689868 0.059901398 0.081740454 -0.046527714 0.038826145 -0.076113068 -0.011803183 0.996273041
1341845705.721810 0.062717497 0.082314998 -0.047246128 0.038715497 -0.075658493 -0.011830558 0.996311665
1341845705.753738 0.058924723 0.080041781 -0.046162687 0.038400404 -0.074571349 -0.013334451 0.996386826
1341845705.789861 0.062658459 0.080841124 -0.045304790 0.038516585 -0.074039288 -0.012839905 0.996428549
1341845705.821704 0.055507757 0.082457878 -0.044071134 0.038403563 -0.072360672 -0.012350572 0.996562362
1341845705.863629 0.053158231 0.077069491 -0.044556562 0.038224958 -0.073014371 -0.012665736 0.996517599
1341845705.895623 0.055722799 0.076773286 -0.046947498 0.039802019 -0.074931577 -0.010488852 0.996338844
1341845705.931726 0.053070422 0.079150550 -0.047088150 0.041474264 -0.077049114 -0.008615252 0.996127069
1341845705.963641 0.057617437 0.085523158 -0.046765637 0.042445283 -0.079369090 -0.010427746 0.995886683
1341845705.995677 0.064294793 0.089787081 -0.044912860 0.041592762 -0.079677418 -0.014959720 0.995840251
1341845706.031837 0.062730886 0.088882022 -0.043045640 0.038958207 -0.077372752 -0.015670562 0.996117532
1341845706.063631 0.050892085 0.081886150 -0.042859621 0.037077915 -0.076525994 -0.015406964 0.996258795
1341845706.095737 0.053484507 0.086550824 -0.038452554 0.038037837 -0.078649417 -0.016514270 0.996039510
1341845706.131716 0.062950559 0.088263229 -0.037473205 0.037010252 -0.079329036 -0.017513558 0.996007264
1341845706.163718 0.057652723 0.085255802 -0.034470011 0.036186587 -0.077256717 -0.016649829 0.996215224
1341845706.195662 0.057126530 0.085573323 -0.036369558 0.036692772 -0.077722870 -0.015414554 0.996180296
1341845706.231610 0.062264886 0.091424540 -0.029975632 0.036806468 -0.078118183 -0.015401016 0.996145368
1341845706.263724 0.063804038 0.088515118 -0.031311847 0.035081554 -0.076245494 -0.014282249 0.996369421
1341845706.299838 0.054512162 0.087962247 -0.032338049 0.034083463 -0.074508429 -0.013469353 0.996546745
1341845706.331753 0.058222171 0.092266977 -0.031749405 0.034173056 -0.075774647 -0.014326972 0.996436238
1341845706.363574 0.060137779 0.086843200 -0.031348400 0.033122852 -0.075806223 -0.014301308 0.996469676
1341845706.399690 0.064741164 0.084006071 -0.031046351 0.032757085 -0.076989330 -0.013571150 0.996401250
1341845706.431735 0.064268306 0.085716948 -0.031235164 0.033406448 -0.076475859 -0.013571900 0.996419191
1341845706.463612 0.062353630 0.080647305 -0.030796224 0.032521445 -0.075222276 -0.012512224 0.996557772
1341845706.499655 0.060958352 0.081221074 -0.032112882 0.033380631 -0.075733893 -0.010570483 0.996513128
1341845706.531782 0.067804404 0.085242204 -0.030320283 0.034657091 -0.077582322 -0.010609281 0.996326923
1341845706.563559 0.074322857 0.082924344 -0.027388113 0.034734108 -0.076267548 -0.010721727 0.996424556
1341845706.599529 0.056199364 0.080721647 -0.024359755 0.035487715 -0.072211370 -0.011237415 0.996694446
1341845706.631786 0.064211980 0.079486936 -0.028577533 0.037102740 -0.074789122 -0.012085333 0.996435642
1341845706.667647 0.073759198 0.083452359 -0.026984051 0.038463823 -0.075206451 -0.011419214 0.996360481
1341845706.700732 0.072883457 0.081318118 -0.029161423 0.038168058 -0.072777919 -0.011021781 0.996556640
1341845706.732115 0.070263878 0.077529363 -0.030527601 0.038214646 -0.071937703 -0.010542938 0.996621013
1341845706.768143 0.070564568 0.082118116 -0.025463030 0.039644450 -0.071875267 -0.008649725 0.996587932
1341845706.800357 0.066344872 0.080287963 -0.026038269 0.039944947 -0.070289813 -0.007963291 0.996694684
1341845706.832602 0.069961309 0.082677536 -0.027864110 0.040227346 -0.071018562 -0.007598132 0.996634543
1341845706.869449 0.069318101 0.085733227 -0.026321700 0.040054385 -0.070806295 -0.007375475 0.996658266
1341845706.933651 0.068786047 0.083693504 -0.024276474 0.039017905 -0.071320496 -0.006887291 0.996666193
1341845706.994021 0.070372313 0.082770444 -0.027948754 0.037665300 -0.071166962 -0.005012602 0.996740401
1341845707.029674 0.068053111 0.078535587 -0.029722314 0.037585318 -0.071140327 -0.004126462 0.996749401
1341845707.061864 0.072911382 0.082611524 -0.026512099 0.038942646 -0.071682684 -0.003849479 0.996659517
1341845707.097704 0.075486928 0.074991219 -0.025212836 0.037967619 -0.070841819 -0.002866376 0.996760607
1341845707.129770 0.071506850 0.073265947 -0.025512978 0.039943922 -0.070283234 -0.002196066 0.996724606
1341845707.161817 0.076927930 0.071877062 -0.029736325 0.042073287 -0.071565375 -0.001763211 0.996546626
1341845707.197721 0.080895409 0.070111133 -0.029548002 0.042695869 -0.070788339 -0.002423120 0.996574223
1341845707.229795 0.075793505 0.070555307 -0.030567553 0.043424308 -0.068980038 -0.003378621 0.996666789
1341845707.261851 0.077564821 0.073182121 -0.030031316 0.044366833 -0.069164500 -0.002223356 0.996615767
1341845707.297710 0.080918454 0.076364964 -0.028902488 0.044888232 -0.068712935 -0.002139452 0.996623814
1341845707.329761 0.082263552 0.073633365 -0.025632843 0.043994382 -0.067456447 -0.002839148 0.996747732
1341845707.365850 0.082526684 0.069132790 -0.024207022 0.043630302 -0.066033371 -0.001026910 0.996862531
1341845707.397796 0.077002302 0.071884036 -0.024360098 0.045470551 -0.065203249 0.001209403 0.996834755
1341845707.429752 0.083648488 0.066431247 -0.027695488 0.045485612 -0.066063873 0.001900715 0.996776342
1341845707.465767 0.087018140 0.066354699 -0.025410578 0.046496175 -0.064938746 0.001070613 0.996804833
1341845707.497642 0.083077647 0.067232221 -0.023168070 0.047174990 -0.062680870 0.000963837 0.996917605
1341845707.533665 0.087834030 0.065382868 -0.023564491 0.047859129 -0.062299840 0.001989234 0.996907353
1341845707.565754 0.091771558 0.068475887 -0.022350589 0.049311228 -0.060831930 0.001150520 0.996928573
1341845707.597603 0.097055674 0.064445972 -0.028932709 0.048959795 -0.059302852 0.001237758 0.997037888
1341845707.633748 0.093818352 0.061599907 -0.027305342 0.048914444 -0.058715127 0.002200037 0.997073233
1341845707.665870 0.098194331 0.062335167 -0.025179774 0.049511161 -0.059643064 0.003486159 0.996985078
1341845707.698455 0.104009621 0.065653950 -0.022183919 0.049581435 -0.059658978 0.003021867 0.996982098
1341845707.734303 0.098473042 0.064648211 -0.025597101 0.048704345 -0.058126878 0.001668992 0.997119069
1341845707.766259 0.099185534 0.061632518 -0.026304048 0.048310261 -0.058522128 0.002308120 0.997113824
1341845707.836344 0.098487996 0.064998999 -0.024664810 0.050460581 -0.058372896 0.001699784 0.997017264
1341845707.866230 0.095154583 0.067585133 -0.023371059 0.050596118 -0.058615614 0.002206743 0.996995211
1341845707.901694 0.103447452 0.063144036 -0.024834553 0.049420189 -0.060155887 0.003029252 0.996960223
1341845707.933640 0.097465821 0.061122824 -0.024872946 0.049451333 -0.059708409 0.002705233 0.996986508
1341845707.965831 0.101919077 0.065120086 -0.022581358 0.050574843 -0.060716670 0.002286155 0.996870339
1341845708.001954 0.098534733 0.063955620 -0.024907870 0.050088391 -0.059344269 0.003040878 0.996975541
1341845708.034393 0.097673565 0.064081326 -0.022958141 0.050551530 -0.060224425 0.002313714 0.996901333
1341845708.069946 0.099605858 0.067265749 -0.020045735 0.050704300 -0.060757834 0.002243575 0.996861339
1341845708.101700 0.099040829 0.063316248 -0.022097008 0.049671382 -0.060396329 0.001636353 0.996936500
1341845708.133697 0.098619834 0.058530930 -0.025595138 0.049109720 -0.061024789 0.001760206 0.996925831
1341845708.169675 0.097729743 0.063599803 -0.022330139 0.050011300 -0.061569411 0.001297783 0.996848226
1341845708.201793 0.102563113 0.061787654 -0.023222975 0.049413167 -0.062150121 0.000533351 0.996842742
1341845708.233744 0.099584922 0.059493512 -0.025504649 0.049303032 -0.062380057 0.000392981 0.996833861
1341845708.269711 0.094740964 0.065104671 -0.021841655 0.050768115 -0.062462728 0.000887518 0.996754825
1341845708.301629 0.099302761 0.069256514 -0.022301182 0.051637311 -0.063783847 0.000821364 0.996626616
1341845708.337612 0.100048520 0.065715648 -0.022959579 0.050584875 -0.063678391 -0.001589763 0.996686339
1341845708.369900 0.099805050 0.062726073 -0.023426808 0.049627468 -0.063198976 -0.002088872 0.996764064
1341845708.401883 0.097506598 0.065587513 -0.023464132 0.050365534 -0.063637018 -0.002158795 0.996699035
1341845708.443610 0.098615043 0.063612513 -0.023351133 0.050426774 -0.063864835 -0.003267606 0.996678352
1341845708.501776 0.098499507 0.062975653 -0.026701713 0.049554404 -0.065019920 -0.002474359 0.996649683
1341845708.543852 0.100323521 0.065664805 -0.026342498 0.050339442 -0.067353867 -0.001405503 0.996457458
1341845708.605675 0.097429067 0.069017090 -0.027928462 0.049816020 -0.068061106 -0.003630481 0.996430039
1341845708.637641 0.088232659 0.068501599 -0.027148524 0.049924996 -0.068633310 -0.005145480 0.996378660
1341845708.669692 0.096271433 0.073516369 -0.021447375 0.050784536 -0.071691424 -0.005604855 0.996117413
1341845708.705736 0.096557252 0.075027943 -0.022050666 0.050035723 -0.071198359 -0.006964037 0.996182084
1341845708.738027 0.090287983 0.068211190 -0.027801868 0.048572451 -0.070975982 -0.008215890 0.996260822
1341845708.773829 0.091824144 0.072176687 -0.025540428 0.049274702 -0.073355764 -0.008345699 0.996052861
1341845708.805763 0.093555182 0.077443823 -0.024596106 0.049303789 -0.073743552 -0.008774880 0.996019065
1341845708.838653 0.089020453 0.072908200 -0.028435418 0.048335131 -0.073628932 -0.010558178 0.996057749
1341845708.873912 0.091746934 0.073993929 -0.025673175 0.048554234 -0.075375989 -0.011439064 0.995906651
1341845708.905735 0.085457228 0.076774545 -0.024428071 0.048566025 -0.074545547 -0.012195558 0.995959640
1341845708.938426 0.090559050 0.071294926 -0.031605728 0.047575735 -0.075922787 -0.013760246 0.995882988
1341845708.973642 0.081150636 0.076768219 -0.029001253 0.048587244 -0.075525478 -0.013619640 0.995866299
1341845709.005742 0.088387936 0.075707518 -0.028360305 0.047889199 -0.077544622 -0.013685764 0.995744050
1341845709.041686 0.086012006 0.076703370 -0.027900556 0.048186798 -0.077666648 -0.015336859 0.995696068
1341845709.073656 0.088136584 0.076196820 -0.032095414 0.047579322 -0.078512736 -0.015946951 0.995649397
1341845709.105658 0.083749995 0.075192526 -0.034287289 0.047296587 -0.078646794 -0.016296014 0.995646596
1341845709.141741 0.089733414 0.078804187 -0.030013483 0.047878411 -0.081040755 -0.016765546 0.995419025
1341845709.173646 0.088098995 0.076598667 -0.032945693 0.046960652 -0.080495276 -0.016528836 0.995510936
1341845709.205765 0.089518733 0.079023913 -0.035252668 0.046911865 -0.080933847 -0.017005814 0.995469630
1341845709.241765 0.090207554 0.077419251 -0.036744889 0.045998707 -0.080883466 -0.016996553 0.995516479
1341845709.273754 0.086801909 0.074530840 -0.034835830 0.045267340 -0.080060102 -0.016925642 0.995617807
1341845709.309890 0.084499381 0.075178690 -0.034897268 0.045195684 -0.079836406 -0.015620966 0.995660305
1341845709.341728 0.091741517 0.080392003 -0.034962490 0.045465257 -0.081308663 -0.014336340 0.995548248
1341845709.373776 0.085291199 0.083329260 -0.034766302 0.044587161 -0.080164798 -0.014331970 0.995680809
1341845709.409657 0.090232819 0.080844790 -0.037838325 0.042285785 -0.080917649 -0.013129240 0.995736837
1341845709.442072 0.082601495 0.082789741 -0.037136734 0.040487234 -0.080162942 -0.010880541 0.995899737
1341845709.473660 0.076625653 0.082099177 -0.035319157 0.038780570 -0.079895467 -0.010979983 0.995988071
1341845709.509632 0.080564737 0.085133046 -0.037494883 0.037353929 -0.080301993 -0.010020305 0.996020019
1341845709.541673 0.080253728 0.087763451 -0.039702278 0.035685360 -0.081110157 -0.009621294 0.996019661
1341845709.578645 0.079666719 0.085138313 -0.035832413 0.034427207 -0.082259215 -0.010159581 0.995964348
1341845709.609672 0.081422150 0.083780341 -0.036535643 0.033951983 -0.083846606 -0.011340105 0.995835543
1341845709.642057 0.080776364 0.084054135 -0.032470848 0.033785742 -0.084930040 -0.010593095 0.995757580
1341845709.709730 0.082718231 0.084938623 -0.032368790 0.032780498 -0.086432755 -0.011691808 0.995649576
1341845709.745593 0.081693441 0.086171910 -0.033771887 0.032522235 -0.085996330 -0.011324299 0.995700121
1341845709.777709 0.081508696 0.083398692 -0.038491961 0.031440649 -0.086266443 -0.010260005 0.995723009
1341845709.809687 0.085480236 0.086571962 -0.038749278 0.032087378 -0.087107100 -0.011174690 0.995619357
1341845709.845686 0.083542921 0.084746286 -0.035560779 0.031797484 -0.085035197 -0.013762332 0.995775342
1341845709.878752 0.082758307 0.081916600 -0.035506871 0.031255759 -0.083104722 -0.014805906 0.995940506
1341845709.909693 0.079333708 0.079151891 -0.042302608 0.031766728 -0.081976585 -0.013616513 0.996034801
1341845709.945663 0.081540167 0.077598378 -0.041469712 0.033264339 -0.083507001 -0.013062984 0.995866179
1341845709.977698 0.083695449 0.082088195 -0.037943788 0.035340831 -0.084094852 -0.012395971 0.995753706
1341845710.013739 0.078898966 0.078788504 -0.033839576 0.035426773 -0.082931340 -0.013989477 0.995827079
1341845710.045754 0.074164137 0.078294180 -0.037157565 0.036165372 -0.081380419 -0.014599493 0.995919764
1341845710.077705 0.081390515 0.079284757 -0.043599293 0.036272313 -0.082699023 -0.014552350 0.995807946
1341845710.113730 0.078472957 0.079367116 -0.038869653 0.036373194 -0.082205288 -0.014824097 0.995841146
1341845710.145759 0.078908384 0.078655131 -0.040153939 0.036234647 -0.082291350 -0.014028619 0.995850563
1341845710.177824 0.078566991 0.078107186 -0.037659191 0.036869839 -0.083163776 -0.014163824 0.995752871
1341845710.213581 0.084249511 0.080676496 -0.038125210 0.037598968 -0.084116340 -0.013499666 0.995654821
1341845710.245636 0.076257750 0.077995814 -0.044169050 0.037846416 -0.082826257 -0.014428273 0.995740592
1341845710.281582 0.078430496 0.077404067 -0.041420676 0.039939322 -0.085057728 -0.016038241 0.995446026
1341845710.313617 0.083989613 0.083580621 -0.040410776 0.041224647 -0.086420506 -0.015533796 0.995284259
1341845710.345643 0.077231012 0.081356943 -0.039746139 0.040877365 -0.084801808 -0.015416093 0.995439649
1341845710.381860 0.076131262 0.078655884 -0.043262970 0.041328412 -0.085183337 -0.015930330 0.995380342
1341845710.413817 0.083871976 0.083485968 -0.038460363 0.042422220 -0.086831532 -0.015368582 0.995200694
1341845710.445824 0.082691237 0.079455458 -0.042008813 0.040929928 -0.085832112 -0.014823058 0.995358169
1341845710.481794 0.079753019 0.078014478 -0.042065289 0.040874146 -0.086323649 -0.015325068 0.995310366
1341845710.513650 0.079917766 0.075936958 -0.043933608 0.040519364 -0.086260468 -0.014766481 0.995338798
1341845710.549635 0.077346526 0.076382749 -0.043198366 0.041197680 -0.086075589 -0.013827689 0.995340407
1341845710.581654 0.081618942 0.076818869 -0.043610565 0.042310994 -0.087183677 -0.013814132 0.995197475
1341845710.613694 0.079291113 0.076815307 -0.045233421 0.042166766 -0.086310185 -0.012976716 0.995290995
1341845710.649564 0.075704493 0.075454652 -0.044447456 0.042249307 -0.085578248 -0.012384548 0.995358229
1341845710.681648 0.080797724 0.078800194 -0.044347245 0.043728620 -0.086618327 -0.013047952 0.995195866
1341845710.713728 0.081643187 0.076960064 -0.043857090 0.043502647 -0.086068757 -0.012475860 0.995260775
1341845710.749785 0.082484148 0.077077471 -0.044200622 0.043822311 -0.085695907 -0.011309786 0.995292842
1341845710.781816 0.085040651 0.077521041 -0.043315664 0.044609118 -0.086074315 -0.011854649 0.995218933
1341845710.817567 0.085722916 0.075522073 -0.043885011 0.044158977 -0.085581996 -0.012415959 0.995274603
1341845710.850205 0.085746154 0.078387238 -0.040666480 0.044273797 -0.084880598 -0.011323692 0.995342612
1341845710.882136 0.083158262 0.076125138 -0.041020624 0.043722752 -0.085004658 -0.010803384 0.995362163
1341845710.917631 0.084382661 0.076982439 -0.040248960 0.043614227 -0.085231937 -0.010906840 0.995346367
1341845710.950281 0.083434947 0.076605193 -0.040281937 0.043560956 -0.084142722 -0.010934828 0.995441079
1341845710.985647 0.081593975 0.071922138 -0.043927189 0.044015449 -0.084604971 -0.010747146 0.995383918
1341845711.017722 0.086785220 0.079044044 -0.039058670 0.046532508 -0.087010890 -0.012304047 0.995043933
1341845711.049965 0.094732977 0.082174391 -0.040383227 0.045733329 -0.086254187 -0.013515566 0.995131135
1341845711.085583 0.084433921 0.077275366 -0.039724920 0.044024996 -0.082406744 -0.013475316 0.995534718
1341845711.117670 0.077373512 0.073556125 -0.039071217 0.044222690 -0.082545817 -0.013107362 0.995519340
1341845711.149770 0.090006396 0.078067183 -0.038372852 0.044997476 -0.084987126 -0.012122709 0.995291650
1341845711.191691 0.090671167 0.075800046 -0.039619260 0.043630589 -0.083177164 -0.012435471 0.995501518
1341845711.253627 0.082728587 0.076547019 -0.042069033 0.044867001 -0.084396563 -0.012473801 0.995343447
1341845711.285627 0.087944895 0.079372257 -0.037603971 0.044253945 -0.085602552 -0.012672712 0.995265424
1341845711.317874 0.084477670 0.081597932 -0.039909810 0.043894559 -0.084065586 -0.013559700 0.995400608
1341845711.353756 0.091256812 0.083233409 -0.040285040 0.042740572 -0.084363595 -0.014514267 0.995412171
1341845711.385687 0.088773087 0.081342764 -0.039475683 0.040805236 -0.082065538 -0.014620572 0.995683908
1341845711.417635 0.084341437 0.075976938 -0.036305621 0.039695796 -0.081114896 -0.014066868 0.995814621
1341845711.485895 0.088509649 0.082966395 -0.035025109 0.042747855 -0.084141575 -0.012113413 0.995462775
1341845711.521704 0.087059550 0.078314975 -0.035023194 0.042470790 -0.083064586 -0.011473081 0.995572627
1341845711.553696 0.089775793 0.078613676 -0.037841007 0.042957887 -0.083111666 -0.011421575 0.995548368
1341845711.585708 0.093931936 0.081910849 -0.036905359 0.042408999 -0.083027594 -0.012017360 0.995571911
1341845711.621659 0.090115882 0.079172783 -0.035763878 0.041526634 -0.081140243 -0.012455816 0.995759368
1341845711.653731 0.086580515 0.077228591 -0.039342519 0.041454829 -0.080909006 -0.012105571 0.995785475
1341845711.685758 0.087042317 0.078814656 -0.038850702 0.041675154 -0.081184573 -0.011496158 0.995761096
1341845711.721850 0.090821683 0.076736033 -0.039476819 0.041740697 -0.081471585 -0.010722304 0.995743513
1341845711.754323 0.086058497 0.077949084 -0.039166212 0.042148530 -0.081814706 -0.009682667 0.995708883
1341845711.789716 0.088154159 0.080762111 -0.036800429 0.042953704 -0.083022840 -0.010053651 0.995570779
1341845711.821820 0.092183888 0.075795010 -0.040791277 0.042194795 -0.083235450 -0.010056638 0.995585442
1341845711.854173 0.090979218 0.080773510 -0.037604798 0.043456592 -0.082940534 -0.011316312 0.995542228
1341845711.889875 0.091459200 0.078921907 -0.037750810 0.042518158 -0.081356980 -0.012437665 0.995700061
1341845711.923959 0.090299688 0.078583948 -0.038995255 0.041650880 -0.079042755 -0.012523854 0.995921969
1341845711.957595 0.089081377 0.079405092 -0.036321279 0.041119907 -0.078755684 -0.013897278 0.995948553
1341845711.989820 0.093125179 0.082859963 -0.031099763 0.040959518 -0.078848585 -0.014422767 0.995940387
1341845712.057899 0.086762637 0.079768650 -0.035899330 0.039194174 -0.077391617 -0.012380609 0.996153116
1341845712.090038 0.092604436 0.084055670 -0.034822118 0.039035868 -0.077285588 -0.015590797 0.996122539
1341845712.127587 0.090314388 0.080045462 -0.037434325 0.036843006 -0.074476525 -0.015769854 0.996417165
1341845712.195638 0.091179013 0.084309787 -0.028079323 0.039879210 -0.079887584 -0.013780504 0.995910525
1341845712.257830 0.088675231 0.079909578 -0.034926072 0.037439320 -0.075789683 -0.016656950 0.996281505
1341845712.289935 0.081537910 0.082153603 -0.041301195 0.038218390 -0.075222425 -0.015972968 0.996306062
