1.000000 0.000000 0.000000 0.000000 0.000000 1.000000 0.000000 0.000000 0.000000 0.000000 1.000000 0.000000
0.999517 0.001765 -0.031020 -0.035633 -0.001841 0.999995 -0.002421 0.003743 0.031016 0.002477 0.999516 0.437846
0.999065 0.001942 -0.043181 -0.043206 -0.002122 0.999989 -0.004116 0.004824 0.043172 0.004204 0.999059 0.568513
0.998416 0.001733 -0.056231 -0.075087 -0.001997 0.999987 -0.004649 -0.000146 0.056222 0.004754 0.998407 0.706569
0.997031 0.001818 -0.076984 -0.028701 -0.002260 0.999981 -0.005654 0.011495 0.076973 0.005811 0.997016 0.881514
0.995186 -0.000275 -0.098001 -0.025886 -0.000356 0.999979 -0.006416 0.018077 0.098001 0.006420 0.995166 1.079185
0.993623 -0.001255 -0.112743 -0.152681 0.000656 0.999985 -0.005348 0.001634 0.112748 0.005240 0.993610 1.215758
0.990281 -0.001173 -0.139080 -0.142914 0.000198 0.999975 -0.007024 0.011604 0.139084 0.006928 0.990256 1.433995
0.986867 0.001591 -0.161526 -0.226067 -0.002491 0.999982 -0.005370 -0.028470 0.161515 0.005702 0.986854 1.592050
0.982056 0.005892 -0.188498 -0.274976 -0.007152 0.999956 -0.006003 -0.045248 0.188454 0.007243 0.982055 1.794988
0.976511 0.008773 -0.215291 -0.361059 -0.010672 0.999914 -0.007657 -0.042574 0.215206 0.009775 0.976520 2.003833
0.969022 0.009198 -0.246805 -0.412265 -0.011635 0.999897 -0.008416 -0.043514 0.246702 0.011027 0.969029 2.218161
0.961690 0.011318 -0.273906 -0.569639 -0.014656 0.999841 -0.010141 -0.018574 0.273748 0.013767 0.961703 2.422795
0.951924 0.013176 -0.306051 -0.678644 -0.016623 0.999824 -0.008657 -0.026934 0.305883 0.013328 0.951976 2.648714
0.940118 0.014522 -0.340540 -0.787452 -0.018488 0.999794 -0.008404 -0.016939 0.340348 0.014196 0.940192 2.878747
0.927638 0.016607 -0.373110 -0.924663 -0.021412 0.999732 -0.008738 -0.011903 0.372865 0.016095 0.927746 3.095317
0.914435 0.019853 -0.404246 -1.075118 -0.025092 0.999656 -0.007668 -0.019088 0.403954 0.017155 0.914618 3.269941
0.898790 0.021306 -0.437861 -1.215183 -0.027269 0.999601 -0.007334 -0.019180 0.437530 0.018532 0.899013 3.447249
0.880808 0.015543 -0.473218 -1.360679 -0.022366 0.999711 -0.008795 -0.009982 0.472945 0.018330 0.880901 3.635686
0.860319 0.012180 -0.509610 -1.546472 -0.019216 0.999779 -0.008545 -0.023230 0.509393 0.017144 0.860363 3.849938
0.834874 0.013463 -0.550276 -1.714638 -0.019020 0.999810 -0.004394 -0.038039 0.550112 0.014135 0.834971 4.048099
0.806183 0.018850 -0.591367 -1.922055 -0.023403 0.999726 -0.000038 -0.049934 0.591204 0.013870 0.806403 4.224457
0.774238 0.021362 -0.632535 -2.157583 -0.026057 0.999659 0.001866 -0.057587 0.632359 0.015037 0.774530 4.414520
0.739325 0.020757 -0.673029 -2.408765 -0.025843 0.999663 0.002441 -0.056946 0.672853 0.015589 0.739612 4.587486
0.701194 0.017340 -0.712760 -2.699106 -0.021203 0.999769 0.003463 -0.051125 0.712655 0.012685 0.701400 4.798298
0.659489 0.015449 -0.751555 -2.961470 -0.017162 0.999838 0.005493 -0.066329 0.751518 0.009276 0.659647 4.938013
0.613762 0.014456 -0.789359 -3.266865 -0.013833 0.999876 0.007555 -0.067967 0.789370 0.006282 0.613886 5.131920
0.564257 0.016066 -0.825443 -3.643663 -0.013355 0.999857 0.010331 -0.056292 0.825491 0.005195 0.564391 5.373395
0.508521 0.017078 -0.860880 -4.052978 -0.016487 0.999813 0.010096 -0.008161 0.860892 0.009059 0.508708 5.668336
0.455196 0.017718 -0.890215 -4.462971 -0.014926 0.999813 0.012267 -0.004420 0.890266 0.007704 0.455375 5.825973
0.397917 0.020502 -0.917192 -4.887548 -0.015133 0.999761 0.015782 0.011420 0.917297 0.007600 0.398132 6.013275
0.339147 0.020009 -0.940521 -5.139110 -0.005657 0.999799 0.019230 -0.045616 0.940716 -0.001201 0.339192 5.984440
0.281981 0.017353 -0.959263 -5.590094 0.001719 0.999826 0.018592 -0.018858 0.959418 -0.006891 0.281902 6.087018
0.231546 0.024107 -0.972525 -6.108835 0.000377 0.999691 0.024870 -0.026058 0.972824 -0.006125 0.231465 6.132191
0.190115 0.022162 -0.981512 -6.634021 0.005423 0.999706 0.023623 -0.010986 0.981747 -0.009814 0.189939 6.064986
0.145476 0.024206 -0.989066 -7.285182 0.002040 0.999691 0.024766 -0.017733 0.989360 -0.005621 0.145381 6.120799
0.107023 0.023922 -0.993969 -8.051211 -0.003311 0.999714 0.023704 0.037656 0.994251 0.000754 0.107072 6.165506
0.073664 0.022021 -0.997040 -8.532343 -0.003697 0.999755 0.021807 0.027304 0.997276 0.002080 0.073728 6.087559
0.041133 0.011023 -0.999093 -9.103992 0.010140 0.999883 0.011449 0.050563 0.999102 -0.010601 0.041016 6.060657
0.016254 0.023387 -0.999594 -8.221228 0.008322 0.999689 0.023525 -0.141772 0.999833 -0.008701 0.016055 5.338333
-0.004741 0.019755 -0.999794 -8.877865 0.009866 0.999757 0.019708 -0.126498 0.999940 -0.009771 -0.004935 5.237676
-0.022652 0.018852 -0.999566 -9.415551 0.011077 0.999766 0.018604 -0.154231 0.999682 -0.010651 -0.022855 5.190425
-0.027292 0.016005 -0.999499 -10.326644 0.004051 0.999865 0.015900 -0.094859 0.999619 -0.003615 -0.027353 5.161598
-0.042988 0.018719 -0.998900 -10.747481 0.000714 0.999825 0.018705 -0.127140 0.999075 0.000091 -0.042993 5.206230
-0.053599 0.023096 -0.998295 -11.101694 0.000640 0.999733 0.023095 -0.191629 0.998562 0.000599 -0.053600 5.090681
-0.056359 0.022031 -0.998167 -11.624542 0.004169 0.999753 0.021831 -0.176989 0.998402 -0.002931 -0.056437 4.920351
-0.057081 0.022710 -0.998111 -12.244247 0.006884 0.999726 0.022353 -0.181498 0.998346 -0.005595 -0.057222 4.880843
-0.054443 0.021318 -0.998289 -12.910257 0.011304 0.999721 0.020732 -0.180402 0.998453 -0.010156 -0.054669 4.840367
-0.048704 0.021569 -0.998580 -13.578085 0.019564 0.999596 0.020636 -0.180472 0.998622 -0.018531 -0.049106 4.806704
-0.043752 0.020696 -0.998828 -14.191566 0.024790 0.999500 0.019624 -0.176138 0.998735 -0.023902 -0.044243 4.782103
-0.038291 0.022636 -0.999010 -14.830098 0.012393 0.999677 0.022176 -0.149149 0.999190 -0.011532 -0.038560 4.643304
-0.027148 0.018262 -0.999465 -15.688357 0.016523 0.999705 0.017818 -0.204174 0.999495 -0.016030 -0.027442 4.733316
-0.022591 0.016543 -0.999608 -16.302557 0.014384 0.999765 0.016220 -0.170015 0.999641 -0.014012 -0.022823 4.611265
-0.022003 0.018491 -0.999587 -16.807503 0.017152 0.999689 0.018115 -0.148938 0.999611 -0.016746 -0.022314 4.538957
-0.012165 0.019480 -0.999736 -17.599762 0.020939 0.999596 0.019222 -0.196676 0.999707 -0.020699 -0.012568 4.605908
-0.007752 0.018467 -0.999799 -18.209352 0.019939 0.999634 0.018309 -0.152318 0.999771 -0.019793 -0.008117 4.548162
-0.003808 0.013775 -0.999898 -18.822992 0.026975 0.999543 0.013667 -0.162244 0.999629 -0.026920 -0.004178 4.569808
0.005764 0.012876 -0.999901 -19.552509 0.019753 0.999721 0.012987 -0.157993 0.999788 -0.019826 0.005508 4.431080
0.013908 0.010456 -0.999849 -20.260746 0.022472 0.999689 0.010767 -0.182420 0.999651 -0.022618 0.013669 4.444950
0.017278 0.009564 -0.999805 -20.852365 0.032289 0.999427 0.010118 -0.199534 0.999329 -0.032457 0.016959 4.483622
0.022310 0.008348 -0.999716 -21.478052 0.039445 0.999179 0.009224 -0.222546 0.998973 -0.039639 0.021962 4.516788
0.031821 0.007019 -0.999469 -22.278557 0.034227 0.999381 0.008108 -0.172603 0.998907 -0.034466 0.031561 4.471902
0.020309 0.026064 -0.999454 -21.523560 -0.016231 0.999537 0.025736 -0.215572 0.999662 0.015700 0.020723 4.459922
0.015137 0.018866 -0.999708 -21.666626 0.002840 0.999817 0.018911 -0.284074 0.999881 -0.003125 0.015080 4.557303
0.011880 0.023064 -0.999663 -21.751314 -0.012475 0.999660 0.022916 -0.317262 0.999852 0.012199 0.012163 4.575810
0.016657 0.011213 -0.999798 -22.751133 0.014484 0.999829 0.011455 -0.296362 0.999756 -0.014672 0.016491 4.588451
0.019266 0.018749 -0.999639 -23.277901 0.010203 0.999768 0.018948 -0.305311 0.999762 -0.010565 0.019071 4.619493
0.012470 0.030333 -0.999462 -23.247578 0.008560 0.999500 0.030441 -0.314687 0.999886 -0.008935 0.012204 4.621015
-0.001707 0.041556 -0.999135 -22.946333 0.005683 0.999120 0.041545 -0.336374 0.999982 -0.005607 -0.001942 4.656056
-0.006466 0.051678 -0.998643 -22.995552 -0.016573 0.998521 0.051779 -0.338732 0.999842 0.016886 -0.005600 4.652307
-0.014705 0.052765 -0.998499 -23.260237 -0.005241 0.998589 0.052847 -0.419390 0.999878 0.006010 -0.014407 4.728966
-0.021185 0.055506 -0.998234 -23.382996 -0.012250 0.998368 0.055773 -0.444467 0.999700 0.013410 -0.020471 4.751896
-0.032852 0.059719 -0.997674 -23.525770 -0.013072 0.998102 0.060175 -0.480891 0.999375 0.015019 -0.032009 4.832438
-0.038925 0.067217 -0.996979 -23.645311 -0.016148 0.997562 0.067887 -0.502519 0.999112 0.018742 -0.037744 4.853710
-0.046318 0.069264 -0.996523 -23.748907 -0.019072 0.997350 0.070208 -0.518592 0.998745 0.022257 -0.044874 4.877428
-0.053285 0.068919 -0.996198 -23.877674 -0.021318 0.997310 0.070136 -0.536866 0.998352 0.024975 -0.051672 4.899568
-0.059882 0.069034 -0.995815 -23.986097 -0.027421 0.997115 0.070773 -0.551451 0.997829 0.031544 -0.057816 4.919426
-0.070466 0.072980 -0.994841 -24.079699 -0.029886 0.996718 0.075235 -0.568984 0.997066 0.035033 -0.068054 4.950967
-0.078132 0.080486 -0.993689 -24.201593 -0.032644 0.995995 0.083240 -0.587063 0.996408 0.038941 -0.075192 4.968960
-0.086482 0.092204 -0.991977 -24.303207 -0.036589 0.994742 0.095651 -0.629782 0.995581 0.044567 -0.082654 5.033399
-0.092959 0.100457 -0.990589 -24.402887 -0.039125 0.993760 0.104450 -0.638556 0.994901 0.048466 -0.088449 5.048158
-0.099611 0.107980 -0.989150 -24.514488 -0.044462 0.992618 0.112836 -0.652114 0.994033 0.055219 -0.094075 5.057384
-0.108189 0.109428 -0.988090 -24.624039 -0.052081 0.991935 0.115556 -0.656899 0.992765 0.063963 -0.101617 5.074609
-0.113403 0.112549 -0.987154 -24.715569 -0.049389 0.991696 0.118740 -0.676297 0.992321 0.062220 -0.106903 5.080194
-0.126934 0.113129 -0.985439 -24.831076 -0.058909 0.990861 0.121340 -0.707995 0.990160 0.073453 -0.119110 5.133395
-0.127164 0.111148 -0.985634 -24.859165 -0.067332 0.990442 0.120377 -0.709083 0.989594 0.081672 -0.118465 5.132338
-0.143178 0.113904 -0.983120 -25.038088 -0.077787 0.988987 0.125912 -0.727092 0.986635 0.094502 -0.132741 5.154783
-0.152049 0.116497 -0.981483 -25.141022 -0.081880 0.988131 0.129971 -0.740648 0.984976 0.100125 -0.140706 5.166118
-0.155943 0.114106 -0.981153 -25.213268 -0.084603 0.988112 0.128362 -0.743575 0.984136 0.103025 -0.144436 5.165769
-0.164758 0.115452 -0.979554 -25.291670 -0.080598 0.988229 0.130031 -0.750291 0.983036 0.100373 -0.153513 5.183655
-0.173276 0.122056 -0.977281 -25.379185 -0.085128 0.986721 0.138329 -0.758341 0.981187 0.107163 -0.160585 5.188969
-0.174670 0.128540 -0.976201 -25.402140 -0.083146 0.985975 0.144704 -0.755178 0.981110 0.106442 -0.161533 5.185503
-0.162613 0.137334 -0.977086 -25.351551 -0.057414 0.987271 0.148320 -0.754500 0.985018 0.080217 -0.152659 5.157119
-0.162509 0.129939 -0.978114 -25.347807 -0.068965 0.987371 0.142627 -0.739029 0.984294 0.090633 -0.151496 5.150464
-0.164708 0.128692 -0.977911 -25.425703 -0.071295 0.987305 0.141936 -0.740933 0.983762 0.093098 -0.153442 5.139491
-0.170771 0.125281 -0.977314 -25.479673 -0.081783 0.986659 0.140769 -0.742608 0.981911 0.103967 -0.158247 5.142986
-0.170040 0.127092 -0.977207 -25.512926 -0.076312 0.986972 0.141640 -0.743482 0.982478 0.098658 -0.158127 5.130690
