1548265208.042000 0.0000000 0.0000000 0.0000000 0.0000000 0.0000000 0.0000000 1.0000000
1548265208.142290 -0.0044089 0.0237604 -0.0040368 0.0092545 -0.0114204 -0.0079654 0.9998602
1548265208.175810 -0.0054417 0.0254919 -0.0025573 0.0066164 -0.0134646 -0.0106058 0.9998312
1548265208.509740 0.0012352 0.0154144 -0.0043609 -0.0009154 -0.0483259 -0.0095053 0.9987860
1548265208.677520 -0.0148223 0.0710573 -0.0205444 -0.0054600 -0.0519345 -0.0136088 0.9985428
1548265208.811730 -0.0152561 0.0749166 -0.0039759 -0.0298268 -0.0540267 -0.0078145 0.9980633
1548265209.312850 -0.0056002 0.1892885 0.0004254 -0.0493651 -0.0647211 -0.0218128 0.9964429
1548265209.380570 -0.0099519 0.2055409 0.0085210 -0.0592747 -0.0542580 -0.0295923 0.9963267
1548265209.548280 -0.0030740 0.2197624 0.0528523 -0.0772797 -0.0445531 -0.0477751 0.9948670
1548265209.715980 -0.0017619 0.1751710 0.0765006 -0.0745951 -0.0184510 -0.0338940 0.9964669
1548265210.118170 0.0381634 -0.0071542 0.0963753 -0.0259223 0.0050240 0.0181142 0.9994872
1548265210.319580 0.0519681 -0.0809068 0.0713369 0.0129128 0.0229653 0.0111979 0.9995902
1548265210.420180 0.0529803 -0.0945635 0.0628427 0.0208725 0.0449770 0.0065666 0.9987484
1548265210.487210 0.0571005 -0.1135306 0.0606787 0.0227904 0.0610170 0.0076060 0.9978475
1548265210.721850 0.1022978 -0.1648587 0.0294705 0.0382950 0.0994184 0.0270336 0.9939409
1548265210.956380 0.1440054 -0.1635164 0.0289179 0.0282035 0.1341052 0.0346671 0.9899589
1548265211.157150 0.1651875 -0.2250931 0.0384640 0.0383804 0.1553866 0.0476781 0.9859558
1548265211.324720 0.2033813 -0.2208897 0.0157005 0.0554406 0.1738955 0.0511215 0.9818723
1548265211.458750 0.2167736 -0.1993769 0.0243448 0.0451159 0.2094568 0.0576134 0.9750760
1548265212.698770 0.2341634 0.0178262 0.0119587 -0.0528458 0.2746335 0.0575878 0.9583670
1548265213.939050 0.2149524 0.0054802 -0.1227894 -0.0188101 0.3565766 0.0915945 0.9295750
1548265215.681260 0.2442855 -0.1378381 -0.2295547 0.0333107 0.3871024 0.1055174 0.9153733
1548265216.687040 0.1892671 -0.1018373 -0.2456422 0.0116601 0.4091177 0.0916547 0.9077919
1548265216.854620 0.1947882 -0.1027772 -0.2498442 0.0050107 0.4072405 0.0938972 0.9084676
1548265217.190030 0.1891603 -0.0815747 -0.2412439 0.0007156 0.4127912 0.0913405 0.9062338
1548265217.390890 0.1790175 -0.0787467 -0.2394947 0.0005980 0.4164689 0.0967183 0.9039905
1548265217.591940 0.1907397 -0.0567847 -0.2369965 -0.0123447 0.4103022 0.0981729 0.9065659
1548265217.927140 0.1762305 -0.0331895 -0.2281744 -0.0306924 0.4040845 0.0960922 0.9091424
1548265218.363220 0.1647808 0.0059276 -0.2207389 -0.0501726 0.3736449 0.0857060 0.9222400
1548265218.665020 0.1605970 0.0326450 -0.2160209 -0.0606299 0.3593203 0.0835602 0.9274862
1548265218.732050 0.1582816 0.0434719 -0.2074150 -0.0631055 0.3589004 0.0819439 0.9276279
1548265218.799080 0.1582409 0.0405383 -0.2057821 -0.0682337 0.3552184 0.0797886 0.9288691
1548265219.033340 0.1452082 0.0610243 -0.1958436 -0.0768341 0.3430339 0.0824158 0.9325406
1548265219.268030 0.1538555 0.0807991 -0.1858367 -0.0765882 0.3195700 0.0806752 0.9410105
1548265219.804110 0.1641093 0.0368125 -0.1611975 -0.0616433 0.3052258 0.0871233 0.9462805
1548265223.389730 0.1444209 0.1614426 -0.1702686 -0.0815721 0.2895389 0.0956924 0.9488710
1548265223.624320 0.1362535 0.0967296 -0.2023294 -0.0523318 0.3254822 0.0831455 0.9404305
1548265225.232780 0.1615496 -0.0845027 -0.2979869 0.0390209 0.4275658 0.0753469 0.8999931
1548265225.769230 0.1137698 -0.1409218 -0.3295869 0.0540242 0.3549833 0.0734756 0.9304137
1548265225.870080 0.0601263 -0.1396548 -0.2898968 0.0500647 0.3280880 0.0626726 0.9412353
1548265226.037680 0.1320840 -0.1283247 -0.2909671 0.0345761 0.2691769 0.0550451 0.9608945
