1548265208.042000 0.0000000 0.0000000 0.0000000 0.0000000 0.0000000 0.0000000 1.0000000
1548265208.142290 -0.0022408 0.0232604 -0.0047079 0.0092109 -0.0117900 -0.0076437 0.9998589
1548265208.175810 -0.0013108 0.0264573 -0.0034880 0.0068218 -0.0142314 -0.0103942 0.9998214
1548265208.509740 0.0048979 0.0144521 -0.0052721 -0.0010386 -0.0489595 -0.0093077 0.9987569
1548265208.778210 -0.0052186 0.0745083 -0.0030567 -0.0282149 -0.0532136 -0.0107126 0.9981270
1548265209.245820 -0.0120647 0.1737491 -0.0079192 -0.0422524 -0.0612616 -0.0157832 0.9971021
1548265209.346360 0.0064696 0.1999114 0.0032279 -0.0544067 -0.0607256 -0.0268902 0.9963078
1548265209.380570 -0.0085389 0.2138335 0.0106584 -0.0577951 -0.0544183 -0.0299556 0.9963940
1548265209.481240 -0.0095400 0.2270838 0.0296732 -0.0703183 -0.0519449 -0.0420629 0.9952828
1548265209.548280 0.0029272 0.2106600 0.0497463 -0.0794898 -0.0456756 -0.0484013 0.9946117
1548265209.783010 0.0024424 0.1499971 0.0847367 -0.0692650 -0.0140587 -0.0221796 0.9972526
1548265210.185210 0.0250202 -0.0240171 0.0882470 -0.0083754 0.0121201 0.0185276 0.9997198
1548265210.319580 0.0501058 -0.0755819 0.0720649 0.0141673 0.0234680 0.0114624 0.9995584
1548265210.420180 0.0460631 -0.0897782 0.0617884 0.0218114 0.0464061 0.0071116 0.9986592
1548265210.520740 0.0666521 -0.1282135 0.0529819 0.0238162 0.0670551 0.0105958 0.9974087
1548265210.721850 0.0996677 -0.1634268 0.0311052 0.0386824 0.1003787 0.0278027 0.9938082
1548265211.056790 0.1549961 -0.1933127 0.0427593 0.0259422 0.1474370 0.0400542 0.9879195
1548265211.257690 0.1743338 -0.2356916 0.0312872 0.0509781 0.1675074 0.0509231 0.9832341
1548265211.324720 0.2053412 -0.2230668 0.0197903 0.0553153 0.1741540 0.0523737 0.9817676
1548265211.425230 0.2129731 -0.2109656 0.0178753 0.0480824 0.2061900 0.0585186 0.9755764
1548265211.726780 0.2346187 -0.1375960 0.0224382 -0.0023242 0.2316423 0.0566091 0.9711497
1548265212.397960 0.2353511 -0.0162569 0.0164461 -0.0378676 0.2775917 0.0648651 0.9577585
1548265213.805030 0.2176230 0.0201728 -0.1058896 -0.0182281 0.3495166 0.0879521 0.9326148
1548265215.815330 0.2402527 -0.1223472 -0.2335903 0.0278962 0.3953614 0.1041206 0.9121788
1548265216.720560 0.1945606 -0.0999497 -0.2557111 0.0102542 0.4081700 0.0921872 0.9081815
1548265217.190030 0.1864977 -0.0639528 -0.2473768 0.0033907 0.4126087 0.0910057 0.9063447
1548265217.357370 0.1766270 -0.0632484 -0.2438914 0.0031624 0.4171371 0.0944914 0.9039126
1548265217.524950 0.1859562 -0.0526414 -0.2455977 -0.0054781 0.4115926 0.0986920 0.9059919
1548265217.658980 0.1843501 -0.0426272 -0.2388010 -0.0148666 0.4084584 0.0985314 0.9073215
1548265217.793090 0.1844437 -0.0364141 -0.2382528 -0.0216845 0.4072520 0.0966336 0.9079304
1548265217.927140 0.1594212 -0.0135145 -0.2231921 -0.0281145 0.4065658 0.0945111 0.9082849
1548265218.027690 0.1661640 -0.0025787 -0.2221796 -0.0352889 0.3984715 0.0971627 0.9113367
1548265218.094750 0.1730730 -0.0124676 -0.2275239 -0.0419843 0.3940417 0.0965130 0.9130464
1548265218.396740 0.1577066 0.0222684 -0.2212318 -0.0497487 0.3724362 0.0845600 0.9228575
1548265218.865960 0.1384978 0.0652973 -0.2008120 -0.0677423 0.3540198 0.0794859 0.9293885
1548265219.033340 0.1265879 0.0742297 -0.1889335 -0.0743759 0.3460745 0.0823496 0.9316218
1548265219.268030 0.1431893 0.0885145 -0.1889978 -0.0753981 0.3212313 0.0804240 0.9405624
1548265220.038670 0.1622902 0.0221896 -0.1565069 -0.0550456 0.3088141 0.0966153 0.9446000
1548265223.389730 0.1429585 0.1738035 -0.1764793 -0.0795207 0.2892549 0.0959295 0.9491078
1548265223.624320 0.1477872 0.1200455 -0.2055177 -0.0484150 0.3231003 0.0835985 0.9414210
1548265225.232780 0.1593886 -0.0727300 -0.3002712 0.0405322 0.4277140 0.0748972 0.8998935
1548265225.500820 0.1468523 -0.1007629 -0.3334092 0.0503683 0.3862806 0.0813458 0.9174057
1548265225.769230 0.1156166 -0.1218099 -0.3279609 0.0563074 0.3548156 0.0714542 0.9304997
1548265225.870080 0.1073526 -0.1196316 -0.3679968 0.0524229 0.3149956 0.0622990 0.9455943
1548265226.004160 0.1385031 -0.1161655 -0.3182667 0.0393257 0.2719280 0.0538635 0.9600039
