1.000000 0.000000 0.000000 0.000000 0.000000 1.000000 0.000000 0.000000 0.000000 0.000000 1.000000 0.000000
0.999529 0.001797 -0.030630 -0.040408 -0.001863 0.999996 -0.002142 -0.000060 0.030627 0.002198 0.999528 0.434747
0.999089 0.002036 -0.042617 -0.049223 -0.002204 0.999990 -0.003889 0.001774 0.042609 0.003979 0.999084 0.561647
0.998392 0.001719 -0.056659 -0.064737 -0.002020 0.999984 -0.005252 0.007201 0.056649 0.005358 0.998380 0.727508
0.997104 0.001906 -0.076033 -0.035226 -0.002331 0.999982 -0.005505 0.010051 0.076021 0.005666 0.997090 0.895979
0.995497 0.000106 -0.094789 -0.066619 -0.000656 0.999983 -0.005770 0.013352 0.094787 0.005806 0.995481 1.076920
0.993657 -0.001210 -0.112445 -0.152468 0.000618 0.999986 -0.005305 0.000303 0.112449 0.005202 0.993644 1.206316
0.990328 -0.001073 -0.138745 -0.140072 -0.000056 0.999967 -0.008134 0.024503 0.138749 0.008063 0.990295 1.441979
0.986987 0.001476 -0.160793 -0.228741 -0.002352 0.999983 -0.005253 -0.030463 0.160782 0.005562 0.986974 1.581063
0.982359 0.005849 -0.186912 -0.295124 -0.007144 0.999955 -0.006253 -0.042933 0.186867 0.007478 0.982357 1.785589
0.976739 0.009004 -0.214242 -0.370682 -0.010737 0.999918 -0.006924 -0.053282 0.214162 0.009064 0.976756 1.996928
0.969631 0.009003 -0.244405 -0.441169 -0.011488 0.999896 -0.008746 -0.040423 0.244301 0.011288 0.969634 2.207571
0.962048 0.011657 -0.272632 -0.575279 -0.014931 0.999839 -0.009939 -0.022194 0.272473 0.013633 0.962067 2.400600
0.952223 0.013632 -0.305098 -0.677104 -0.016752 0.999831 -0.007612 -0.040274 0.304942 0.012359 0.952291 2.622285
0.940566 0.014783 -0.339290 -0.792349 -0.018504 0.999799 -0.007735 -0.026112 0.339107 0.013554 0.940650 2.858258
0.928216 0.017615 -0.371625 -0.932419 -0.022017 0.999729 -0.007604 -0.028224 0.371390 0.015240 0.928352 3.073401
0.914751 0.020704 -0.403487 -1.087250 -0.025526 0.999653 -0.006576 -0.034177 0.403210 0.016314 0.914962 3.269421
0.899010 0.021553 -0.437398 -1.245729 -0.026976 0.999617 -0.006189 -0.030591 0.437097 0.017363 0.899247 3.486104
0.881272 0.017411 -0.472289 -1.394540 -0.023853 0.999686 -0.007654 -0.024203 0.472007 0.018011 0.881411 3.661094
0.860706 0.013623 -0.508920 -1.571861 -0.020095 0.999772 -0.007222 -0.039768 0.508706 0.016443 0.860783 3.863062
0.835306 0.013667 -0.549616 -1.719278 -0.019136 0.999808 -0.004220 -0.038480 0.549453 0.014043 0.835407 4.035981
0.806761 0.019863 -0.590544 -1.935998 -0.024310 0.999704 0.000413 -0.052837 0.590378 0.014023 0.807005 4.216257
0.774648 0.021628 -0.632023 -2.169156 -0.026198 0.999655 0.002098 -0.057354 0.631850 0.014933 0.774947 4.412926
0.739808 0.020803 -0.672497 -2.420912 -0.025826 0.999663 0.002513 -0.057082 0.672322 0.015508 0.740096 4.584126
0.701324 0.017263 -0.712633 -2.719741 -0.021266 0.999768 0.003290 -0.046332 0.712525 0.012848 0.701529 4.810815
0.659331 0.014856 -0.751706 -2.973284 -0.016242 0.999853 0.005515 -0.069711 0.751677 0.008573 0.659475 4.942908
0.616627 0.014764 -0.787117 -3.286088 -0.013237 0.999877 0.008385 -0.078582 0.787144 0.005248 0.616747 5.078180
0.565768 0.017238 -0.824385 -3.656875 -0.013326 0.999842 0.011761 -0.074435 0.824457 0.004332 0.565908 5.346159
0.510059 0.019681 -0.859914 -4.056602 -0.019185 0.999750 0.011502 -0.010546 0.859926 0.010631 0.510309 5.613898
0.455431 0.021186 -0.890019 -4.499621 -0.019368 0.999716 0.013886 0.006366 0.890060 0.010914 0.455712 5.853297
0.401740 0.022513 -0.915477 -4.943268 -0.017906 0.999700 0.016727 0.012607 0.915579 0.009673 0.402022 5.998957
0.339116 0.019295 -0.940547 -5.092530 -0.000943 0.999796 0.020170 -0.073965 0.940744 -0.005953 0.339065 5.952579
0.283338 0.018395 -0.958844 -5.589628 0.001321 0.999808 0.019572 -0.022602 0.959019 -0.006812 0.283259 6.063803
0.229021 0.023028 -0.973149 -6.041026 0.005004 0.999679 0.024834 -0.039549 0.973409 -0.010557 0.228832 6.142284
0.192150 0.022139 -0.981116 -6.756479 0.001226 0.999739 0.022800 0.016815 0.981365 -0.005584 0.192073 6.107647
0.145023 0.026519 -0.989073 -6.631974 0.009543 0.999557 0.028200 -0.110014 0.989382 -0.013528 0.144705 5.891768
0.108116 0.031282 -0.993646 -6.971782 0.003147 0.999489 0.031808 -0.144414 0.994133 -0.006566 0.107963 5.781460
0.071362 0.027362 -0.997075 -6.971800 0.012340 0.999523 0.028312 -0.181410 0.997374 -0.014324 0.070990 5.551650
0.051955 0.038542 -0.997905 -6.990307 -0.005927 0.999249 0.038285 -0.290214 0.998632 0.003925 0.052144 5.075154
0.027316 0.038719 -0.998877 -5.643386 0.059431 0.997419 0.040288 -0.831988 0.997859 -0.060465 0.024944 4.079328
-0.039710 -0.008035 -0.999179 -0.807668 0.107790 0.994098 -0.012278 -0.220155 0.993380 -0.108189 -0.038609 2.385878
-0.039710 -0.008035 -0.999179 -0.807668 0.107790 0.994098 -0.012278 -0.220155 0.993380 -0.108189 -0.038609 2.385878
-0.039710 -0.008035 -0.999179 -0.807668 0.107790 0.994098 -0.012278 -0.220155 0.993380 -0.108189 -0.038609 2.385878
-0.039710 -0.008035 -0.999179 -0.807668 0.107790 0.994098 -0.012278 -0.220155 0.993380 -0.108189 -0.038609 2.385878
-0.039710 -0.008035 -0.999179 -0.807668 0.107790 0.994098 -0.012278 -0.220155 0.993380 -0.108189 -0.038609 2.385878
-0.039710 -0.008035 -0.999179 -0.807668 0.107790 0.994098 -0.012278 -0.220155 0.993380 -0.108189 -0.038609 2.385878
-0.039710 -0.008035 -0.999179 -0.807668 0.107790 0.994098 -0.012278 -0.220155 0.993380 -0.108189 -0.038609 2.385878
-0.039710 -0.008035 -0.999179 -0.807668 0.107790 0.994098 -0.012278 -0.220155 0.993380 -0.108189 -0.038609 2.385878
-0.039710 -0.008035 -0.999179 -0.807668 0.107790 0.994098 -0.012278 -0.220155 0.993380 -0.108189 -0.038609 2.385878
-0.039710 -0.008035 -0.999179 -0.807668 0.107790 0.994098 -0.012278 -0.220155 0.993380 -0.108189 -0.038609 2.385878
-0.039710 -0.008035 -0.999179 -0.807668 0.107790 0.994098 -0.012278 -0.220155 0.993380 -0.108189 -0.038609 2.385878
-0.039710 -0.008035 -0.999179 -0.807668 0.107790 0.994098 -0.012278 -0.220155 0.993380 -0.108189 -0.038609 2.385878
-0.039710 -0.008035 -0.999179 -0.807668 0.107790 0.994098 -0.012278 -0.220155 0.993380 -0.108189 -0.038609 2.385878
-0.039710 -0.008035 -0.999179 -0.807668 0.107790 0.994098 -0.012278 -0.220155 0.993380 -0.108189 -0.038609 2.385878
-0.039710 -0.008035 -0.999179 -0.807668 0.107790 0.994098 -0.012278 -0.220155 0.993380 -0.108189 -0.038609 2.385878
-0.039710 -0.008035 -0.999179 -0.807668 0.107790 0.994098 -0.012278 -0.220155 0.993380 -0.108189 -0.038609 2.385878
-0.039710 -0.008035 -0.999179 -0.807668 0.107790 0.994098 -0.012278 -0.220155 0.993380 -0.108189 -0.038609 2.385878
-0.039710 -0.008035 -0.999179 -0.807668 0.107790 0.994098 -0.012278 -0.220155 0.993380 -0.108189 -0.038609 2.385878
-0.039710 -0.008035 -0.999179 -0.807668 0.107790 0.994098 -0.012278 -0.220155 0.993380 -0.108189 -0.038609 2.385878
-0.039710 -0.008035 -0.999179 -0.807668 0.107790 0.994098 -0.012278 -0.220155 0.993380 -0.108189 -0.038609 2.385878
-0.039710 -0.008035 -0.999179 -0.807668 0.107790 0.994098 -0.012278 -0.220155 0.993380 -0.108189 -0.038609 2.385878
-0.039710 -0.008035 -0.999179 -0.807668 0.107790 0.994098 -0.012278 -0.220155 0.993380 -0.108189 -0.038609 2.385878
-0.039710 -0.008035 -0.999179 -0.807668 0.107790 0.994098 -0.012278 -0.220155 0.993380 -0.108189 -0.038609 2.385878
-0.039710 -0.008035 -0.999179 -0.807668 0.107790 0.994098 -0.012278 -0.220155 0.993380 -0.108189 -0.038609 2.385878
-0.039710 -0.008035 -0.999179 -0.807668 0.107790 0.994098 -0.012278 -0.220155 0.993380 -0.108189 -0.038609 2.385878
-0.039710 -0.008035 -0.999179 -0.807668 0.107790 0.994098 -0.012278 -0.220155 0.993380 -0.108189 -0.038609 2.385878
-0.039710 -0.008035 -0.999179 -0.807668 0.107790 0.994098 -0.012278 -0.220155 0.993380 -0.108189 -0.038609 2.385878
-0.039710 -0.008035 -0.999179 -0.807668 0.107790 0.994098 -0.012278 -0.220155 0.993380 -0.108189 -0.038609 2.385878
-0.039710 -0.008035 -0.999179 -0.807668 0.107790 0.994098 -0.012278 -0.220155 0.993380 -0.108189 -0.038609 2.385878
-0.039710 -0.008035 -0.999179 -0.807668 0.107790 0.994098 -0.012278 -0.220155 0.993380 -0.108189 -0.038609 2.385878
-0.039710 -0.008035 -0.999179 -0.807668 0.107790 0.994098 -0.012278 -0.220155 0.993380 -0.108189 -0.038609 2.385878
-0.039710 -0.008035 -0.999179 -0.807668 0.107790 0.994098 -0.012278 -0.220155 0.993380 -0.108189 -0.038609 2.385878
-0.039710 -0.008035 -0.999179 -0.807668 0.107790 0.994098 -0.012278 -0.220155 0.993380 -0.108189 -0.038609 2.385878
-0.039710 -0.008035 -0.999179 -0.807668 0.107790 0.994098 -0.012278 -0.220155 0.993380 -0.108189 -0.038609 2.385878
-0.039710 -0.008035 -0.999179 -0.807668 0.107790 0.994098 -0.012278 -0.220155 0.993380 -0.108189 -0.038609 2.385878
-0.039710 -0.008035 -0.999179 -0.807668 0.107790 0.994098 -0.012278 -0.220155 0.993380 -0.108189 -0.038609 2.385878
-0.039710 -0.008035 -0.999179 -0.807668 0.107790 0.994098 -0.012278 -0.220155 0.993380 -0.108189 -0.038609 2.385878
-0.039710 -0.008035 -0.999179 -0.807668 0.107790 0.994098 -0.012278 -0.220155 0.993380 -0.108189 -0.038609 2.385878
-0.039710 -0.008035 -0.999179 -0.807668 0.107790 0.994098 -0.012278 -0.220155 0.993380 -0.108189 -0.038609 2.385878
-0.039710 -0.008035 -0.999179 -0.807668 0.107790 0.994098 -0.012278 -0.220155 0.993380 -0.108189 -0.038609 2.385878
-0.039710 -0.008035 -0.999179 -0.807668 0.107790 0.994098 -0.012278 -0.220155 0.993380 -0.108189 -0.038609 2.385878
-0.039710 -0.008035 -0.999179 -0.807668 0.107790 0.994098 -0.012278 -0.220155 0.993380 -0.108189 -0.038609 2.385878
-0.039710 -0.008035 -0.999179 -0.807668 0.107790 0.994098 -0.012278 -0.220155 0.993380 -0.108189 -0.038609 2.385878
-0.039710 -0.008035 -0.999179 -0.807668 0.107790 0.994098 -0.012278 -0.220155 0.993380 -0.108189 -0.038609 2.385878
-0.039710 -0.008035 -0.999179 -0.807668 0.107790 0.994098 -0.012278 -0.220155 0.993380 -0.108189 -0.038609 2.385878
-0.039710 -0.008035 -0.999179 -0.807668 0.107790 0.994098 -0.012278 -0.220155 0.993380 -0.108189 -0.038609 2.385878
-0.039710 -0.008035 -0.999179 -0.807668 0.107790 0.994098 -0.012278 -0.220155 0.993380 -0.108189 -0.038609 2.385878
-0.039710 -0.008035 -0.999179 -0.807668 0.107790 0.994098 -0.012278 -0.220155 0.993380 -0.108189 -0.038609 2.385878
-0.039710 -0.008035 -0.999179 -0.807668 0.107790 0.994098 -0.012278 -0.220155 0.993380 -0.108189 -0.038609 2.385878
-0.039710 -0.008035 -0.999179 -0.807668 0.107790 0.994098 -0.012278 -0.220155 0.993380 -0.108189 -0.038609 2.385878
-0.039710 -0.008035 -0.999179 -0.807668 0.107790 0.994098 -0.012278 -0.220155 0.993380 -0.108189 -0.038609 2.385878
-0.039710 -0.008035 -0.999179 -0.807668 0.107790 0.994098 -0.012278 -0.220155 0.993380 -0.108189 -0.038609 2.385878
-0.039710 -0.008035 -0.999179 -0.807668 0.107790 0.994098 -0.012278 -0.220155 0.993380 -0.108189 -0.038609 2.385878
-0.039710 -0.008035 -0.999179 -0.807668 0.107790 0.994098 -0.012278 -0.220155 0.993380 -0.108189 -0.038609 2.385878
-0.039710 -0.008035 -0.999179 -0.807668 0.107790 0.994098 -0.012278 -0.220155 0.993380 -0.108189 -0.038609 2.385878
-0.039710 -0.008035 -0.999179 -0.807668 0.107790 0.994098 -0.012278 -0.220155 0.993380 -0.108189 -0.038609 2.385878
-0.039710 -0.008035 -0.999179 -0.807668 0.107790 0.994098 -0.012278 -0.220155 0.993380 -0.108189 -0.038609 2.385878
