1548339819.874260 0.0000000 0.0000000 0.0000000 0.0000000 0.0000000 0.0000000 1.0000000
1548339820.443820 0.0673591 -0.0186650 -0.0013515 -0.0069241 0.0560694 0.0129390 0.9983190
1548339820.477340 0.0690478 -0.0147642 -0.0000934 -0.0074375 0.0620417 0.0137461 0.9979512
1548339820.678910 0.0812968 -0.0100549 0.0028775 -0.0167052 0.0917797 0.0206960 0.9954241
1548339825.405870 0.3751039 -0.0064938 -0.1437449 -0.0171145 0.3605360 0.0981067 0.9274136
1548339828.287930 0.3104742 -0.0191828 -0.0458575 -0.0128378 0.1925390 0.0829394 0.9776937
1548339828.522540 0.3059481 -0.0174829 -0.0462881 -0.0163645 0.1971220 0.0776018 0.9771658
1548339830.030960 0.2413223 -0.0460190 -0.0836373 0.0147710 0.3062060 0.0887336 0.9477057
1548339830.231790 0.2473796 -0.0409719 -0.1021425 0.0161294 0.3294391 0.0889898 0.9398354
1548339830.399370 0.2608204 -0.0356376 -0.1124232 0.0106555 0.3454102 0.0854742 0.9344904
1548339830.499720 0.2468784 -0.0369744 -0.1044391 0.0078368 0.3558007 0.0851747 0.9306394
1548339830.734140 0.2931736 -0.0090950 -0.1528060 0.0026326 0.3549964 0.0907259 0.9304512
1548339830.901790 0.2665935 -0.0205839 -0.1169274 -0.0110197 0.3644830 0.0940525 0.9263827
1548339832.142460 0.3355902 0.0167329 -0.2029705 -0.0268321 0.3276005 0.0896959 0.9401663
1548339833.449230 0.2736847 0.0102717 -0.1604121 -0.0106476 0.2039678 0.0637163 0.9768439
1548339833.650440 0.2664808 0.0103957 -0.1502061 -0.0127510 0.2023020 0.0631103 0.9772044
1548339833.818040 0.2695629 0.0124386 -0.1464344 -0.0090007 0.2053723 0.0606463 0.9767616
1548339833.918570 0.2732593 -0.0048176 -0.1457631 -0.0060632 0.2073400 0.0576932 0.9765474
1548339834.085820 0.2493341 0.0150354 -0.1468402 -0.0004836 0.2074043 0.0519516 0.9768747
1548339834.387080 0.2639278 0.0269135 -0.1293814 -0.0062211 0.2142830 0.0571115 0.9750807
1548339834.621590 0.2642574 0.0377660 -0.1197219 -0.0008978 0.2393363 0.0573326 0.9692422
1548339834.823280 0.1098438 0.0033628 -0.0143612 -0.0074938 0.2905895 0.0579421 0.9550624
1548339834.991030 0.2331518 -0.0084285 -0.1115071 -0.0117015 0.2881095 0.0637674 0.9554003
1548339835.158440 0.2737464 0.0161961 -0.1301893 -0.0070768 0.3000386 0.0696258 0.9513564
1548339835.292670 0.3084607 0.0013353 -0.1580454 -0.0094537 0.3053494 0.0748581 0.9492463
1548339836.297040 0.3065985 0.0062046 -0.1722956 -0.0075779 0.3626170 0.0859984 0.9279309
1548339836.867360 0.3195915 0.0192478 -0.1801800 -0.0191099 0.3809571 0.0918505 0.9198207
1548339837.236000 0.3389161 0.0153949 -0.1849159 -0.0267220 0.3822267 0.0948507 0.9187992
1548339837.504100 0.3493628 0.0176724 -0.1900194 -0.0205705 0.3809129 0.0942647 0.9195632
1548339837.806350 0.3568595 0.0128343 -0.1983829 -0.0144057 0.3812269 0.0978608 0.9191746
1548339838.041050 0.3569999 0.0052748 -0.1935928 -0.0136770 0.3713087 0.0940005 0.9236377
1548339838.309310 0.3687131 0.0108673 -0.2023341 -0.0190855 0.3566040 0.0926010 0.9294592
1548339838.577370 0.3547017 0.0173647 -0.1941233 -0.0235945 0.3479609 0.0868091 0.9331831
1548339838.811940 0.3566264 0.0030284 -0.1919807 -0.0164663 0.3394453 0.0854639 0.9365904
1548339839.012980 0.3557106 -0.0073793 -0.1958310 -0.0163838 0.3347649 0.0844209 0.9383694
1548339839.180540 0.4432118 0.0479266 -0.3119367 -0.0045865 0.3103407 0.0859331 0.9467223
1548339839.280980 0.4233243 0.0093455 -0.2504255 -0.0112927 0.3174877 0.0850759 0.9443707
1548339839.347990 0.4029385 -0.0031593 -0.2281482 -0.0127027 0.3214024 0.0828668 0.9432244
1548339839.716090 0.4915479 0.0513966 -0.3344631 0.0015376 0.2839404 0.0828152 0.9552577
1548339839.883870 0.5300570 0.1194754 -0.5009573 0.0159984 0.2533692 0.0870041 0.9633163
1548339839.950900 0.5605242 0.1389814 -0.5359346 0.0196686 0.2434175 0.0875168 0.9657649
1548339840.084970 0.5836143 0.1533289 -0.5452337 0.0181645 0.2358782 0.0843875 0.9679412
1548339840.319580 0.6117513 0.1823977 -0.5674291 0.0222377 0.2213439 0.0835911 0.9713521
1548339840.420130 0.7414816 0.1615715 -0.5474633 0.0118228 0.1988521 0.1007262 0.9747678
1548339840.688110 1.0284353 0.2402531 -0.7551513 0.0171916 0.1453718 0.0936692 0.9847830
1548339840.922760 1.0785267 0.2300864 -0.7399300 0.0133794 0.1380638 0.0890033 0.9863254
1548339841.693940 0.9732423 0.1928871 -0.6659153 0.0321209 0.0927401 0.0898245 0.9911100
1548339841.995570 1.4268633 0.1913041 -0.6183807 0.0416389 -0.0376217 0.0752332 0.9955856
1548339842.196080 1.4260538 0.1863032 -0.6141161 0.0443015 -0.0544794 0.0727628 0.9948744
1548339842.397180 1.4134382 0.1946343 -0.6122138 0.0442463 -0.0754300 0.0615532 0.9942654
1548339842.665410 1.4033852 0.2005760 -0.6073380 0.0357204 -0.1020508 0.0556465 0.9925790
1548339842.933540 1.3939756 0.2225249 -0.5971689 0.0336934 -0.1011394 0.0375951 0.9935905
1548339843.201540 1.3713274 0.2315721 -0.5854230 0.0208621 -0.0923838 0.0333899 0.9949448
1548339843.737950 1.2968980 0.2369326 -0.5768535 0.0304663 -0.1194624 0.0339189 0.9917914
1548339843.804980 1.3599910 0.2440088 -0.5723537 0.0337065 -0.1339382 0.0372501 0.9897155
1548339843.872420 1.3899258 0.2607929 -0.5938154 0.0400739 -0.1393463 0.0446951 0.9884225
1548339843.905940 1.4635165 0.2723861 -0.5710487 0.0426305 -0.1536324 0.0469740 0.9860898
1548339845.916310 0.2127008 -0.0508279 -0.0749523 -0.0020470 0.3120557 0.0605405 0.9481307
1548339846.218310 0.2604756 -0.0572799 -0.0998696 -0.0089435 0.3442834 0.0718835 0.9360672
1548339846.788270 0.3249219 -0.0294123 -0.1215885 -0.0269891 0.3870864 0.0870138 0.9175317
