1548265208.042000 0.000000000 0.000000000 0.000000000 0.000000000 0.000000000 0.000000000 1.000000000
1548265208.075470 -0.004755731 0.003964001 -0.002574920 0.005026268 -0.003207462 -0.001262932 0.999981403
1548265208.108770 -0.005008399 0.013263376 -0.004887854 0.008239365 -0.008368713 -0.004827612 0.999919355
1548265208.142290 -0.007229235 0.018180748 -0.004774968 0.008054605 -0.011042295 -0.007989545 0.999874651
1548265208.175810 -0.005653888 0.019370271 -0.003977730 0.005415990 -0.013293223 -0.010331048 0.999843597
1548265208.209320 -0.008517772 0.017890828 -0.005957870 0.000935309 -0.014302080 -0.012283838 0.999821842
1548265208.242720 -0.011520651 0.031040721 -0.001997396 -0.000390449 -0.015895810 -0.012231009 0.999798775
1548265208.274270 -0.011958850 0.026139848 -0.001646044 -0.005909715 -0.019788474 -0.011146307 0.999724567
1548265208.307790 -0.004818658 0.022073764 0.000925193 -0.010424503 -0.023830915 -0.008867320 0.999622345
1548265208.341600 0.007058883 0.013568164 0.007553700 -0.013742976 -0.025553193 -0.006727544 0.999556363
1548265208.375110 0.001284443 0.006122645 0.004805425 -0.014293980 -0.022675499 -0.002602819 0.999637306
1548265208.408630 -0.018418292 0.001825682 -0.004054162 -0.011764821 -0.023313602 0.001058263 0.999658406
1548265208.442150 -0.008101654 0.010653616 -0.000622134 -0.005793361 -0.033844914 -0.000519014 0.999410152
1548265208.475660 -0.021303833 0.013236415 -0.007292565 -0.002941692 -0.038426254 -0.004300483 0.999247849
1548265208.509740 -0.000857678 0.014244022 -0.005566788 -0.001160549 -0.047885112 -0.010254600 0.998799503
1548265208.543300 0.000893247 0.028182095 -0.006848717 0.001534377 -0.043117091 -0.015422777 0.998949766
1548265208.576960 -0.025586760 0.020465069 -0.011895718 -0.001502218 -0.038576938 -0.012769681 0.999172926
1548265208.610470 -0.025948647 0.038474858 -0.012274283 0.000820578 -0.045874979 -0.014402074 0.998843014
1548265208.643990 -0.017908357 0.056453940 -0.015607421 -0.000313758 -0.051572219 -0.014671234 0.998561442
1548265208.677520 -0.014598398 0.066717312 -0.015705593 -0.006290382 -0.052019089 -0.014268798 0.998524308
1548265208.711080 -0.018736117 0.067181356 -0.012744193 -0.015832474 -0.052774873 -0.013343638 0.998391747
1548265208.744630 -0.006256137 0.079672635 -0.004533127 -0.021289404 -0.055956677 -0.013973449 0.998108387
1548265208.778210 -0.006669762 0.064792849 -0.004311742 -0.029787658 -0.052854504 -0.011464059 0.998091996
1548265208.811730 -0.014272183 0.066343673 -0.004608741 -0.031322803 -0.054388378 -0.008944070 0.997988403
1548265208.845250 -0.007149027 0.068244033 -0.005012299 -0.031713497 -0.057931285 -0.008491513 0.997780621
1548265208.878760 -0.012548512 0.089703053 -0.005510645 -0.028187564 -0.058261055 -0.009178922 0.997861147
1548265208.912280 -0.013061310 0.096364565 -0.006009790 -0.027495695 -0.057818208 -0.009973654 0.997898579
1548265208.945790 -0.014383475 0.103657722 -0.009591993 -0.026951004 -0.058707256 -0.010947258 0.997851312
1548265208.979210 -0.013924317 0.111297674 -0.010375532 -0.027478047 -0.059419900 -0.012155272 0.997780800
1548265209.012680 -0.005471271 0.113033406 -0.011261807 -0.029799730 -0.060714196 -0.013971307 0.997612476
1548265209.046240 -0.007552547 0.124806993 -0.010305315 -0.030902239 -0.057652861 -0.015791409 0.997733355
1548265209.079860 -0.025009647 0.135380358 -0.008642663 -0.031762149 -0.054204784 -0.014984785 0.997912049
1548265209.113270 -0.022211567 0.138682798 -0.008728146 -0.034327444 -0.057878349 -0.015435817 0.997613907
1548265209.146710 -0.010704204 0.141588733 -0.009582574 -0.036564212 -0.061164238 -0.015210018 0.997341752
1548265209.178780 -0.009418756 0.147069246 -0.008985051 -0.038848188 -0.060917564 -0.015171924 0.997271121
1548265209.212300 -0.014220072 0.158472255 -0.006625445 -0.040327325 -0.059701864 -0.014355285 0.997298002
1548265209.245820 -0.010688150 0.164885998 -0.006116172 -0.043658700 -0.061743584 -0.015505469 0.997016132
1548265209.279330 -0.015210637 0.181584299 -0.004897974 -0.045144390 -0.062724948 -0.017684400 0.996852458
1548265209.312850 -0.008978478 0.184442922 -0.005046966 -0.050392460 -0.063956462 -0.023010798 0.996413887
1548265209.346360 0.007120248 0.197783858 0.007000140 -0.053969894 -0.061303634 -0.028592339 0.996248782
1548265209.380570 -0.009073301 0.196509480 0.010639440 -0.060826130 -0.054587450 -0.030827792 0.996177733
1548265209.414150 -0.015168699 0.208349526 0.017562209 -0.064750850 -0.051535495 -0.035787288 0.995927036
1548265209.447730 -0.018160446 0.207884654 0.025772192 -0.070569493 -0.051103886 -0.040442146 0.995375693
1548265209.481240 -0.013920587 0.220929921 0.029493926 -0.071197659 -0.051026262 -0.043483153 0.995206714
1548265209.514910 -0.006233591 0.220060498 0.039070848 -0.074477181 -0.050752267 -0.046843238 0.994828165
1548265209.548280 0.007980723 0.220676020 0.053052679 -0.076481432 -0.046674054 -0.048810817 0.994781196
1548265209.581730 -0.008689369 0.212093964 0.055094060 -0.078743435 -0.036273696 -0.048309408 0.995062768
1548265209.615250 -0.002916463 0.210660368 0.061638348 -0.077651590 -0.032742660 -0.046141341 0.995373905
1548265209.648820 -0.006962639 0.201287165 0.068942025 -0.076624714 -0.024824804 -0.043326747 0.995808780
1548265209.682490 -0.009644052 0.189804971 0.071540445 -0.075659983 -0.020405827 -0.039854310 0.996127903
1548265209.715980 -0.006557938 0.183199570 0.072525814 -0.072443612 -0.017398067 -0.036839679 0.996540070
1548265209.749490 -0.010833761 0.169586614 0.080052145 -0.070313238 -0.012278244 -0.030645465 0.996978521
1548265209.783010 -0.010207733 0.158421561 0.084172457 -0.066969275 -0.011407303 -0.024330895 0.997393072
1548265209.816530 0.000082468 0.145568714 0.082974896 -0.064222038 -0.012029535 -0.019867096 0.997665346
1548265209.850040 -0.000395961 0.128280461 0.088800669 -0.060433313 -0.003796571 -0.009940555 0.998115540
1548265209.883560 0.002384563 0.098834403 0.087092616 -0.059163582 -0.007261194 -0.001216698 0.998221159
1548265209.917070 0.040309977 0.095053874 0.101568677 -0.053633850 -0.012309308 -0.000068074 0.998484790
1548265209.950590 0.016895737 0.084026158 0.098050743 -0.048432823 0.008628311 0.010336217 0.998735726
1548265209.984110 0.009108384 0.064198293 0.092037261 -0.044502586 0.004956234 0.015028154 0.998883903
1548265210.017140 0.018279027 0.047439851 0.097291499 -0.041214481 0.002720239 0.013966987 0.999049008
1548265210.051010 0.013570528 0.038995139 0.100017607 -0.034296341 0.011344714 0.017113635 0.999200761
1548265210.084650 0.012054954 0.024799213 0.093831986 -0.027698807 0.009298702 0.019827781 0.999376416
1548265210.118170 0.014476520 0.015916020 0.097743727 -0.020884354 0.009759432 0.017075010 0.999588430
1548265210.151690 0.019801313 -0.001320610 0.091209404 -0.013560716 0.013940049 0.018502206 0.999639690
1548265210.185210 0.015740579 -0.005523445 0.084308065 -0.004438124 0.013870323 0.017849196 0.999734640
1548265210.218820 0.018900078 -0.029564057 0.080634139 0.000655226 0.015336017 0.014493170 0.999777138
1548265210.252460 0.018862257 -0.029154049 0.074960478 0.009906312 0.020961700 0.014336502 0.999628425
1548265210.286070 0.026745507 -0.038844500 0.070428446 0.014732602 0.021129681 0.012020096 0.999595940
1548265210.319580 0.038479492 -0.046560619 0.070968464 0.019732980 0.025102017 0.010872369 0.999431014
1548265210.353150 0.045106202 -0.061548460 0.067453630 0.021428036 0.030900134 0.009833371 0.999244392
1548265210.386660 0.048125353 -0.073132068 0.063392505 0.022352623 0.038775608 0.007994768 0.998965919
1548265210.420180 0.041056219 -0.076071143 0.062413458 0.024416119 0.046979494 0.006758360 0.998574555
1548265210.453690 0.050404660 -0.087043844 0.054076843 0.024726033 0.052569997 0.006828808 0.998287737
1548265210.487210 0.057769962 -0.097897746 0.056564592 0.025851086 0.060640786 0.008993527 0.997784317
1548265210.520740 0.052455444 -0.101929821 0.053388316 0.028894974 0.069012016 0.010731936 0.997139513
1548265210.554280 0.063715592 -0.121975601 0.051771585 0.029207433 0.075736232 0.013937497 0.996602535
1548265210.587780 0.075870372 -0.129328847 0.047620993 0.031991016 0.080729753 0.017621148 0.996066630
1548265210.621290 0.082691535 -0.135288328 0.043630943 0.035356041 0.084900446 0.020350559 0.995553970
1548265210.654800 0.090850316 -0.138505235 0.040184930 0.038447302 0.089340009 0.023904918 0.994971693
1548265210.688320 0.099986129 -0.137019396 0.038876750 0.041914850 0.092972144 0.025968540 0.994447052
1548265210.721850 0.104300626 -0.150197417 0.028286200 0.041191295 0.098759443 0.027993539 0.993864298
1548265210.755360 0.100873552 -0.140682906 0.024519768 0.043345019 0.104759924 0.031488575 0.993053377
1548265210.788870 0.103325963 -0.139933199 0.026876954 0.043139819 0.110732317 0.033511199 0.992347836
1548265210.822380 0.106347159 -0.150789738 0.025731927 0.039496142 0.118260778 0.034922510 0.991581976
1548265210.855870 0.112527676 -0.152845860 0.026790425 0.037146706 0.122110948 0.035242334 0.991194725
1548265210.889410 0.117927395 -0.148898512 0.020657737 0.035259519 0.127482980 0.034568779 0.990610838
1548265210.922880 0.131375998 -0.146932170 0.020467477 0.033122364 0.132551327 0.034840062 0.990009725
1548265210.956380 0.123986751 -0.147209555 0.029817948 0.031234734 0.137166575 0.035319690 0.989425182
1548265210.989890 0.122794539 -0.149268031 0.029411251 0.030064009 0.141068563 0.034302220 0.988948524
1548265211.023280 0.130205870 -0.151599169 0.034447622 0.030303704 0.145403966 0.035652433 0.988265276
1548265211.056790 0.143786669 -0.167207614 0.040088180 0.030472571 0.148603141 0.039546560 0.987635851
1548265211.090300 0.148596555 -0.186872289 0.037644956 0.031936277 0.148639381 0.042633962 0.987455726
1548265211.123790 0.129242748 -0.183543742 0.040334273 0.039152980 0.154918924 0.045034871 0.986123204
1548265211.157150 0.155184925 -0.208451495 0.025472280 0.041007865 0.156169876 0.047685601 0.985725820
1548265211.190640 0.160764605 -0.202270076 0.029883349 0.048192535 0.157793045 0.049801990 0.985037386
1548265211.224150 0.162894621 -0.216668248 0.024330007 0.050291382 0.160717517 0.051657408 0.984363854
1548265211.257690 0.164214462 -0.216492072 0.017744869 0.054421078 0.167850807 0.052314933 0.982917905
1548265211.291210 0.168636844 -0.206873924 0.017789993 0.058077194 0.173153371 0.052791677 0.981762707
1548265211.324720 0.196197674 -0.219862759 0.007271742 0.055292726 0.174176976 0.050704721 0.981852412
1548265211.358240 0.196193218 -0.220611274 0.006850416 0.053417921 0.186764449 0.053250797 0.979504943
1548265211.391730 0.193093002 -0.193691477 0.013029879 0.055706073 0.196737990 0.054379012 0.977360725
1548265211.425230 0.207490712 -0.189468667 0.014514116 0.052102622 0.204746738 0.056498982 0.975793004
1548265211.458750 0.219264567 -0.195235580 0.016900048 0.045937665 0.207773179 0.057377111 0.975411654
1548265211.492260 0.227968916 -0.178038269 -0.001077287 0.043474481 0.209394112 0.055986419 0.975258708
1548265211.525780 0.191504806 -0.157896832 0.024987854 0.040563677 0.222670883 0.053743262 0.972565651
1548265211.559340 0.224660233 -0.160732388 0.015985094 0.032000534 0.220509753 0.055093281 0.973301649
1548265211.592810 0.214442655 -0.168217093 0.020522634 0.022970440 0.224411950 0.053275988 0.972765803
1548265211.626310 0.229676098 -0.139930710 0.011634483 0.020098155 0.224024191 0.052414536 0.972965539
1548265211.659790 0.233234957 -0.163148493 0.008519582 0.007655167 0.226668864 0.054246720 0.972429931
1548265211.693260 0.206907943 -0.155495435 0.031266905 0.001628615 0.233838975 0.052267000 0.970868051
1548265211.726780 0.220576763 -0.162572771 0.020366836 -0.007075691 0.233212441 0.053156395 0.970946074
1548265211.760290 0.221470252 -0.173970923 0.018995302 -0.016503630 0.235732570 0.053649258 0.970195651
1548265211.793810 0.236865953 -0.149699062 0.021145469 -0.018555563 0.233417451 0.056295957 0.970568240
1548265211.827320 0.227682635 -0.132678181 0.028982477 -0.019886663 0.236500978 0.054148301 0.969917417
1548265211.860840 0.260329604 -0.128503978 0.020319706 -0.024201056 0.233558819 0.055640686 0.970447659
1548265211.894540 0.233007416 -0.126513436 0.028936913 -0.027942102 0.242545724 0.056101341 0.968113363
1548265211.928150 0.226700947 -0.129321456 0.029012252 -0.031548928 0.245789617 0.054810952 0.967257917
1548265211.961670 0.229085431 -0.119436108 0.037147388 -0.032756142 0.250345796 0.055411678 0.966014266
1548265211.995180 0.224797085 -0.113165654 0.027759839 -0.034044378 0.256832182 0.057767056 0.964127183
1548265212.028700 0.232538700 -0.117163695 0.026562970 -0.036724456 0.257627785 0.058978889 0.963743091
1548265212.062220 0.223010555 -0.105327979 0.027750645 -0.036722969 0.263173670 0.059613533 0.962204397
1548265212.095730 0.225155547 -0.090487614 0.031785611 -0.035556514 0.265498072 0.061072130 0.961517930
1548265212.129250 0.251446187 -0.091697358 0.018863047 -0.037277505 0.262453496 0.062503763 0.962196350
1548265212.162780 0.251917392 -0.075457156 0.019196678 -0.035833355 0.266228676 0.061281092 0.961292267
1548265212.196300 0.235428318 -0.082769699 0.019587964 -0.038491517 0.272010416 0.065170646 0.959313035
1548265212.229810 0.226991177 -0.078159727 0.026341964 -0.038974840 0.273643225 0.062521711 0.959005415
1548265212.263400 0.231511474 -0.062521040 0.022026414 -0.037981167 0.274178475 0.061235756 0.958975375
1548265212.297060 0.237738177 -0.062888265 0.004512259 -0.039557878 0.274111927 0.062561981 0.958845019
1548265212.330930 0.223896533 -0.018638857 0.010244901 -0.033014506 0.277621537 0.064145230 0.957977891
1548265212.364440 0.223287657 -0.011421805 0.010709574 -0.034041673 0.278858900 0.063692935 0.957612693
1548265212.397960 0.222266734 -0.005338418 0.011603301 -0.035448778 0.279116631 0.063721739 0.957484603
1548265212.431120 0.221551865 -0.000897026 0.010212311 -0.037150022 0.278691024 0.062701821 0.957611442
1548265212.464640 0.218893096 0.001995059 0.014347603 -0.039424513 0.281006068 0.062377047 0.956864893
1548265212.498160 0.209303558 0.006087897 0.022884171 -0.040675119 0.281435877 0.062189933 0.956698358
1548265212.531670 0.214896142 0.011903925 0.013012731 -0.042048376 0.277140975 0.060339976 0.958010375
1548265212.565540 0.219136581 0.010222890 0.009408214 -0.044688530 0.277261496 0.060211685 0.957864046
1548265212.598230 0.211070448 0.026349409 0.016116841 -0.043808386 0.278823286 0.059086245 0.957521379
1548265212.631740 0.213771656 0.026955090 0.011788565 -0.046309385 0.276034504 0.057852704 0.958286703
1548265212.665250 0.216762871 0.027105311 0.005940100 -0.048592277 0.276385009 0.057050209 0.958120763
1548265212.698770 0.210004687 0.038868327 0.011985563 -0.048621673 0.278255850 0.056173034 0.957629502
1548265212.732280 0.209705874 0.043466512 0.012336727 -0.049851436 0.276971310 0.055135895 0.957998812
1548265212.765800 0.206630409 0.050351650 0.009717629 -0.050837174 0.276875705 0.053586230 0.958062589
1548265212.799280 0.209314287 0.054984316 0.001222047 -0.052717362 0.276184976 0.052265607 0.958233297
1548265212.832790 0.216026753 0.058946915 -0.011767616 -0.056412932 0.277953088 0.050899941 0.957584918
1548265212.866320 0.211802706 0.065642118 0.004087818 -0.059105098 0.283915907 0.051241934 0.955653012
1548265212.899840 0.207545638 0.068693832 0.008640493 -0.061520781 0.285714030 0.050089732 0.955025494
1548265212.933340 0.212140739 0.071480334 0.002382969 -0.063030064 0.289024383 0.048257198 0.954024792
1548265212.966860 0.209873155 0.060635362 0.008802564 -0.065633759 0.292997003 0.048200935 0.952639282
1548265213.000390 0.203396961 0.060189787 0.008716352 -0.065288529 0.296288580 0.047338367 0.951687753
1548265213.033900 0.212506846 0.043424048 0.001463201 -0.066481516 0.298651576 0.048366956 0.950814426
1548265213.067420 0.204795450 0.059390798 0.003945060 -0.060611386 0.304012597 0.048539132 0.949498057
1548265213.100980 0.203870028 0.056339353 0.002608661 -0.057726383 0.306556165 0.050861668 0.948738158
1548265213.134520 0.206117064 0.058039010 -0.007793047 -0.053466886 0.307676196 0.053249635 0.948494136
1548265213.168040 0.207330957 0.058744740 -0.013489551 -0.050340690 0.309027135 0.054208703 0.948171675
1548265213.201890 0.200167775 0.053830050 -0.012342576 -0.048799533 0.311031967 0.055323116 0.947532117
1548265213.235400 0.199758068 0.046859872 -0.016604412 -0.048000518 0.311786443 0.056964554 0.947227657
1548265213.268920 0.198830590 0.050125472 -0.018923525 -0.045198102 0.312743098 0.058284894 0.946969748
1548265213.302440 0.205959842 0.045559254 -0.032694206 -0.043856338 0.312051088 0.060100369 0.947147667
1548265213.335950 0.205968052 0.040568467 -0.035099529 -0.042625688 0.317066461 0.061939437 0.945418119
1548265213.369470 0.204348058 0.035175964 -0.040555753 -0.041195143 0.320436954 0.064375192 0.944181621
1548265213.402980 0.199805930 0.037533909 -0.039698176 -0.038168818 0.324530035 0.066481933 0.942763805
1548265213.436500 0.206353053 0.041678626 -0.050497551 -0.034778323 0.324649900 0.069184996 0.942659199
1548265213.469890 0.201499775 0.039364513 -0.050102446 -0.033284023 0.328668594 0.070967793 0.941186845
1548265213.503400 0.204005569 0.031146770 -0.056172844 -0.032261156 0.328558087 0.073673986 0.941053092
1548265213.536910 0.203371316 0.034150701 -0.058878150 -0.030148337 0.330019712 0.073482156 0.940626621
1548265213.570420 0.200956389 0.025654972 -0.063934453 -0.029261420 0.333418131 0.075344533 0.939307868
1548265213.603930 0.199662119 0.025999578 -0.064154908 -0.026906073 0.336226225 0.078430742 0.938124001
1548265213.637430 0.207319319 0.026284253 -0.085855559 -0.024505407 0.336607397 0.079657190 0.937949717
1548265213.670940 0.213712364 0.020319499 -0.096016824 -0.023658091 0.340026915 0.082013190 0.936533928
1548265213.704460 0.200289369 0.021041108 -0.086996034 -0.021141935 0.345789760 0.084660180 0.934245765
1548265213.737990 0.199619159 0.026031310 -0.090817191 -0.018589394 0.346230000 0.084897391 0.934115410
1548265213.771510 0.200804517 0.015180161 -0.105200097 -0.019258792 0.348765373 0.084639601 0.933181643
1548265213.805030 0.198385090 0.017147291 -0.102520287 -0.018036921 0.352529883 0.086953469 0.931577384
1548265213.838540 0.207371593 0.022711249 -0.116681114 -0.016575819 0.351230145 0.087462842 0.932047665
1548265213.872010 0.198676407 0.025589783 -0.117588572 -0.015831253 0.354886472 0.087381132 0.930682242
1548265213.905530 0.197618738 0.023574093 -0.124893814 -0.015845094 0.357863754 0.088864766 0.929400563
1548265213.939050 0.189254805 0.025972927 -0.117989831 -0.014647853 0.360421866 0.090511575 0.928272128
1548265213.972560 0.198922679 0.025913715 -0.130216673 -0.014265820 0.357973576 0.090732612 0.929203391
1548265214.006080 0.188129589 0.023654826 -0.134949863 -0.013908891 0.360749841 0.092102416 0.927999616
1548265214.039590 0.189203575 0.021380875 -0.135339305 -0.013705424 0.361290336 0.094562106 0.927544832
1548265214.072760 0.189888656 0.018707359 -0.138159350 -0.013232524 0.361105442 0.096652612 0.927408218
1548265214.106280 0.182767242 0.020569431 -0.138207138 -0.011979569 0.362477601 0.097922996 0.926756501
1548265214.139690 0.180454627 0.013258445 -0.137955353 -0.012163842 0.362720668 0.099956714 0.926441789
1548265214.173200 0.189942896 -0.000753557 -0.150710061 -0.014194134 0.360760838 0.100560635 0.927112520
1548265214.206300 0.184154779 0.009237221 -0.144920424 -0.010846550 0.363800675 0.102577709 0.925747931
1548265214.239810 0.179448888 0.012353838 -0.144054055 -0.008588646 0.364273012 0.103795603 0.925450087
1548265214.273310 0.183787122 0.002686834 -0.152062014 -0.008933372 0.363986969 0.104712546 0.925456047
1548265214.306820 0.187705621 0.000345713 -0.156281546 -0.007060453 0.363680184 0.107141927 0.925314784
1548265214.340310 0.189918518 -0.000201044 -0.165900961 -0.004771475 0.362887233 0.108497888 0.925482750
1548265214.373800 0.187546298 0.005418615 -0.162607640 -0.001294918 0.363294989 0.109690167 0.925193548
1548265214.407340 0.191229925 -0.006626259 -0.170057043 -0.001144881 0.362569541 0.109664485 0.925481379
1548265214.440890 0.188490972 -0.004418858 -0.175100282 0.001467918 0.365507454 0.111265078 0.924133241
1548265214.474400 0.181036174 -0.007392225 -0.165824294 0.003001642 0.367656797 0.112415984 0.923137128
1548265214.507920 0.181357816 -0.014802333 -0.162876800 0.003945522 0.365981668 0.112537354 0.923784196
1548265214.541460 0.181476429 -0.020304043 -0.168998957 0.004881287 0.364866942 0.111406177 0.924357593
1548265214.574970 0.170223415 -0.035387624 -0.167785928 0.004885818 0.365326345 0.111388721 0.924178183
1548265214.608320 0.183442935 -0.029806687 -0.179012552 0.007995571 0.360331595 0.110613480 0.926208317
1548265214.641840 0.187142670 -0.031523764 -0.186123416 0.009275081 0.359264404 0.109253518 0.926772177
1548265214.675350 0.191449299 -0.036212020 -0.190297291 0.010337765 0.358578414 0.109897554 0.926950455
1548265214.708920 0.185876712 -0.034577131 -0.180014148 0.012100539 0.359647691 0.109207131 0.926596403
1548265214.742740 0.187918708 -0.032814838 -0.185717896 0.014366470 0.357671112 0.108693987 0.927389145
1548265214.776270 0.179759279 -0.030730100 -0.179936081 0.017161230 0.357440531 0.108132102 0.927496195
1548265214.809860 0.184671596 -0.038974997 -0.189478517 0.017894126 0.353303224 0.108952992 0.928970337
1548265214.843470 0.190335050 -0.042965047 -0.197406799 0.018599557 0.351309299 0.108776391 0.929733038
1548265214.876990 0.177639410 -0.033578847 -0.185676754 0.021899726 0.352898777 0.109851204 0.928932488
1548265214.910700 0.184330881 -0.042274192 -0.192548081 0.021467026 0.349294543 0.109771699 0.930313230
1548265214.944210 0.191664964 -0.047111195 -0.202394515 0.021178266 0.348684698 0.111059308 0.930395782
1548265214.977730 0.195485324 -0.053747747 -0.203828499 0.020881046 0.349358946 0.112949580 0.929921865
1548265215.011240 0.194561303 -0.048705950 -0.204298869 0.021893758 0.349648446 0.113278732 0.929749727
1548265215.044570 0.200743362 -0.050346136 -0.209124729 0.021126550 0.348637223 0.113442346 0.930127203
1548265215.078150 0.206061900 -0.062273294 -0.206110358 0.018496927 0.348656267 0.113559522 0.930161774
1548265215.111790 0.205232725 -0.060114563 -0.206267536 0.019179154 0.348857224 0.113572113 0.930071056
1548265215.145310 0.212667689 -0.064768352 -0.211463749 0.019282022 0.349483818 0.114065453 0.929773271
1548265215.178800 0.215014771 -0.073288448 -0.209294096 0.019204983 0.351496458 0.113853745 0.929041862
1548265215.212310 0.209915400 -0.074825786 -0.206818253 0.021857036 0.354083836 0.114982538 0.927860916
1548265215.245910 0.217673376 -0.096047983 -0.208442077 0.021387147 0.353837073 0.114658803 0.928006053
1548265215.279470 0.205488920 -0.088836864 -0.205016166 0.027294774 0.356583595 0.114330932 0.926839590
1548265215.312980 0.217447490 -0.097433589 -0.208837196 0.030234449 0.357189238 0.114358947 0.926511586
1548265215.346460 0.218443051 -0.106268242 -0.209821001 0.033377346 0.358122230 0.113733277 0.926120520
1548265215.379890 0.204901382 -0.093541339 -0.216702297 0.040029887 0.362134606 0.111024491 0.924624085
1548265215.413340 0.214243129 -0.110478424 -0.213515133 0.040301315 0.365107030 0.111423649 0.923394501
1548265215.446850 0.207974106 -0.097249396 -0.225261927 0.045361359 0.367394984 0.108555920 0.922593594
1548265215.480340 0.217447668 -0.099774607 -0.230118766 0.046205934 0.370358586 0.108433090 0.921380341
1548265215.513740 0.217286468 -0.104638614 -0.227777258 0.046735071 0.373472989 0.107304402 0.920228004
1548265215.547380 0.223094761 -0.120599136 -0.236055359 0.043231066 0.377503306 0.106363848 0.918862939
1548265215.580780 0.221438646 -0.115945734 -0.240202606 0.043139905 0.381311148 0.106572807 0.917269289
1548265215.614290 0.214240521 -0.117098115 -0.233035401 0.042037968 0.384908795 0.106600642 0.915813506
1548265215.647800 0.215131208 -0.121157832 -0.239216849 0.039399836 0.385825664 0.105450332 0.915678144
1548265215.681260 0.215149909 -0.120149136 -0.238514185 0.037068579 0.390044689 0.104580328 0.914086461
1548265215.714780 0.211544096 -0.118317015 -0.237059608 0.035542361 0.392953843 0.104957089 0.912857056
1548265215.748290 0.213790566 -0.120466352 -0.234325290 0.032743469 0.395572424 0.103948660 0.911945701
1548265215.781810 0.215232044 -0.116879143 -0.240294948 0.031955108 0.396090806 0.105202094 0.911604881
1548265215.815330 0.221526712 -0.122191496 -0.242736354 0.028853497 0.396986932 0.103554592 0.911507130
1548265215.848900 0.217798501 -0.119405039 -0.235686526 0.027194638 0.402828127 0.103563674 0.908990920
1548265215.882420 0.216190502 -0.121585846 -0.246362045 0.026183968 0.404074937 0.105785578 0.908211052
1548265215.915930 0.213426396 -0.117957771 -0.247224048 0.026076153 0.403843254 0.105281144 0.908375800
1548265215.949450 0.220173448 -0.113946907 -0.250460804 0.025526039 0.404183149 0.103925273 0.908396363
1548265215.983130 0.213547438 -0.115893647 -0.247564867 0.024359511 0.407656193 0.103931785 0.906874418
1548265216.016690 0.212297767 -0.110179454 -0.244830012 0.024347611 0.409469485 0.102544598 0.906215489
1548265216.050210 0.211823910 -0.119886681 -0.250213891 0.022905326 0.409982234 0.103316136 0.905933559
1548265216.083720 0.201653421 -0.118197702 -0.249741063 0.023213312 0.410587519 0.102288514 0.905768216
1548265216.117250 0.210132673 -0.112270199 -0.254963607 0.023369586 0.410068959 0.099893555 0.906266272
1548265216.150900 0.205560863 -0.114990011 -0.257895827 0.023146769 0.411379933 0.099943951 0.905672133
1548265216.184410 0.200925350 -0.110990457 -0.257334322 0.023913208 0.411403060 0.098869421 0.905759633
1548265216.217930 0.194508135 -0.118190505 -0.256488413 0.022125417 0.411757410 0.097990498 0.905739546
1548265216.251450 0.193333521 -0.106911957 -0.261192232 0.022391468 0.410805225 0.096234195 0.906353474
1548265216.284920 0.190049529 -0.109028146 -0.257317573 0.020809993 0.410667688 0.095166974 0.906566143
1548265216.318440 0.200354651 -0.109049238 -0.261699349 0.019453879 0.409963787 0.095087707 0.906923115
1548265216.351960 0.184704572 -0.104841456 -0.256096691 0.019282909 0.411855966 0.094207294 0.906161070
1548265216.385490 0.187779352 -0.107075423 -0.260998577 0.018379577 0.410888433 0.094573408 0.906580806
1548265216.419020 0.178967297 -0.101622567 -0.249304950 0.018539069 0.411935717 0.094104476 0.906150997
1548265216.452530 0.182100639 -0.097337350 -0.256872714 0.018510908 0.410166711 0.092503607 0.907118320
1548265216.486040 0.180307597 -0.097919561 -0.254436970 0.017699979 0.411016703 0.091468707 0.906854689
1548265216.519540 0.182197630 -0.101267941 -0.257547438 0.016911900 0.411117673 0.092415415 0.906727970
1548265216.553050 0.162533343 -0.103416115 -0.253173560 0.017278375 0.412030041 0.093039908 0.906242967
1548265216.586570 0.171928510 -0.094807282 -0.258441955 0.017088829 0.409408242 0.090066396 0.907733977
1548265216.620080 0.164583787 -0.098936275 -0.250534415 0.015471718 0.411332577 0.089850210 0.906914055
1548265216.653550 0.163159326 -0.096335910 -0.251273006 0.014244335 0.412322342 0.089770988 0.906492472
1548265216.687040 0.158557579 -0.094655484 -0.251750022 0.013419039 0.412835330 0.090942010 0.906154752
1548265216.720560 0.171188444 -0.096017241 -0.259604722 0.011688115 0.410933495 0.091185011 0.907018363
1548265216.754080 0.159488425 -0.076163538 -0.228995904 0.014104014 0.414240479 0.093788691 0.905212462
1548265216.787590 0.171698049 -0.095884666 -0.262881428 0.009703734 0.409120083 0.093260854 0.907650292
1548265216.821110 0.158153847 -0.089993745 -0.254024059 0.009093315 0.411758780 0.092168443 0.906574309
1548265216.854620 0.156320870 -0.093757853 -0.252574891 0.007033263 0.412107438 0.092906259 0.906358898
1548265216.887690 0.158564627 -0.083387263 -0.255926907 0.006842942 0.411352545 0.092757098 0.906718493
1548265216.921180 0.177239060 -0.074601009 -0.258994281 0.006550000 0.408147216 0.092365868 0.908207834
1548265216.954730 0.204221681 -0.067707375 -0.297866702 0.006987981 0.401971102 0.094235994 0.910763443
1548265216.988640 0.231173709 -0.051186871 -0.343694746 0.007692743 0.396740317 0.093543299 0.913119674
1548265217.022200 0.183316469 -0.059037935 -0.270522147 0.006632134 0.409003913 0.092373684 0.907820940
1548265217.055750 0.176730052 -0.064703062 -0.256049007 0.004909547 0.410975903 0.091889933 0.906990051
1548265217.089270 0.182553098 -0.062546194 -0.260549635 0.004829268 0.409879804 0.091220587 0.907553852
1548265217.123000 0.185108498 -0.091374494 -0.265685439 -0.000074803 0.410679430 0.090658441 0.907261491
1548265217.156520 0.180963904 -0.053648952 -0.261134356 0.005632122 0.411276102 0.090135671 0.907025814
1548265217.190030 0.186524510 -0.055369701 -0.276459426 0.005113286 0.410554886 0.091382697 0.907230794
1548265217.223340 0.193629414 -0.057761293 -0.283715844 0.004515319 0.409751922 0.091877259 0.907546997
1548265217.256840 0.190139204 -0.060760174 -0.280092925 0.004042811 0.411178827 0.092510842 0.906839192
1548265217.290340 0.160955280 -0.074690156 -0.251301646 0.002683430 0.417661577 0.092450999 0.903882980
1548265217.323860 0.167757347 -0.078690805 -0.256226689 0.001469600 0.416604251 0.092928030 0.904324651
1548265217.357370 0.162941173 -0.075518414 -0.252313554 0.001570787 0.418633491 0.093996115 0.903276443
1548265217.390890 0.155909732 -0.082673892 -0.253396183 -0.000017557 0.418783337 0.096485339 0.902945817
1548265217.424420 0.159416750 -0.069668889 -0.247953877 0.001109003 0.417550266 0.095257804 0.903646231
1548265217.457940 0.161715791 -0.068367466 -0.247866124 -0.001274564 0.417705566 0.095651008 0.903532684
1548265217.491440 0.160302848 -0.060198534 -0.250906259 -0.003010922 0.416904598 0.096282698 0.903831363
1548265217.524950 0.175532043 -0.041454103 -0.265594184 -0.003384579 0.411575437 0.097892120 0.906096756
1548265217.558430 0.162638515 -0.058459438 -0.241083845 -0.009083152 0.414194852 0.096592270 0.905002773
1548265217.591940 0.168367416 -0.032944784 -0.245306954 -0.007881172 0.412509143 0.097290523 0.905708909
1548265217.625460 0.197974995 -0.060308907 -0.264583737 -0.014423600 0.406785339 0.101388894 0.907765329
1548265217.658980 0.181049868 -0.029002378 -0.252379656 -0.012210931 0.407732427 0.097640760 0.907783806
1548265217.692530 0.179933161 -0.028552447 -0.251949012 -0.014072083 0.407447278 0.097552687 0.907894373
1548265217.726040 0.183065340 -0.022567168 -0.254213512 -0.015561001 0.406772763 0.096061938 0.908331394
1548265217.759560 0.170423836 -0.018992601 -0.245042086 -0.016370133 0.409269601 0.095947087 0.907207012
1548265217.793090 0.177240908 -0.018468404 -0.250971973 -0.018558415 0.407033861 0.095770210 0.908188879
1548265217.826600 0.176613733 -0.016382696 -0.249216735 -0.020447319 0.406895369 0.095141537 0.908276439
1548265217.860110 0.172513217 -0.013203275 -0.247562155 -0.021564184 0.405980855 0.094966806 0.908678055
1548265217.893620 0.170920759 -0.008796376 -0.244614452 -0.023414530 0.404977202 0.094520442 0.909126580
1548265217.927140 0.165614799 -0.007238633 -0.240764469 -0.026236650 0.404585898 0.095272481 0.909145176
1548265217.960650 0.172830611 0.000378438 -0.246469855 -0.028626591 0.401005059 0.095557928 0.910628438
1548265217.994170 0.169070795 0.000345508 -0.240738243 -0.031745959 0.400439441 0.096332684 0.910692275
1548265218.027690 0.162882015 0.002438137 -0.242285058 -0.034220904 0.397522479 0.096749447 0.911835730
1548265218.061220 0.163555294 -0.001208569 -0.241644308 -0.037800513 0.394648314 0.095917642 0.913029909
1548265218.094750 0.143306285 -0.026839800 -0.223034009 -0.043844249 0.398835242 0.095438085 0.910988331
1548265218.128260 0.139349192 -0.020377787 -0.226325303 -0.044154897 0.395557314 0.094381668 0.912511289
1548265218.161900 0.143881321 -0.009168051 -0.223937035 -0.043149095 0.391937613 0.092359826 0.914326370
1548265218.195430 0.141407162 -0.008475062 -0.224212572 -0.043483447 0.390719831 0.091403626 0.914927661
1548265218.229030 0.139680132 -0.002756924 -0.221987128 -0.043343510 0.388246953 0.089936383 0.916131556
1548265218.262570 0.146218136 0.010253574 -0.225601122 -0.042991851 0.384819269 0.087022536 0.917874157
1548265218.296190 0.126448616 -0.009515338 -0.213136017 -0.047418330 0.382774919 0.087225258 0.918491483
1548265218.329710 0.136165321 0.007914980 -0.220073715 -0.047460865 0.379297405 0.084605731 0.920175433
1548265218.363220 0.133038327 0.014400012 -0.213828921 -0.048516411 0.378929913 0.083912544 0.920335233
1548265218.396740 0.120995715 0.004188127 -0.209719926 -0.052511074 0.378518999 0.082709640 0.920394003
1548265218.430260 0.145039991 0.036042441 -0.223219275 -0.049184110 0.372623384 0.082674354 0.922983050
1548265218.463820 0.144751430 0.040975075 -0.222664028 -0.049931578 0.370567441 0.082654320 0.923772097
1548265218.497340 0.149581537 0.040034320 -0.224978939 -0.051764585 0.368278682 0.082851887 0.924568474
1548265218.530860 0.140815347 0.051074870 -0.219078511 -0.051052652 0.368967324 0.082368918 0.924376607
1548265218.564380 0.141347706 0.052579213 -0.218586460 -0.052252728 0.367141396 0.082677163 0.925008833
1548265218.597900 0.137986556 0.050237518 -0.212604433 -0.053960484 0.365358770 0.082907878 0.925595760
1548265218.631420 0.142300323 0.051851559 -0.219774202 -0.055593736 0.362434208 0.082104899 0.926719785
1548265218.665020 0.143871829 0.062030680 -0.219765082 -0.055687748 0.361319542 0.081765324 0.927179337
1548265218.698540 0.146669596 0.059116185 -0.225390822 -0.058436867 0.359317899 0.080902956 0.927863419
1548265218.732050 0.141907543 0.063276894 -0.216224134 -0.059886165 0.360546798 0.080496788 0.927329421
1548265218.765570 0.136246085 0.066668592 -0.213770181 -0.061652064 0.358714879 0.079540297 0.928006470
1548265218.799080 0.140964478 0.066475019 -0.216455504 -0.064032182 0.356729656 0.078399613 0.928707361
1548265218.832510 0.138012692 0.070703506 -0.211173043 -0.064786524 0.356683731 0.078877561 0.928632200
1548265218.865960 0.127966642 0.075193115 -0.206515223 -0.065975226 0.354861856 0.078258142 0.929298699
1548265218.899550 0.138043046 0.075182341 -0.208837703 -0.067898244 0.351930737 0.077930242 0.930301845
1548265218.933060 0.131806016 0.081554659 -0.202357769 -0.067978099 0.351488411 0.078792050 0.930390596
1548265218.966390 0.122703865 0.084769636 -0.197492838 -0.068918727 0.348465115 0.079220288 0.931421757
1548265218.999900 0.140581697 0.083619930 -0.212370127 -0.071335092 0.343369693 0.079322696 0.933121920
1548265219.033340 0.111726932 0.077115126 -0.186462477 -0.073416360 0.348141491 0.081171751 0.931030989
1548265219.066840 0.131791577 0.081166901 -0.198255241 -0.074227199 0.335642993 0.081533059 0.935513973
1548265219.100380 0.137155548 0.093648531 -0.202347070 -0.073139325 0.333729893 0.080211937 0.936397910
1548265219.133890 0.131210864 0.094860181 -0.192386225 -0.073675051 0.333126426 0.080937020 0.936508417
1548265219.167390 0.129823983 0.090344310 -0.188790441 -0.075327083 0.329143554 0.080902413 0.937787354
1548265219.200910 0.136492252 0.084568582 -0.192497104 -0.076316759 0.324130207 0.080667399 0.939472258
1548265219.234440 0.136159450 0.092577010 -0.190290987 -0.074422404 0.322118580 0.079673946 0.940400422
1548265219.268030 0.137728065 0.094127968 -0.193294078 -0.074027956 0.321399271 0.080179751 0.940634668
1548265219.301470 0.139257967 0.093919672 -0.190011293 -0.074675821 0.321563900 0.080564782 0.940494299
1548265219.334990 0.138134509 0.090304233 -0.186526582 -0.074646562 0.321544677 0.082594246 0.940327108
1548265219.368500 0.139509827 0.088742040 -0.181442797 -0.073346794 0.320259035 0.082748279 0.940854490
1548265219.401920 0.140956655 0.086456999 -0.182195917 -0.072615638 0.320561379 0.084255129 0.940674484
1548265219.435430 0.133960962 0.098068804 -0.179661065 -0.069470264 0.320125073 0.086686611 0.940839648
1548265219.469060 0.141004443 0.099144451 -0.182733640 -0.068510965 0.316409677 0.087271802 0.942111850
1548265219.502570 0.137711272 0.095211789 -0.178859085 -0.068429798 0.316608399 0.088102549 0.941973686
1548265219.536090 0.135541737 0.094974242 -0.171427965 -0.067722224 0.315749109 0.089014836 0.942227423
1548265219.569600 0.138561234 0.088658132 -0.168186560 -0.067109905 0.313098669 0.090186417 0.943043947
1548265219.603010 0.140198231 0.085702717 -0.167799711 -0.065591834 0.311070561 0.089851081 0.943853617
1548265219.636530 0.137376040 0.075282440 -0.164892584 -0.064642407 0.309660137 0.091015451 0.944271207
1548265219.670150 0.149196088 0.078367352 -0.171615332 -0.061923321 0.305351943 0.089802906 0.945971012
1548265219.703560 0.145925507 0.075851187 -0.165360212 -0.060584012 0.307206303 0.088959813 0.945536911
1548265219.737080 0.146493241 0.073550403 -0.164493263 -0.058729909 0.306879073 0.089013815 0.945755005
1548265219.770590 0.144707933 0.072569326 -0.161282763 -0.057005629 0.306956738 0.086670250 0.946052969
1548265219.804110 0.144075841 0.064254284 -0.163618356 -0.057021040 0.308076203 0.086459413 0.945707381
1548265219.837620 0.147709936 0.064996667 -0.159243226 -0.055505905 0.307506204 0.086194448 0.946007192
1548265219.871090 0.150446743 0.065365687 -0.156924948 -0.053796243 0.307419002 0.086111680 0.946141839
1548265219.904760 0.146067560 0.059695438 -0.158080295 -0.052913036 0.308664739 0.085720107 0.945821524
1548265219.938300 0.144530356 0.061216228 -0.157130927 -0.051083330 0.309210032 0.088114016 0.945523977
1548265219.971810 0.151118234 0.062206011 -0.155297995 -0.050446890 0.307484597 0.088443235 0.946089923
1548265220.005150 0.154496059 0.054149210 -0.156753346 -0.050939601 0.308969796 0.090830021 0.945353210
1548265220.038670 0.147770643 0.044109054 -0.153770909 -0.051159896 0.310884982 0.095779374 0.944224298
1548265220.072180 0.148167968 0.033839066 -0.152686566 -0.050693881 0.308213979 0.097536184 0.944944978
1548265220.105700 0.152246729 0.029716371 -0.154334307 -0.048798870 0.306225657 0.099585697 0.945477247
1548265220.139210 0.152354032 0.021316895 -0.154006943 -0.047701053 0.304884911 0.101252377 0.945789456
1548265220.172730 0.150763288 0.019390455 -0.153338552 -0.045164127 0.302059978 0.101987623 0.946740985
1548265220.206580 0.146433488 0.017432602 -0.151194617 -0.042886291 0.299619973 0.100446731 0.947786391
1548265220.239730 0.146562144 0.019462788 -0.152116433 -0.041186292 0.296984285 0.098473877 0.948897719
1548265220.273130 0.148914546 0.024638303 -0.150579840 -0.039655525 0.294765651 0.097211659 0.949784458
1548265220.306650 0.149380520 0.020323362 -0.153145894 -0.040245455 0.293658257 0.095721483 0.950253904
1548265220.340170 0.145611927 0.017042851 -0.154445693 -0.041150484 0.293773115 0.094698325 0.950282216
1548265220.373680 0.137361825 0.014070675 -0.147841275 -0.041868731 0.293179750 0.094037659 0.950499654
1548265220.407080 0.139674231 0.003338474 -0.148674816 -0.043754306 0.289944977 0.092664480 0.951541245
1548265220.440580 0.141848758 0.001584992 -0.147956446 -0.043878429 0.288402617 0.091989473 0.952069640
1548265220.474040 0.151971146 -0.026022526 -0.165205374 -0.047775745 0.285510063 0.092777237 0.952677190
1548265220.507560 0.152122945 -0.032619350 -0.162518770 -0.047330026 0.283592999 0.093642309 0.953187287
1548265220.541070 0.149881542 -0.045040622 -0.162798002 -0.047777299 0.281911045 0.092713274 0.953754544
1548265220.574590 0.154170617 -0.049913011 -0.164531112 -0.046971750 0.281237394 0.091575973 0.954103231
1548265220.608090 0.161181435 -0.054310728 -0.172439680 -0.045397650 0.280366451 0.092029251 0.954392135
1548265220.641540 0.153599784 -0.054659929 -0.174217969 -0.042916182 0.282290965 0.091633096 0.953977704
1548265220.675060 0.158111557 -0.061189197 -0.179205060 -0.042024530 0.282446235 0.090556994 0.954074144
1548265220.708570 0.164513335 -0.058225945 -0.185254633 -0.039905906 0.284118205 0.089626819 0.953756511
1548265220.742090 0.154218465 -0.065674722 -0.178815827 -0.039688826 0.288524598 0.089876533 0.952418268
1548265220.775600 0.150038823 -0.066139698 -0.181701630 -0.038311709 0.288075358 0.088229328 0.952764571
1548265220.809180 0.150642678 -0.074755006 -0.181423545 -0.038522962 0.289231122 0.088316910 0.952397764
1548265220.842700 0.147125825 -0.075903401 -0.184339419 -0.036674943 0.288283944 0.088982970 0.952695847
1548265220.876230 0.150253475 -0.079173490 -0.190337807 -0.035882346 0.286013067 0.088379852 0.953466296
1548265220.910040 0.143362150 -0.083994187 -0.190360889 -0.035290759 0.286724836 0.088647366 0.953249753
1548265220.943640 0.149714828 -0.082988232 -0.198846489 -0.034753509 0.284665465 0.088461347 0.953903735
1548265220.977170 0.138393879 -0.073841698 -0.189412326 -0.032602616 0.288006693 0.088429399 0.952979267
1548265221.010690 0.130104974 -0.072207011 -0.188631341 -0.031630289 0.288313299 0.089236490 0.952844083
1548265221.044210 0.136210740 -0.073177569 -0.193989098 -0.032399338 0.285815418 0.087249205 0.953754365
1548265221.077730 0.132949904 -0.074104108 -0.199067339 -0.032745264 0.287083626 0.087622359 0.953327358
1548265221.111250 0.130346656 -0.074416488 -0.199166760 -0.033372585 0.288034409 0.087303318 0.953048050
1548265221.144760 0.125592500 -0.079322614 -0.197171420 -0.034434434 0.287767708 0.086856462 0.953131676
1548265221.178280 0.131039917 -0.074814133 -0.198988616 -0.033537004 0.285517812 0.085833728 0.953932583
1548265221.211800 0.131389648 -0.078571640 -0.204182699 -0.033901427 0.287405342 0.085981004 0.953339458
1548265221.245380 0.125751257 -0.078710392 -0.203692794 -0.033222161 0.290415734 0.087466218 0.952315390
1548265221.278840 0.124134541 -0.078203894 -0.206761271 -0.031780560 0.290488243 0.089708351 0.952133894
1548265221.312350 0.128390968 -0.069526687 -0.210968241 -0.028847309 0.288217217 0.089902908 0.952898800
1548265221.345860 0.130017325 -0.071778595 -0.211935610 -0.028526181 0.288365215 0.090025470 0.952852130
1548265221.379380 0.127398759 -0.071767949 -0.219227493 -0.028488100 0.290034115 0.090624392 0.952289820
1548265221.412890 0.118362740 -0.061521031 -0.211581379 -0.026804138 0.290983886 0.090966746 0.952016294
1548265221.446410 0.125695691 -0.065620519 -0.221811444 -0.029024765 0.288425773 0.089448728 0.952873051
1548265221.479930 0.125644743 -0.057207409 -0.220703214 -0.028823622 0.289420754 0.089635849 0.952559829
1548265221.513440 0.122455366 -0.055191580 -0.223997205 -0.030157894 0.289172411 0.089895412 0.952569485
1548265221.546120 0.121674992 -0.049512479 -0.220561907 -0.031451717 0.288375467 0.089681119 0.952789426
1548265221.579560 0.127776653 -0.042284496 -0.225975528 -0.032846667 0.287842095 0.088859186 0.952980638
1548265221.613150 0.119806662 -0.043253541 -0.219875202 -0.035054773 0.289817423 0.090013959 0.952194631
1548265221.646670 0.121792927 -0.043931395 -0.222663864 -0.037312061 0.288689107 0.089551307 0.952495158
1548265221.680190 0.123931512 -0.036183372 -0.224617153 -0.038038481 0.288100362 0.090293549 0.952574611
1548265221.713700 0.124630608 -0.032057464 -0.223766685 -0.040297508 0.288969725 0.090166427 0.952230334
1548265221.747220 0.119538784 -0.029093556 -0.218686014 -0.042613503 0.290989637 0.090516493 0.951480865
1548265221.780910 0.113843121 -0.025073091 -0.219124705 -0.044116210 0.290407300 0.090283036 0.951612532
1548265221.814580 0.127084285 -0.018553829 -0.224948302 -0.045990162 0.287954032 0.089032918 0.952386737
1548265221.848140 0.116928637 -0.015642643 -0.222967476 -0.048300430 0.290825278 0.089143515 0.951389074
1548265221.881650 0.118311659 -0.011852490 -0.219628215 -0.050235942 0.290379584 0.087955937 0.951535523
1548265221.915160 0.119734667 -0.014227389 -0.221469820 -0.052394118 0.291099519 0.087500289 0.951241136
1548265221.948640 0.112819158 -0.005431751 -0.217156067 -0.051631961 0.292023152 0.087894872 0.950963259
1548265221.982160 0.110833041 -0.002177513 -0.217792675 -0.051463399 0.290062249 0.088054828 0.951557577
1548265222.015700 0.122411422 0.008286707 -0.224008456 -0.050891999 0.287798673 0.086954616 0.952376366
1548265222.049230 0.113709845 0.008295046 -0.217215821 -0.051854398 0.291636825 0.088099971 0.951050758
1548265222.082750 0.111202426 0.016562508 -0.215306625 -0.050586283 0.289312750 0.088570289 0.951784909
1548265222.116280 0.119097263 0.015220071 -0.219381511 -0.051431980 0.287839442 0.087906793 0.952247679
1548265222.149800 0.109899804 0.019806564 -0.212228149 -0.050464898 0.289905101 0.088336617 0.951632798
1548265222.183300 0.103131063 0.029379271 -0.210807115 -0.047985539 0.287155986 0.088484734 0.952580333
1548265222.216810 0.120239645 0.031652685 -0.224840775 -0.048290424 0.281542242 0.086481929 0.954422832
1548265222.250320 0.120436966 0.041966852 -0.222121060 -0.047771942 0.284415424 0.086005829 0.953639746
1548265222.283830 0.115592636 0.048102684 -0.219217747 -0.048191052 0.286406487 0.086536475 0.952974498
1548265222.317350 0.112831868 0.056332540 -0.216715962 -0.049539860 0.286610812 0.085912049 0.952900410
1548265222.350860 0.120951459 0.060199775 -0.218511730 -0.052092154 0.286179006 0.084986858 0.952977061
1548265222.384380 0.100032598 0.065984361 -0.200884312 -0.052818712 0.290241152 0.086114071 0.951606333
1548265222.417900 0.112978660 0.066603899 -0.211343497 -0.054826777 0.282835722 0.085663460 0.953760862
1548265222.451600 0.122605197 0.069470324 -0.219122112 -0.057467718 0.284133732 0.084417753 0.953330517
1548265222.485150 0.112340748 0.078972012 -0.211362973 -0.057549037 0.286984533 0.086265229 0.952305794
1548265222.518670 0.103473745 0.084788710 -0.197545812 -0.057960760 0.286540449 0.086830035 0.952363193
1548265222.552180 0.120644212 0.085659161 -0.207782984 -0.059856702 0.281033784 0.085933335 0.953966796
1548265222.585660 0.117313348 0.088949464 -0.202813908 -0.060967591 0.284290552 0.087784059 0.952762187
1548265222.618990 0.108598486 0.085541718 -0.200269371 -0.062351536 0.285641849 0.090380758 0.952025414
1548265222.652510 0.119059585 0.095490724 -0.199150369 -0.061421689 0.281744093 0.090824395 0.953204393
1548265222.686130 0.116636574 0.092421107 -0.200813189 -0.062765338 0.284045517 0.091321550 0.952385962
1548265222.719650 0.108481117 0.091645330 -0.194826126 -0.062185097 0.284350991 0.093312077 0.952139914
1548265222.753160 0.120516345 0.094608501 -0.201767713 -0.061476663 0.279763997 0.092609860 0.953612149
1548265222.786680 0.117196560 0.096698932 -0.198649809 -0.060746390 0.280672997 0.091781937 0.953471899
1548265222.820200 0.118736386 0.105271392 -0.197780013 -0.059019923 0.280086011 0.091314062 0.953797758
1548265222.853560 0.120437674 0.108975142 -0.197373986 -0.058703162 0.280526727 0.090202212 0.953793585
1548265222.887060 0.120368883 0.118539296 -0.196472406 -0.057577968 0.280758232 0.089535110 0.953856945
1548265222.920580 0.118274435 0.121074073 -0.195962310 -0.058335721 0.281871498 0.088064298 0.953619480
1548265222.954050 0.116178028 0.132988155 -0.188584998 -0.057154868 0.282249779 0.086946227 0.953681648
1548265222.987550 0.124478370 0.135872066 -0.192717656 -0.058317360 0.281747103 0.084449865 0.953984201
1548265223.021060 0.120181441 0.142113075 -0.194181785 -0.058602929 0.284592241 0.084251270 0.953139365
1548265223.054570 0.111850411 0.148605317 -0.187349901 -0.059428584 0.286042362 0.083379045 0.952730775
1548265223.088100 0.111195095 0.158178017 -0.185571000 -0.059609152 0.284876376 0.082727954 0.953125536
1548265223.121630 0.120221071 0.165413916 -0.189014405 -0.061095864 0.282698154 0.081965633 0.953745604
1548265223.155140 0.114933416 0.178187922 -0.181423560 -0.062939294 0.286286712 0.082500383 0.952508390
1548265223.188660 0.111650780 0.179224104 -0.180184275 -0.066265576 0.286599636 0.083242945 0.952124059
1548265223.222180 0.123050556 0.187158450 -0.180249467 -0.068218537 0.286125690 0.085153356 0.951959670
1548265223.255700 0.118724279 0.182786271 -0.180091560 -0.071567200 0.287824094 0.087936617 0.950948238
1548265223.289210 0.118225619 0.188756049 -0.178476140 -0.072594561 0.288266897 0.090125881 0.950531185
1548265223.322720 0.125380620 0.191161528 -0.182758510 -0.074085981 0.287712455 0.092463106 0.950359583
1548265223.356220 0.126417801 0.190091610 -0.176664382 -0.075560257 0.289616048 0.094436049 0.949470937
1548265223.389730 0.133198395 0.189228132 -0.181379825 -0.076232299 0.290432334 0.095071308 0.949104369
1548265223.423240 0.136301011 0.184891954 -0.180360049 -0.075585812 0.294463933 0.096898891 0.947728038
1548265223.456760 0.126474604 0.173920110 -0.178295657 -0.075216524 0.299838096 0.094594814 0.946304083
1548265223.490280 0.131750450 0.185378402 -0.177017406 -0.068293519 0.304834723 0.092352070 0.945453823
1548265223.523780 0.130975857 0.169063628 -0.185778826 -0.065234631 0.310285568 0.089416936 0.944177926
1548265223.557290 0.126189411 0.172641516 -0.178754449 -0.056478038 0.318364531 0.086799659 0.942295134
1548265223.590810 0.130629465 0.159291819 -0.185043156 -0.050172348 0.320896000 0.083679482 0.942075491
1548265223.624320 0.129294217 0.137371883 -0.215361103 -0.045172878 0.324693859 0.081449680 0.941222191
1548265223.658120 0.122252166 0.156703874 -0.204153806 -0.034435857 0.336403936 0.078982294 0.937767744
1548265223.691350 0.122427970 0.161315024 -0.199311405 -0.027314683 0.342337966 0.077605188 0.935967982
1548265223.724830 0.121261381 0.153497756 -0.207916051 -0.023129648 0.346060961 0.076251991 0.934822142
1548265223.758340 0.118039794 0.157612115 -0.201990902 -0.018434869 0.350413084 0.077775359 0.933178365
1548265223.791860 0.119582079 0.147088438 -0.208817184 -0.017187338 0.349155396 0.077787481 0.933672428
1548265223.825380 0.127179429 0.152576134 -0.223073468 -0.013854338 0.349008828 0.077828020 0.933779299
1548265223.858910 0.125333875 0.152027175 -0.224478871 -0.012267007 0.355006158 0.079455160 0.931400597
1548265223.892480 0.128902018 0.139950797 -0.231528610 -0.013016808 0.357593030 0.081437476 0.930228829
1548265223.926000 0.132376075 0.122868106 -0.242687777 -0.014616858 0.363116562 0.082660578 0.927954674
1548265223.959460 0.130659252 0.135460854 -0.227927446 -0.009961597 0.372049809 0.086424112 0.924126923
1548265223.993030 0.131945789 0.124961331 -0.234685421 -0.009609169 0.373552263 0.087919526 0.923383236
1548265224.026600 0.133932069 0.118733838 -0.243644461 -0.008885329 0.376654088 0.087463066 0.922172964
1548265224.060080 0.133986771 0.116604671 -0.235388994 -0.006370530 0.381085902 0.089281723 0.920196533
1548265224.093590 0.131473139 0.112733230 -0.236883968 -0.004959355 0.382008255 0.087987311 0.919947445
1548265224.127110 0.134664580 0.103224039 -0.242141411 -0.005009029 0.383643478 0.084984176 0.919548988
1548265224.160620 0.124677025 0.095578901 -0.236392200 -0.003838566 0.387391925 0.084109917 0.918062270
1548265224.194150 0.128054157 0.088350840 -0.241051495 -0.002177880 0.386079639 0.083104640 0.918711782
1548265224.227660 0.136990130 0.086417422 -0.253600687 0.000223174 0.385353059 0.081564963 0.919157267
1548265224.261180 0.133888125 0.088557839 -0.252291441 0.003101257 0.389081538 0.080420382 0.917681038
1548265224.294700 0.131480381 0.084856033 -0.251328677 0.004547150 0.393643975 0.079541065 0.915804029
1548265224.328240 0.139789537 0.078991346 -0.260788888 0.006255138 0.395355999 0.080193155 0.914999187
1548265224.361780 0.142893568 0.072340973 -0.263798207 0.008058820 0.401961565 0.081487201 0.911987841
1548265224.395300 0.137408361 0.062812425 -0.260036618 0.008890146 0.409199208 0.082190566 0.908692300
1548265224.428850 0.134491131 0.069718219 -0.260962695 0.012799665 0.412813723 0.083610140 0.906879485
1548265224.462370 0.143634409 0.058387790 -0.268775761 0.013131356 0.414847255 0.084207259 0.905891001
1548265224.495850 0.138698265 0.059323821 -0.266272724 0.015716298 0.419959992 0.085145123 0.903402984
1548265224.529310 0.136828825 0.053677317 -0.267138630 0.016944958 0.423344165 0.086562961 0.901664793
1548265224.562840 0.130788118 0.033274312 -0.265987426 0.015227521 0.425442189 0.087730899 0.900594473
1548265224.596400 0.131240234 0.030809779 -0.270743698 0.016591143 0.423486382 0.088330090 0.901433170
1548265224.629930 0.132476568 0.030134337 -0.274384886 0.017596727 0.422297984 0.087347135 0.902067184
1548265224.663450 0.128720596 0.028840926 -0.271675587 0.017995061 0.424044907 0.088761538 0.901101232
1548265224.696960 0.126337081 0.026078407 -0.272790194 0.018565491 0.423422009 0.090577938 0.901201844
1548265224.730480 0.134959087 0.026807874 -0.274212331 0.018605791 0.420813501 0.089886650 0.902491152
1548265224.764000 0.139229447 0.023082087 -0.277323067 0.018610785 0.420906186 0.090200365 0.902416468
1548265224.797510 0.136243373 0.017077029 -0.278030574 0.018273188 0.422841370 0.089822583 0.901555955
1548265224.831010 0.141293541 0.014256669 -0.280100822 0.019416586 0.423647612 0.090571411 0.901078522
1548265224.864490 0.138294935 0.010180022 -0.280921459 0.021221783 0.424279928 0.090753444 0.900721908
1548265224.897980 0.150045931 0.014045436 -0.284862608 0.023001490 0.423377663 0.087932155 0.901382387
1548265224.931490 0.145028189 0.000030374 -0.288761765 0.023157617 0.425929785 0.088430367 0.900126457
1548265224.965010 0.147347108 -0.000815908 -0.288036764 0.024183495 0.427055746 0.085357688 0.899862587
1548265224.998520 0.146421388 -0.009114460 -0.290179640 0.024597738 0.429411530 0.083945110 0.898862600
1548265225.031930 0.155137137 -0.012611874 -0.295178503 0.025673471 0.429682612 0.081528634 0.898925364
1548265225.065390 0.145928860 -0.020327577 -0.291772276 0.027736241 0.433776706 0.080824897 0.896959245
1548265225.098750 0.144969553 -0.029168639 -0.295452893 0.029745691 0.432058007 0.078432582 0.897936165
1548265225.132260 0.151399776 -0.028035022 -0.294974178 0.033810377 0.432217777 0.074939601 0.898013771
1548265225.165780 0.144623354 -0.045509852 -0.300588846 0.036393195 0.432723999 0.074726135 0.897686779
1548265225.199260 0.145267963 -0.045663062 -0.302772552 0.040805873 0.431428969 0.072523311 0.898300767
1548265225.232780 0.135867968 -0.055101175 -0.306380719 0.044694822 0.429895967 0.073166065 0.898798406
1548265225.266270 0.133290514 -0.062545456 -0.304632097 0.048282329 0.426066697 0.072986081 0.900449336
1548265225.299780 0.136933804 -0.061879735 -0.307707518 0.050662573 0.422907978 0.072080322 0.901879489
1548265225.333330 0.135844395 -0.075238332 -0.316891998 0.051729362 0.418088317 0.074966945 0.903828621
1548265225.366840 0.123459212 -0.074278116 -0.307749361 0.052367371 0.413969666 0.073726512 0.905787647
1548265225.400330 0.122375771 -0.081798337 -0.309778273 0.051454298 0.409344822 0.074464388 0.907878995
1548265225.433830 0.133546874 -0.082899332 -0.311671466 0.051974848 0.404380977 0.076356605 0.909914434
1548265225.467310 0.123374686 -0.084788963 -0.305533171 0.052880850 0.402093738 0.077756658 0.910756886
1548265225.500820 0.117242269 -0.089843266 -0.309775949 0.052275650 0.391735703 0.078776069 0.915207505
1548265225.534380 0.139964968 -0.107905366 -0.307204664 0.048438773 0.386354059 0.079850547 0.917609990
1548265225.567910 0.133215949 -0.104877971 -0.306667298 0.050749682 0.384828538 0.080894448 0.918034613
1548265225.601430 0.139089689 -0.109869048 -0.306046009 0.051469758 0.381775588 0.079822995 0.919362009
1548265225.634970 0.131891519 -0.109921508 -0.314966410 0.053557787 0.378862947 0.080256753 0.920409322
1548265225.668490 0.140223250 -0.107279114 -0.316390634 0.055437729 0.370963037 0.076563254 0.923824191
1548265225.702030 0.137063131 -0.119978629 -0.312142193 0.054827418 0.367768109 0.073473178 0.925387621
1548265225.735600 0.121642731 -0.108226359 -0.306855351 0.057467867 0.366336107 0.070977978 0.925989985
1548265225.769230 0.076164789 -0.138243049 -0.306068003 0.053044815 0.361943781 0.067764394 0.928219199
1548265225.802930 0.122769833 -0.126007363 -0.339148521 0.053834025 0.340170026 0.062226489 0.936757207
1548265225.836530 0.086773120 -0.148061961 -0.309622616 0.048673421 0.339869738 0.059971314 0.937295556
1548265225.870080 0.056183089 -0.135638073 -0.324833810 0.049576692 0.326465279 0.059261665 0.942045987
1548265225.903590 0.131569043 -0.121605545 -0.331498802 0.046783052 0.301213503 0.053884525 0.950882852
1548265225.937110 0.106181324 -0.124058507 -0.301956475 0.043023046 0.300110519 0.054017570 0.951401472
1548265225.970630 0.087007657 -0.117758475 -0.319306016 0.041927010 0.287874550 0.052609611 0.955302358
1548265226.004160 0.119571112 -0.107014604 -0.311738729 0.040509336 0.274730086 0.051771633 0.959271610
1548265226.037680 0.111184955 -0.110535659 -0.295682609 0.037158281 0.271581233 0.052169818 0.960281849
1548265226.071270 0.103911459 -0.104882330 -0.292772561 0.035659354 0.261748791 0.050905570 0.963132679
1548265226.104740 0.120879292 -0.106797710 -0.295135498 0.032814562 0.255061954 0.051346693 0.965002656
1548265226.138320 0.110810935 -0.101599611 -0.293533683 0.031374261 0.251585990 0.051791415 0.965938807
1548265226.171770 0.116596319 -0.109205849 -0.292115301 0.027135532 0.242455557 0.050742082 0.968454540
1548265226.205350 0.124965832 -0.106395192 -0.290546596 0.024805702 0.238353685 0.050636522 0.969540179
1548265226.238870 0.114393756 -0.094597556 -0.288873583 0.024560126 0.236947492 0.050928868 0.969875753
1548265226.272390 0.115142956 -0.095095351 -0.286628157 0.022053620 0.231538430 0.050130028 0.971282959
1548265226.305910 0.123868570 -0.100189127 -0.294219553 0.018843431 0.226275176 0.048647184 0.972665370
1548265226.339430 0.117719419 -0.100282632 -0.291264385 0.016543865 0.225784644 0.047599938 0.972872972
1548265226.372940 0.115421578 -0.094507441 -0.285399944 0.015496355 0.223066017 0.046026573 0.973592818
1548265226.406510 0.120142058 -0.099050857 -0.291550249 0.012930642 0.221631542 0.043919016 0.974055111
1548265226.440050 0.114045523 -0.095037811 -0.286749214 0.012226513 0.222613201 0.043791782 0.973846078
1548265226.473640 0.116862252 -0.093059167 -0.288833201 0.010680798 0.220841199 0.042338401 0.974331796
1548265226.507150 0.120424345 -0.086499207 -0.290845722 0.010188343 0.219845951 0.041328095 0.974605560
1548265226.540670 0.115909845 -0.079943344 -0.288906217 0.009246940 0.220236465 0.040641882 0.974555612
1548265226.574180 0.118982553 -0.075198002 -0.291370779 0.007294438 0.219806477 0.040537961 0.974673569
1548265226.607700 0.116720796 -0.060769901 -0.285440654 0.006683969 0.219952241 0.041025817 0.974624634
1548265226.641150 0.109511100 -0.060275167 -0.277378768 0.003528572 0.218068406 0.040929686 0.975068450
1548265226.674670 0.118809283 -0.053972147 -0.284593821 0.000551621 0.213035166 0.040592611 0.976200759
1548265226.708180 0.116706036 -0.043065894 -0.282147527 -0.001633587 0.213151917 0.042642932 0.976086676
1548265226.741700 0.100835837 -0.053341832 -0.272875249 -0.007315115 0.211586356 0.043706242 0.976354182
1548265226.775210 0.110820577 -0.049873132 -0.274690419 -0.010761972 0.204381317 0.043239448 0.977876663
1548265226.808540 0.108860470 -0.037935562 -0.271885455 -0.011849848 0.202165812 0.044265475 0.978278637
1548265226.842060 0.109170035 -0.038707841 -0.270288885 -0.014892220 0.197941914 0.044531915 0.979088426
1548265226.875570 0.104901366 -0.037169896 -0.264302939 -0.017249996 0.195297465 0.045022029 0.979558229
1548265226.909090 0.109819636 -0.039510723 -0.270408154 -0.019718748 0.191593409 0.045383848 0.980226219
1548265226.942550 0.108498476 -0.032253150 -0.264243364 -0.020246530 0.190566465 0.045537431 0.980408490
1548265226.976010 0.113333493 -0.035764229 -0.260790557 -0.022556975 0.186498076 0.045464613 0.981143534
1548265227.009200 0.110594392 -0.038952544 -0.263356090 -0.023931479 0.183649153 0.045039870 0.981667817
1548265227.042890 0.111119948 -0.032571774 -0.263718098 -0.023899868 0.181171864 0.044808794 0.982139349
1548265227.076540 0.108297810 -0.026285380 -0.262615770 -0.024041783 0.179186955 0.043523222 0.982557774
1548265227.110080 0.106726788 -0.023856774 -0.260186613 -0.024645599 0.177200347 0.042986587 0.982926607
1548265227.143620 0.113721088 -0.023359640 -0.268476635 -0.026406070 0.174188763 0.041522242 0.983482003
1548265227.177170 0.109383591 -0.016471513 -0.263412148 -0.026681500 0.175866127 0.041733045 0.983167112
1548265227.210700 0.104360908 -0.018010728 -0.258037537 -0.028740291 0.174918339 0.041061457 0.983306408
1548265227.244220 0.114067622 -0.016307803 -0.264379442 -0.030329758 0.172434509 0.040469214 0.983721852
1548265227.277710 0.102804877 -0.006763330 -0.252271652 -0.030253056 0.174325407 0.040344790 0.983395994
1548265227.311250 0.105423383 -0.012884931 -0.257688195 -0.032743465 0.170709729 0.040025502 0.983963430
1548265227.344740 0.117070623 -0.001527600 -0.263455510 -0.033477668 0.169853404 0.038797043 0.984136105
1548265227.378260 0.110711932 0.012122968 -0.254394621 -0.033425380 0.172809303 0.039644297 0.983589351
1548265227.411750 0.111088999 0.005869019 -0.254588395 -0.036373749 0.172374651 0.039859924 0.983552277
1548265227.445220 0.114769869 0.004962647 -0.254695326 -0.038755324 0.173456267 0.039859831 0.983271122
1548265227.478730 0.113192752 0.017287454 -0.249164879 -0.038538177 0.174889579 0.040885340 0.982983649
1548265227.512300 0.112095460 0.021725388 -0.246464536 -0.039928339 0.174460530 0.040576976 0.983017147
1548265227.545860 0.117165774 0.025686644 -0.246004626 -0.041065775 0.175314099 0.040273927 0.982830882
1548265227.579380 0.114610113 0.035397146 -0.240916848 -0.040131554 0.177054524 0.042759176 0.982452452
1548265227.612890 0.121691801 0.032593057 -0.244954735 -0.042207479 0.175865248 0.044103477 0.982519627
1548265227.646280 0.127538189 0.039543487 -0.247209042 -0.043081388 0.179100111 0.045223538 0.981846213
1548265227.679800 0.123002030 0.040498190 -0.237373412 -0.044718347 0.182541996 0.046833295 0.981063366
1548265227.713310 0.128137112 0.046366155 -0.238416344 -0.045091804 0.182921425 0.046120711 0.981009364
1548265227.746830 0.128856272 0.048996165 -0.236859962 -0.046064239 0.186125129 0.046918038 0.980323553
1548265227.780520 0.128352046 0.054363482 -0.234364629 -0.045815516 0.187695220 0.047153335 0.980024457
1548265227.813860 0.129361972 0.059276462 -0.232538402 -0.045710437 0.189279139 0.046601146 0.979751170
1548265227.847380 0.130254552 0.056744717 -0.232626617 -0.046364497 0.191634506 0.047484271 0.979219973
1548265227.880850 0.127159640 0.065270625 -0.228149101 -0.044894315 0.193782732 0.048170466 0.978832126
1548265227.914360 0.132128015 0.062864512 -0.232639700 -0.045412552 0.194175377 0.047364742 0.978769720
1548265227.947660 0.135087430 0.064426340 -0.233530432 -0.044308901 0.198152006 0.049685121 0.977907896
1548265227.981170 0.129760906 0.073149331 -0.226439238 -0.041660506 0.200987890 0.051107790 0.977372110
1548265228.014690 0.129747137 0.076959498 -0.226305559 -0.040140744 0.200259253 0.049802691 0.977652609
1548265228.048210 0.127341554 0.068585239 -0.223519132 -0.039655127 0.203721389 0.051421035 0.976873040
1548265228.082020 0.130258456 0.076582737 -0.221695229 -0.035227630 0.203569204 0.052743919 0.977003932
1548265228.115530 0.134220570 0.075749926 -0.227544457 -0.033287216 0.204171762 0.051669441 0.977003634
1548265228.149050 0.131434456 0.083082870 -0.223110050 -0.029799243 0.206684619 0.053419363 0.976493657
1548265228.182560 0.137611598 0.083310410 -0.229695603 -0.028338136 0.206989363 0.051643979 0.976568103
1548265228.215790 0.137255922 0.089379229 -0.226183742 -0.024324978 0.210881725 0.052478265 0.975798786
1548265228.249300 0.136277333 0.096765913 -0.220092863 -0.020017149 0.214387193 0.052211475 0.975146890
1548265228.282820 0.130192205 0.092250593 -0.216349244 -0.017482597 0.217778280 0.051000368 0.974508047
1548265228.316390 0.129091740 0.096723892 -0.215012878 -0.013393000 0.218462348 0.049017519 0.974521458
1548265228.349930 0.127612486 0.103428967 -0.216400802 -0.009271808 0.220947787 0.046661757 0.974124610
1548265228.383520 0.127277732 0.110885911 -0.213169292 -0.005429910 0.222584516 0.044725318 0.973871768
1548265228.417040 0.118932508 0.115035370 -0.209676564 -0.002368370 0.224067956 0.043739446 0.973588645
1548265228.450590 0.125828892 0.117232047 -0.219094619 -0.000714144 0.221751779 0.041054316 0.974238276
1548265228.484100 0.119765930 0.125363052 -0.212706223 0.000862120 0.224514499 0.039842986 0.973655522
1548265228.517620 0.120136701 0.134625971 -0.212432384 0.001603045 0.224895075 0.039815608 0.973567843
1548265228.551140 0.122441493 0.136723012 -0.216305330 0.000036162 0.224845767 0.040080372 0.973569691
1548265228.584650 0.120766364 0.144781142 -0.210014716 -0.001664103 0.227039635 0.041468427 0.973000824
1548265228.618140 0.117885627 0.153200954 -0.206728175 -0.003647370 0.227458492 0.042920511 0.972834587
1548265228.651650 0.123590283 0.153596699 -0.206627741 -0.007081484 0.226428062 0.044561643 0.972982228
1548265228.685170 0.123837098 0.153073132 -0.206169024 -0.010116125 0.228473783 0.048109412 0.972307980
1548265228.718680 0.121206947 0.163268059 -0.200368136 -0.010552741 0.228667259 0.051218271 0.972099066
1548265228.785750 0.122664511 0.155604348 -0.197922677 -0.016136345 0.229104549 0.056102674 0.971649706
1548265228.819260 0.120564908 0.160135210 -0.192135736 -0.016654579 0.228588954 0.058342978 0.971630454
1548265228.852780 0.125736490 0.162365898 -0.194422424 -0.017743599 0.227475360 0.058962919 0.971835136
1548265228.886300 0.122140668 0.168769106 -0.193024948 -0.018015414 0.227451757 0.059587747 0.971797526
1548265228.919780 0.124944307 0.172649518 -0.190739676 -0.019042339 0.226513699 0.058626052 0.972055495
1548265228.953290 0.129407018 0.162851572 -0.193885058 -0.022364553 0.225960821 0.057561006 0.972177088
1548265228.986790 0.121253975 0.162745923 -0.193783551 -0.023241455 0.226564690 0.055406075 0.972141147
1548265229.020310 0.122603528 0.161765039 -0.193657219 -0.023856614 0.225671574 0.052708644 0.972483933
1548265229.053710 0.122210838 0.156013623 -0.195265785 -0.024517089 0.226414725 0.049922533 0.972441792
1548265229.087230 0.114606433 0.158362255 -0.190449670 -0.022332821 0.228295535 0.049467932 0.972077847
1548265229.120860 0.118752964 0.154299542 -0.191924572 -0.021230243 0.227030978 0.048116598 0.972466469
1548265229.154370 0.121174812 0.161267132 -0.192100838 -0.017940326 0.228028297 0.047577780 0.972325861
1548265229.187890 0.117220484 0.155572861 -0.192928374 -0.016710076 0.229012445 0.048748959 0.972058415
1548265229.221400 0.120437607 0.159362614 -0.195299432 -0.014257554 0.228636011 0.048456512 0.972200751
1548265229.254920 0.119594000 0.154072434 -0.197996274 -0.013593852 0.229857326 0.049146127 0.971887589
1548265229.288350 0.122903831 0.154911742 -0.199107409 -0.012864289 0.230162919 0.049986564 0.971782327
1548265229.321870 0.122163199 0.155239314 -0.202526584 -0.012124219 0.230695173 0.051129267 0.971606195
1548265229.355380 0.123004861 0.157569572 -0.199580580 -0.011535724 0.231814951 0.051464833 0.971329033
1548265229.388890 0.125052825 0.156267211 -0.202436864 -0.011534067 0.232561782 0.052760325 0.971081018
1548265229.422420 0.127460703 0.154092953 -0.204790294 -0.011558315 0.233543053 0.054611001 0.970742822
1548265229.455930 0.125123397 0.157373965 -0.200948805 -0.010871892 0.235179767 0.056008156 0.970275879
1548265229.489560 0.123113506 0.154697254 -0.202108815 -0.011693818 0.235720187 0.056934271 0.970081270
1548265229.523070 0.126321211 0.161566854 -0.204546288 -0.011223472 0.236075029 0.056578349 0.970021367
1548265229.556620 0.121171393 0.159671515 -0.202422887 -0.011750704 0.237721533 0.057647876 0.969549954
1548265229.590140 0.123491637 0.157820687 -0.204380289 -0.013628501 0.236422881 0.056355357 0.969918847
1548265229.623920 0.125537694 0.160294712 -0.205218211 -0.014844161 0.237215057 0.054532181 0.969811797
1548265229.657470 0.122429200 0.163996801 -0.201447397 -0.015186214 0.238368914 0.054878637 0.969503999
1548265229.690990 0.122370213 0.166133106 -0.200457022 -0.015810341 0.237137571 0.054171938 0.969835639
1548265229.724510 0.125709504 0.163036406 -0.201287985 -0.017599054 0.237555265 0.053180922 0.969757497
1548265229.758030 0.122606426 0.163998440 -0.197610810 -0.017555304 0.239041403 0.054697946 0.969308615
1548265229.791540 0.124924265 0.162471041 -0.200607061 -0.017692422 0.238143489 0.054876938 0.969516993
1548265229.825060 0.125196844 0.158217058 -0.199467868 -0.017860258 0.239876658 0.056204155 0.969010472
1548265229.858570 0.121526442 0.159498438 -0.195440933 -0.015952867 0.240397379 0.057671294 0.968828499
1548265229.892090 0.125987366 0.156066522 -0.199226454 -0.015376451 0.238736317 0.057489496 0.969259262
1548265229.925600 0.126142249 0.154952109 -0.199820071 -0.014255974 0.239195243 0.058154598 0.969123542
1548265229.958520 0.124080852 0.158498228 -0.198058307 -0.012659607 0.239510223 0.058088627 0.969071865
1548265229.991980 0.124002025 0.157603964 -0.198731825 -0.012206475 0.239324600 0.057291199 0.969171047
1548265230.025500 0.126400366 0.156430811 -0.198433772 -0.012063698 0.239051774 0.057258066 0.969242096
1548265230.059010 0.124559201 0.154658213 -0.198276088 -0.011623927 0.238986522 0.057176739 0.969268382
1548265230.092530 0.124182470 0.154465318 -0.199270427 -0.011212492 0.238707364 0.057027735 0.969350755
1548265230.126040 0.126195684 0.160566449 -0.199809581 -0.010165122 0.238541216 0.057048291 0.969402015
1548265230.159560 0.126129568 0.165842861 -0.197590560 -0.009329469 0.238487110 0.057165772 0.969416797
1548265230.193080 0.127956629 0.159210667 -0.199769258 -0.011023675 0.237530500 0.057208620 0.969631314
1548265230.226650 0.126932725 0.163531050 -0.200812846 -0.010707341 0.237749860 0.058181364 0.969523251
1548265230.260190 0.124254830 0.165236130 -0.198312581 -0.011276036 0.237790555 0.057956409 0.969520271
1548265230.293980 0.126080647 0.165930718 -0.199562743 -0.012426552 0.236728802 0.058318958 0.969744265
1548265230.327560 0.127027541 0.169585854 -0.198746055 -0.013071933 0.235954329 0.057866622 0.969951630
1548265230.361110 0.129307270 0.163206667 -0.201774344 -0.015839072 0.234979242 0.057339039 0.970178366
1548265230.394630 0.129220203 0.164148018 -0.202100530 -0.017354881 0.235331699 0.056085266 0.970140338
1548265230.428140 0.127366558 0.160224900 -0.199910462 -0.018890174 0.236493915 0.055918295 0.969838619
1548265230.461660 0.129431978 0.161553472 -0.200443968 -0.019249866 0.236615658 0.055442862 0.969829142
1548265230.495180 0.129320815 0.157997042 -0.200811312 -0.020224193 0.238159955 0.054808035 0.969467342
1548265230.528700 0.127744406 0.157012910 -0.198489740 -0.019793728 0.240231141 0.055747524 0.968911469
1548265230.562210 0.131191000 0.159457296 -0.199464485 -0.018771630 0.240504786 0.056342255 0.968829513
1548265230.595720 0.132656679 0.156722501 -0.200168014 -0.018251324 0.241060302 0.057134233 0.968654990
1548265230.629220 0.133747280 0.160855696 -0.200769141 -0.016686874 0.241963804 0.057604477 0.968430042
1548265230.662720 0.135795102 0.156078905 -0.203034207 -0.017022308 0.242431030 0.058276936 0.968267083
1548265230.696250 0.137772664 0.157122016 -0.205813065 -0.016502600 0.242956579 0.058996856 0.968100786
