1548265208.042000 0.0000000 0.0000000 0.0000000 0.0000000 0.0000000 0.0000000 1.0000000
1548265208.543300 0.0137588 0.0342796 -0.0049601 0.0025444 -0.0460518 -0.0151732 0.9988206
1548265208.576960 -0.0239607 0.0412743 -0.0140114 0.0026532 -0.0391287 -0.0138858 0.9991342
1548265209.146710 -0.0090855 0.1515317 -0.0094296 -0.0346048 -0.0618524 -0.0166441 0.9973463
1548265209.816530 0.0125173 0.1467166 0.0850339 -0.0641133 -0.0144996 -0.0185206 0.9976654
1548265210.621290 0.0869709 -0.1591296 0.0378453 0.0306554 0.0838734 0.0189925 0.9958237
1548265211.592810 0.2377068 -0.1690990 0.0151507 0.0224744 0.2202555 0.0544527 0.9736618
1548265212.732280 0.2332997 0.0415063 0.0076869 -0.0506323 0.2722829 0.0559734 0.9592525
1548265213.771510 0.2327124 0.0099314 -0.1091146 -0.0209209 0.3433923 0.0856698 0.9350426
1548265215.681260 0.2528704 -0.1278558 -0.2343684 0.0349614 0.3851630 0.1054005 0.9161429
1548265216.687040 0.2028994 -0.1013762 -0.2545591 0.0118894 0.4064227 0.0924976 0.9089133
1548265217.692530 0.2013515 -0.0417709 -0.2455215 -0.0167436 0.4046605 0.0974161 0.9091092
1548265218.698540 0.1664401 0.0482166 -0.2193979 -0.0605524 0.3566917 0.0808647 0.9287440
1548265219.938300 0.1684896 0.0302043 -0.1667475 -0.0566774 0.3048950 0.0884754 0.9465721
1548265223.523780 0.1462820 0.1484072 -0.1898648 -0.0691225 0.3073317 0.0897791 0.9448328
1548265225.467310 0.1782149 -0.1191198 -0.3259805 0.0467567 0.3938545 0.0821122 0.9143030
1548265225.870080 0.2393383 -0.1122126 -0.4366971 0.0510457 0.2933120 0.0593388 0.9528071
