1548339348.693900 0.0000000 0.0000000 0.0000000 0.0000000 0.0000000 0.0000000 1.0000000
1548339349.563760 -0.0139028 0.0298046 -0.0216134 -0.0021713 0.0467723 0.0191031 0.9987205
1548339349.597370 -0.0155734 0.0302215 -0.0216692 -0.0035195 0.0501551 0.0219165 0.9984947
1548339349.832060 -0.0152505 0.0523804 -0.0180834 -0.0165550 0.0590539 0.0349243 0.9975063
1548339350.435020 0.0019816 0.0996881 0.0141110 -0.0567591 0.0976985 0.0432126 0.9926561
1548339351.105280 0.0430817 0.0400584 -0.0151127 -0.0384806 0.1297664 0.0497532 0.9895477
1548339351.205830 0.0713261 0.0228304 -0.0304243 -0.0317968 0.1352672 0.0562850 0.9886980
1548339351.339900 0.1125293 0.0064998 -0.0478211 -0.0225997 0.1633869 0.0708058 0.9837583
1548339351.440450 0.1434018 -0.0047957 -0.0591022 -0.0184025 0.1879988 0.0764697 0.9790149
1548339351.540990 0.1665680 -0.0150197 -0.0699630 -0.0107101 0.2067336 0.0807699 0.9749988
1548339351.742060 0.2073041 -0.0314937 -0.1006150 0.0069262 0.2443503 0.0926098 0.9652297
1548339351.943030 0.2427848 -0.0467643 -0.1255698 0.0119441 0.2794467 0.1070925 0.9540954
1548339352.110640 0.2620688 -0.0604060 -0.1253225 0.0077938 0.3013731 0.1213636 0.9457190
1548339352.378790 0.3125523 -0.0673263 -0.1646399 0.0075578 0.3402965 0.1248302 0.9319649
1548339353.182820 0.3648619 -0.0008812 -0.2009721 -0.0230484 0.4502419 0.1466580 0.8804785
1548339353.618500 0.3585932 -0.0155655 -0.2202635 -0.0085962 0.5156854 0.1714768 0.8393988
1548339353.853330 0.3615929 -0.0224787 -0.2472619 -0.0025109 0.5410500 0.1784363 0.8218389
1548339354.087950 0.3688619 -0.0259056 -0.2799879 0.0022489 0.5696896 0.1867093 0.8003676
1548339354.289040 0.3550385 -0.0094950 -0.3152119 -0.0015960 0.5894982 0.1955327 0.7837450
1548339354.489910 0.4084492 0.0287472 -0.3872899 -0.0079561 0.5948500 0.2131960 0.7750081
1548339354.892030 0.4729282 0.1625589 -0.6147564 -0.0039311 0.5805870 0.2222762 0.7832602
1548339354.992630 0.4748595 0.1897494 -0.6180496 -0.0042700 0.5975435 0.2288349 0.7684777
1548339355.126560 0.5014694 0.2522824 -0.6479071 -0.0044453 0.5995049 0.2368103 0.7645227
1548339355.260990 0.4756290 0.2478571 -0.5746462 -0.0227984 0.6499012 0.2381519 0.7213823
1548339355.361760 0.4952628 0.2343127 -0.5859133 -0.0258988 0.6607222 0.2569163 0.7048187
1548339355.461970 0.4951648 0.2425861 -0.5863957 -0.0201662 0.6789197 0.2606023 0.6861106
1548339355.529000 0.5059289 0.2385329 -0.6036656 -0.0228162 0.6883397 0.2700047 0.6728784
1548339355.562510 0.5103228 0.2349631 -0.6044425 -0.0252050 0.6957350 0.2734694 0.6637259
1548339355.629650 0.5062247 0.2408367 -0.6226754 -0.0233913 0.7034954 0.2763091 0.6543702
1548339355.763600 0.4927561 0.2556727 -0.6492515 -0.0291679 0.7139992 0.2789876 0.6414984
1548339356.065150 0.4297152 0.3094398 -0.7217292 -0.0187449 0.7254540 0.2938315 0.6221159
1548339356.534530 0.3055132 0.3662706 -0.7474462 -0.0041124 0.7653028 0.2909242 0.5741583
1548339358.076410 0.7480161 -0.1148604 -1.2888581 -0.4022277 0.6220295 0.4314355 0.5149325
1548339358.814020 0.2299356 0.6599090 -2.6207471 -0.0618528 0.3889358 0.4573199 0.7973467
1548339358.948040 0.2739605 -0.0538383 -1.1558658 -0.0743106 0.7920833 0.5092153 0.3283013
1548339359.015100 1.5105845 0.1841754 -0.7279711 -0.2698986 0.8438771 0.4521401 -0.1029342
1548339359.484080 1.5002629 0.3319193 -1.2944766 -0.2418646 0.8083217 0.4866815 -0.2264037
1548339360.656750 1.2690247 0.4012167 -1.4608287 -0.2004242 0.8220527 0.5127871 -0.1452887
1548339364.276290 1.1371951 0.6398928 -1.8125647 -0.1682519 0.8291913 0.5298241 -0.0584768
1548339366.388040 1.2674608 0.6747156 -1.7660860 -0.1212706 0.8184861 0.5363868 0.1663226
