1713973590.173240 0.0000000 0.0000000 0.0000000 0.0000000 0.0000000 0.0000000 1.0000000
1713973593.642624 -0.0018313 0.0214151 0.0470430 -0.0009061 -0.0022096 0.0031033 0.9999923
1713973593.675996 -0.0020427 0.0221009 0.0486258 -0.0008963 -0.0024059 0.0028812 0.9999925
1713973593.842860 -0.0030030 0.0272452 0.0590942 -0.0001347 -0.0026902 0.0040406 0.9999882
1713973594.109846 -0.0029002 0.0329696 0.0733932 0.0001713 -0.0046585 0.0040046 0.9999811
1713973594.343377 -0.0037964 0.0399836 0.0875776 0.0011882 -0.0054802 0.0048723 0.9999724
1713973594.610230 -0.0039023 0.0430409 0.1011890 -0.0001321 -0.0076188 0.0058231 0.9999540
1713973595.177293 -0.0036014 0.0564816 0.1336149 -0.0004986 -0.0109217 0.0073521 0.9999132
1713973595.882603 -0.0064501 0.0743240 0.1773413 -0.0017658 -0.0122434 0.0111932 0.9998608
1713973596.588119 -0.0076226 0.0911838 0.2161031 0.0023432 -0.0147280 0.0116496 0.9998209
1713973597.557590 -0.0085930 0.1151466 0.2724954 -0.0005099 -0.0187080 0.0121046 0.9997516
1713973599.025259 -0.0116175 0.1533441 0.3570741 0.0030274 -0.0221533 0.0094842 0.9997050
1713973600.231348 -0.0134447 0.1827593 0.4260869 -0.0008872 -0.0232692 0.0099755 0.9996791
1713973601.974509 -0.0185802 0.2282823 0.5254611 0.0035246 -0.0271810 0.0112175 0.9995614
1713973603.651858 -0.0224703 0.2648846 0.6169380 -0.0008126 -0.0361562 0.0123920 0.9992690
1713973605.264520 -0.0298017 0.3029771 0.7097718 -0.0011903 -0.0447285 0.0166618 0.9988595
1713973606.644259 -0.0367768 0.3381898 0.7858533 -0.0024857 -0.0504179 0.0164734 0.9985892
1713973608.226841 -0.0426381 0.3756766 0.8736964 0.0023481 -0.0581104 0.0187659 0.9981310
1713973608.764044 -0.0481569 0.3895649 0.9055272 0.0035079 -0.0594223 0.0189425 0.9980471
1713973609.401959 -0.0532611 0.4032315 0.9407762 0.0012413 -0.0612270 0.0196624 0.9979294
1713973610.140753 -0.0603292 0.4230120 0.9831306 0.0025023 -0.0607803 0.0210107 0.9979269
1713973610.577291 -0.0619137 0.4329462 1.0065582 0.0021798 -0.0642387 0.0217272 0.9976956
1713973612.689934 -0.0769126 0.4853966 1.1244218 0.0008734 -0.0768215 0.0230149 0.9967788
1713973614.323345 -0.0918167 0.5226081 1.2166318 0.0015928 -0.0852505 0.0243617 0.9960604
1713973615.794409 -0.1038373 0.5563890 1.2947085 0.0033548 -0.0921123 0.0275017 0.9953631
1713973617.094488 -0.1171647 0.5876236 1.3675885 0.0005181 -0.0987021 0.0309439 0.9946356
1713973618.061238 -0.1287398 0.6099473 1.4204459 0.0004378 -0.1023294 0.0318167 0.9942415
1713973618.994627 -0.1356663 0.6310346 1.4731787 -0.0025806 -0.1094140 0.0375462 0.9932835
1713973619.961415 -0.1510874 0.6543086 1.5275184 -0.0050610 -0.1089692 0.0366326 0.9933570
1713973621.061556 -0.1652441 0.6788973 1.5856911 -0.0021035 -0.1130799 0.0376335 0.9928707
