1341846226.817920 0.0000000 0.0000000 0.0000000 0.0000000 0.0000000 0.0000000 1.0000000
1341846227.686038 0.0133896 -0.0104584 0.0097389 0.0065686 -0.0252357 -0.0302812 0.9992012
1341846227.721966 0.0188955 -0.0072151 0.0087133 0.0091906 -0.0234943 -0.0310786 0.9991985
1341846227.921967 0.0225078 -0.0136331 0.0064069 0.0117778 -0.0127208 -0.0276718 0.9994667
1341846228.358243 0.0310762 -0.0141192 0.0081853 0.0057701 -0.0051783 -0.0229574 0.9997064
1341846228.794000 0.0412672 -0.0197422 0.0031284 0.0035441 -0.0042264 -0.0135301 0.9998932
1341846229.261994 0.0533569 -0.0207431 -0.0033347 0.0067414 -0.0045998 -0.0096808 0.9999198
1341846230.144719 0.0387982 -0.0176172 -0.0075149 0.0123111 0.0067593 -0.0033778 0.9998957
1341846230.737932 0.0540477 -0.0237317 -0.0117753 0.0250024 0.0055995 -0.0032003 0.9996666
1341846231.037936 0.0476809 -0.0250784 -0.0167249 0.0295922 0.0032456 -0.0040162 0.9995487
1341846231.341923 0.0475383 -0.0263707 -0.0195732 0.0345416 0.0005412 -0.0040429 0.9993950
1341846231.683822 0.0397311 -0.0461727 -0.0104543 0.0290012 0.0024622 -0.0145709 0.9994701
1341846231.945837 0.0466167 -0.0326114 -0.0133894 0.0366307 -0.0051199 -0.0100170 0.9992656
1341846232.484170 0.0528058 -0.0339092 -0.0063218 0.0334885 -0.0092275 -0.0101550 0.9993449
1341846232.751767 0.0632622 -0.0349395 -0.0064091 0.0447286 -0.0077857 -0.0099393 0.9989194
1341846232.955993 0.0612854 -0.0346094 -0.0072465 0.0534974 -0.0034335 -0.0134166 0.9984720
1341846233.087872 0.0583245 -0.0349230 -0.0067550 0.0497430 0.0011938 -0.0152180 0.9986454
1341846233.317870 0.0605582 -0.0351604 -0.0084372 0.0550477 -0.0002095 -0.0215609 0.9982509
1341846236.738521 0.0738879 -0.0561913 -0.0039267 0.0504143 -0.0045094 -0.0177616 0.9985602
1341846237.579956 0.0730825 -0.0416035 -0.0058240 0.0560178 -0.0077051 -0.0134959 0.9983088
1341846240.290031 0.0693501 -0.0413989 0.0022052 0.0547458 -0.0133091 -0.0171202 0.9982648
1341846240.490243 0.0674129 -0.0374952 -0.0007232 0.0563099 -0.0152720 -0.0180741 0.9981329
1341846240.557894 0.0687430 -0.0400182 -0.0007594 0.0576896 -0.0160521 -0.0195111 0.9980148
1341846240.657964 0.0689318 -0.0422670 0.0006001 0.0584030 -0.0175097 -0.0204483 0.9979300
1341846240.858147 0.0675985 -0.0363213 -0.0031633 0.0614160 -0.0180089 -0.0214288 0.9977197
1341846240.994099 0.0503430 -0.0390388 0.0092878 0.0587900 -0.0157420 -0.0223930 0.9978950
1341846241.094372 0.0915340 -0.0271975 -0.0141980 0.0617434 -0.0210415 -0.0191290 0.9976869
1341846241.261868 0.0669662 -0.0406810 -0.0008935 0.0603361 -0.0175308 -0.0241365 0.9977323
1341846241.394012 0.0615172 -0.0381658 -0.0051534 0.0596229 -0.0166179 -0.0264672 0.9977316
1341846241.497907 0.0651595 -0.0380260 -0.0062800 0.0599045 -0.0170031 -0.0266166 0.9977043
1341846241.598412 0.0639840 -0.0384904 -0.0058977 0.0595182 -0.0172228 -0.0271288 0.9977099
1341846241.698098 0.0623604 -0.0378176 -0.0080835 0.0601266 -0.0166228 -0.0271353 0.9976834
1341846241.797970 0.0622850 -0.0375763 -0.0075665 0.0604813 -0.0166004 -0.0277244 0.9976462
1341846241.830240 0.0619696 -0.0365904 -0.0085732 0.0608201 -0.0165072 -0.0276667 0.9976287
1341846241.929917 0.0632070 -0.0384809 -0.0099576 0.0612520 -0.0165050 -0.0278678 0.9975967
1341846242.034019 0.0633965 -0.0384955 -0.0117507 0.0609845 -0.0164597 -0.0274760 0.9976247
1341846242.066365 0.0661637 -0.0382939 -0.0113304 0.0615846 -0.0166828 -0.0278858 0.9975728
1341846242.165895 0.0611384 -0.0400558 -0.0080518 0.0639326 -0.0160184 -0.0276709 0.9974419
1341846242.197924 0.0651984 -0.0387233 -0.0105622 0.0642987 -0.0161550 -0.0282214 0.9974008
1341846242.269588 0.0697869 -0.0363337 -0.0084674 0.0668117 -0.0166803 -0.0274965 0.9972472
1341846242.401903 0.0636732 -0.0366833 -0.0107047 0.0673223 -0.0156656 -0.0281540 0.9972109
1341846242.501972 0.0635845 -0.0366715 -0.0134936 0.0688874 -0.0150833 -0.0287609 0.9970957
1341846242.670215 0.0654996 -0.0356665 -0.0138935 0.0668088 -0.0150104 -0.0288560 0.9972355
1341846242.902131 0.0632898 -0.0351738 -0.0155034 0.0657684 -0.0153033 -0.0308939 0.9972391
1341846243.070041 0.0630327 -0.0320819 -0.0222662 0.0667053 -0.0173227 -0.0309904 0.9971409
1341846243.206007 0.0622998 -0.0339695 -0.0219760 0.0657482 -0.0170260 -0.0315731 0.9971913
1341846243.237999 0.0632081 -0.0344167 -0.0207430 0.0647418 -0.0164769 -0.0325864 0.9972337
1341846243.338022 0.0635067 -0.0345942 -0.0192363 0.0662789 -0.0160675 -0.0333815 0.9971131
1341846243.473902 0.0649303 -0.0348993 -0.0205413 0.0679222 -0.0169713 -0.0327076 0.9970099
1341846243.605841 0.0650763 -0.0348158 -0.0213595 0.0678580 -0.0165795 -0.0324617 0.9970289
1341846243.841971 0.0644001 -0.0344139 -0.0215969 0.0681382 -0.0163910 -0.0323238 0.9970174
1341846244.077884 0.0684072 -0.0328934 -0.0234905 0.0701370 -0.0154887 -0.0310827 0.9969327
1341846244.719873 0.0775473 -0.0338849 -0.0233583 0.0717251 -0.0132860 -0.0231390 0.9970675
1341846244.887873 0.0862556 -0.0441124 -0.0246541 0.0752967 -0.0104350 -0.0230998 0.9968390
1341846244.987985 0.0893518 -0.0427345 -0.0197479 0.0771471 -0.0082655 -0.0206197 0.9967722
1341846245.219842 0.0866295 -0.0355696 -0.0149027 0.0751044 -0.0056137 -0.0217228 0.9969232
1341846245.824142 0.0871220 -0.0406006 -0.0054399 0.0774497 -0.0037381 -0.0237951 0.9967052
1341846246.389885 0.0707038 -0.0397448 -0.0102001 0.0799862 0.0001117 -0.0336446 0.9962280
1341846247.261953 0.0736840 -0.0468841 0.0027343 0.0842268 0.0013882 -0.0234309 0.9961701
1341846247.361940 0.0741086 -0.0341242 -0.0109054 0.0888589 0.0007406 -0.0226303 0.9957868
1341846247.697913 0.0800580 -0.0400946 0.0022431 0.0865792 -0.0023686 -0.0199604 0.9960422
1341846248.166050 0.0944135 -0.0321111 0.0127173 0.0907351 0.0004678 -0.0185790 0.9957016
1341846248.297927 0.0869188 -0.0356897 0.0163491 0.0893800 0.0018259 -0.0236067 0.9957162
1341846248.938035 0.0865659 -0.0414110 0.0193128 0.0955005 0.0008133 -0.0260057 0.9950893
1341846249.641995 0.0951089 -0.0411064 0.0279843 0.0897993 0.0045747 -0.0199900 0.9957488
1341846249.942024 0.0976289 -0.0342505 0.0285482 0.0846708 -0.0145026 -0.0041456 0.9962948
1341846251.481872 0.1013654 -0.0128326 0.0252690 0.0842002 -0.0215544 -0.0098263 0.9961672
