1548339819.874260 0.0000000 0.0000000 0.0000000 0.0000000 0.0000000 0.0000000 1.0000000
1548339820.410300 0.0624274 -0.0239583 -0.0075333 -0.0065091 0.0512761 0.0127996 0.9985813
1548339820.443820 0.0703694 -0.0196976 -0.0086764 -0.0070704 0.0555207 0.0132189 0.9983450
1548339820.611410 0.0876500 -0.0099439 -0.0073350 -0.0139447 0.0797369 0.0185214 0.9965463
1548339825.405870 0.3999662 0.0137713 -0.1582164 -0.0145344 0.3568056 0.0984871 0.9288589
1548339828.220890 0.3346070 -0.0314878 -0.0657846 -0.0108159 0.1862866 0.0833465 0.9788941
1548339828.388470 0.3209362 -0.0279631 -0.0536820 -0.0175406 0.1916065 0.0816013 0.9779164
1548339828.623050 0.3160298 -0.0154836 -0.0586772 -0.0148537 0.2045178 0.0770568 0.9757121
1548339829.862920 0.2519369 -0.0438351 -0.0853597 0.0131715 0.2827691 0.0864525 0.9551932
1548339830.198420 0.2621669 -0.0421334 -0.1140279 0.0160144 0.3242652 0.0890548 0.9416289
1548339830.399370 0.2386091 -0.0136255 -0.1078797 0.0143487 0.3491107 0.0842166 0.9331792
1548339830.667110 0.2671411 -0.0406989 -0.1261759 0.0022323 0.3598354 0.0907404 0.9285901
1548339830.901790 0.2670255 -0.0023970 -0.1257425 -0.0083635 0.3644106 0.0934086 0.9265041
1548339831.606180 0.3422709 0.0307005 -0.1843852 -0.0292128 0.3664881 0.0942941 0.9251712
1548339833.214590 0.2923940 0.0045011 -0.1796449 -0.0066368 0.2097667 0.0696062 0.9752481
1548339833.650440 0.2852251 0.0130476 -0.1598490 -0.0128057 0.1997273 0.0635177 0.9777068
1548339833.784530 0.2855691 0.0091453 -0.1593553 -0.0107814 0.2019112 0.0617941 0.9773930
1548339834.019120 0.2717716 0.0061641 -0.1591282 -0.0009868 0.2057585 0.0546236 0.9770766
1548339834.621590 0.2908162 0.0200517 -0.1403757 -0.0038265 0.2352645 0.0576654 0.9702117
1548339834.789260 0.2592664 0.0294638 -0.1358341 -0.0045983 0.2591568 0.0607129 0.9639142
1548339834.991030 0.2843511 0.0281526 -0.1363515 -0.0071547 0.2796410 0.0625913 0.9580355
1548339836.900880 0.3480912 0.0461536 -0.1957923 -0.0160659 0.3768905 0.0912064 0.9216164
1548339837.236000 0.3625625 0.0375484 -0.1950587 -0.0238320 0.3789524 0.0953129 0.9201862
1548339837.806350 0.3860911 0.0099333 -0.2155982 -0.0154050 0.3772070 0.0981477 0.9207848
1548339838.175240 0.3787025 0.0254004 -0.2058128 -0.0118848 0.3648817 0.0961105 0.9260037
1548339838.510340 0.3692662 0.0283976 -0.1939142 -0.0212995 0.3499892 0.0873988 0.9324245
1548339838.744910 0.3779162 0.0056268 -0.1991418 -0.0191432 0.3408582 0.0879290 0.9357979
1548339839.180540 0.3572573 0.0069949 -0.1946245 -0.0117642 0.3327588 0.0839742 0.9391919
1548339839.515500 0.3653458 -0.0052956 -0.2074528 -0.0069029 0.3237147 0.0836849 0.9424213
1548339839.984370 0.3633904 0.0263459 -0.2251348 -0.0072470 0.2975978 0.0778050 0.9514880
1548339840.185520 0.3485321 0.0086103 -0.1976839 -0.0145719 0.2963913 0.0748411 0.9520182
1548339840.353100 0.3329118 0.0330082 -0.1899271 -0.0121807 0.2922083 0.0742526 0.9533900
1548339840.453640 0.4397732 0.0378750 -0.2214155 -0.0142704 0.2739606 0.0799906 0.9583024
1548339840.620950 0.3412463 0.0362513 -0.1725325 -0.0143715 0.2898865 0.0790061 0.9536862
1548339840.822210 0.3190332 0.0385955 -0.1659007 -0.0164578 0.2916988 0.0721758 0.9536412
1548339841.325070 0.2745058 0.0196422 -0.1157376 -0.0143257 0.2948159 0.0643192 0.9532793
1548339841.660430 0.2709920 -0.0179131 -0.1080289 -0.0067905 0.2515146 0.0765628 0.9647965
1548339843.536730 0.1285230 0.0143380 -0.0244709 -0.0200246 0.1169556 0.0143137 0.9928321
1548339843.771460 0.1198958 0.0098261 -0.0069558 -0.0163497 0.1042412 0.0148697 0.9943064
1548339843.804980 0.1208476 0.0135833 -0.0085499 -0.0148786 0.1019080 0.0148702 0.9945714
1548339843.872420 0.1448973 0.0112983 -0.0265901 -0.0120976 0.0960569 0.0165201 0.9951652
1548339845.045280 0.1315613 -0.0404096 -0.0171504 0.0038593 0.1887245 0.0300710 0.9815620
