1548339819.874260 0.0000000 0.0000000 0.0000000 0.0000000 0.0000000 0.0000000 1.0000000
1548339820.544380 0.0683216 -0.0118039 -0.0074020 -0.0099817 0.0718149 0.0157069 0.9972444
1548339820.577900 0.0739298 -0.0109317 -0.0104866 -0.0119102 0.0760664 0.0167707 0.9968905
1548339820.947900 0.0914118 0.0050701 0.0029510 -0.0277503 0.1270538 0.0284308 0.9910999
1548339827.852330 0.3607139 -0.0609010 -0.0564757 0.0101410 0.1821572 0.0845519 0.9795749
1548339828.119810 0.3369473 -0.0433589 -0.0590268 -0.0049530 0.1878547 0.0853842 0.9784660
1548339828.287930 0.3277196 -0.0301124 -0.0556526 -0.0149891 0.1908069 0.0837074 0.9779372
1548339828.522540 0.3298881 -0.0115828 -0.0591402 -0.0158423 0.1937803 0.0779534 0.9778147
1548339829.829410 0.2401903 -0.0373211 -0.0839087 0.0141002 0.2807916 0.0845450 0.9559337
1548339830.064480 0.2494863 -0.0364101 -0.0936507 0.0164852 0.3109948 0.0876943 0.9462136
1548339830.198420 0.2716649 -0.0316708 -0.1142363 0.0177679 0.3230614 0.0896926 0.9419506
1548339830.332270 0.2791908 -0.0522681 -0.1197833 0.0100849 0.3357510 0.0891774 0.9376657
1548339830.533190 0.2419838 -0.0251462 -0.0981795 0.0085323 0.3613699 0.0860028 0.9284086
1548339830.734140 0.2936184 0.0003686 -0.1381575 0.0039186 0.3570335 0.0891412 0.9298202
1548339831.002370 0.3054746 -0.0184198 -0.1413277 -0.0131265 0.3598928 0.0993912 0.9275916
1548339831.706720 0.3841798 0.0711001 -0.2234214 -0.0223143 0.3541617 0.0989715 0.9296646
1548339833.248110 0.3055040 0.0109144 -0.1801783 -0.0064147 0.2069865 0.0690245 0.9758847
1548339833.717490 0.2956252 0.0059200 -0.1612048 -0.0133994 0.2002999 0.0640644 0.9775460
1548339833.952090 0.2905751 -0.0031896 -0.1596955 -0.0038942 0.2045690 0.0570617 0.9771798
1548339834.186310 0.2841688 0.0166744 -0.1532039 -0.0032445 0.2029382 0.0554241 0.9776164
1548339834.454060 0.2968045 0.0175278 -0.1413103 -0.0074301 0.2171662 0.0568444 0.9744498
1548339834.621590 0.2868019 0.0243681 -0.1351863 -0.0030059 0.2363238 0.0571197 0.9699894
1548339834.823280 0.2833835 0.0719992 -0.1425407 0.0010004 0.2584001 0.0589901 0.9642347
1548339835.024540 0.2828841 0.0344296 -0.1382982 -0.0054264 0.2834493 0.0637257 0.9568522
1548339835.359510 0.3220238 0.0258142 -0.1633190 -0.0059146 0.3103177 0.0756193 0.9476020
1548339836.867360 0.3515760 0.0359802 -0.1938172 -0.0172507 0.3768530 0.0922686 0.9215046
1548339837.236000 0.3722840 0.0415616 -0.1943172 -0.0232813 0.3780841 0.0956416 0.9205233
1548339837.772690 0.3982220 0.0302919 -0.2106407 -0.0127871 0.3764827 0.0993724 0.9209899
1548339838.175240 0.3834213 0.0348950 -0.2071949 -0.0103779 0.3644756 0.0961664 0.9261759
1548339838.510340 0.3799491 0.0436743 -0.2040815 -0.0191209 0.3479536 0.0869829 0.9332720
1548339838.744910 0.3880491 0.0267951 -0.2104450 -0.0158238 0.3386126 0.0871459 0.9367479
1548339839.180540 0.3853812 0.0158186 -0.2156511 -0.0110828 0.3275809 0.0844880 0.9409727
1548339839.582100 0.3825758 0.0192319 -0.2184099 -0.0029356 0.3165940 0.0816259 0.9450380
1548339839.783130 0.3601789 0.0220896 -0.2067179 -0.0045609 0.3098779 0.0793819 0.9474458
1548339840.051400 0.3540006 0.0150600 -0.1971091 -0.0111084 0.2998708 0.0769199 0.9508088
1548339840.319580 0.3574016 0.0415881 -0.2017455 -0.0096255 0.2892903 0.0734047 0.9543743
1548339840.587600 0.3422410 0.0325073 -0.1734478 -0.0148527 0.2900604 0.0794702 0.9535874
1548339841.693940 0.2384228 -0.0151010 -0.0863274 -0.0031009 0.2472059 0.0715613 0.9663119
1548339841.895100 0.2284741 -0.0565640 -0.0862171 -0.0010942 0.2067387 0.0510336 0.9770637
1548339843.771460 0.1168969 0.0098590 -0.0036172 -0.0163195 0.1051145 0.0149429 0.9942139
1548339843.872420 0.0999064 0.0223585 0.0123209 -0.0105137 0.1061508 0.0146128 0.9941871
