1548339819.874260 0.0000000 0.0000000 0.0000000 0.0000000 0.0000000 0.0000000 1.0000000
1548339820.544380 0.0780742 -0.0122864 -0.0082439 -0.0100817 0.0705081 0.0163541 0.9973262
1548339820.577900 0.0811878 -0.0118858 -0.0111668 -0.0121126 0.0750629 0.0170183 0.9969600
1548339820.947900 0.1008757 0.0073037 0.0032334 -0.0274563 0.1257856 0.0287491 0.9912606
1548339828.187320 0.3234685 -0.0393787 -0.0578833 -0.0088163 0.1888523 0.0853554 0.9782493
1548339828.388470 0.3253735 -0.0255771 -0.0580767 -0.0171606 0.1913993 0.0821761 0.9779156
1548339828.623050 0.3167346 -0.0163571 -0.0607881 -0.0149688 0.2049614 0.0777108 0.9755654
1548339829.594730 0.2575815 -0.0320723 -0.0825924 0.0104547 0.2576985 0.0813079 0.9627415
1548339829.896440 0.2502719 -0.0418021 -0.0912470 0.0135920 0.2862535 0.0876626 0.9540385
1548339830.097990 0.2632990 -0.0473592 -0.1031054 0.0148078 0.3128403 0.0911814 0.9453029
1548339830.231790 0.2770587 -0.0449118 -0.1198769 0.0150233 0.3254324 0.0905674 0.9410981
1548339830.365860 0.2681401 -0.0537216 -0.1215365 0.0089304 0.3399075 0.0866952 0.9364118
1548339830.566670 0.3109270 -0.0399682 -0.1565650 0.0047009 0.3498976 0.0913770 0.9323089
1548339830.935310 0.3031197 0.0063208 -0.1386438 -0.0088757 0.3598531 0.0958695 0.9280280
1548339831.572650 0.3468533 0.0387282 -0.1902508 -0.0265890 0.3673376 0.0959568 0.9247423
1548339833.449230 0.3005471 0.0190462 -0.1738242 -0.0095143 0.2006371 0.0646485 0.9774839
1548339833.751070 0.2987089 0.0102912 -0.1630778 -0.0118393 0.1999774 0.0636446 0.9776596
1548339834.085820 0.2820094 0.0164972 -0.1612936 -0.0006280 0.2030095 0.0536606 0.9777051
1548339834.286760 0.2739719 0.0340079 -0.1433957 -0.0028197 0.2079482 0.0598420 0.9763035
1548339834.621590 0.2874162 0.0236750 -0.1327957 -0.0032754 0.2364117 0.0576702 0.9699345
1548339834.789260 0.2910127 0.0398428 -0.1465814 -0.0031544 0.2543330 0.0617358 0.9651391
1548339835.024540 0.2902382 0.0308818 -0.1409115 -0.0060502 0.2823769 0.0643933 0.9571208
1548339835.359510 0.3140936 0.0289476 -0.1561324 -0.0054654 0.3121862 0.0759653 0.9469631
1548339835.593570 0.3161016 0.0224413 -0.1624179 0.0000289 0.3255549 0.0776725 0.9423274
1548339836.833840 0.3570945 0.0411077 -0.1952802 -0.0167773 0.3757434 0.0919831 0.9219949
1548339837.202450 0.3761764 0.0414506 -0.2025015 -0.0237843 0.3772925 0.0966823 0.9207264
1548339837.537640 0.3828063 0.0288919 -0.2022712 -0.0185734 0.3772888 0.0958966 0.9209300
1548339837.940490 0.3955305 0.0296831 -0.2176144 -0.0118160 0.3704814 0.0980231 0.9235775
1548339838.309310 0.4022940 0.0342358 -0.2183616 -0.0160731 0.3519458 0.0934609 0.9312040
1548339838.644360 0.3912167 0.0283635 -0.2028747 -0.0215866 0.3429468 0.0876751 0.9350051
1548339838.912460 0.3799568 0.0296849 -0.2074406 -0.0130661 0.3327206 0.0836765 0.9392148
1548339839.213990 0.3956206 0.0198280 -0.2158909 -0.0107671 0.3263960 0.0847821 0.9413616
1548339839.481980 0.3450221 0.0080580 -0.1621394 -0.0075620 0.3316235 0.0792696 0.9400452
1548339839.950900 0.3684187 0.0248909 -0.2049252 -0.0074855 0.3006698 0.0792906 0.9503971
1548339840.286060 0.3456865 0.0207087 -0.1851398 -0.0120688 0.2941355 0.0751687 0.9527268
1548339840.554400 0.3570497 0.0355188 -0.1882579 -0.0141764 0.2867166 0.0804670 0.9545249
1548339841.727440 0.2589415 -0.0248893 -0.1086449 -0.0026320 0.2328431 0.0697652 0.9700052
1548339843.771460 0.1091776 0.0425351 0.0067656 -0.0115448 0.1068833 0.0128831 0.9941211
1548339843.872420 0.1342291 0.0092661 -0.0043992 -0.0117572 0.0997083 0.0174071 0.9947950
