1341846647.802247 0.0000000 0.0000000 0.0000000 0.0000000 0.0000000 0.0000000 1.0000000
1341846647.866652 0.0076159 -0.0062595 -0.0070937 0.0013375 0.0015588 0.0038776 0.9999903
1341846647.901972 0.0056383 -0.0045175 -0.0098620 0.0017016 0.0043064 0.0037182 0.9999824
1341846647.970225 0.0065902 -0.0056194 -0.0111072 -0.0002645 0.0029551 0.0050697 0.9999828
1341846648.034343 0.0102932 -0.0040562 -0.0159680 -0.0031011 0.0005008 0.0048640 0.9999833
1341846648.302183 0.0287098 -0.0058629 -0.0286948 -0.0156355 -0.0304198 -0.0018942 0.9994131
1341846648.470076 0.0510254 -0.0183185 -0.0249092 -0.0256544 -0.0669999 0.0012377 0.9974223
1341846648.706058 0.0772690 -0.0319611 -0.0086826 -0.0393045 -0.1121904 -0.0059093 0.9928915
1341846648.874088 0.0929966 -0.0141005 -0.0072894 -0.0338345 -0.1386220 -0.0048263 0.9897555
1341846649.006157 0.1450927 -0.0115924 0.0194871 -0.0420110 -0.1830368 0.0001418 0.9822080
1341846649.142042 0.1818284 -0.0157099 0.0335935 -0.0497199 -0.2067301 -0.0158840 0.9770048
1341846649.280075 0.2173867 -0.0044701 0.0387119 -0.0570898 -0.2197037 -0.0201503 0.9736863
1341846649.616167 0.2767929 -0.0209326 0.0956804 -0.0704015 -0.2381304 -0.0151612 0.9685596
1341846649.914184 0.3177851 -0.0334350 0.1272878 -0.0702591 -0.2878096 -0.0234344 0.9548194
1341846650.078250 0.3476534 -0.0349238 0.1487968 -0.0660741 -0.2971661 -0.0111166 0.9524720
1341846650.282167 0.3790924 -0.0437367 0.1862751 -0.0560376 -0.3007756 -0.0128874 0.9519600
1341846650.484849 0.3984838 -0.0671556 0.1653040 -0.0579736 -0.2848270 -0.0189080 0.9566374
1341846650.750112 0.3496242 -0.0712328 0.1396689 -0.0446824 -0.2309354 -0.0341766 0.9713415
1341846651.186391 0.2020654 -0.0721786 0.0814371 -0.0403733 -0.1199822 -0.0113048 0.9918904
1341846651.654223 0.0108527 -0.0918095 0.0141017 -0.0344630 -0.0331783 -0.0242855 0.9985598
1341846651.822233 -0.0999743 -0.0945087 0.0015432 -0.0263765 -0.0014876 -0.0252190 0.9993328
1341846652.594254 -0.3409765 -0.0920917 -0.0773338 0.0267144 0.0995349 0.0028390 0.9946713
1341846652.694113 -0.3972164 -0.1089653 -0.1227298 0.0259880 0.1563288 -0.0067374 0.9873402
1341846652.794152 -0.4938559 -0.1253069 -0.0601991 0.0209852 0.2604039 -0.0117878 0.9651997
1341846652.962213 -0.4607317 -0.1121019 0.0561743 0.0176686 0.3631606 -0.0078343 0.9315261
1341846653.099024 -0.4537303 -0.1085781 0.0510618 0.0154741 0.4186927 -0.0062611 0.9079745
1341846653.198437 -0.4356528 -0.1093444 0.0398700 0.0145912 0.4560830 0.0071342 0.8897890
1341846653.298380 -0.4383712 -0.1110007 0.0425573 0.0154348 0.4937904 0.0186361 0.8692442
1341846653.330162 -0.4187145 -0.0961850 0.0429560 0.0176105 0.5021073 0.0179802 0.8644391
1341846656.282181 -0.0321882 -0.0356990 -0.1076634 0.0134099 -0.2824286 0.0339854 0.9585923
1341846656.414253 -0.0318051 -0.0265060 -0.0820320 0.0093611 -0.3065170 0.0334283 0.9512320
1341846656.614195 -0.0075636 -0.0327563 -0.1123414 -0.0047645 -0.3354217 0.0296502 0.9415893
1341846656.749974 -0.0022620 -0.0291486 -0.1426183 -0.0085723 -0.3450730 0.0285937 0.9381011
1341846656.856226 -0.0013135 -0.0218249 -0.1475329 -0.0111298 -0.3505719 0.0280883 0.9360484
1341846656.956112 -0.0012619 -0.0182990 -0.1381671 -0.0142487 -0.3423565 0.0263544 0.9390923
1341846657.292164 -0.0073699 -0.0055401 -0.0438508 0.0051025 -0.2520125 0.0285975 0.9672879
1341846657.486117 0.0741975 -0.0382762 -0.0428103 0.0053232 -0.1964049 0.0274896 0.9801230
1341846657.990141 0.0891352 -0.0419748 -0.0176548 0.0098160 -0.0244394 0.0116245 0.9995855
1341846661.678078 -0.0320318 -0.1011720 -0.0413993 0.0311995 -0.0061031 0.0058234 0.9994776
1341846661.878157 -0.0236067 -0.1059127 -0.0439617 0.0713784 -0.0084883 0.0006734 0.9974130
1341846662.010311 -0.0337078 -0.1133376 -0.0317629 0.0907149 -0.0037627 -0.0050878 0.9958568
1341846662.078099 -0.0360606 -0.1147590 -0.0459898 0.1043319 -0.0061964 -0.0047946 0.9945117
1341846662.146166 -0.0392102 -0.1149708 -0.0432678 0.1194041 -0.0053465 -0.0034977 0.9928252
1341846662.214136 -0.0339146 -0.1124119 -0.0485722 0.1407593 -0.0041909 0.0017185 0.9900335
1341846662.246167 -0.0354393 -0.1131966 -0.0442358 0.1490206 -0.0055378 0.0030561 0.9888139
1341846662.278007 -0.0282686 -0.1165707 -0.0513313 0.1529545 -0.0055947 0.0013784 0.9882165
1341846662.314144 -0.0355048 -0.1142132 -0.0475122 0.1590469 -0.0027148 -0.0002420 0.9872673
1341846662.346164 -0.0365190 -0.1179115 -0.0398684 0.1632352 -0.0042442 0.0011779 0.9865774
1341846662.378069 -0.0370114 -0.1134032 -0.0514858 0.1699235 -0.0036520 0.0018838 0.9854487
1341846662.414229 -0.0369542 -0.1108332 -0.0454533 0.1769544 -0.0024974 0.0029126 0.9842116
1341846662.446102 -0.0376954 -0.1121882 -0.0478516 0.1828222 -0.0037427 0.0044153 0.9831290
1341846662.482229 -0.0350538 -0.1173508 -0.0448021 0.1904438 -0.0047792 0.0008809 0.9816861
1341846662.514117 -0.0365020 -0.1143698 -0.0425031 0.2001493 -0.0037056 0.0067839 0.9797349
1341846662.546261 -0.0358631 -0.1147085 -0.0456675 0.2077429 -0.0037081 0.0059822 0.9781582
1341846662.582101 -0.0356466 -0.1148111 -0.0412369 0.2100897 -0.0025939 0.0063406 0.9776581
1341846662.620264 -0.0350971 -0.1184936 -0.0429670 0.2129721 -0.0012265 0.0077008 0.9770272
1341846662.682024 -0.0361851 -0.1140947 -0.0474393 0.2219123 -0.0019013 0.0055560 0.9750490
1341846663.755694 -0.0332000 -0.0799873 -0.0365160 0.1182770 -0.0190379 0.0076902 0.9927683
1341846663.786304 -0.0501665 -0.0563961 -0.0338836 0.1060115 -0.0150755 -0.0003196 0.9942505
1341846663.822090 -0.0473131 -0.0550938 -0.0373691 0.0890333 -0.0148388 0.0041079 0.9959096
1341846663.890140 -0.0310289 -0.0433328 -0.0326640 0.0762138 -0.0146802 0.0048780 0.9969715
1341846665.398079 -0.0449799 -0.0374977 -0.0466635 -0.1910671 0.0228501 -0.0046577 0.9812999
1341846665.998149 -0.0661009 -0.0309145 -0.0704952 -0.2696207 0.0438584 -0.0045606 0.9619565
1341846666.670134 -0.0570093 -0.0248045 -0.0765112 -0.3718269 0.0420992 0.0151169 0.9272238
1341846667.138108 -0.0451512 -0.0249552 -0.0964131 -0.4113481 0.0207574 0.0175893 0.9110722
1341846667.674072 -0.1188230 -0.0040960 -0.1610949 -0.2626508 0.0287054 -0.0165428 0.9643220
1341846668.146332 -0.1619025 -0.0583115 -0.1314729 -0.1847056 0.0591103 -0.0252209 0.9806904
1341846668.378099 -0.1703505 -0.0459449 -0.1190035 -0.1113869 0.0582284 -0.0134059 0.9919792
1341846669.686069 -0.1550632 0.0048747 -0.1475635 -0.0926353 0.0119432 -0.1948327 0.9763792
1341846669.986285 -0.1301576 0.0242674 -0.1632748 -0.1304924 0.0268721 -0.2691478 0.9538391
1341846670.358377 -0.1537461 0.0199131 -0.1646277 -0.1576875 0.0768412 -0.3719869 0.9115129
1341846670.628412 -0.1491552 0.0143864 -0.1715851 -0.1313071 0.1226258 -0.4229300 0.8881732
1341846670.764128 -0.1386817 -0.0584906 -0.1880538 -0.1197052 0.1345926 -0.4454629 0.8769939
1341846670.896139 -0.1456878 -0.0183001 -0.1817280 -0.0891932 0.1566773 -0.4503618 0.8744547
1341846671.232280 -0.1467022 -0.0087234 -0.1854984 0.0081485 0.1685205 -0.4707033 0.8660097
1341846671.336125 -0.1859224 -0.0516955 -0.2025280 0.0255701 0.1671197 -0.4855449 0.8577082
1341846671.400327 -0.1699054 -0.0466369 -0.2157087 0.0390416 0.1623869 -0.4899637 0.8555944
1341846671.468197 -0.1785068 -0.0549084 -0.2003288 0.0472740 0.1588382 -0.4991176 0.8505394
1341846671.536197 -0.1753386 -0.0375628 -0.2273493 0.0569447 0.1455442 -0.5131010 0.8439796
1341846671.604188 -0.1890943 -0.0496255 -0.1624934 0.0674746 0.1366891 -0.5277555 0.8356060
1341846671.636057 -0.1762654 -0.0466653 -0.1902302 0.0766763 0.1248252 -0.5336851 0.8328983
1341846671.704027 -0.1745275 -0.0440444 -0.1985564 0.0878519 0.1137668 -0.5403065 0.8291007
1341846671.774745 -0.1679755 -0.0405832 -0.1869198 0.0902549 0.1056550 -0.5510184 0.8228425
1341846671.840252 -0.1641924 -0.0353188 -0.1978306 0.0926011 0.0964648 -0.5570554 0.8196394
1341846671.904035 -0.1615003 -0.0279297 -0.2142482 0.0948846 0.0926607 -0.5624607 0.8161181
1341846672.066227 -0.1699428 -0.0441861 -0.2252360 0.0887910 0.0853638 -0.5910516 0.7971745
1341846672.134061 -0.1739571 -0.0504255 -0.2302863 0.0872963 0.0795983 -0.6003664 0.7909511
1341846672.234130 -0.1843008 -0.0587729 -0.2367493 0.0858477 0.0770500 -0.6136199 0.7811300
1341846672.302710 -0.1718598 -0.0563805 -0.2375061 0.0888947 0.0740505 -0.6168920 0.7784976
1341846672.366487 -0.1742879 -0.0596111 -0.2407184 0.0872612 0.0725514 -0.6224306 0.7744042
1341846672.472323 -0.1664886 -0.0598748 -0.2385472 0.0887005 0.0718894 -0.6197808 0.7764251
1341846672.608881 -0.1691205 -0.0535377 -0.2324427 0.0858453 0.0671281 -0.6160473 0.7801347
1341846672.708152 -0.1624932 -0.0509929 -0.2312040 0.0847113 0.0610249 -0.6002050 0.7930031
1341846672.838034 -0.1625230 -0.0473452 -0.2250001 0.0900616 0.0493049 -0.5593005 0.8225819
1341846672.902275 -0.1597885 -0.0469245 -0.2230847 0.0904972 0.0418948 -0.5444611 0.8328368
1341846673.008221 -0.1551258 -0.0393386 -0.2234291 0.0872286 0.0315716 -0.5174582 0.8506653
1341846673.106189 -0.1655407 -0.0390062 -0.2149382 0.0819093 0.0260621 -0.4845261 0.8705435
1341846673.206489 -0.1638143 -0.0421453 -0.2110695 0.0849443 0.0150340 -0.4514903 0.8880963
1341846673.374098 -0.1578459 -0.0444925 -0.2055055 0.0973965 -0.0023497 -0.4033372 0.9098503
1341846673.542168 -0.1591875 -0.0413866 -0.2059188 0.1105439 -0.0192883 -0.3376618 0.9345548
1341846673.648026 -0.1619846 -0.0322447 -0.2042456 0.1077469 -0.0331020 -0.3039220 0.9460054
1341846673.978434 -0.1613814 -0.0188489 -0.1883898 0.0740594 -0.0793205 -0.1796291 0.9777305
1341846674.246217 -0.1613696 -0.0076471 -0.1974333 0.0575851 -0.0764144 -0.1126652 0.9890153
1341846674.378058 -0.1744583 -0.0116098 -0.1799260 0.0555370 -0.0764146 -0.0793130 0.9923638
1341846674.478198 -0.1716167 -0.0111959 -0.1903547 0.0530880 -0.0754446 -0.0590092 0.9939858
1341846674.578094 -0.1813407 -0.0085649 -0.1882148 0.0523262 -0.0741098 -0.0483075 0.9947040
1341846674.982342 -0.1587843 0.0054306 -0.2593314 0.0439223 -0.0741939 0.0394056 0.9954965
1341846675.550092 0.6796201 2.5011795 1.4584159 0.2966195 -0.3495927 0.2707531 0.8464600
1341846677.562051 0.1030438 0.0642810 -0.2684011 0.0262547 0.0074159 0.0707741 0.9971192
1341846677.966256 0.1235016 0.0489692 -0.2714363 0.0371198 0.0129839 0.0660067 0.9970440
