1548266065.390190 0.041407831 -0.036584693 -0.025000623 -0.000173807 0.010359965 -0.038622377 0.999200157
1548266065.423650 0.031773434 -0.037931675 -0.012357575 -0.000342019 0.006171566 -0.041719130 0.999110259
1548266065.457160 0.018223524 -0.029712112 0.004552417 0.001186931 0.006315676 -0.051555087 0.998649476
1548266065.926070 -0.016273931 0.022464507 0.067386619 -0.044591405 0.005233315 -0.051732728 0.997651214
1548266066.395310 -0.062441502 0.077192997 0.154271938 -0.070253090 -0.010714342 -0.070331423 0.994989044
1548266066.495860 -0.064682932 0.101184659 0.168457681 -0.077522776 -0.027586139 -0.066018817 0.994419801
1548266066.663440 -0.075044922 0.111004311 0.211259764 -0.079012949 -0.045926857 -0.082134130 0.992422119
1548266067.032360 -0.103350059 0.141492955 0.295487481 -0.098722967 -0.092991495 -0.098462336 0.985855733
1548266067.266920 -0.126789199 0.138830507 0.336799126 -0.104646625 -0.130359515 -0.106007531 0.980213183
1548266067.434490 -0.141349719 0.130000726 0.345314395 -0.104726815 -0.166864398 -0.113330568 0.973829939
1548266067.534990 -0.183191311 0.118615254 0.359725211 -0.106961608 -0.201567433 -0.118851609 0.966335387
1548266067.635500 -0.168764658 0.102451552 0.377907233 -0.108762373 -0.220494540 -0.127173802 0.960926495
1548266067.870200 -0.185100553 0.085396396 0.376944470 -0.104291516 -0.250606654 -0.144566204 0.951535705
1548266068.205470 -0.200086091 0.040404263 0.348520680 -0.084152060 -0.269474731 -0.145911196 0.948162287
1548266068.774690 -0.230087686 -0.024067895 0.294201259 -0.068380393 -0.291063685 -0.137491724 0.944299782
1548266069.110330 -0.267778349 -0.047564147 0.246285252 -0.065235588 -0.329341068 -0.158428267 0.928536086
1548266069.244470 -0.274352344 -0.064938006 0.247569764 -0.060625622 -0.348794004 -0.165684565 0.920443318
1548266069.479030 -0.308884074 -0.035848853 0.220337870 -0.059957360 -0.363251992 -0.175145260 0.913114036
1548266069.780580 -0.331591396 0.011716663 0.206861341 -0.047840830 -0.360476753 -0.185482208 0.912887789
1548266069.881220 -0.334741448 0.031961757 0.215748207 -0.052914279 -0.354072216 -0.182991155 0.915613009
1548266070.015280 -0.327258993 0.044983562 0.237408741 -0.052311584 -0.338521825 -0.194224296 0.919208026
1548266070.182870 -0.320728042 0.041067111 0.243174472 -0.060211531 -0.317947805 -0.190171382 0.926886514
1548266070.451040 -0.297237421 0.074340106 0.253462293 -0.057046293 -0.278235770 -0.197405456 0.938275899
1548266070.585280 -0.293726881 0.068997318 0.259179414 -0.061674412 -0.255351377 -0.189936441 0.946000047
1548266070.752640 -0.259793090 0.082532360 0.279661098 -0.064953876 -0.227281253 -0.168292862 0.956975307
1548266070.886810 -0.240167885 0.101080124 0.291431107 -0.062891274 -0.202732731 -0.149459453 0.965715279
1548266071.020760 -0.210180927 0.102144825 0.307774670 -0.062213005 -0.177409304 -0.136601024 0.972623072
1548266071.188460 -0.190488961 0.099094167 0.315536886 -0.057387310 -0.150804645 -0.125953420 0.978826027
1548266071.423090 -0.177626103 0.075391799 0.309905226 -0.045684834 -0.134302674 -0.102081075 0.984609132
1548266071.758070 -0.187936966 0.040840059 0.281056912 -0.023833658 -0.129985107 -0.085897440 0.987500612
1548266072.361150 -0.222839428 0.023902122 0.197125115 -0.001749899 -0.135806877 -0.086574096 0.986943948
1548266073.634550 -0.004584726 0.060330166 0.044964585 -0.003286979 -0.121124594 -0.083294874 0.989130928
1548266074.069930 0.027724061 0.100753755 -0.028398865 -0.007606557 -0.119485111 -0.088019479 0.988897376
1548266074.472410 0.016027577 0.109478999 -0.097998084 -0.010023123 -0.113322173 -0.082291068 0.990093835
1548266075.310210 -0.033405820 0.065561285 -0.153154997 -0.019088054 -0.109088957 -0.088545062 0.989896468
1548266075.477780 -0.044345919 0.056259223 -0.183146999 0.004134112 -0.101351513 -0.069256386 0.992428503
1548266075.846450 -0.089835942 0.020136722 -0.227073720 0.006749111 -0.108185620 -0.075182160 0.991260795
1548266076.047610 -0.074890523 -0.027047204 -0.219536223 -0.017327592 -0.129119854 -0.071634589 0.988886396
1548266076.215340 -0.086229316 -0.059300244 -0.226088480 -0.024175959 -0.122432841 -0.062889028 0.990187201
1548266076.416450 -0.093076994 -0.077465512 -0.245805125 -0.021154551 -0.122950374 -0.063866731 0.990129654
1548266076.617560 -0.097287671 -0.103503613 -0.246097383 -0.033452500 -0.135073843 -0.077795081 0.987210166
1548266076.818340 -0.134416675 -0.123766392 -0.246986535 -0.060938931 -0.142357981 -0.079502660 0.984733456
1548266077.254490 -0.171131878 -0.077264542 -0.247550508 -0.082532518 -0.124698679 -0.083922830 0.985188094
1548266077.556130 -0.170805722 -0.048983111 -0.244277217 -0.092569113 -0.090357555 -0.098302519 0.986713275
1548266077.757230 -0.143285716 -0.040626636 -0.234538124 -0.114783156 -0.069557912 -0.097796949 0.986114740
1548266078.193380 -0.117432106 -0.049583312 -0.258402470 -0.114962561 -0.058115708 -0.089397955 0.987630589
1548266078.830050 -0.084869523 -0.028764782 -0.295224917 -0.111575897 -0.040479451 -0.092728827 0.988591725
1548266079.400040 -0.069552603 0.001140062 -0.307140683 -0.097017424 -0.028942226 -0.081076919 0.991552571
1548266079.600770 -0.055121420 -0.004348590 -0.311094116 -0.101215111 -0.033348627 -0.089615377 0.990258782
1548266080.237490 -0.001850074 -0.026624096 -0.306284423 -0.090377137 -0.064927731 -0.096635177 0.989079373
1548266080.706480 0.064515923 -0.024153765 -0.283464620 -0.102925336 -0.063298581 -0.099771742 0.987646326
1548266080.974520 0.080502742 -0.006900918 -0.293943523 -0.118354149 -0.044378188 -0.094175005 0.987498830
1548266081.343050 0.107922735 0.041284763 -0.308246360 -0.114398922 -0.024155563 -0.100630745 0.988029781
1548266081.577620 0.117169746 0.066814995 -0.290348523 -0.115896816 0.007484627 -0.079640285 0.990035016
1548266081.812180 0.106254678 0.082993739 -0.299586109 -0.126881830 0.029015502 -0.062844725 0.989499693
1548266082.650380 -0.015261360 0.111268690 -0.303692344 -0.124285857 0.025413512 -0.090950837 0.987742438
1548266082.918450 -0.075025128 0.120570036 -0.302760198 -0.112547401 0.028406127 -0.104149080 0.987764721
1548266083.186590 -0.131680606 0.103542711 -0.284684438 -0.118920095 0.042819339 -0.094117593 0.987505136
1548266083.454450 -0.170034556 0.088574411 -0.277606097 -0.110462364 0.056510980 -0.097431460 0.987477436
1548266083.723090 -0.219892041 0.088620683 -0.273692261 -0.106369093 0.063326697 -0.091879576 0.988045287
1548266083.991220 -0.280231743 0.096473441 -0.275174945 -0.115423731 0.090085981 -0.089436625 0.985171543
1548266084.258990 -0.340371737 0.116613294 -0.305397227 -0.122887532 0.107945921 -0.074359948 0.983726045
1548266084.527620 -0.394703907 0.127718622 -0.334453129 -0.126863472 0.116669930 -0.069897419 0.982551850
1548266084.795820 -0.440509006 0.133722792 -0.345975882 -0.115188734 0.125786918 -0.051799079 0.983984788
1548266085.063960 -0.498444435 0.143952138 -0.329641237 -0.115666933 0.124298928 -0.055299966 0.983927259
1548266085.365420 -0.582981334 0.142621801 -0.278120336 -0.126382107 0.121758975 -0.040190743 0.983660012
1548266085.667770 -0.643757339 0.143607269 -0.250324741 -0.124661648 0.123870856 -0.042278469 0.983528350
1548266085.969800 -0.716133260 0.157993822 -0.229010090 -0.122402449 0.144565502 -0.046838875 0.980777536
1548266086.303760 -0.768700361 0.172379322 -0.194587492 -0.135221725 0.182289366 -0.023330578 0.973622800
1548266086.605340 -0.861198672 0.185361205 -0.181402001 -0.121672396 0.199587639 -0.007002184 0.972271347
1548266086.739410 -0.856458968 0.204634700 -0.178191528 -0.116108297 0.161227815 -0.006767188 0.980040132
1548266086.839980 -0.884345050 0.224985852 -0.183456758 -0.122007338 0.142694975 -0.017893436 0.982055079
1548266087.007510 -0.938228645 0.267085274 -0.158414781 -0.119719854 0.107825844 -0.032761861 0.986391101
1548266087.342670 -0.959195444 0.318424503 -0.133636893 -0.115371326 0.106439769 -0.028077616 0.987203971
1548266087.677910 -0.954208645 0.347144839 -0.109376564 -0.131512603 0.098689674 -0.019649595 0.986194036
1548266088.013040 -0.980138331 0.356078255 -0.098066164 -0.113032296 0.097960884 -0.022427960 0.988496005
1548266088.381810 -0.958967474 0.393732083 -0.099960032 -0.110921096 0.087899628 -0.014921358 0.989821963
1548266088.750580 -0.979351103 0.396321761 -0.084370072 -0.089528773 0.085188559 0.004892363 0.992322313
1548266089.186430 -0.978807994 0.350619832 -0.092064145 -0.086945597 0.078441221 0.034960013 0.992504527
1548266089.554310 -0.951409959 0.280590471 -0.145785965 -0.075140658 0.079534653 0.081168208 0.990676457
1548266089.956500 -0.926881369 0.251329074 -0.158680528 -0.079429695 0.093957954 0.094821373 0.987862204
1548266090.325390 -0.907044831 0.231029601 -0.148415203 -0.101055518 0.105147160 0.094031751 0.984829877
1548266090.761010 -0.900150662 0.221192547 -0.167798522 -0.100056485 0.112387469 0.078196161 0.985516675
1548266091.163350 -0.878519851 0.208310826 -0.156371929 -0.118614400 0.125308229 0.063771963 0.982935201
