1548339465.425730 0.0000000 0.0000000 0.0000000 0.0000000 0.0000000 0.0000000 1.0000000
1548339465.491440 -0.0150103 -0.0009139 0.0019265 0.0030066 -0.0143517 -0.0012852 0.9998916
1548339465.524880 -0.0044676 -0.0039806 -0.0031682 0.0040162 -0.0245971 -0.0024832 0.9996863
1548339465.759430 -0.0101786 -0.0099061 -0.0059193 0.0020486 -0.0450284 -0.0091718 0.9989415
1548339466.295130 -0.0264526 0.0197868 -0.0302724 -0.0223419 -0.0889283 -0.0195556 0.9955954
1548339467.736760 0.0200454 0.1370375 -0.0257821 -0.0791625 -0.0801993 -0.0110284 0.9935692
1548339469.211480 0.0430039 0.0047401 0.0556708 -0.0472325 -0.0142186 -0.0027540 0.9987789
1548339469.546910 0.0431623 -0.0258775 0.0896338 -0.0425352 0.0336436 0.0114897 0.9984623
1548339470.116330 0.0515686 -0.0738894 0.1220578 -0.0332164 0.0968534 0.0299615 0.9942929
1548339473.065470 0.0917562 -0.1485804 0.1286991 -0.0505597 0.3009262 0.1042646 0.9465812
1548339474.405540 0.2011180 -0.2634286 0.0500691 -0.0420792 0.3991786 0.1441801 0.9044876
1548339476.416930 0.2334384 -0.1153664 -0.0014019 -0.1130080 0.4731042 0.1424736 0.8620341
1548339479.835230 0.1048133 -0.1464180 -0.2083284 -0.0609205 0.4190261 0.1268703 0.8970004
1548339480.371660 0.1222296 -0.1437668 -0.2666650 -0.0594145 0.4208808 0.1281496 0.8960508
1548339480.572930 0.0971013 -0.1557401 -0.2870004 -0.0503041 0.4356715 0.1359404 0.8883581
1548339480.740510 0.0779107 -0.1578638 -0.2978894 -0.0462372 0.4431846 0.1338032 0.8851814
1548339480.974400 0.0122023 -0.1942282 -0.2474739 -0.0444402 0.4702389 0.1286159 0.8719853
1548339481.108450 0.0590510 -0.1515848 -0.3417983 -0.0370938 0.4685000 0.1337801 0.8724877
1548339481.208730 0.0993540 -0.1397167 -0.4020848 -0.0347429 0.4695010 0.1410394 0.8709016
1548339481.275760 0.1247590 -0.1266833 -0.4439652 -0.0314259 0.4685561 0.1431855 0.8711863
1548339481.342790 0.1509114 -0.1169749 -0.4888709 -0.0295208 0.4668488 0.1447417 0.8719120
1548339481.376880 0.1670253 -0.1132366 -0.5077200 -0.0292853 0.4658970 0.1475079 0.8719655
1548339481.477460 0.1880250 -0.1011315 -0.5605869 -0.0264363 0.4642124 0.1474305 0.8729675
1548339481.544490 0.2036191 -0.0938314 -0.5948109 -0.0253708 0.4612837 0.1476688 0.8745099
1548339481.645120 0.2358295 -0.0766932 -0.6383621 -0.0253108 0.4571194 0.1480349 0.8766338
1548339481.712150 0.2633877 -0.0671011 -0.6676348 -0.0249457 0.4534573 0.1536179 0.8775852
1548339481.812590 0.2732171 -0.0930510 -0.6542087 -0.0344452 0.4690568 0.1653443 0.8668683
1548339481.980030 0.2954455 -0.1348650 -0.6369703 -0.0446547 0.4935543 0.1859938 0.8484200
1548339482.281520 0.3211665 -0.1465580 -0.6025304 -0.0606877 0.5370985 0.2021838 0.8166786
1548339482.650460 0.2720541 -0.0572459 -0.5890073 -0.0425294 0.5958734 0.1916147 0.7787232
1548339482.851510 0.2425948 0.0094690 -0.5711174 -0.0329547 0.6233750 0.1810015 0.7599711
1548339483.219860 0.2482477 0.0514378 -0.5446724 -0.0469858 0.6562690 0.2096784 0.7232829
1548339484.226100 0.1716262 0.0453283 -0.5660846 -0.0739825 0.6893785 0.2395516 0.6796315
1548339486.202920 0.2564532 -0.0800450 -0.1951223 -0.0444370 0.7922420 0.2302325 0.5633569
1548339486.906650 0.4134527 -0.1690213 -0.0740579 -0.0979890 0.8165617 0.2790492 0.4957385
1548339487.040710 0.4440390 -0.1699342 -0.0785038 -0.1054570 0.8177416 0.2890226 0.4864601
1548339487.141310 0.4751472 -0.1582496 -0.0723117 -0.1058196 0.8221818 0.2957211 0.4747298
1548339487.409580 0.5155100 -0.1459082 -0.0452780 -0.0882527 0.8277266 0.2807404 0.4777708
1548339487.677710 0.5178100 -0.1014755 -0.0132952 -0.0581548 0.8330605 0.2567655 0.4865180
1548339487.878770 0.5208303 -0.0649166 0.0052095 -0.0415395 0.8458918 0.2358683 0.4765582
1548339488.783370 0.5502053 -0.1624377 -0.1589817 -0.0461041 0.8217522 0.2669796 0.5013179
1548339489.521020 0.5671546 -0.1404973 -0.1339932 -0.0593488 0.8017980 0.2511174 0.5390154
1548339489.554540 0.5756540 -0.1069387 -0.1285485 -0.0438333 0.7965975 0.2452200 0.5507978
1548339489.789030 0.5611474 -0.1180212 -0.1207298 -0.0663194 0.7752743 0.2478450 0.5771692
1548339489.856070 0.5602738 -0.1091845 -0.1177524 -0.0664358 0.7656050 0.2498729 0.5890661
1548339490.023650 0.5492380 -0.0865851 -0.1230871 -0.0653201 0.7524401 0.2693710 0.5975002
1548339490.090680 0.5451750 -0.0796561 -0.1262319 -0.0608226 0.7480587 0.2750848 0.6008636
1548339490.258280 0.5384316 -0.0696054 -0.1274217 -0.0502654 0.7382847 0.2753089 0.6136889
1548339490.392330 0.5243666 -0.0688385 -0.1229398 -0.0380929 0.7225487 0.2645782 0.6375505
1548339490.492870 0.5184535 -0.0636198 -0.1189732 -0.0344192 0.7092355 0.2590733 0.6547375
1548339490.559910 0.5131748 -0.0606669 -0.1182575 -0.0351106 0.6907215 0.2559597 0.6753930
1548339490.828000 0.4899911 -0.0515051 -0.1067179 -0.0312826 0.6481341 0.2420223 0.7213660
1548339491.766940 0.4490272 0.0024869 -0.1241536 -0.0342339 0.6491886 0.2420263 0.7202815
1548339492.102050 0.4627328 0.0003093 -0.1521277 -0.0288492 0.6660900 0.2484073 0.7026989
1548339492.202550 0.4625527 -0.0032255 -0.1606558 -0.0247640 0.6700019 0.2473721 0.6994936
1548339492.403550 0.4507948 -0.0117027 -0.1637705 -0.0256710 0.6780483 0.2435568 0.6930163
1548339492.604520 0.4458633 -0.0097009 -0.1813581 -0.0263197 0.6841835 0.2456504 0.6861895
1548339492.671570 0.4361960 -0.0134704 -0.1829624 -0.0208311 0.6895878 0.2473078 0.6803482
1548339492.805600 0.4162636 -0.0129369 -0.2030692 -0.0148633 0.6960223 0.2430238 0.6754786
