52 843 21
11 872 32
573 776 19
402 438 188
194 246 180
46 802 49
140 816 38
683 1022 155
780 1107 58
790 1106 62
7 797 19
684 999 145
169 253 201
170 248 201
84 758 43
512 759 33
226 63 281
224 19 290
252 80 229
254 89 204
255 71 201
232 113 215
262 87 250
250 45 200
265 261 308
314 241 193
298 287 228
302 274 235
271 283 281
309 174 220
236 153 218
240 129 267
246 162 246
247 130 252
342 439 87
381 440 322
377 424 322
399 454 225
406 407 246
405 422 240
412 322 223
297 316 224
415 375 213
411 351 218
421 353 252
436 575 318
431 591 311
64 480 319
467 592 249
117 539 225
168 740 39
514 732 88
85 897 30
570 917 62
5 799 35
574 833 40
581 811 82
583 817 59
578 791 64
559 858 57
593 715 336
640 772 288
589 760 290
608 735 216
607 761 217
668 780 264
616 745 239
626 650 231
599 643 277
600 687 277
804 966 296
644 826 293
642 810 296
634 875 290
633 852 296
653 881 251
659 808 222
643 830 285
673 842 247
681 1022 170
697 942 170
682 1002 173
785 1126 56
740 1213 134
762 1142 173
833 1103 290
816 1048 223
856 1120 208
801 1059 281
812 998 223
818 999 269
798 1034 275
