0.000000 0.0000000 0.0000000 0.0000000 0.0000000 0.0000000 0.0000000 1.0000000
0.103736 -0.0013173 -0.0043638 0.7803676 0.0011146 -0.0017067 0.0012420 0.9999971
0.207338 -0.0167853 -0.0076551 1.5768691 0.0019148 -0.0035946 0.0004764 0.9999916
0.311075 -0.0374158 -0.0114861 2.3905346 0.0026071 -0.0054591 0.0004931 0.9999816
0.518430 -0.0828299 -0.0222632 4.0703492 0.0031510 -0.0100299 0.0001689 0.9999447
0.622045 -0.1119786 -0.0316016 4.9363284 0.0038246 -0.0121924 -0.0006407 0.9999182
0.933147 -0.2154254 -0.0443520 7.6494865 0.0023838 -0.0191494 -0.0018898 0.9998120
1.244242 -0.3595964 -0.0569778 10.4532881 0.0019226 -0.0231429 -0.0022919 0.9997277
1.555212 -0.5100498 -0.1001321 13.3445415 0.0014389 -0.0257336 0.0001777 0.9996678
1.969923 -0.7640292 -0.1637518 17.3178406 0.0044531 -0.0285649 -0.0038307 0.9995747
2.177281 -0.8904291 -0.1955459 19.3548298 0.0028703 -0.0299014 -0.0034667 0.9995427
2.591988 -1.1568353 -0.2503906 23.5056725 0.0028260 -0.0320973 -0.0022981 0.9994781
2.695832 -1.2295438 -0.2635003 24.5621700 0.0012440 -0.0320931 -0.0029702 0.9994797
2.799367 -1.2996460 -0.2752181 25.6163826 -0.0006481 -0.0317281 -0.0032275 0.9994911
3.006768 -1.4353667 -0.2895413 27.7377453 -0.0024237 -0.0300934 -0.0028449 0.9995401
3.317669 -1.6334958 -0.3129093 30.9572639 0.0029892 -0.0283367 -0.0031927 0.9995888
3.628545 -1.8107263 -0.3592021 34.2300835 -0.0021277 -0.0286394 0.0012361 0.9995868
3.939488 -1.9935398 -0.3836778 37.5042229 0.0023033 -0.0306576 0.0051870 0.9995139
4.250460 -2.2149713 -0.4479314 40.8481140 0.0006295 -0.0327066 0.0023850 0.9994619
4.561559 -2.4328132 -0.4779026 44.2032738 -0.0027739 -0.0340593 0.0020347 0.9994139
4.872532 -2.6754160 -0.4965377 47.5337105 -0.0025420 -0.0344220 -0.0009854 0.9994037
5.183503 -2.9270267 -0.5160974 50.8551445 -0.0018376 -0.0355535 -0.0009353 0.9993656
5.494473 -3.1624627 -0.5570639 54.0925217 0.0014902 -0.0368240 -0.0026621 0.9993171
5.805571 -3.3963885 -0.6079169 57.2874336 -0.0013641 -0.0373906 -0.0016829 0.9992984
6.220278 -3.7253408 -0.6622769 61.4808998 -0.0011338 -0.0379597 0.0023857 0.9992758
6.531383 -3.9589646 -0.6803932 64.6110077 -0.0068376 -0.0393700 0.0039244 0.9991936
6.842350 -4.2285771 -0.7044503 67.6491547 0.0015903 -0.0410211 0.0014433 0.9991560
7.153323 -4.5073147 -0.7450377 70.5708313 -0.0004269 -0.0423266 -0.0036850 0.9990969
7.464167 -4.7703452 -0.7883983 73.3889084 -0.0009295 -0.0442769 -0.0054515 0.9990040
7.878754 -5.1079268 -0.8350212 76.9511185 -0.0052040 -0.0470616 -0.0071623 0.9988527
8.293470 -5.4553933 -0.8616811 80.1942749 0.0029486 -0.0497692 -0.0101063 0.9987053
8.708175 -5.7681079 -0.9021859 83.1136169 0.0026054 -0.0516094 -0.0103540 0.9986103
9.122890 -6.0316091 -0.9667796 85.7038345 0.0060102 -0.0472114 -0.0080232 0.9988346
9.537749 -6.1967835 -1.0047319 88.0575409 0.0010735 -0.0323198 -0.0048222 0.9994653
9.953059 -6.2067499 -1.0371678 90.1790237 0.0003916 0.0088491 -0.0074524 0.9999330
