1548265919.500970 0.0000000 0.0000000 0.0000000 -0.0000000 -0.0000000 -0.0000000 1.0000000
1548265919.634760 -0.0534269 0.0288219 0.0026248 0.0048520 0.0120615 0.0140909 0.9998162
1548265919.668010 -0.0073499 0.0185148 -0.0068487 0.0045705 -0.0026560 0.0143839 0.9998826
1548265919.801440 -0.0088550 0.0491604 -0.0180489 0.0177582 0.0102003 0.0412182 0.9989403
1548265919.867510 0.0257432 0.0492635 -0.0400340 0.0192064 0.0153176 0.0496392 0.9984651
1548265919.934030 0.0139468 0.0605710 -0.0380368 0.0218779 0.0245306 0.0572018 0.9978214
1548265920.068100 0.0199151 0.0569921 -0.0478560 0.0225168 0.0352004 0.0667698 0.9968930
1548265920.269460 0.0262297 0.0444232 -0.0608987 0.0285665 0.0477439 0.0849158 0.9948336
1548265920.403610 0.0542824 0.0168268 -0.0789102 0.0328035 0.0541029 0.0973709 0.9932350
1548265920.470840 0.0164809 0.0268069 -0.0697841 0.0404805 0.0668842 0.1043873 0.9914591
1548265920.604900 0.0437363 -0.0048221 -0.0938369 0.0419134 0.0691056 0.1072802 0.9909382
1548265920.772480 0.0183227 -0.0170985 -0.0915798 0.0437000 0.0904097 0.1130245 0.9885049
1548265920.973370 0.0167226 -0.0225258 -0.0967157 0.0432572 0.1043457 0.1163740 0.9867613
1548265921.073780 0.0239350 -0.0266369 -0.0951006 0.0421885 0.1139600 0.1178739 0.9855653
1548265921.140810 0.0069174 -0.0227965 -0.0903304 0.0427850 0.1257425 0.1210057 0.9837255
1548265921.241350 0.0119216 -0.0147295 -0.0885174 0.0379926 0.1383628 0.1251107 0.9817126
1548265921.375410 0.0263912 -0.0046006 -0.0817052 0.0258651 0.1551690 0.1285032 0.9791530
1548265921.576290 0.0273827 0.0066285 -0.0657155 0.0201621 0.1928364 0.1462029 0.9700682
1548265921.777450 0.0394609 0.0213071 -0.0681733 0.0247302 0.2163719 0.1595151 0.9628741
1548265921.844420 0.0540632 0.0272382 -0.0816761 0.0274186 0.2263049 0.1635676 0.9598333
1548265921.911420 0.0156393 0.0015964 -0.0573314 0.0248535 0.2460926 0.1670707 0.9544151
1548265921.978360 0.0433133 0.0408810 -0.0707470 0.0303059 0.2535616 0.1753742 0.9508060
1548265922.011870 0.0492952 0.0415502 -0.0776573 0.0287860 0.2572621 0.1782584 0.9493216
1548265922.045390 0.0516087 0.0473079 -0.0722434 0.0277979 0.2630165 0.1819185 0.9470773
1548265922.078920 0.0611547 0.0566703 -0.0740694 0.0269154 0.2659179 0.1843912 0.9458135
1548265922.112430 0.0603690 0.0493162 -0.0754070 0.0228514 0.2724214 0.1872377 0.9435076
1548265922.145940 0.0633427 0.0558302 -0.0642216 0.0213169 0.2785890 0.1905148 0.9410834
1548265922.179450 0.0677765 0.0514044 -0.0681790 0.0178716 0.2826557 0.1923811 0.9395615
1548265922.212960 0.0718130 0.0589450 -0.0641464 0.0157270 0.2885627 0.1945464 0.9373558
1548265922.246470 0.0768094 0.0633966 -0.0588316 0.0134654 0.2943621 0.1970746 0.9350569
1548265922.447590 0.0675554 0.0680941 -0.0311246 0.0027784 0.3210516 0.2065912 0.9242501
1548265922.615160 0.0744163 0.0771466 -0.0362580 -0.0009159 0.3425671 0.2153008 0.9144903
1548265922.682210 0.0873277 0.0958159 -0.0495445 0.0002607 0.3535497 0.2201739 0.9091347
1548265922.715730 0.0600601 0.0784570 -0.0191632 -0.0013598 0.3662033 0.2234498 0.9033070
1548265922.782740 0.0830584 0.1000141 -0.0493557 0.0021566 0.3656992 0.2260424 0.9028645
1548265922.883160 0.0731585 0.0946651 -0.0440617 0.0038890 0.3796700 0.2326661 0.8953782
1548265922.983710 0.0607031 0.0956266 -0.0360605 0.0040591 0.3905787 0.2345262 0.8901850
1548265923.051160 0.0739978 0.0998052 -0.0476215 0.0031430 0.3957688 0.2366352 0.8873336
1548265923.151700 0.0778670 0.0971167 -0.0472840 0.0010163 0.4063275 0.2431855 0.8807712
1548265923.319330 0.0832857 0.0989734 -0.0522857 0.0001849 0.4244602 0.2585602 0.8677443
1548265923.587550 0.1327461 0.0774330 -0.0731458 0.0061442 0.4577303 0.2827730 0.8429025
1548265923.888790 0.1784533 0.0722626 -0.0837131 0.0105395 0.5041032 0.2994382 0.8100034
1548265924.257630 0.2591028 0.0362605 -0.0764540 -0.0006854 0.5453383 0.3208292 0.7743865
1548265924.492240 0.3233042 0.0241534 -0.0443659 -0.0137103 0.5700077 0.3429339 0.7465250
1548265924.894020 0.4612072 0.0263333 -0.0418964 -0.0280974 0.6288474 0.3663957 0.6852121
1548265925.531130 0.6292822 -0.0141103 -0.0107264 -0.0852115 0.7212955 0.4177585 0.5458477
1548265926.033840 0.6022814 0.0421827 0.0199569 -0.1026515 0.7787060 0.4198691 0.4547413
1548265926.301800 0.6154454 0.0691688 0.0422103 -0.1216843 0.7910594 0.4132012 0.4343762
1548265926.536800 0.6209133 0.0933983 0.0552720 -0.1303276 0.8011767 0.4112649 0.4147190
1548265926.637610 0.6250799 0.1018932 0.0486919 -0.1350297 0.8067287 0.4106802 0.4028618
1548265926.805190 0.6312251 0.1216583 0.0345753 -0.1382580 0.8149274 0.4160374 0.3790658
1548265926.939240 0.6351251 0.1558164 0.0318324 -0.1400996 0.8179762 0.4228287 0.3640096
1548265927.274150 0.7085333 0.2150382 0.0206685 -0.1599845 0.8150373 0.4341923 0.3487065
1548265927.709830 0.7857630 0.2582871 -0.0670241 -0.1474095 0.8405873 0.4306208 0.2936822
1548265928.044940 0.8692631 0.3026380 -0.1475068 -0.1439373 0.8514065 0.4381207 0.2498788
1548265928.111780 0.8821042 0.3107012 -0.1660714 -0.1454576 0.8516184 0.4405257 0.2439779
1548265928.245740 0.9207935 0.3239057 -0.1985283 -0.1493337 0.8514107 0.4448453 0.2343330
1548265928.312780 0.9393741 0.3279284 -0.2181683 -0.1500521 0.8522138 0.4448020 0.2310135
1548265928.379810 0.9575654 0.3344234 -0.2329407 -0.1496355 0.8551791 0.4422610 0.2251290
1548265928.446840 0.9660478 0.3297228 -0.2558811 -0.1484339 0.8577491 0.4401446 0.2202420
1548265928.480350 0.9683682 0.3363805 -0.2599965 -0.1464704 0.8601658 0.4377073 0.2169647
1548265928.513870 0.9721274 0.3317145 -0.2721575 -0.1458932 0.8613065 0.4369805 0.2142764
1548265928.580900 0.9802539 0.3336688 -0.2940335 -0.1466468 0.8645977 0.4350376 0.2042248
1548265928.614420 0.9799752 0.3319464 -0.2987430 -0.1464184 0.8664621 0.4343321 0.1978909
1548265928.647930 0.9738799 0.3316231 -0.3072847 -0.1459223 0.8680167 0.4337954 0.1925495
1548265928.748550 0.9856362 0.3546643 -0.3306792 -0.1445630 0.8729265 0.4348777 0.1672791
1548265928.882760 0.9893838 0.3695338 -0.3634617 -0.1408699 0.8758104 0.4406389 0.1376562
1548265928.916300 1.0032189 0.3782749 -0.3647835 -0.1411592 0.8762830 0.4419374 0.1299752
1548265929.050370 1.0455354 0.4066821 -0.3866217 -0.1417771 0.8746371 0.4497783 0.1122887
1548265929.117420 1.0701544 0.4207000 -0.3898124 -0.1400946 0.8735145 0.4521814 0.1134805
1548265929.184530 1.0975187 0.4288554 -0.3935892 -0.1389133 0.8712723 0.4540756 0.1241091
1548265929.218050 1.1170744 0.4403039 -0.3993973 -0.1402201 0.8703087 0.4545923 0.1274637
1548265929.285000 1.1310372 0.4332098 -0.4094117 -0.1443436 0.8684090 0.4545026 0.1358608
1548265929.419310 1.1770916 0.4546373 -0.4084343 -0.1543758 0.8680300 0.4488953 0.1455510
1548265929.720670 1.2568414 0.5432554 -0.4532375 -0.1597144 0.8641813 0.4564182 0.1391559
1548265929.955290 1.3249229 0.6260808 -0.5276165 -0.1597267 0.8546464 0.4675877 0.1594634
1548265930.122650 1.3701780 0.6868109 -0.5726368 -0.1634732 0.8475954 0.4723173 0.1782555
1548265930.289900 1.4086101 0.7318835 -0.6037676 -0.1712222 0.8395132 0.4786732 0.1917617
1548265930.726040 1.4682413 0.8475379 -0.6570009 -0.1684440 0.8071277 0.5067090 0.2518287
1548265930.960700 1.4992337 0.8734487 -0.6470071 -0.1639624 0.7918701 0.5101632 0.2929021
1548265931.262270 1.5337458 0.8973165 -0.6037405 -0.1709346 0.7624909 0.5160021 0.3509002
1548265931.664410 1.6020809 0.9151552 -0.5332195 -0.1823274 0.7116573 0.5220366 0.4333341
1548265932.267440 1.6362581 0.8336833 -0.5149904 -0.1556239 0.6832592 0.5155997 0.4930468
1548265932.837160 1.6403731 0.7131923 -0.4577799 -0.1597452 0.6648317 0.4845293 0.5456296
1548265933.239360 1.6232667 0.6357450 -0.4160488 -0.1438343 0.6320551 0.4633290 0.6042718
1548265933.876320 1.5966325 0.5467017 -0.3981720 -0.1086947 0.5747122 0.4407760 0.6808876
1548265934.245310 1.5368311 0.5082899 -0.3924470 -0.0729647 0.5388263 0.4099374 0.7323207
1548265934.446380 1.5069296 0.4946485 -0.3960901 -0.0567956 0.5149497 0.3918837 0.7602817
1548265934.614020 1.4852371 0.4774342 -0.3987212 -0.0463581 0.5058635 0.3769193 0.7745224
1548265934.714560 1.4744248 0.4523827 -0.3833432 -0.0480489 0.5004054 0.3667742 0.7827914
1548265934.781600 1.4653482 0.4518946 -0.3856872 -0.0438182 0.4875193 0.3638932 0.7924562
1548265934.915610 1.4539678 0.4436444 -0.3665271 -0.0416456 0.4657055 0.3587219 0.8079001
1548265934.982690 1.4415607 0.4460179 -0.3539683 -0.0413946 0.4561765 0.3524689 0.8160608
1548265935.083190 1.4368322 0.4424582 -0.3424649 -0.0376966 0.4426936 0.3484104 0.8253554
1548265935.217360 1.3618035 0.4739655 -0.3195528 -0.0289743 0.4401993 0.3255600 0.8362988
1548265935.686730 1.3383155 0.4651755 -0.2808497 -0.0265518 0.4199529 0.3133370 0.8513252
1548265935.720240 1.3348949 0.4718292 -0.2794400 -0.0260516 0.4194543 0.3124504 0.8519121
1548265935.787180 1.3382082 0.4631697 -0.2736804 -0.0273265 0.4134024 0.3137684 0.8543426
1548265935.854040 1.3228018 0.4719906 -0.2607676 -0.0280836 0.4133773 0.3088465 0.8561217
1548265935.920970 1.3211994 0.4676618 -0.2537802 -0.0289833 0.4071501 0.3051248 0.8603997
1548265935.987990 1.3264800 0.4597095 -0.2454195 -0.0312330 0.4028277 0.3011357 0.8637545
1548265936.055030 1.3053792 0.4659678 -0.2375293 -0.0284608 0.3949443 0.2873695 0.8721398
1548265936.155570 1.2854749 0.4648587 -0.2228036 -0.0262005 0.3823241 0.2707758 0.8830755
1548265936.289630 1.2633697 0.4607722 -0.2088073 -0.0243099 0.3710469 0.2530251 0.8931470
1548265936.356640 1.2388637 0.4631251 -0.1984649 -0.0202566 0.3645806 0.2451746 0.8980870
1548265936.423700 1.2330033 0.4593037 -0.1977056 -0.0174555 0.3538744 0.2423869 0.9031705
1548265936.524250 1.2048486 0.4549681 -0.1767389 -0.0159389 0.3438688 0.2368129 0.9085262
1548265936.591300 1.1885055 0.4682966 -0.1727042 -0.0155548 0.3350542 0.2275902 0.9141660
1548265936.658340 1.1684320 0.4700777 -0.1504534 -0.0190550 0.3230662 0.2224299 0.9196685
1548265936.758960 1.1389630 0.4700373 -0.1178160 -0.0288386 0.3077292 0.2155337 0.9262918
1548265936.859540 1.1513871 0.4695718 -0.1062315 -0.0397620 0.2843046 0.2085388 0.9349340
1548265936.993700 1.1586242 0.4693300 -0.0924464 -0.0433988 0.2695575 0.2067056 0.9395361
1548265937.295240 1.1564820 0.4768057 -0.0782184 -0.0391020 0.2613020 0.2057076 0.9422721
1548265937.362320 1.1420518 0.4623691 -0.0724744 -0.0388192 0.2637634 0.2074925 0.9412060
1548265937.831460 1.1372564 0.4703162 -0.0906051 -0.0275424 0.2655299 0.1927869 0.9442291
1548265938.233560 1.1436222 0.4771403 -0.0788043 -0.0438748 0.2578283 0.2029637 0.9436129
