1548265919.500970 0.0000000 0.0000000 0.0000000 -0.0000000 -0.0000000 -0.0000000 1.0000000
1548265919.634760 -0.0620100 0.0315769 0.0052041 0.0054969 0.0135575 0.0137142 0.9997990
1548265919.668010 -0.0101229 0.0204508 -0.0057438 0.0049312 -0.0021991 0.0144199 0.9998814
1548265919.768080 0.0113157 0.0275721 -0.0235714 0.0114568 0.0032618 0.0319707 0.9994178
1548265919.834110 0.0241297 0.0438912 -0.0320526 0.0182203 0.0048198 0.0437032 0.9988668
1548265919.901030 0.0066627 0.0625255 -0.0336821 0.0219205 0.0236397 0.0544039 0.9979985
1548265919.934030 0.0097317 0.0627521 -0.0354361 0.0222430 0.0250611 0.0569354 0.9978154
1548265920.068100 0.0165813 0.0577957 -0.0463241 0.0227236 0.0357085 0.0668297 0.9968662
1548265920.135130 0.0229915 0.0480615 -0.0533408 0.0232833 0.0389274 0.0720605 0.9963683
1548265920.269460 0.0216677 0.0439773 -0.0597678 0.0284826 0.0484059 0.0846356 0.9948279
1548265920.403610 0.0486558 0.0201310 -0.0763074 0.0334826 0.0548173 0.0969557 0.9932138
1548265920.470840 0.0197794 0.0265735 -0.0696732 0.0404569 0.0662822 0.1046151 0.9914765
1548265920.571390 0.0165115 0.0107384 -0.0794826 0.0439734 0.0710784 0.1076053 0.9906742
1548265920.671930 0.0130133 0.0028751 -0.0852355 0.0452262 0.0813459 0.1102580 0.9895356
1548265920.772480 0.0119147 -0.0105553 -0.0890082 0.0448751 0.0912076 0.1126900 0.9884171
1548265920.839510 0.0096033 -0.0082224 -0.0927648 0.0460006 0.0946240 0.1142086 0.9878697
1548265921.040400 -0.0028607 -0.0173414 -0.0915245 0.0447328 0.1125682 0.1175165 0.9856558
1548265921.207840 0.0075495 -0.0077808 -0.0915110 0.0416586 0.1347315 0.1230653 0.9823273
1548265921.341900 0.0102135 0.0022317 -0.0780267 0.0310118 0.1521143 0.1284965 0.9794836
1548265921.475950 0.0205956 0.0024316 -0.0689896 0.0213215 0.1759303 0.1359260 0.9747400
1548265921.643380 0.0291632 0.0383272 -0.0662497 0.0249283 0.2012457 0.1514775 0.9674365
1548265921.810960 0.0399790 0.0294597 -0.0743983 0.0268194 0.2206859 0.1590926 0.9619085
1548265921.911420 0.0421293 0.0425661 -0.0793047 0.0306805 0.2401170 0.1670283 0.9557741
1548265921.978360 0.0373299 0.0588460 -0.0714193 0.0332010 0.2535743 0.1743732 0.9508900
1548265922.011870 0.0472408 0.0652370 -0.0760878 0.0324983 0.2567203 0.1772428 0.9495386
1548265922.045390 0.0474035 0.0624044 -0.0692705 0.0302747 0.2631074 0.1813426 0.9470865
1548265922.078920 0.0610342 0.0788958 -0.0761113 0.0305485 0.2648689 0.1838888 0.9460952
1548265922.112430 0.0579257 0.0688127 -0.0795059 0.0261015 0.2715013 0.1867621 0.9437826
1548265922.145940 0.0622563 0.0773902 -0.0661777 0.0246931 0.2776185 0.1897485 0.9414424
1548265922.179450 0.0650455 0.0733924 -0.0682330 0.0214081 0.2819896 0.1918377 0.9397989
1548265922.212960 0.0716195 0.0778355 -0.0668487 0.0187607 0.2874761 0.1941937 0.9377069
1548265922.246470 0.0736706 0.0853335 -0.0557353 0.0172976 0.2939379 0.1965167 0.9352446
1548265922.414080 0.0783269 0.1027614 -0.0424252 0.0089931 0.3158705 0.2053889 0.9262615
1548265922.615160 0.0842775 0.1191925 -0.0458928 0.0055258 0.3394910 0.2154941 0.9155751
1548265922.682210 0.0914503 0.1337632 -0.0541476 0.0061120 0.3515641 0.2202597 0.9098632
1548265922.715730 0.0646626 0.1236193 -0.0330643 0.0056299 0.3630122 0.2232909 0.9046168
1548265922.782740 0.0875825 0.1374657 -0.0540235 0.0079310 0.3634983 0.2255707 0.9038385
1548265922.849690 0.0694195 0.1346174 -0.0484688 0.0099102 0.3745127 0.2313247 0.8978480
1548265922.983710 0.0642332 0.1342967 -0.0492369 0.0098715 0.3876761 0.2350031 0.8912818
1548265923.051160 0.0724024 0.1387220 -0.0568925 0.0088551 0.3935991 0.2361689 0.8883837
1548265923.151700 0.0776983 0.1402399 -0.0545370 0.0072257 0.4041675 0.2426351 0.8818870
1548265923.352870 0.0969180 0.1326230 -0.0672519 0.0051943 0.4236631 0.2622500 0.8670107
1548265923.587550 0.1229272 0.1133497 -0.0735674 0.0120326 0.4565966 0.2827461 0.8434628
1548265923.888790 0.1763024 0.0962857 -0.0871215 0.0144401 0.5023597 0.3010672 0.8104226
1548265924.257630 0.2396644 0.0732614 -0.0729221 0.0051228 0.5447930 0.3207850 0.7747718
1548265924.492240 0.2965640 0.0737006 -0.0469379 -0.0064572 0.5686823 0.3415537 0.7482646
1548265924.760300 0.3923140 0.0926566 -0.0526710 -0.0194685 0.6039596 0.3568692 0.7123891
1548265924.994460 0.4152879 0.1734606 -0.1359512 -0.0112488 0.6348631 0.3672569 0.6796651
1548265925.363230 0.4277185 0.2632326 -0.2661517 -0.0312253 0.6745244 0.3961666 0.6221687
1548265925.598160 0.4537091 0.2761394 -0.2384228 -0.0451825 0.7044145 0.4069301 0.5797989
1548265925.900130 0.4178253 0.3235286 -0.2746227 -0.0487472 0.7419212 0.4128563 0.5260479
1548265925.966970 0.4249337 0.3303975 -0.2711841 -0.0534432 0.7455806 0.4160931 0.5178031
1548265926.134220 0.4284883 0.3430451 -0.2722080 -0.0674360 0.7528197 0.4175359 0.5043597
1548265926.368950 0.4374502 0.3666589 -0.2432574 -0.0795187 0.7653791 0.4117970 0.4881545
1548265926.570410 0.4460014 0.3596428 -0.2590209 -0.0913518 0.7722379 0.4135144 0.4736130
1548265926.704840 0.4499298 0.3838394 -0.2526287 -0.0939808 0.7825494 0.4143265 0.4551018
1548265926.905710 0.4608698 0.4307097 -0.2548260 -0.0963730 0.7917500 0.4241288 0.4289044
1548265927.073220 0.4939711 0.4639242 -0.2478600 -0.1046644 0.7901721 0.4335923 0.4203226
1548265927.274150 0.5509527 0.4815910 -0.2582799 -0.1201596 0.7898457 0.4384519 0.4116617
1548265927.374700 0.5806514 0.4842018 -0.2769888 -0.1206165 0.7955628 0.4372405 0.4016868
1548265927.642800 0.6108148 0.5172226 -0.3211560 -0.1069215 0.8144005 0.4356091 0.3681906
1548265927.810380 0.6538452 0.5369805 -0.3609226 -0.1046653 0.8212908 0.4428825 0.3440666
1548265928.044940 0.7156323 0.5647967 -0.4068464 -0.1039257 0.8292056 0.4492494 0.3158995
1548265928.111780 0.7326909 0.5721488 -0.4230042 -0.1058962 0.8296725 0.4519963 0.3100466
1548265928.279260 0.7866467 0.5899037 -0.4560753 -0.1103521 0.8307928 0.4564062 0.2988299
1548265928.312780 0.7926176 0.5882825 -0.4695104 -0.1106632 0.8309392 0.4566742 0.2978965
1548265928.379810 0.8123440 0.5951259 -0.4811740 -0.1101355 0.8343582 0.4543830 0.2919807
1548265928.446840 0.8223934 0.5896124 -0.5046254 -0.1088853 0.8370267 0.4528822 0.2871027
1548265928.480350 0.8247590 0.5947877 -0.5082785 -0.1066323 0.8395452 0.4508893 0.2837118
1548265928.513870 0.8344486 0.5912508 -0.5209880 -0.1069361 0.8406817 0.4504756 0.2808750
1548265928.580900 0.8404312 0.5930513 -0.5419968 -0.1070693 0.8446193 0.4491635 0.2709367
1548265928.614420 0.8428404 0.5934790 -0.5481437 -0.1072421 0.8467187 0.4489343 0.2646216
1548265928.647930 0.8353490 0.5930651 -0.5567780 -0.1065150 0.8485135 0.4487828 0.2593709
1548265928.782110 0.8519354 0.6179286 -0.5867747 -0.1056138 0.8552464 0.4533953 0.2276666
1548265928.882760 0.8615605 0.6365516 -0.6034303 -0.1035967 0.8583668 0.4587431 0.2050095
1548265929.016860 0.9102371 0.6615005 -0.6197432 -0.1058101 0.8585537 0.4674533 0.1821462
1548265929.184530 0.9743352 0.6851125 -0.6219596 -0.1025912 0.8538136 0.4727814 0.1922370
1548265929.218050 0.9935884 0.6924812 -0.6255068 -0.1033807 0.8527076 0.4731424 0.1958018
1548265929.385790 1.0451475 0.6906360 -0.6368703 -0.1155477 0.8494242 0.4675736 0.2156438
1548265929.687160 1.1319431 0.7707115 -0.6556615 -0.1233728 0.8479882 0.4715456 0.2081825
1548265929.821220 1.1799023 0.8198504 -0.6863023 -0.1217704 0.8431081 0.4777762 0.2146408
1548265929.988800 1.2379539 0.8765844 -0.7292943 -0.1222669 0.8351068 0.4833458 0.2324312
1548265930.122650 1.2868981 0.9222497 -0.7550182 -0.1266553 0.8288223 0.4855723 0.2474504
1548265930.289900 1.3232497 0.9665018 -0.7849858 -0.1335160 0.8200920 0.4904253 0.2628796
1548265930.524980 1.3712504 1.0358819 -0.8076875 -0.1308587 0.8009441 0.5027934 0.2975958
1548265930.726040 1.4137013 1.0779554 -0.8172898 -0.1336198 0.7844877 0.5134822 0.3210308
1548265931.262270 1.4775592 1.1170344 -0.7547549 -0.1339931 0.7357720 0.5156304 0.4181038
1548265931.630880 1.5503793 1.1217134 -0.6787074 -0.1496632 0.6867671 0.5156651 0.4899402
1548265932.267440 1.5839732 1.0305665 -0.6440734 -0.1220963 0.6533858 0.5052759 0.5503414
1548265932.837160 1.5791128 0.9063866 -0.5850519 -0.1259321 0.6362380 0.4707280 0.5981284
1548265933.239360 1.5709137 0.8170284 -0.5334213 -0.1133443 0.6043127 0.4491523 0.6482449
1548265933.775680 1.5590417 0.7235196 -0.5108757 -0.0916621 0.5601450 0.4341254 0.6995504
1548265934.144630 1.5104492 0.6518396 -0.4863846 -0.0609575 0.5242359 0.4056644 0.7462555
1548265934.446380 1.4789950 0.5788633 -0.4548097 -0.0434966 0.4970438 0.3855275 0.7761599
1548265934.547010 1.4636497 0.5812503 -0.4647211 -0.0337407 0.4875818 0.3744735 0.7879691
1548265934.714560 1.4402311 0.5312914 -0.4331250 -0.0347363 0.4847931 0.3603635 0.7961829
1548265934.781600 1.4379768 0.5279221 -0.4381272 -0.0316085 0.4709579 0.3579735 0.8056393
1548265934.915610 1.4312763 0.5174165 -0.4202890 -0.0300620 0.4484493 0.3529464 0.8206207
1548265935.049670 1.4167485 0.5028950 -0.3866539 -0.0310768 0.4353488 0.3462409 0.8304354
1548265935.116700 1.3888471 0.5130602 -0.3730969 -0.0261080 0.4277014 0.3354010 0.8389852
1548265935.217360 1.3558066 0.5198494 -0.3594158 -0.0223103 0.4249666 0.3240394 0.8449284
1548265935.385080 1.3514937 0.5119300 -0.3449339 -0.0230825 0.4189405 0.3180072 0.8501926
1548265935.418630 1.3408318 0.5150571 -0.3406214 -0.0226334 0.4204563 0.3154703 0.8504015
1548265935.519180 1.3376284 0.5109087 -0.3328378 -0.0217934 0.4162269 0.3148757 0.8527213
1548265935.720240 1.3158798 0.5196394 -0.3152709 -0.0180280 0.4063212 0.3092341 0.8596234
1548265935.887460 1.3172427 0.5119909 -0.2976204 -0.0217671 0.3953389 0.3069974 0.8654398
1548265935.954480 1.2977319 0.5203662 -0.2856196 -0.0210138 0.3933994 0.2975985 0.8696152
1548265936.021510 1.3102535 0.5035036 -0.2831730 -0.0227093 0.3816782 0.2935520 0.8761469
1548265936.055030 1.2920263 0.5149747 -0.2771562 -0.0200195 0.3809101 0.2849230 0.8793894
1548265936.155570 1.2719408 0.5082093 -0.2620371 -0.0185520 0.3686119 0.2684011 0.8897988
1548265936.289630 1.2508140 0.5029087 -0.2477639 -0.0163868 0.3576091 0.2510711 0.8993390
1548265936.390180 1.2247218 0.5005245 -0.2376152 -0.0112483 0.3469925 0.2434701 0.9056445
1548265936.423700 1.2183768 0.5030233 -0.2379919 -0.0092807 0.3405668 0.2401098 0.9089970
1548265936.490730 1.2063810 0.5045842 -0.2306703 -0.0079903 0.3337501 0.2360862 0.9125844
1548265936.557800 1.1871200 0.5099036 -0.2180268 -0.0060092 0.3236641 0.2284647 0.9181554
1548265936.591300 1.1748312 0.5127279 -0.2106017 -0.0068680 0.3220563 0.2252648 0.9195044
1548265936.658340 1.1544539 0.5124952 -0.1933158 -0.0107178 0.3097735 0.2197602 0.9250032
1548265936.758960 1.1125487 0.5087301 -0.1542284 -0.0206239 0.2972205 0.2115232 0.9308558
1548265936.859540 1.1366086 0.5088840 -0.1458070 -0.0313800 0.2716666 0.2060928 0.9395415
1548265936.960140 1.1501815 0.5098617 -0.1390007 -0.0350674 0.2562494 0.2033509 0.9443278
1548265937.060690 1.1407969 0.5090384 -0.1274043 -0.0353157 0.2511828 0.2037832 0.9455857
1548265937.295240 1.1407233 0.5122775 -0.1197141 -0.0311827 0.2487160 0.2028560 0.9465820
1548265937.496390 1.1409507 0.5062335 -0.1284975 -0.0272756 0.2432765 0.2054107 0.9475648
1548265938.367720 1.1311741 0.5243423 -0.1189595 -0.0341890 0.2460954 0.2062841 0.9464222
