1548340549.995450 0.0000000 0.0000000 0.0000000 -0.0000000 -0.0000000 -0.0000000 1.0000000
1548340550.028930 -0.0022031 0.0007676 0.0025874 0.0001007 -0.0005534 0.0009221 0.9999995
1548340550.062340 -0.0005496 0.0005706 0.0038717 -0.0001288 -0.0024572 0.0016041 0.9999957
1548340550.730460 0.0528649 -0.0187905 0.1012492 -0.0107290 -0.0412304 0.0082598 0.9990579
1548340551.065810 0.0605869 -0.0391068 0.1863864 -0.0235609 -0.0520653 0.0075159 0.9983374
1548340551.300700 0.0430233 -0.0514902 0.2622825 -0.0262455 -0.0610080 -0.0000198 0.9977922
1548340551.535550 0.0137822 -0.0721601 0.3554850 -0.0285490 -0.0660010 -0.0166771 0.9972717
1548340551.803680 -0.0022116 -0.0974750 0.4626424 -0.0270241 -0.0519942 -0.0185340 0.9981096
1548340552.104420 -0.0101855 -0.1143875 0.6016833 -0.0349612 -0.0599638 -0.0141830 0.9974873
1548340552.305870 -0.0064827 -0.1388637 0.7028537 -0.0474760 -0.0776521 -0.0171876 0.9957012
1548340552.473500 -0.0079138 -0.1553553 0.7805267 -0.0563308 -0.0848377 -0.0284723 0.9943936
1548340552.708110 -0.0185113 -0.1783224 0.8841088 -0.0635962 -0.0852562 -0.0309721 0.9938449
1548340552.875650 -0.0331433 -0.1854563 0.9487994 -0.0650754 -0.0857019 -0.0327333 0.9936543
1548340553.210920 -0.0852302 -0.1962675 1.0844433 -0.0769061 -0.0751675 -0.0559326 0.9926262
1548340553.412070 -0.1079997 -0.1937471 1.1669573 -0.0825831 -0.0672125 -0.0631938 0.9923050
1548340553.579720 -0.1172156 -0.1924548 1.2362565 -0.0846811 -0.0597879 -0.0688091 0.9922298
1548340553.780850 -0.1199191 -0.1878233 1.3178122 -0.0961387 -0.0583780 -0.0701465 0.9911755
1548340553.881470 -0.1226191 -0.1845737 1.3588611 -0.1041092 -0.0558894 -0.0711636 0.9904410
1548340554.116380 -0.1346998 -0.1768785 1.4388648 -0.1148838 -0.0643049 -0.0833240 0.9877873
1548340554.417990 -0.1535855 -0.1650761 1.5096012 -0.1159134 -0.0611818 -0.1000318 0.9863136
1548340554.619200 -0.1588104 -0.1564404 1.5414355 -0.1240127 -0.0570328 -0.1041784 0.9851472
1548340554.788010 -0.1626632 -0.1447320 1.5635310 -0.1347486 -0.0602258 -0.1095789 0.9829589
1548340555.056220 -0.1608537 -0.1330145 1.5917112 -0.1443206 -0.0593464 -0.1130086 0.9812638
1548340555.123270 -0.1586065 -0.1319432 1.5979984 -0.1452858 -0.0594303 -0.1126518 0.9811574
1548340555.459130 -0.1577480 -0.1272833 1.6193709 -0.1491648 -0.0640741 -0.1172730 0.9797405
1548340555.526160 -0.1599149 -0.1266513 1.6221043 -0.1529436 -0.0640181 -0.1180738 0.9790652
1548340555.593230 -0.1622655 -0.1248165 1.6233246 -0.1547892 -0.0671551 -0.1188636 0.9784692
1548340555.760410 -0.1679057 -0.1197511 1.6225122 -0.1514966 -0.0729214 -0.1272560 0.9775158
1548340555.925620 -0.1667576 -0.1178858 1.6219122 -0.1514436 -0.0810822 -0.1284997 0.9767181
1548340557.133070 -0.1123838 -0.1613910 1.4516815 -0.1189892 -0.0741401 -0.0859904 0.9863825
1548340557.568120 -0.0899553 -0.1793419 1.2938230 -0.0805484 -0.0363705 -0.0762412 0.9931649
1548340557.869670 -0.0688924 -0.1748534 1.1671171 -0.0624033 -0.0245384 -0.0535891 0.9963092
1548340558.003710 -0.0627336 -0.1670269 1.1108341 -0.0601258 -0.0281061 -0.0483627 0.9966223
1548340558.338180 -0.0339692 -0.1472457 0.9621398 -0.0434343 -0.0200663 -0.0391134 0.9980887
1548340558.472330 -0.0221663 -0.1400367 0.9064666 -0.0421883 -0.0122182 -0.0355338 0.9984028
1548340558.639850 -0.0188307 -0.1244747 0.8394434 -0.0490783 -0.0071059 -0.0240762 0.9984794
1548340558.974990 -0.0242488 -0.0986566 0.6927464 -0.0364776 0.0020973 -0.0158054 0.9992073
1548340559.377400 -0.0485745 -0.0559903 0.4971192 -0.0232424 0.0369651 -0.0019997 0.9990442
1548340559.512320 -0.0695851 -0.0428940 0.4492600 -0.0174702 0.0290074 -0.0039908 0.9994186
1548340559.679470 -0.0955655 -0.0343793 0.3910609 -0.0079648 -0.0017364 -0.0238037 0.9996834
1548340559.813300 -0.1019712 -0.0203868 0.3408086 -0.0016138 -0.0234679 -0.0413418 0.9988682
1548340560.617810 -0.1709140 0.0318159 0.1309936 0.0013682 -0.0152459 -0.0593907 0.9981174
1548340560.751550 -0.1978046 0.0479203 0.0957967 0.0053534 0.0004235 -0.0567375 0.9983747
1548340561.019720 -0.2368584 0.0622078 0.0552678 -0.0155449 0.0108778 -0.0227187 0.9995619
1548340561.288000 -0.2717436 0.0597639 0.0260321 -0.0194556 0.0027787 -0.0236144 0.9995279
1548340561.622840 -0.3111834 0.0607434 -0.0321803 -0.0134750 -0.0289485 -0.0384783 0.9987491
1548340561.958010 -0.3897798 0.0609136 -0.0948760 0.0037919 0.0146204 -0.0368279 0.9992075
1548340562.293400 -0.4434530 0.0711852 -0.1569234 -0.0187411 0.0125697 -0.0149499 0.9996336
1548340563.064720 -0.4262998 0.0876499 -0.3453447 -0.0144273 0.0221894 0.0113880 0.9995848
1548340563.232230 -0.4277687 0.0972261 -0.3894888 -0.0099643 0.0281527 0.0101324 0.9995027
1548340563.667590 -0.4662052 0.1540585 -0.5231633 -0.0154681 0.0598116 0.0271676 0.9977201
1548340564.505620 -0.4581807 0.2364177 -0.6746675 -0.0045943 0.0996418 0.0621864 0.9930676
1548340564.672960 -0.4584643 0.2336541 -0.7158884 -0.0054722 0.0871164 0.0502307 0.9949159
1548340564.840150 -0.4677210 0.2358757 -0.7671894 -0.0028653 0.0702270 0.0391827 0.9967571
1548340565.007780 -0.4740849 0.2334237 -0.8258933 -0.0054667 0.0623378 0.0344737 0.9974446
1548340565.175510 -0.4840743 0.2444962 -0.9011097 -0.0037883 0.0557505 0.0370464 0.9977500
1548340565.343430 -0.4964697 0.2392992 -0.9571593 -0.0064822 0.0593024 0.0342680 0.9976307
1548340565.745600 -0.4956650 0.2681018 -1.0875206 -0.0022178 0.0826617 0.0271563 0.9962052
1548340565.946520 -0.4947434 0.2861882 -1.1344010 -0.0142073 0.0569449 0.0296767 0.9978350
1548340566.147550 -0.4687070 0.2967196 -1.2039526 -0.0195096 0.0340541 0.0329175 0.9986872
1548340566.348490 -0.4597589 0.2912395 -1.2742401 -0.0182109 0.0473030 0.0224379 0.9984625
1548340566.884670 -0.4817530 0.3701704 -1.4607489 -0.0187612 0.0230352 0.0119674 0.9994870
1548340567.085720 -0.4817662 0.3890144 -1.5062317 -0.0290859 0.0381154 0.0154300 0.9987308
1548340567.286930 -0.4634397 0.4012003 -1.5722803 -0.0133924 0.0343575 0.0259076 0.9989840
1548340567.488100 -0.4419028 0.4048006 -1.6349781 -0.0235170 0.0317194 0.0283948 0.9988166
1548340567.689250 -0.4377987 0.3633475 -1.7075007 -0.0274628 0.0168553 0.0263220 0.9991341
1548340567.856840 -0.3645919 0.3412313 -1.7972221 -0.0241016 0.0218454 0.0232407 0.9992006
1548340568.124830 -0.4447942 0.3508557 -1.9099306 0.0059049 0.0468799 0.0024749 0.9988800
1548340568.359250 -0.4410562 0.3819561 -2.0055969 0.0057638 0.0454734 0.0038056 0.9989417
1548340568.593860 -0.4546644 0.3802327 -2.0738997 0.0008651 0.0524104 0.0035092 0.9986191
1548340568.828510 -0.4690752 0.3879309 -2.1408770 0.0008549 0.0503236 0.0050530 0.9987198
1548340569.063150 -0.4582936 0.4021819 -2.2323403 0.0138954 0.0367223 -0.0053099 0.9992148
1548340569.331590 -0.4404093 0.4289370 -2.3229234 0.0116370 0.0394427 -0.0035487 0.9991478
1548340569.566190 -0.4328630 0.4324801 -2.4043021 0.0200468 0.0361392 0.0061456 0.9991268
1548340569.834160 -0.4253697 0.4667833 -2.5158548 0.0237407 0.0345090 0.0086609 0.9990848
1548340570.102370 -0.4456061 0.4889165 -2.6067758 0.0107302 0.0518542 0.0064136 0.9985764
1548340570.370510 -0.4526302 0.5082200 -2.6948631 0.0148791 0.0568437 0.0096754 0.9982253
1548340570.639110 -0.4222586 0.5517669 -2.7761035 0.0122900 0.0574666 0.0101912 0.9982198
1548340570.907460 -0.4154343 0.5475221 -2.8220625 -0.0079814 0.0473375 0.0082620 0.9988129
1548340571.342890 -0.4068522 0.5666963 -2.9480228 0.0043538 0.0431948 0.0194550 0.9988678
1548340571.611000 -0.4100731 0.5795409 -3.0122616 -0.0010410 0.0641437 0.0303180 0.9974795
1548340571.879010 -0.4431601 0.5827671 -3.0816770 0.0115375 0.0725091 0.0294046 0.9968675
1548340572.147140 -0.4258614 0.5999361 -3.1484761 0.0290803 0.0604151 0.0235575 0.9974715
1548340572.448070 -0.3869435 0.6220784 -3.1596980 0.0235104 0.0571492 0.0218381 0.9978498
1548340572.749880 -0.4023829 0.6026559 -3.1333914 0.0254459 0.0434839 0.0201281 0.9985272
1548340573.855600 -0.4394911 0.5372391 -2.8552115 0.0148619 0.0585068 0.0200270 0.9979755
1548340574.157200 -0.3936313 0.5111359 -2.7591028 0.0171720 0.0299612 -0.0039993 0.9993955
1548340574.492550 -0.3598745 0.4984425 -2.6050432 0.0009755 0.0153187 -0.0090024 0.9998417
1548340574.827950 -0.3337110 0.4615176 -2.4223137 -0.0054701 0.0329849 0.0028464 0.9994369
1548340575.162570 -0.3353902 0.4319438 -2.2519963 -0.0109565 0.0382812 0.0017738 0.9992054
1548340575.498140 -0.3288293 0.4030829 -2.0545676 -0.0187519 0.0214198 -0.0020087 0.9995927
1548340575.866490 -0.2861876 0.3497259 -1.8569642 -0.0242608 0.0012329 0.0015028 0.9997038
1548340576.235620 -0.2617854 0.3001298 -1.6530743 -0.0377950 0.0100207 0.0010886 0.9992347
1548340576.604290 -0.2607386 0.2648126 -1.4378989 -0.0471119 0.0111548 0.0139758 0.9987296
1548340577.006080 -0.2565427 0.2228441 -1.1978495 -0.0496191 0.0064673 0.0199059 0.9985489
1548340577.408230 -0.2700362 0.1727370 -1.0107919 -0.0430054 -0.0045353 0.0224521 0.9988123
1548340577.877360 -0.3290464 0.1177442 -0.8305441 -0.0188833 0.0370427 0.0504847 0.9978590
1548340578.280470 -0.3542956 0.0804579 -0.7187007 0.0040373 0.0612805 0.0564359 0.9965156
1548340578.715950 -0.3316827 0.0447592 -0.5000470 0.0010258 0.0612741 0.0434777 0.9971731
1548340579.151500 -0.2875974 -0.0040725 -0.2812117 -0.0177507 0.0567986 0.0365913 0.9975570
1548340579.620360 -0.2308884 -0.0682613 -0.0632934 -0.0260237 0.0655121 0.0227482 0.9972529
1548340580.156790 -0.1183725 -0.1397856 0.1901449 -0.0364005 0.0236511 0.0185938 0.9988843
1548340580.659570 -0.0738951 -0.2012942 0.4221650 -0.0366404 -0.0495191 -0.0185000 0.9979294
1548340581.162320 -0.0709634 -0.2442430 0.6715958 -0.0558409 -0.0776234 -0.0388404 0.9946597
1548340581.698450 -0.0754405 -0.2340630 0.9354037 -0.0747058 -0.0956395 -0.0388362 0.9918487
1548340582.100370 -0.0724112 -0.2363005 1.1496601 -0.1028934 -0.1012275 -0.0628210 0.9875320
1548340582.402280 -0.0997486 -0.2007185 1.2515000 -0.1034564 -0.1003875 -0.0874922 0.9856796
1548340582.704140 -0.1113286 -0.1718832 1.3428385 -0.1090581 -0.0651443 -0.0820689 0.9884974
1548340582.972270 -0.1262447 -0.1593838 1.3889910 -0.1046085 -0.0681410 -0.0756418 0.9892887
1548340583.240480 -0.1389752 -0.1486561 1.4256586 -0.1079237 -0.0713560 -0.0854735 0.9879044
1548340583.542140 -0.1439825 -0.1347858 1.4709376 -0.1214796 -0.0622200 -0.0986650 0.9857163
1548340583.877350 -0.1575267 -0.1216133 1.5128320 -0.1218983 -0.0529312 -0.1202435 0.9838092
1548340584.079380 -0.1752892 -0.0973580 1.5287212 -0.1338276 -0.0474497 -0.1484047 0.9786801
1548340584.280470 -0.1875153 -0.0791079 1.5157087 -0.1400591 -0.0480887 -0.1584776 0.9761945
1548340584.448040 -0.1879878 -0.0856962 1.4828868 -0.1341582 -0.0571367 -0.1436145 0.9788319
1548340584.649220 -0.1827913 -0.1018026 1.4295417 -0.1150797 -0.0602606 -0.1236451 0.9837872
1548340584.950830 -0.1625066 -0.1255207 1.3188043 -0.0867225 -0.0660938 -0.1017120 0.9888203
1548340585.251100 -0.1415462 -0.1387320 1.1774355 -0.0565828 -0.0563440 -0.0932057 0.9924396
1548340585.652740 -0.1103255 -0.1664200 0.9832834 -0.0328654 -0.0495316 -0.0806411 0.9949691
1548340586.223020 -0.0669527 -0.1869360 0.7091215 0.0139266 -0.0608908 -0.0712538 0.9955005
1548340586.859730 -0.0709597 -0.1734102 0.4171327 0.0261853 -0.0153244 -0.0351167 0.9989226
1548340587.496370 -0.1263037 -0.1294056 0.1668760 0.0373677 -0.0169386 -0.0409617 0.9983180
1548340588.133160 -0.1781944 -0.1502866 -0.0713460 0.0168369 -0.0192096 -0.0049551 0.9996614
1548340588.769980 -0.2732483 -0.1137443 -0.2782039 0.0236628 0.0437877 0.0070189 0.9987359
1548340589.406510 -0.2878289 -0.1032573 -0.2961297 0.0230537 0.0378474 0.0172057 0.9988694
1548340590.043360 -0.2763937 -0.0647641 -0.3747378 0.0288342 0.0765289 0.0404225 0.9958303
1548340590.713580 -0.3771014 -0.0308549 -0.5112630 0.0314497 0.0865537 0.0097584 0.9957029
1548340591.384170 -0.4170701 0.0050759 -0.6332292 0.0358946 0.0387534 0.0152977 0.9984868
1548340592.054820 -0.4266796 0.0248996 -0.8531058 0.0499067 0.0108233 0.0291036 0.9982711
1548340592.691380 -0.3386165 0.0511246 -1.0074651 0.0165373 -0.0135511 0.0342609 0.9991843
1548340593.328100 -0.3114895 0.0868477 -1.2130986 0.0134596 -0.0129588 0.0442325 0.9988466
1548340593.964950 -0.3106360 0.1667049 -1.4823129 0.0198738 0.0580253 0.0656659 0.9959549
1548340594.567940 -0.2943212 0.2460564 -1.7494445 0.0129046 0.0486857 0.0613453 0.9968450
1548340595.171040 -0.3971810 0.3354352 -2.0032692 0.0044752 0.0539381 0.0530160 0.9971259
1548340595.740590 -0.4227399 0.4155924 -2.2604518 0.0052306 0.0339309 0.0392694 0.9986387
1548340596.377820 -0.5137726 0.5193979 -2.4872532 -0.0053899 0.0196784 0.0285965 0.9993828
1548340596.947230 -0.5047598 0.5803530 -2.7079291 -0.0001683 0.0197922 0.0380176 0.9990811
1548340597.551020 -0.5614659 0.6099289 -2.9487739 0.0337024 0.0443066 0.0462366 0.9973782
1548340598.154280 -0.5729662 0.6507379 -3.0997376 0.0200982 0.0506138 0.0316978 0.9980128
1548340598.723980 -0.5302439 0.6926008 -3.1785231 0.0095291 0.0476693 0.0203841 0.9986097
1548340599.327220 -0.5274150 0.6841460 -3.1349459 0.0180171 0.0528872 0.0284795 0.9980317
1548340599.897130 -0.5159812 0.6988492 -3.0106087 0.0187639 0.0896234 0.0284767 0.9953917
1548340600.466790 -0.4253045 0.6544778 -2.7912979 -0.0101305 0.0518950 0.0166367 0.9984626
1548340601.070530 -0.3939745 0.5811456 -2.4808738 -0.0332637 0.0558509 0.0073752 0.9978576
1548340601.740490 -0.3507801 0.4879991 -2.1096082 -0.0294734 0.0060547 0.0111056 0.9994856
1548340602.410290 -0.3537202 0.3653176 -1.7175779 -0.0197209 -0.0128687 0.0103312 0.9996693
1548340602.980420 -0.3857078 0.2529410 -1.4004769 0.0011746 0.0100687 0.0363046 0.9992894
1548340603.818170 -0.3806797 0.1357684 -0.8882030 0.0092250 0.0521476 0.0526097 0.9972100
1548340604.522200 -0.3459490 0.0897549 -0.5311700 0.0187718 0.1653525 0.0582762 0.9843323
1548340605.459970 -0.1475387 -0.0300886 -0.0493428 0.0093930 0.0959829 0.0412872 0.9944820
1548340606.130800 -0.0765725 -0.0821335 0.3157191 -0.0037946 0.0072129 -0.0078952 0.9999356
1548340606.197740 -0.0554335 -0.0916403 0.3562607 -0.0091655 -0.0096900 -0.0122720 0.9998358
1548340606.935090 0.0263984 -0.1496565 0.6356342 -0.0024182 -0.0455352 -0.0650001 0.9968429
1548340607.940280 0.0731420 -0.1878213 0.7854975 -0.0282862 -0.0541928 -0.0732862 0.9954357
