1548340301.917970 0.000000000 0.000000000 0.000000000 0.000000000 0.000000000 0.000000000 1.000000000
1548340301.951310 -0.052705038 -0.001145007 0.001979714 -0.000491962 0.008382029 -0.002436633 0.999961734
1548340301.984230 -0.100997657 -0.001627957 0.010872798 -0.001073540 0.016383471 -0.004347873 0.999855757
1548340302.017590 -0.139524072 -0.001380390 0.025425743 -0.002000934 0.022271108 -0.006140812 0.999731123
1548340302.051260 -0.136797413 -0.002719267 0.008646126 -0.001643143 0.020862482 -0.006319288 0.999761045
1548340302.084900 -0.212775946 0.010423318 0.016137715 -0.000153283 0.031468984 -0.009453760 0.999459982
1548340302.118440 -0.161775321 0.003916266 0.004296718 -0.000149619 0.023560718 -0.007825798 0.999691784
1548340302.151930 -0.168468595 0.005046216 -0.005795149 -0.000017512 0.023475708 -0.006177450 0.999705315
1548340302.185450 -0.019759607 0.011330854 -0.006508576 0.003597515 0.002476188 -0.000328389 0.999990404
1548340302.218990 -0.030305197 0.036284693 -0.007355786 0.007512094 0.003562322 -0.002876964 0.999961317
1548340302.252500 -0.045951549 0.035537414 -0.004047128 0.007163484 0.005558017 -0.004148044 0.999950290
1548340302.286020 -0.061133374 0.035061054 -0.000562774 0.006911424 0.008299780 -0.005373268 0.999927223
1548340302.319510 -0.074173465 0.028335648 0.003669172 0.005942929 0.010777297 -0.004890723 0.999912322
1548340302.353030 -0.082688071 0.031029567 -0.000779723 0.006851668 0.011233988 -0.005093958 0.999900460
1548340302.386550 -0.092346415 0.033098720 0.002770839 0.007163892 0.012966646 -0.005115766 0.999877155
1548340302.420060 -0.085780725 0.028902842 -0.000712313 0.006255567 0.011671622 -0.006226581 0.999892950
1548340302.453600 -0.085994169 0.039027344 -0.008496260 0.008306284 0.011245202 -0.005993385 0.999884307
1548340302.487140 -0.083939105 0.033958483 -0.002462005 0.007741870 0.010914143 -0.005870839 0.999893248
1548340302.521370 -0.076637112 0.032449830 -0.003049367 0.007650762 0.009454046 -0.005761620 0.999909461
1548340302.554900 -0.078317471 0.026836498 0.000247332 0.006894034 0.009825910 -0.005772127 0.999911308
1548340302.588420 -0.070785969 0.037088115 -0.008029327 0.009745825 0.008087069 -0.004738194 0.999908566
1548340302.621950 -0.068374664 0.032010518 -0.010139122 0.008657550 0.006860307 -0.006077400 0.999920547
1548340302.655570 -0.082551137 0.021703096 -0.008496547 0.006919361 0.009236560 -0.005857993 0.999916255
1548340302.688990 -0.112021439 0.013885581 0.000957270 0.005141727 0.014048624 -0.006740493 0.999865353
1548340302.722510 -0.125157893 0.013238893 -0.000481474 0.005358928 0.015404527 -0.007226133 0.999840856
1548340302.756020 -0.167946741 -0.002497198 0.008965494 0.001885036 0.021773504 -0.009730698 0.999713778
1548340302.789540 -0.173649609 0.037783846 0.017073341 0.007740688 0.023299038 -0.011779370 0.999629200
1548340302.823070 -0.197335958 0.025484869 0.041211534 0.003765196 0.027688116 -0.014370183 0.999506235
1548340302.856570 -0.223008454 0.043306146 0.031904459 0.010347463 0.030775193 -0.007696186 0.999443114
1548340302.890090 -0.247802839 0.038922384 0.029583160 0.009033451 0.033786029 -0.009451199 0.999343574
1548340302.923590 -0.278272688 0.035289228 0.037376970 0.007295836 0.038552932 -0.010772111 0.999171853
1548340302.957110 -0.314855576 0.028619327 0.044588506 0.004300351 0.044340283 -0.013556255 0.998915255
1548340302.990610 -0.356638908 -0.009576705 0.059495252 -0.004198395 0.049940284 -0.016561894 0.998606086
1548340303.024130 -0.345775545 0.001619071 0.091148943 -0.002952244 0.050284568 -0.015672464 0.998607576
1548340303.057620 -0.405274719 0.011292509 0.046059228 0.003580256 0.054427799 -0.005423199 0.998496592
1548340303.091130 -0.455533832 0.014091567 0.022783365 0.000402591 0.057817131 -0.011279416 0.998263419
1548340303.124600 -0.320908934 0.015623580 0.067647584 0.001474630 -0.006408900 -0.019291481 0.999792278
1548340303.158110 -0.467542946 -0.060276840 0.082102738 -0.027875086 0.041255675 -0.025784826 0.998426795
1548340303.191610 -0.307424963 0.037769914 0.044668440 0.012049838 -0.026524177 -0.033420961 0.999016702
1548340303.225110 -0.404799461 -0.038085811 0.045939464 -0.019795153 0.001330416 -0.026357628 0.999455690
1548340303.258580 -0.376339227 0.071545452 0.074813224 0.017619258 -0.016752362 -0.019379750 0.999516547
1548340303.291970 -0.379846066 0.125873387 0.072988905 0.036573503 -0.020591257 -0.014403145 0.999014974
1548340303.325400 -0.347671181 0.402587354 0.191463515 0.147878826 -0.037556525 -0.020175269 0.988086224
1548340303.358890 -0.751030982 0.497625440 0.203658745 0.178563803 0.105368890 0.019919245 0.978067279
1548340303.392380 -1.013918638 0.095183760 0.219729751 0.057240319 0.197038785 0.074739963 0.975865364
1548340303.425900 -1.026519775 0.092254542 0.230169818 0.056421980 0.199430183 0.074017525 0.975482225
1548340303.459420 -1.039195657 0.091799416 0.235482350 0.057383921 0.201586112 0.073550843 0.975018144
1548340303.492960 -1.055104852 0.089240171 0.242758334 0.057067506 0.205156133 0.074446477 0.974223793
1548340303.526470 -1.063754916 0.085802890 0.248700500 0.056336168 0.207224816 0.074115865 0.973853648
1548340303.559990 -1.068741560 0.080459572 0.251047790 0.055480264 0.207905039 0.074215487 0.973750234
1548340303.593530 -1.079902768 0.078919314 0.254995793 0.055907682 0.210514277 0.074851923 0.973116279
1548340303.627020 -1.076844454 0.073768325 0.245481625 0.054897945 0.209680021 0.072379760 0.973540783
1548340303.660510 -1.083155751 0.069912583 0.250943780 0.054326281 0.211385310 0.072378792 0.973204076
1548340303.693990 -1.088368058 0.058841798 0.256492198 0.052668821 0.212643281 0.071628481 0.973076642
1548340303.727490 -1.093732834 0.053011030 0.265948623 0.051114175 0.214641750 0.070856646 0.972777247
1548340303.761010 -1.100197434 0.070099689 0.251013964 0.054744400 0.214968309 0.070951864 0.972500682
1548340303.794540 -1.118753910 0.086005241 0.241758943 0.059216436 0.218651623 0.068600982 0.971585691
1548340303.828090 -1.122627258 0.066006519 0.265511006 0.054538764 0.219199225 0.069695279 0.971658289
1548340303.861610 -1.120029926 0.049968749 0.278027207 0.051478188 0.219825596 0.070304535 0.971639812
1548340303.895200 -1.171986222 0.068482444 0.302153379 0.055663876 0.229434267 0.069168359 0.969266295
1548340303.928710 -1.173380733 0.058483496 0.326821685 0.053282484 0.232170209 0.071015343 0.968614876
1548340303.962260 -1.203176975 0.055589683 0.339384139 0.053092699 0.238368183 0.070457146 0.967159510
1548340303.995670 -1.214384079 0.071116716 0.341557562 0.055957727 0.239130303 0.065440603 0.967162311
1548340304.029190 -1.246187806 0.110682972 0.359615564 0.065428421 0.244792953 0.064766981 0.965194643
1548340304.062700 -1.248721957 0.097367398 0.362018019 0.062443815 0.239101291 0.062359810 0.966975987
1548340304.096220 -1.274338365 0.093818232 0.376594990 0.062110528 0.244268522 0.062099379 0.965721965
1548340304.129980 -1.310931802 0.079542279 0.398882806 0.059767757 0.251388371 0.062386710 0.964022636
1548340304.163500 -1.348810315 0.069163196 0.418295562 0.058514837 0.257800192 0.059961013 0.962558985
1548340304.197040 -1.375884295 0.062486030 0.444000781 0.057525065 0.263056993 0.059749998 0.961208522
1548340304.230740 -1.424960136 0.065385818 0.446064413 0.059293739 0.271174401 0.054053634 0.959180355
1548340304.264070 -1.469250321 0.064125769 0.474128664 0.059409689 0.279245198 0.051692463 0.956985116
1548340304.297590 -1.510621428 0.064802513 0.503053546 0.060016543 0.287009865 0.050465833 0.954712808
1548340304.331080 -1.442080736 0.062622689 0.446101248 0.059206780 0.273166776 0.052551214 0.958703756
1548340304.364340 -1.404660940 0.074600920 0.425302416 0.061012603 0.266008288 0.053978197 0.960522473
1548340304.397840 -1.414460063 0.074237801 0.432016224 0.060882907 0.267802417 0.053494830 0.960059047
1548340304.431360 -1.403574944 0.077530079 0.427633375 0.061388768 0.265621066 0.054239925 0.960590899
1548340304.464870 -1.412125826 0.073183656 0.434091359 0.060651738 0.266856492 0.054182712 0.960298538
1548340304.498390 -1.421808124 0.068764843 0.437539220 0.059520878 0.268319398 0.053334434 0.960009038
1548340304.531900 -1.433287621 0.071807042 0.441422343 0.060003441 0.270289332 0.053775184 0.959401608
1548340304.565440 -1.416033626 0.072562911 0.428010046 0.059885085 0.266069025 0.052761111 0.960644186
1548340304.598960 -1.400167942 0.063208707 0.431319177 0.057724211 0.264052719 0.054522302 0.961234331
1548340304.632470 -1.404583097 0.061039954 0.435481906 0.057280049 0.264913917 0.054438401 0.961028636
1548340304.665990 -1.416598797 0.065706991 0.429747224 0.057794314 0.264964193 0.053114917 0.961058080
1548340304.699480 -1.408487439 0.063115098 0.423943311 0.057068497 0.262752950 0.053496409 0.961687148
1548340304.732940 -1.439812183 0.061202757 0.452905297 0.056641266 0.269214451 0.053198446 0.959940255
1548340304.766520 -1.436157584 0.057177629 0.449426055 0.055852555 0.268467903 0.053335436 0.960187912
1548340304.800050 -1.445423245 0.057084095 0.455647022 0.056019250 0.269674838 0.053163424 0.959849417
1548340304.833570 -1.434049964 0.050639879 0.447454572 0.054627985 0.267771393 0.053063627 0.960467875
1548340304.867100 -1.450416923 0.046362307 0.460726351 0.053648811 0.271043360 0.053207990 0.959596872
1548340304.900620 -1.431437731 0.037399646 0.441873521 0.051860653 0.267422885 0.054068893 0.960662305
1548340304.934070 -1.393381238 0.078807883 0.409937114 0.059540480 0.259162217 0.054510064 0.962454438
1548340304.967590 -1.396104693 0.051680949 0.411208063 0.054732628 0.260386288 0.054630499 0.962402642
1548340305.001100 -1.383092880 0.072421454 0.402402967 0.058288082 0.257771134 0.054987669 0.962877393
1548340305.034680 -1.391865015 0.076240756 0.408963352 0.059225705 0.259335399 0.054977357 0.962400615
1548340305.068200 -1.384277463 0.072655365 0.402133524 0.058617320 0.257846177 0.055169020 0.962826967
1548340305.101710 -1.395380855 0.073283948 0.406486183 0.058964323 0.260023534 0.054758668 0.962243438
1548340305.135170 -1.361142278 0.083500147 0.394010574 0.060245339 0.254133999 0.055503517 0.963693798
1548340305.168740 -1.362277865 0.079766318 0.397559375 0.059306398 0.254580259 0.055963416 0.963607669
1548340305.202260 -1.372021437 0.076544657 0.402241886 0.058933329 0.256289244 0.055404000 0.963209808
1548340305.235780 -1.396959424 0.069168493 0.428218305 0.058524035 0.263361722 0.055077005 0.961343884
1548340305.269290 -1.398098230 0.060485363 0.427743971 0.057156745 0.263670564 0.055192955 0.961334825
1548340305.302750 -1.399948716 0.060225610 0.429680079 0.057390846 0.264024585 0.055418029 0.961210787
1548340305.336270 -1.400955677 0.063385621 0.430549741 0.058124442 0.264278024 0.055552907 0.961089253
1548340305.369780 -1.406187892 0.065722443 0.428648740 0.058861624 0.264898181 0.055379122 0.960883677
1548340305.403290 -1.418823600 0.066476099 0.432941318 0.059099991 0.266949683 0.054728922 0.960338414
1548340305.436550 -1.406182885 0.067692488 0.426943779 0.059005097 0.264892131 0.055020414 0.960897148
1548340305.470040 -1.401983738 0.062591791 0.430424422 0.057946112 0.264382243 0.055620383 0.961067498
1548340305.503560 -1.421394587 0.061172061 0.433697015 0.057916902 0.267295778 0.054504018 0.960326970
1548340305.537070 -1.405314088 0.061160177 0.426338106 0.057853598 0.264533669 0.054743566 0.961081684
1548340305.570560 -1.400338173 0.057157751 0.426276624 0.056833651 0.263830215 0.055099849 0.961315513
1548340305.604070 -1.406060457 0.057145521 0.429726779 0.056775969 0.264598399 0.055038612 0.961111307
1548340305.637590 -1.401568651 0.060864899 0.426290035 0.057623059 0.263787031 0.054794956 0.961297810
1548340305.671110 -1.382451296 0.067011118 0.418596536 0.058633436 0.260510474 0.055991944 0.962060988
1548340305.704650 -1.396937370 0.057355173 0.426229656 0.056755707 0.263243914 0.055319034 0.961468279
1548340305.738140 -1.402446508 0.061096027 0.427808702 0.057478338 0.263993382 0.055253040 0.961223602
1548340305.771640 -1.405877113 0.059836823 0.426983923 0.057561498 0.264520198 0.055679303 0.961049199
1548340305.805150 -1.400369048 0.064111523 0.428194642 0.058414888 0.263708115 0.056085423 0.961197257
1548340305.838570 -1.401105165 0.060742613 0.428522229 0.057617884 0.263713717 0.055617854 0.961270988
1548340305.872070 -1.402808547 0.060259838 0.429025352 0.057565879 0.263839543 0.055169675 0.961265445
1548340305.905580 -1.397192478 0.066067062 0.427000970 0.058700792 0.262717396 0.056403868 0.961432457
1548340305.939090 -1.405075431 0.059870187 0.426449805 0.057824761 0.263753533 0.056341875 0.961205482
1548340305.972610 -1.400105953 0.063892521 0.430582345 0.058211360 0.262931198 0.055843592 0.961436510
1548340306.006100 -1.399744511 0.064904377 0.426966101 0.058465354 0.262630612 0.055763774 0.961507857
1548340306.039580 -1.398711205 0.060696360 0.423043638 0.057856970 0.262327343 0.056598507 0.961578667
1548340306.073100 -1.401483893 0.062667079 0.424554914 0.058198318 0.262651861 0.056132358 0.961496830
1548340306.106580 -1.395297170 0.061170842 0.425187498 0.057608496 0.261762559 0.055931520 0.961786509
1548340306.140130 -1.402727246 0.058461554 0.428587109 0.057095055 0.262921512 0.055415928 0.961530864
1548340306.173640 -1.398958325 0.059632577 0.426485986 0.057405289 0.262228668 0.055093635 0.961720049
1548340306.207160 -1.399100423 0.060885295 0.426169544 0.057736028 0.262060970 0.055510830 0.961721957
1548340306.240650 -1.396818280 0.062889062 0.423899680 0.058288146 0.261542082 0.055335891 0.961840034
1548340306.274160 -1.397598028 0.062575422 0.425327778 0.057892233 0.261828929 0.055044305 0.961802602
1548340306.307670 -1.397700191 0.063342504 0.427001864 0.057667222 0.261799186 0.054668870 0.961845636
1548340306.341220 -1.396145821 0.071488105 0.424276918 0.058675021 0.261382103 0.054923542 0.961883605
1548340306.374740 -1.389015913 0.065305561 0.426685095 0.057620198 0.260347873 0.054827150 0.962233305
1548340306.408290 -1.389282942 0.066695198 0.425749749 0.057840411 0.260350496 0.055170603 0.962199748
1548340306.441810 -1.398913503 0.060836211 0.426742196 0.056945145 0.261853278 0.054897066 0.961860955
1548340306.475450 -1.400440097 0.059311986 0.428260475 0.056766119 0.262071460 0.055025406 0.961804748
1548340306.509280 -1.406651616 0.060410172 0.429962933 0.056929678 0.262916267 0.054555878 0.961591244
1548340306.542830 -1.401688337 0.067778230 0.430594385 0.058037035 0.262071162 0.054660849 0.961749732
1548340306.576350 -1.404560328 0.064044550 0.427280456 0.057276189 0.262090176 0.054760229 0.961784542
1548340306.609860 -1.401332021 0.064820550 0.426372051 0.057304170 0.261049837 0.054145817 0.962100565
1548340306.643380 -1.404399753 0.059709370 0.432906002 0.056533951 0.261813283 0.053940684 0.961950183
1548340306.676860 -1.398852468 0.066998102 0.429209799 0.057346538 0.260841876 0.053969465 0.962164342
1548340306.709890 -1.397366643 0.060617000 0.432114303 0.055865336 0.260400116 0.054181956 0.962359190
1548340306.743410 -1.400101304 0.061150640 0.429819018 0.055793554 0.260827780 0.053853381 0.962265968
1548340306.776920 -1.399610758 0.064233385 0.433133960 0.055558670 0.261018485 0.054376084 0.962198436
1548340306.810440 -1.400322556 0.061086997 0.436622053 0.054194059 0.261426091 0.054453548 0.962161243
1548340306.843960 -1.412174821 0.060943000 0.436242074 0.053657185 0.263793766 0.054024324 0.961569130
1548340306.877470 -1.402128935 0.064377315 0.439225882 0.053575031 0.262284786 0.054430883 0.961963475
1548340306.910990 -1.405205965 0.057895996 0.439911813 0.052225601 0.263080001 0.054633748 0.961808980
1548340306.944500 -1.390346169 0.057354398 0.433127433 0.051750828 0.260759175 0.054739412 0.962460458
1548340306.978020 -1.394889235 0.062375579 0.435202330 0.052640893 0.261976093 0.054884557 0.962073386
1548340307.011540 -1.394694209 0.059341334 0.435526222 0.052046474 0.262198508 0.055418119 0.962014556
1548340307.045050 -1.399367332 0.049713936 0.440686613 0.050267939 0.263601512 0.055118747 0.961742878
1548340307.078760 -1.401427269 0.057535976 0.441597968 0.051531058 0.264299721 0.054965362 0.961493134
1548340307.112290 -1.395230412 0.060697556 0.438991636 0.051946666 0.263367862 0.055304162 0.961706996
1548340307.145810 -1.395619988 0.060255453 0.442865402 0.051634133 0.264014125 0.055550303 0.961532474
1548340307.179380 -1.399429321 0.057787962 0.445547670 0.051129639 0.265155911 0.055553082 0.961245000
1548340307.212910 -1.393632293 0.065429166 0.439762533 0.052279174 0.264130682 0.056028515 0.961437821
1548340307.246440 -1.397340894 0.056590077 0.443069726 0.050807402 0.265150070 0.056650992 0.961199641
1548340307.279970 -1.406227589 0.058201443 0.449234158 0.051299009 0.266881853 0.055902112 0.960738003
1548340307.313570 -1.412134767 0.059408408 0.452236086 0.051215135 0.268180907 0.055345085 0.960412920
1548340307.347080 -1.412560225 0.057170067 0.454084218 0.050663978 0.268558383 0.055794232 0.960310698
1548340307.380600 -1.410228252 0.059688367 0.452873111 0.051062424 0.268158615 0.056239109 0.960375309
1548340307.414230 -1.409795403 0.058012355 0.454950422 0.050796002 0.268602669 0.056385193 0.960256815
1548340307.448260 -1.413631558 0.056012299 0.456896037 0.050428942 0.269669145 0.056677330 0.959959984
1548340307.481770 -1.409225345 0.055177297 0.452769399 0.050349377 0.268854469 0.057011213 0.960172892
1548340307.515290 -1.409059048 0.055349570 0.452022254 0.050745036 0.268450111 0.057215024 0.960253060
1548340307.548800 -1.406613469 0.057477079 0.448503911 0.051147353 0.267945617 0.056781631 0.960398316
1548340307.582320 -1.400312901 0.060841773 0.446286172 0.051322870 0.267037600 0.056925841 0.960633278
1548340307.615840 -1.402933598 0.059506807 0.447280735 0.051199581 0.267104387 0.057124626 0.960609496
1548340307.649350 -1.401001334 0.066081800 0.449119866 0.052532658 0.266634077 0.056220811 0.960721552
1548340307.682870 -1.390637755 0.060058441 0.441001862 0.051396735 0.264760435 0.056969572 0.961256862
1548340307.716260 -1.376464009 0.068552233 0.428469867 0.052800916 0.261701256 0.057455648 0.961989284
1548340307.749570 -1.357608199 0.067069165 0.414613694 0.052622747 0.258167654 0.058036879 0.962918520
1548340307.783090 -1.325085521 0.064821519 0.387972891 0.051842514 0.252442688 0.060658298 0.964316130
1548340307.816610 -1.289995432 0.057136267 0.376814753 0.049699076 0.247218788 0.063456990 0.965601385
1548340307.850120 -1.399603009 0.074073657 0.446631134 0.053704467 0.266761243 0.056684054 0.960594237
1548340307.883640 -1.421499729 0.067975901 0.454040140 0.053030208 0.270822704 0.056395438 0.959511518
1548340307.917150 -1.389388680 0.064482383 0.433076143 0.052351620 0.264670819 0.058599122 0.961132050
1548340307.950670 -1.367686033 0.068084091 0.417295426 0.052934065 0.260675371 0.058820978 0.962177992
1548340307.984190 -1.343452930 0.059623841 0.399092734 0.051662229 0.256278902 0.060750298 0.963307619
1548340308.017700 -1.374290466 0.075091138 0.416957706 0.054859903 0.261739552 0.059647348 0.961730182
1548340308.051220 -1.398149252 0.068057254 0.432203919 0.053843360 0.266202629 0.058089916 0.960657358
1548340308.084750 -1.371203780 0.081874266 0.426585317 0.056055207 0.261564761 0.059282150 0.961731374
1548340308.118280 -1.392787218 0.082721129 0.433663160 0.056333024 0.265515447 0.058839507 0.960659146
1548340308.151790 -1.387315869 0.082317889 0.439377129 0.056376930 0.264813662 0.059483454 0.960810602
1548340308.185300 -1.362114668 0.097058564 0.418389797 0.059554197 0.259434700 0.058479086 0.962147117
1548340308.218820 -1.318387389 0.086713158 0.390757471 0.057457544 0.251646250 0.062245745 0.964104891
1548340308.252330 -1.314433932 0.105348319 0.401354134 0.060607757 0.251157612 0.062488887 0.964023709
1548340308.285830 -1.284958363 0.103494942 0.392779708 0.059719369 0.246523350 0.063142672 0.965232015
1548340308.319290 -1.273896933 0.110370778 0.384947211 0.060427554 0.244729236 0.065237284 0.965505123
1548340308.352770 -1.255891085 0.113603100 0.379239053 0.060743704 0.241790012 0.066314138 0.966152251
1548340308.386210 -1.256252289 0.117207982 0.368016362 0.060603440 0.242378876 0.067279100 0.965946794
1548340308.419720 -1.242197394 0.116240025 0.363120943 0.059584551 0.239987150 0.067165770 0.966615021
1548340308.453240 -1.226387382 0.117017865 0.364422083 0.059932157 0.237874284 0.068188980 0.967044055
1548340308.486720 -1.231026649 0.122590087 0.349086553 0.061801270 0.238473982 0.070316330 0.966626287
1548340308.520240 -1.223091125 0.115970485 0.349196553 0.059503477 0.237746343 0.073529623 0.966710627
1548340308.553730 -1.213479042 0.113777354 0.349996120 0.058952600 0.236024454 0.074231498 0.967112601
1548340308.587240 -1.187853813 0.123497650 0.335413396 0.060697068 0.231475472 0.071788944 0.968287826
1548340308.620760 -1.192202210 0.121239953 0.348422676 0.060545385 0.232471466 0.071269840 0.968097031
1548340308.654270 -1.174059510 0.120563038 0.346771389 0.060336210 0.229526311 0.070800208 0.968846977
1548340308.687790 -1.172779441 0.109967373 0.350917041 0.058364477 0.229884744 0.071328454 0.968844056
1548340308.721290 -1.170376658 0.098618098 0.357128233 0.056371994 0.229418367 0.071488649 0.969060779
1548340308.754740 -1.163260937 0.116447389 0.334875077 0.060071170 0.227943510 0.072874181 0.969083369
1548340308.788260 -1.153677106 0.105558485 0.342075497 0.057593402 0.226680547 0.072706409 0.969542503
1548340308.821770 -1.136400461 0.099960588 0.337533295 0.055942994 0.223942578 0.073086917 0.970246553
1548340308.855030 -1.131808758 0.107664302 0.334054708 0.057150245 0.222932696 0.073420189 0.970383584
1548340308.888130 -1.113296390 0.101401381 0.336017311 0.055851679 0.220220163 0.073709562 0.971056402
1548340308.921650 -1.096562743 0.102494925 0.336165726 0.055179693 0.217777446 0.073481992 0.971662819
1548340308.955170 -1.077170968 0.103229269 0.331054658 0.054582659 0.214961991 0.073989704 0.972284734
1548340308.989100 -1.059829831 0.098615661 0.324202448 0.052677874 0.212428644 0.073238745 0.973003209
1548340309.022610 -1.033124089 0.107180789 0.321267247 0.054105137 0.207835898 0.074399471 0.973828316
1548340309.056130 -1.006146550 0.099852532 0.317840368 0.052414913 0.203744590 0.074088916 0.974808514
1548340309.089590 -0.996375740 0.112572603 0.273816824 0.054165188 0.201489076 0.071943983 0.975342155
1548340309.123110 -0.975567162 0.110981479 0.261507899 0.054467842 0.198073149 0.074410684 0.975839794
1548340309.156620 -0.946699977 0.113041021 0.241648898 0.055653736 0.192299142 0.076595612 0.976758301
1548340309.190140 -0.894536674 0.133218423 0.244259477 0.057232939 0.183681130 0.075940736 0.978375494
1548340309.223660 -0.864395201 0.151217148 0.199473396 0.062100925 0.176179379 0.083670177 0.978827655
1548340309.257170 -0.812407017 0.155993000 0.185011744 0.062618487 0.166617036 0.089304067 0.979970634
1548340309.290690 -0.780546129 0.156647697 0.189258054 0.062088039 0.162538558 0.087220475 0.980876625
1548340309.324200 -0.733726084 0.154724181 0.177593336 0.061428305 0.161617607 0.073231980 0.982213497
1548340309.357720 -0.714016080 0.154870048 0.157267734 0.059682999 0.160922468 0.070804276 0.982613146
1548340309.391290 -0.670165420 0.168473840 0.160702750 0.062685028 0.150594264 0.077466853 0.983560264
1548340309.424800 -0.645267606 0.173461229 0.141727179 0.061045174 0.148036644 0.075456500 0.984207809
1548340309.458320 -0.625550210 0.176730573 0.138549626 0.061311714 0.145213932 0.076068655 0.984564543
1548340309.491840 -0.594407260 0.191066369 0.125509188 0.063598469 0.138994217 0.077709079 0.985188901
1548340309.525370 -0.536790311 0.211072087 0.088572301 0.063629039 0.116930261 0.111375675 0.984821856
1548340309.559110 -0.524833143 0.211967856 0.109918348 0.064450376 0.118687026 0.102871917 0.985483110
1548340309.592670 -0.517870486 0.242008969 0.110588200 0.075194456 0.120833978 0.091759428 0.985558271
1548340309.626180 -0.558466196 0.239017963 0.028928518 0.078065924 0.125270024 0.081140466 0.985712588
1548340309.659700 -0.538745701 0.230358809 0.030135427 0.077849865 0.121969223 0.087748058 0.985577583
1548340309.693260 -0.492123812 0.277579039 0.033892114 0.090109043 0.109953977 0.063803159 0.987785220
1548340309.726780 -0.475804359 0.283081144 0.031128064 0.089223012 0.106749043 0.062584542 0.988295019
1548340309.760300 -0.473531097 0.293148458 0.020661317 0.089290127 0.106644601 0.057783376 0.988592565
1548340309.793860 -0.452235252 0.293605834 0.020907406 0.089846045 0.103604823 0.058147140 0.988844097
1548340309.827330 -0.443874061 0.265342563 0.039681982 0.084078893 0.104038104 0.058096528 0.989308655
1548340309.860850 -0.445284456 0.259193897 0.056106340 0.083542384 0.104485482 0.057024740 0.989369333
1548340309.894360 -0.402976602 0.242264196 0.093264379 0.078659192 0.094633192 0.051111519 0.991082728
1548340309.927830 -0.369721323 0.236353204 0.085061558 0.075522482 0.089296483 0.052146126 0.991767764
1548340309.961340 -0.330522537 0.243795052 0.073508784 0.078073584 0.083521686 0.057966091 0.991750240
1548340309.994870 -0.320720136 0.262393624 0.060260739 0.080716334 0.078925416 0.059811242 0.991805553
1548340310.028420 -0.318112344 0.257903904 0.064778261 0.080493353 0.079712957 0.061426844 0.991661966
1548340310.061900 -0.307806581 0.277315736 0.046548862 0.083785899 0.076935336 0.060642201 0.991656899
1548340310.095420 -0.298650593 0.272812992 0.043661967 0.082944073 0.075688154 0.061567601 0.991766632
1548340310.128980 -0.293473393 0.296241790 0.045663707 0.086796962 0.073846102 0.059499886 0.991701961
1548340310.162540 -0.264245480 0.285360157 0.032808859 0.084994107 0.069533519 0.062544450 0.991982520
1548340310.229600 -0.071512565 0.028280076 0.001923897 0.004684758 0.015102529 0.002752548 0.999871194
1548340310.263110 -0.032465562 0.023909410 0.002439873 0.003841670 0.009102155 0.004091643 0.999942780
1548340310.296630 -0.041104365 0.019970125 -0.001231676 0.003339329 0.010508221 0.004045829 0.999931037
1548340310.330190 -0.080614232 0.010364786 0.008722248 0.001174098 0.016592227 0.002707121 0.999857962
1548340310.363930 -0.054041039 0.001788690 0.005831392 0.000042197 0.012503803 0.003323401 0.999916315
1548340310.397450 -0.057736915 0.007826565 0.003619329 0.001081477 0.013120524 0.003244483 0.999908030
1548340310.431050 -0.058079589 0.012678601 0.003578201 0.002134263 0.013115853 0.003479721 0.999905646
1548340310.464570 -0.058723386 0.000709674 0.006544298 0.000018919 0.013525562 0.003809519 0.999901235
1548340310.498080 -0.037584808 0.020490747 0.007612035 0.003044770 0.010338397 0.003800082 0.999934673
1548340310.531680 -0.041968018 0.029468210 0.005352422 0.004590102 0.010890095 0.003412564 0.999924362
1548340310.565390 -0.040737811 0.008041630 0.010890369 0.001087520 0.010843743 0.004327097 0.999931276
1548340310.598710 -0.063201025 0.004628773 0.012654791 0.000380469 0.014593194 0.003376040 0.999887764
1548340310.632150 -0.035575870 0.013453904 0.004552344 0.002273260 0.010016787 0.004284321 0.999938071
1548340310.665590 -0.046497818 0.009514024 0.008298554 0.001818510 0.011744719 0.004356150 0.999919891
1548340310.699110 -0.028876314 0.015313733 0.002972414 0.002928620 0.008690389 0.004660986 0.999947071
1548340310.732610 -0.021287076 0.031251278 0.001838384 0.005265945 0.007602596 0.003989717 0.999949276
1548340310.766140 -0.032779675 0.019295571 -0.004531211 0.003240282 0.009194634 0.003895015 0.999944866
1548340310.799640 -0.041768424 0.023540031 0.004310182 0.003873286 0.010952267 0.003759798 0.999925435
1548340310.833160 -0.052702375 0.009141518 0.008296632 0.001189168 0.012850855 0.003555239 0.999910355
1548340310.866510 -0.036171559 0.024226651 0.002583675 0.003633085 0.010157201 0.003327783 0.999936283
1548340310.899910 -0.037135333 0.018421354 0.002419260 0.002595865 0.010380150 0.003530704 0.999936521
1548340310.933420 -0.041490771 0.015004102 0.002995056 0.001885752 0.011016517 0.003213214 0.999932349
1548340310.966930 -0.037239119 0.030646700 0.008383036 0.003929605 0.011024650 0.002085069 0.999929309
1548340311.000460 -0.047059845 0.007197059 0.007271545 0.000215154 0.012419912 0.003309334 0.999917388
1548340311.033980 -0.049065650 0.018160909 0.010313866 0.001674469 0.012925052 0.002207564 0.999912620
1548340311.067480 -0.038205966 0.021060150 0.008282968 0.002384289 0.011268218 0.002929075 0.999929368
1548340311.101000 -0.051496759 0.017344369 0.009289648 0.001440217 0.013438622 0.001976372 0.999906719
1548340311.134510 -0.048740048 -0.007532405 0.008250518 -0.002692588 0.012948165 0.003081929 0.999907792
1548340311.167940 -0.055002723 0.009095262 0.015995264 -0.000140122 0.014797130 0.002745280 0.999886751
1548340311.201450 -0.051949181 0.017865656 0.014422691 0.000448963 0.013818561 0.000822879 0.999904096
1548340311.234880 -0.042599976 0.023741154 0.008754141 0.001361052 0.012816842 0.001443426 0.999915898
1548340311.268390 -0.034383405 0.022907093 0.010809682 0.000990505 0.011548430 0.002250746 0.999930322
1548340311.301610 -0.048366677 0.022493662 0.010850064 0.000726143 0.013511547 0.001276593 0.999907613
1548340311.335100 -0.048901860 0.010335389 0.012665219 -0.001196200 0.013832486 0.001330854 0.999902725
1548340311.368600 -0.046017058 0.016149169 0.018421099 -0.000017132 0.013576886 0.001102589 0.999907255
1548340311.402120 -0.049198810 0.018411204 0.013012644 0.000868743 0.013495908 0.001675888 0.999907136
1548340311.435630 -0.044790994 0.015928831 0.010426413 0.000740042 0.012388682 0.001491805 0.999921858
1548340311.469130 -0.052673329 0.011122438 0.013729476 0.000143657 0.013763769 0.001539203 0.999904096
1548340311.502580 -0.051944591 0.004197572 0.013694772 -0.000923371 0.013336428 0.001840588 0.999908984
1548340311.536090 -0.050232813 0.018270042 0.015385985 0.001400981 0.012778521 0.001101825 0.999916792
1548340311.569610 -0.042467549 -0.001186253 0.011682822 -0.001577375 0.011114252 0.001811357 0.999935329
1548340311.603130 -0.054519821 0.012070677 0.013926141 0.000594271 0.012997598 0.000706455 0.999915123
1548340311.636640 -0.058776554 0.020160628 0.018183332 0.001987058 0.013549642 0.000389646 0.999906123
1548340311.670140 -0.045998674 0.014363724 0.014693564 0.001144584 0.010923135 0.000841712 0.999939322
1548340311.703650 -0.049198423 0.018939998 0.013533275 0.002197168 0.010922167 0.000641856 0.999937713
1548340311.737130 -0.043425582 0.013390666 0.012842948 0.001256392 0.009638408 0.000163875 0.999952734
1548340311.770650 -0.048609041 -0.000647575 0.013272338 -0.000754441 0.010105561 0.000109633 0.999948680
1548340311.804160 -0.045813505 -0.001279367 0.013305205 -0.000671382 0.009101073 -0.000191425 0.999958336
1548340311.837680 -0.048431702 0.002987732 0.011080514 0.000276387 0.009162292 -0.000750618 0.999957681
1548340311.871230 -0.050168730 0.001519542 0.011134966 0.000279582 0.009248007 -0.000887841 0.999956787
1548340311.904740 -0.044401720 -0.000404482 0.012360616 0.000074324 0.007709611 -0.000675050 0.999970078
1548340311.938260 -0.041244384 0.000729487 0.010012450 0.000258242 0.006824547 -0.001281958 0.999975860
1548340311.971790 -0.044737931 -0.004059472 0.011435792 -0.000532618 0.007034087 -0.001703256 0.999973655
1548340312.005300 -0.050777536 -0.010458984 0.011653493 -0.001218447 0.007415415 -0.001359677 0.999970853
1548340312.038770 -0.040178001 0.006898225 0.014027727 0.001825363 0.004971328 -0.001624409 0.999984682
1548340312.072340 -0.044771973 0.007278245 0.013554452 0.002343080 0.005756159 -0.002055147 0.999978602
1548340312.105850 -0.038518198 0.009933827 0.013938177 0.003181568 0.005201118 -0.000990249 0.999980927
1548340312.139370 -0.043799993 0.011022364 0.016849456 0.003466020 0.006082466 -0.000476400 0.999975383
1548340312.172900 -0.038579289 0.009154290 0.014991686 0.003134452 0.004994669 0.000926220 0.999982178
1548340312.206450 -0.043200001 0.014204654 0.017246222 0.003985178 0.005157061 0.002063853 0.999976635
1548340312.240420 -0.046060435 0.008260071 0.015246320 0.002553851 0.004172064 0.002417688 0.999985099
1548340312.273940 -0.038168456 0.006015258 0.014161424 0.001488804 0.001692397 0.003019228 0.999992907
1548340312.307510 -0.045883298 0.005185061 0.017259452 0.000680593 0.002108250 0.002343138 0.999994814
1548340312.341020 -0.038783569 0.005282481 0.017425567 0.000349443 -0.000108309 0.002279893 0.999997318
1548340312.374540 -0.044305466 0.001725527 0.017375624 -0.000448137 0.000293770 0.001750717 0.999998331
1548340312.408050 -0.047205336 0.007516832 0.020020638 0.000622005 0.000676640 0.001985433 0.999997616
1548340312.441570 -0.044362728 0.000023883 0.020224359 0.000187540 -0.000241064 0.002156124 0.999997616
1548340312.475030 -0.045704842 0.002928499 0.021479776 0.001505375 0.000528176 0.002473271 0.999995649
1548340312.508600 -0.035188485 0.004334353 0.019232810 0.002939285 -0.000888049 0.003004092 0.999990761
1548340312.542130 -0.033900931 0.008323999 0.021533815 0.004635326 -0.000960049 0.003418431 0.999982953
1548340312.575660 -0.045862220 0.003243267 0.022160590 0.004586427 0.001123557 0.003243463 0.999983609
1548340312.609240 -0.038121205 -0.000921434 0.023664141 0.004437850 -0.000275989 0.003833268 0.999982774
1548340312.642800 -0.043797188 -0.001130420 0.024187714 0.004572331 0.000645127 0.003046220 0.999984682
1548340312.676270 -0.043529119 0.007703080 0.022309383 0.006301374 0.000626847 0.002676934 0.999976337
1548340312.709820 -0.041030310 0.011787785 0.021783954 0.006783641 -0.000092986 0.002071364 0.999974847
1548340312.743330 -0.035573173 0.006901529 0.020547375 0.005396966 -0.001352954 0.001513230 0.999983370
1548340312.776680 -0.033723973 0.009409512 0.021247374 0.005421474 -0.001697102 0.000651243 0.999983668
1548340312.810000 -0.043640569 0.004978920 0.027127223 0.004244138 -0.000901655 0.000516861 0.999990463
1548340312.843510 -0.041207504 0.004074697 0.025705980 0.003904622 -0.003240729 0.000772425 0.999986827
1548340312.877230 -0.052859768 0.007419703 0.025006823 0.004410122 -0.003999555 -0.000248367 0.999982238
1548340312.910910 -0.047154147 -0.006801621 0.020985095 0.001924116 -0.008721519 0.000244380 0.999960065
1548340312.944530 -0.050779451 -0.002086740 0.024730075 0.002441790 -0.012135142 0.000620172 0.999923170
1548340312.978130 -0.062820829 0.012094380 0.024686346 0.003881082 -0.013756610 -0.000929698 0.999897420
1548340313.011560 -0.046097048 0.007488164 0.023757517 0.001492508 -0.020403080 -0.001111530 0.999790132
