1548340301.917970 0.0000000 0.0000000 0.0000000 0.0000000 0.0000000 0.0000000 1.0000000
1548340301.951310 -0.0524518 -0.0025452 0.0026770 -0.0008959 0.0082485 -0.0027445 0.9999618
1548340301.984230 -0.1007493 -0.0012964 0.0085008 -0.0009336 0.0163766 -0.0046547 0.9998546
1548340302.218990 -0.0088194 -0.0217254 0.0066081 -0.0033388 0.0010528 -0.0021125 0.9999917
1548340302.789540 -0.1346469 -0.0007419 0.0156344 0.0021370 0.0172856 -0.0077590 0.9998182
1548340302.957110 -0.2742754 -0.0095113 0.0291978 0.0007278 0.0368089 -0.0106744 0.9992651
1548340303.727490 -0.7894186 0.0348943 0.0553788 0.0076976 0.1190176 -0.0329090 0.9923168
1548340304.096220 -1.0020978 0.0314154 0.1209076 0.0085029 0.1531630 -0.0271936 0.9877901
1548340304.230740 -1.1733820 0.0408645 0.1746634 0.0095102 0.1818644 -0.0379653 0.9825444
1548340305.235780 -1.1132692 0.0157929 0.1401188 0.0041166 0.1692095 -0.0340012 0.9849848
1548340308.285830 -1.1276110 0.0187569 0.1607620 0.0002836 0.1755850 -0.0315574 0.9839583
1548340308.921650 -0.9119605 0.0208554 0.0940011 0.0025616 0.1435271 -0.0265016 0.9892882
1548340310.397450 -0.0672448 -0.0366983 0.0195665 -0.0072010 0.0151705 0.0023233 0.9998563
1548340311.402120 -0.0697812 -0.0318904 0.0281357 -0.0083870 0.0171288 0.0012976 0.9998173
