1548339959.129720 0.000000000 0.000000000 0.000000000 -0.000000000 -0.000000000 -0.000000000 1.000000000
1548339959.163130 -0.004863915 0.000221145 -0.002249173 0.000783435 0.000359398 -0.000878160 0.999999285
1548339959.195850 -0.000033768 -0.001011450 -0.004193938 0.001498588 -0.000556137 -0.002597847 0.999995351
1548339959.229360 0.002049845 -0.002435376 -0.003258654 0.002281340 -0.000302150 -0.004044873 0.999989152
1548339959.263210 -0.003421003 -0.004649972 -0.003877291 0.002889219 0.001102495 -0.004926845 0.999983132
1548339959.330250 -0.004957118 -0.001163860 -0.007525512 0.004829562 0.000222372 -0.005929020 0.999970734
1548339959.363520 -0.010435899 0.000212835 -0.009556445 0.004942767 -0.000146069 -0.005120913 0.999974668
1548339959.430550 -0.004933057 0.007140142 -0.013587538 0.003758230 -0.004189441 -0.003354886 0.999978542
1548339959.464010 -0.011143054 0.003671456 -0.013354918 0.001741943 -0.003622486 -0.002180543 0.999989569
1548339959.497580 -0.010495782 0.003874402 -0.014209744 0.000030152 -0.005580053 -0.002238500 0.999981940
1548339959.531100 -0.006912163 0.001170155 -0.013195751 -0.002013056 -0.007618685 -0.002631058 0.999965549
1548339959.564660 -0.003991188 0.000604598 -0.012461370 -0.003053321 -0.008017253 -0.003356696 0.999957621
1548339959.598180 -0.014513266 -0.004759716 -0.011823058 -0.004496695 -0.007445013 -0.003619846 0.999955654
1548339959.631780 -0.005829122 -0.005803725 -0.011666442 -0.004549572 -0.011564974 -0.005364776 0.999908388
1548339959.665330 -0.000420885 -0.003017307 -0.013023662 -0.003604199 -0.011058027 -0.006972952 0.999908090
1548339959.698850 -0.023048431 -0.009708714 -0.013257116 -0.003984713 -0.008786992 -0.006310069 0.999933600
1548339959.732370 -0.017048711 -0.011059706 -0.015245393 -0.003555156 -0.014692848 -0.007043192 0.999860942
1548339959.765890 -0.001349157 -0.004186897 -0.019055005 -0.002159648 -0.018080989 -0.009242300 0.999791503
1548339959.799400 -0.015376140 -0.003574496 -0.019252261 -0.002051093 -0.015399245 -0.008842632 0.999840260
1548339959.832910 -0.008289712 -0.000352681 -0.022683900 -0.001767099 -0.018344358 -0.009200159 0.999787867
1548339959.866430 -0.002645226 0.006969128 -0.025640445 -0.001690783 -0.017406086 -0.010223187 0.999794841
1548339959.899950 -0.019598644 0.001129843 -0.024410967 -0.003920768 -0.014850713 -0.009181209 0.999839902
1548339959.933480 -0.011345421 0.000726749 -0.026155688 -0.005090981 -0.018644223 -0.010180353 0.999761462
1548339959.966990 -0.003171830 0.006562703 -0.029389875 -0.005602434 -0.018762676 -0.011961711 0.999736726
1548339960.000510 -0.009679947 0.005534113 -0.028903887 -0.007320301 -0.016500637 -0.012070271 0.999764204
1548339960.034040 -0.005421763 0.005614860 -0.029791096 -0.008713116 -0.016326971 -0.012737938 0.999747634
1548339960.067560 -0.006786274 0.005362633 -0.031143367 -0.010081329 -0.015288189 -0.013069766 0.999746919
1548339960.101080 -0.011357944 0.003046953 -0.029898398 -0.011532723 -0.014450532 -0.012557046 0.999750257
1548339960.134600 -0.003404765 0.004420511 -0.029559409 -0.011660777 -0.015973896 -0.012134093 0.999730825
1548339960.168120 0.000052363 0.009315356 -0.032253534 -0.011283423 -0.015542204 -0.011543765 0.999748945
1548339960.201680 -0.005453845 0.004447067 -0.031644821 -0.012484128 -0.013932533 -0.010838293 0.999766231
1548339960.235260 -0.001718663 0.006492302 -0.032612458 -0.012344793 -0.013208918 -0.010353295 0.999782979
1548339960.269020 -0.012141514 0.017352274 -0.025415083 -0.010703289 -0.010029671 -0.009740403 0.999844968
1548339960.302680 -0.007079813 0.015401875 -0.025569795 -0.011408901 -0.010740650 -0.008664748 0.999839723
1548339960.336260 -0.003805256 0.020105250 -0.027914636 -0.011454889 -0.009563223 -0.009105938 0.999847233
1548339960.369790 -0.013403284 0.016805386 -0.029191239 -0.013132218 -0.006829081 -0.008961761 0.999850333
1548339960.403300 -0.011250725 0.016970512 -0.031022018 -0.014616081 -0.006947306 -0.009135177 0.999827325
1548339960.436820 -0.007592006 0.030786043 -0.032938261 -0.014744815 -0.005751651 -0.010497576 0.999819636
1548339960.470350 -0.012504188 0.029769477 -0.031992674 -0.017547568 -0.003489845 -0.010064924 0.999789357
1548339960.503900 -0.010559568 0.027747953 -0.030484706 -0.020100076 -0.003204586 -0.009978719 0.999743044
1548339960.537460 -0.007567499 0.026281191 -0.028674887 -0.022213563 -0.002238837 -0.009955561 0.999701202
1548339960.570980 -0.011813961 0.019911705 -0.025297211 -0.024422618 -0.001233762 -0.009084500 0.999659657
1548339960.604500 -0.007157702 0.015071214 -0.022581605 -0.025260661 -0.002472838 -0.008567665 0.999641120
1548339960.638160 -0.008018537 0.009291600 -0.020583844 -0.025101358 -0.002160206 -0.008065816 0.999650061
1548339960.671730 -0.017815268 0.002046755 -0.018506277 -0.024389751 -0.001845965 -0.006841671 0.999677479
1548339960.705240 -0.011038486 0.001036155 -0.014926184 -0.021905812 -0.005974877 -0.006838161 0.999718845
1548339960.738760 -0.019269716 -0.011437477 -0.019142548 -0.020550901 -0.006712181 -0.007976533 0.999734461
1548339960.772280 -0.034338813 -0.015868660 -0.016394019 -0.017828505 -0.006298252 -0.008412434 0.999785841
1548339960.805820 -0.030587861 -0.016619323 -0.016232561 -0.014525997 -0.008363159 -0.008913747 0.999819815
1548339960.839340 -0.031011475 -0.016545197 -0.016797652 -0.011471796 -0.008536954 -0.008957259 0.999857724
1548339960.872820 -0.032211479 -0.021001829 -0.015259777 -0.009373168 -0.009378060 -0.008285732 0.999877751
1548339960.906340 -0.031752657 -0.025853971 -0.015088465 -0.007238116 -0.010956625 -0.007594746 0.999885023
1548339960.939860 -0.028081380 -0.022183245 -0.015580966 -0.004265136 -0.012050808 -0.007510227 0.999890149
1548339960.973170 -0.028881114 -0.024042768 -0.014127942 -0.002118025 -0.013273848 -0.006445877 0.999888897
1548339961.006680 -0.030620551 -0.024188032 -0.014991207 0.000097131 -0.015093855 -0.005940602 0.999868453
1548339961.040040 -0.038024370 -0.019104198 -0.017067241 0.002352784 -0.014043625 -0.005868780 0.999881387
1548339961.073430 -0.040871352 -0.022604730 -0.016708836 0.002920862 -0.013031250 -0.004713437 0.999899745
1548339961.106930 -0.031777997 -0.024755478 -0.013924200 0.003761366 -0.014607039 -0.003534445 0.999880016
1548339961.140440 -0.028822659 -0.022870976 -0.014642402 0.005282448 -0.014467121 -0.003260784 0.999876142
1548339961.173940 -0.030844813 -0.022063285 -0.014765949 0.006082813 -0.013179367 -0.002891044 0.999890506
1548339961.207460 -0.029689988 -0.023956645 -0.014220621 0.006299591 -0.012725669 -0.002672955 0.999895632
1548339961.240980 -0.007776511 -0.013808955 -0.011357292 0.008178036 -0.014970724 -0.003167468 0.999849498
1548339961.274490 -0.054851573 -0.009391206 -0.009390485 0.008701867 -0.007605231 -0.004183968 0.999924541
1548339961.308010 -0.063241787 0.002265036 -0.009289889 0.009580949 -0.006684028 -0.004934535 0.999919653
1548339961.341520 -0.057999618 0.011033656 -0.009138523 0.009388253 -0.006391254 -0.005812473 0.999918640
1548339961.375040 -0.065254658 0.014720277 -0.008199946 0.008136092 -0.003556977 -0.005529581 0.999945283
1548339961.408540 -0.021715220 0.006190266 -0.011007393 0.004624511 -0.009161072 -0.004257965 0.999938309
1548339961.441980 -0.115350693 0.010173578 -0.011367444 0.002368244 0.006529285 -0.007679711 0.999946415
1548339961.474800 -0.110875376 0.012097174 -0.009206919 0.000147819 0.008629806 -0.007699107 0.999933124
1548339961.508300 -0.107780769 0.013398185 -0.007868637 -0.001821781 0.009781033 -0.007365098 0.999923468
1548339961.541820 -0.004753414 0.017104670 -0.004074582 -0.003265685 -0.004432487 -0.004775716 0.999973416
1548339961.575330 -0.003885110 0.009732490 -0.004823085 -0.006648681 -0.002227533 -0.004019152 0.999967337
1548339961.608850 -0.014352480 -0.006942273 -0.004067712 -0.010805064 0.000182119 -0.003130569 0.999936759
1548339961.642370 -0.014771443 0.000749211 -0.005270782 -0.010586646 0.000995799 -0.002947437 0.999939144
1548339961.676120 -0.015552391 0.002947042 -0.005894332 -0.011182266 0.002154797 -0.003213921 0.999930024
1548339961.709650 -0.020560136 -0.000438479 -0.006742158 -0.012589727 0.003543267 -0.003568860 0.999908149
1548339961.743160 -0.018044339 0.000529708 -0.006302146 -0.013081537 0.002759151 -0.004029673 0.999902546
1548339961.776660 -0.002014264 0.006190101 -0.003445886 -0.012743714 -0.000201960 -0.004876333 0.999906898
1548339961.810140 -0.098910190 -0.020040421 -0.012709144 -0.017135428 0.013763510 -0.007488311 0.999730468
1548339961.843660 -0.090862401 -0.023483194 -0.011870333 -0.017655725 0.012025553 -0.007821175 0.999741256
1548339961.877210 -0.092278995 -0.020891294 -0.014170364 -0.017166385 0.011535731 -0.008641378 0.999748826
1548339961.910740 -0.095133707 -0.014849637 -0.015752202 -0.016469009 0.012367669 -0.009200172 0.999745548
1548339961.944260 -0.102575414 -0.021447176 -0.016193982 -0.017604372 0.013255768 -0.008708013 0.999719322
1548339961.977780 -0.103825904 -0.023173062 -0.016986642 -0.017673858 0.010578367 -0.008712358 0.999749899
1548339962.011290 -0.015885061 0.014442928 -0.015322465 -0.011858297 -0.003188148 -0.008369382 0.999889612
1548339962.044810 -0.026751377 0.007816276 -0.017232390 -0.013340566 -0.002469735 -0.007776408 0.999877751
1548339962.078310 -0.027361043 0.013245385 -0.017345773 -0.012964208 -0.004814120 -0.008458675 0.999868631
1548339962.111790 -0.025738392 0.014923220 -0.017836824 -0.013015963 -0.006240292 -0.009160849 0.999853909
1548339962.145300 -0.024957005 0.018810431 -0.018843755 -0.012702354 -0.008060014 -0.009483859 0.999841928
1548339962.178800 -0.025846357 0.021424418 -0.019680405 -0.012727084 -0.010845923 -0.010368451 0.999806464
1548339962.212320 -0.021694800 0.027238920 -0.019752286 -0.012348897 -0.012896501 -0.011634008 0.999772966
1548339962.245850 -0.030943675 0.024334302 -0.021043688 -0.013292182 -0.012928149 -0.012018482 0.999755919
1548339962.279380 -0.038425401 0.021363564 -0.021954942 -0.014391322 -0.016739314 -0.012347966 0.999680102
1548339962.313060 -0.030996569 0.029060470 -0.021908058 -0.013984566 -0.021447070 -0.013497373 0.999581039
1548339962.346410 -0.035927676 0.029810257 -0.021762343 -0.014921505 -0.023400033 -0.014194370 0.999514103
1548339962.379890 -0.039798472 0.028867453 -0.021206520 -0.016327661 -0.027059788 -0.015119445 0.999386191
1548339962.413390 -0.033185977 0.036179513 -0.020058867 -0.016550008 -0.030893099 -0.016846538 0.999243736
1548339962.446900 -0.040095855 0.034335583 -0.019151531 -0.018318037 -0.032542307 -0.017629452 0.999146998
1548339962.480470 -0.035715837 0.036649406 -0.018456869 -0.019459242 -0.036933318 -0.019234182 0.998943150
1548339962.514300 -0.031355735 0.042724900 -0.017923055 -0.020198725 -0.038297310 -0.021050541 0.998840451
1548339962.547820 -0.039206453 0.036883611 -0.017340612 -0.022689797 -0.038435593 -0.021754263 0.998766541
1548339962.581370 -0.033430658 0.034768414 -0.015101155 -0.023958474 -0.040907096 -0.022920316 0.998612702
1548339962.615000 -0.036750473 0.031280126 -0.014570424 -0.024606030 -0.041547272 -0.023286866 0.998562038
1548339962.648510 -0.042972058 0.026358137 -0.014872599 -0.025228752 -0.043738224 -0.023254462 0.998453677
1548339962.682030 -0.032668602 0.031785138 -0.014339121 -0.024223274 -0.047877856 -0.024047125 0.998269856
1548339962.715510 -0.036975581 0.028523048 -0.014713870 -0.024211153 -0.048533816 -0.023714745 0.998246491
1548339962.749020 -0.042194270 0.022466982 -0.015211186 -0.024262639 -0.051508654 -0.022735573 0.998118877
1548339962.782540 -0.037012219 0.026835317 -0.015653407 -0.022738704 -0.055674631 -0.022316746 0.997940540
1548339962.816020 -0.056758754 0.033179425 -0.019981258 -0.021174489 -0.055151690 -0.022195335 0.998006701
1548339962.849530 -0.056156158 0.030032575 -0.018726772 -0.020876570 -0.057501461 -0.020191599 0.997922957
1548339962.883050 -0.015318045 0.028162967 -0.008025817 -0.020339679 -0.065569714 -0.017626474 0.997484982
1548339962.916560 -0.006187600 0.036890000 -0.007721520 -0.018373936 -0.067258194 -0.016789809 0.997425139
1548339962.950080 -0.019186789 0.032966483 -0.010305104 -0.018809846 -0.066171832 -0.016180592 0.997499764
1548339962.983520 -0.013179569 0.035136331 -0.007278947 -0.018139433 -0.068527870 -0.016878262 0.997341454
1548339963.017030 -0.013241431 0.036350448 -0.006675243 -0.017537646 -0.068483762 -0.017864605 0.997338057
1548339963.050510 -0.023179499 0.031952251 -0.007612561 -0.018113196 -0.068359576 -0.018883372 0.997317612
1548339963.084020 -0.017546773 0.036331352 -0.005009684 -0.017567692 -0.070408337 -0.020987360 0.997142732
1548339963.117540 -0.026526539 0.033514183 -0.004509247 -0.017972225 -0.069508031 -0.022501279 0.997165680
1548339963.151060 -0.066361792 0.036806207 -0.011677731 -0.017137585 -0.064937823 -0.025190201 0.997424126
1548339963.184570 -0.061985917 0.027479226 -0.006184978 -0.017578350 -0.067606911 -0.025864180 0.997221887
1548339963.218090 -0.063118435 0.024993006 -0.009322631 -0.016422747 -0.068929248 -0.026754767 0.997127533
1548339963.251600 -0.063043989 0.017983796 -0.010120351 -0.015617369 -0.070438556 -0.026987899 0.997028708
1548339963.285120 -0.050257318 0.004846215 -0.004156852 -0.015767626 -0.076085292 -0.026966732 0.996611834
1548339963.319010 -0.044720683 0.002239482 -0.003042081 -0.013923122 -0.078950047 -0.027572226 0.996399999
1548339963.352530 -0.053659074 0.000382102 -0.005844328 -0.012143800 -0.079281747 -0.027875056 0.996388495
1548339963.386040 -0.053203460 0.001550295 -0.005806030 -0.010472332 -0.082635060 -0.028164662 0.996126831
1548339963.419690 -0.037555050 -0.001016350 -0.002803939 -0.009754062 -0.084977753 -0.027979240 0.995942175
1548339963.453200 -0.060759269 0.001135689 -0.007713732 -0.008604858 -0.082184687 -0.028376507 0.996175945
1548339963.486720 -0.073476143 0.000192724 -0.008996680 -0.007786730 -0.084238216 -0.029378893 0.995982111
1548339963.520230 -0.076978505 0.001584691 -0.009483938 -0.007014377 -0.088418759 -0.030532351 0.995590687
1548339963.553750 -0.136378586 0.031448141 -0.022208612 -0.002210501 -0.086624660 -0.034543991 0.995639503
1548339963.587140 -0.143562421 0.056784671 -0.024792174 0.001483962 -0.090227120 -0.038388819 0.995179951
1548339963.620650 -0.149594873 0.025322739 -0.023823591 -0.004364093 -0.095561542 -0.039187357 0.994642317
1548339963.654020 -0.138982594 0.031911567 -0.013120611 -0.004167039 -0.102562845 -0.042916536 0.993791580
1548339963.687540 -0.133886054 0.032665718 -0.012240939 -0.004843107 -0.105361402 -0.045189369 0.993394911
1548339963.720980 -0.122001879 0.023419838 -0.001745427 -0.007914176 -0.114849739 -0.045087785 0.992327571
1548339963.754230 -0.116022050 0.023575746 -0.002713094 -0.008807977 -0.122018494 -0.049983639 0.991229296
1548339963.787730 -0.117255867 0.022557784 0.005763177 -0.010388607 -0.123433433 -0.051508907 0.990960717
1548339963.821130 -0.130970120 0.027400127 0.001378927 -0.010713413 -0.124360025 -0.052377313 0.990795851
1548339963.854640 -0.118280321 0.012268865 0.010772162 -0.012866830 -0.129446521 -0.053414218 0.990063131
1548339963.887990 -0.107522026 0.000477812 0.011548488 -0.013906415 -0.131999284 -0.052191790 0.989777207
1548339963.921480 -0.122760415 -0.000947994 0.010657140 -0.012968306 -0.133350268 -0.051716808 0.989633739
1548339963.954990 -0.111818589 -0.001606298 0.019195350 -0.010539936 -0.138621524 -0.051365145 0.988956332
1548339963.988510 -0.094999842 -0.011267428 0.023130963 -0.008917566 -0.141400814 -0.049584143 0.988669693
1548339964.021990 -0.141929209 0.006385898 0.013101137 -0.003828174 -0.136735156 -0.049105603 0.989382386
1548339964.055500 -0.127217278 -0.000718936 0.019049359 -0.001683520 -0.144058868 -0.048492707 0.988378823
1548339964.089010 -0.074291676 -0.021100057 0.025006235 -0.002142195 -0.151973650 -0.046213984 0.987301230
1548339964.122520 -0.102755450 -0.005927001 0.020362580 0.001342256 -0.147328705 -0.045753587 0.988027871
1548339964.156040 -0.102480337 -0.001030733 0.019854676 0.002551697 -0.148689523 -0.045913287 0.987814248
1548339964.189560 -0.099827319 -0.010278720 0.023603166 0.001142752 -0.148910075 -0.047590267 0.987704277
1548339964.223070 -0.086469628 -0.007234616 0.020341491 0.001081799 -0.150378972 -0.047732532 0.987474859
1548339964.256590 -0.091500632 0.002315501 0.018682303 0.002082159 -0.150773957 -0.049405228 0.987330794
1548339964.290150 -0.104723245 -0.008607091 0.021484470 -0.000255219 -0.149476022 -0.053756587 0.987302959
1548339964.323770 -0.107253626 -0.010611365 0.021778552 -0.001476337 -0.147786885 -0.055761296 0.987444937
1548339964.357520 -0.101128899 -0.009691631 0.025709314 -0.002296406 -0.147495851 -0.055951051 0.987476170
1548339964.391180 -0.102215022 -0.018870413 0.027132438 -0.004554930 -0.146086738 -0.058640141 0.987521827
1548339964.424710 -0.117456093 -0.020823352 0.028121056 -0.006226306 -0.141255572 -0.060096029 0.988127887
1548339964.458240 -0.119045436 -0.017149925 0.026158566 -0.006722770 -0.138988867 -0.060110811 0.988445044
1548339964.491750 -0.117419705 -0.021030013 0.028114770 -0.008502669 -0.137364805 -0.060653813 0.988625169
1548339964.525270 -0.115248561 -0.022409329 0.030615710 -0.009847737 -0.135160476 -0.060630761 0.988917887
1548339964.558790 -0.116206124 -0.021842571 0.033100598 -0.010609930 -0.132513285 -0.060338583 0.989286125
1548339964.592320 -0.118249096 -0.028350353 0.036064956 -0.012253636 -0.128716424 -0.060727734 0.989744484
1548339964.625840 -0.083843499 -0.028077397 0.043767266 -0.012051170 -0.128794730 -0.058436006 0.989874721
1548339964.659360 -0.073848687 -0.017155396 0.043525331 -0.011018746 -0.126584515 -0.055915710 0.990317345
1548339964.692880 -0.086709380 -0.009742755 0.044073030 -0.011004616 -0.121503130 -0.055976570 0.990950346
1548339964.726440 -0.087387942 -0.006551742 0.042607799 -0.012207445 -0.117493719 -0.056182355 0.991407990
1548339964.759950 -0.087721474 -0.001819347 0.041608892 -0.013962806 -0.113567002 -0.056268681 0.991837442
1548339964.793430 -0.086192943 0.002005036 0.041010361 -0.016540246 -0.110390916 -0.056407489 0.992148459
1548339964.826950 -0.084928378 0.005187263 0.042363342 -0.019573623 -0.107088320 -0.056861490 0.992429197
1548339964.860500 -0.068258502 0.002287977 0.039154727 -0.023391418 -0.105437137 -0.057614461 0.992479920
1548339964.893980 -0.070255242 0.004042477 0.038927700 -0.026469653 -0.101436980 -0.057302359 0.992837489
1548339964.927480 -0.065061435 0.019537423 0.045386434 -0.026938999 -0.098279528 -0.057342928 0.993140161
1548339964.960790 -0.062341500 0.018268758 0.047213141 -0.029156122 -0.094220176 -0.056989130 0.993491173
1548339964.994120 -0.065153010 0.018898226 0.047570743 -0.030216074 -0.089140303 -0.056802787 0.993938863
1548339965.027630 -0.067061402 0.006503649 0.039050501 -0.032675404 -0.084252544 -0.056527395 0.994302988
1548339965.061220 -0.063231930 0.006136378 0.040859267 -0.033203416 -0.081024975 -0.055512827 0.994610906
1548339965.094740 -0.058238920 0.010037231 0.039855741 -0.033145502 -0.077768259 -0.055455524 0.994875968
1548339965.128180 -0.061857492 0.019974565 0.038179174 -0.032941714 -0.072796099 -0.055347811 0.995264888
1548339965.161520 -0.061456721 0.016528681 0.033556476 -0.034012981 -0.068938285 -0.055696104 0.995484114
1548339965.195040 -0.058849927 0.018351957 0.033300132 -0.034524478 -0.064758398 -0.055031888 0.995784104
1548339965.228560 -0.056545101 0.024209153 0.034830667 -0.034779616 -0.061076943 -0.054230310 0.996051788
1548339965.262060 -0.057286896 0.028540900 0.032821748 -0.035690285 -0.057067547 -0.053907067 0.996274889
1548339965.295390 -0.039223481 0.027654506 0.030162137 -0.037792735 -0.055013917 -0.052822009 0.996370912
1548339965.328790 -0.038023546 0.030354505 0.030213298 -0.039618865 -0.050863348 -0.051882159 0.996569872
1548339965.362300 -0.031881809 0.034216769 0.030044204 -0.041006315 -0.046943370 -0.052092515 0.996695161
1548339965.395820 -0.154648095 0.037724499 0.010943383 -0.042395823 -0.022908077 -0.057460431 0.997184098
1548339965.429900 -0.184869349 0.037841305 0.005607107 -0.043206971 -0.014358060 -0.058039341 0.997275531
1548339965.463410 -0.219303921 0.050601192 -0.018029435 -0.040492695 -0.004603416 -0.058850273 0.997434616
1548339965.496930 -0.272778213 0.059320696 -0.027763505 -0.038081352 0.010459246 -0.056783192 0.997605205
1548339965.530070 -0.314928144 0.054667827 -0.019044517 -0.037810765 0.023537923 -0.055374444 0.997471809
1548339965.563590 -0.352487534 0.042077955 -0.004664345 -0.038522583 0.036564216 -0.055289399 0.997056782
1548339965.597100 -0.115865953 0.052428573 0.005149400 -0.032540835 0.007886980 -0.047621761 0.998304129
1548339965.631060 -0.083894223 0.054446273 0.006148466 -0.029143494 0.011107720 -0.044500772 0.998522460
1548339965.664580 -0.105622843 0.046345409 0.001817072 -0.027118623 0.022113485 -0.041340448 0.998532236
1548339965.698090 -0.052561309 0.028407572 0.005438492 -0.026897149 0.019212501 -0.037159577 0.998762548
1548339965.731590 -0.024400331 0.016687054 0.004285365 -0.025808714 0.020282857 -0.033845115 0.998887897
1548339965.765110 -0.035746623 0.031683784 0.000849439 -0.021552794 0.028545057 -0.031727720 0.998856366
1548339965.798640 -0.046142191 0.049049348 -0.001352965 -0.018038558 0.035663154 -0.030286452 0.998741984
1548339965.832160 -0.032059044 0.045392215 -0.002415392 -0.018847542 0.039828103 -0.028657107 0.998617709
1548339965.865680 -0.026804136 0.043230988 -0.000939195 -0.019901782 0.044548150 -0.027383113 0.998433590
1548339965.899190 -0.020779870 0.047672294 -0.003051570 -0.019748617 0.049050745 -0.026214750 0.998256922
1548339965.932710 -0.015767824 0.046366308 -0.002087974 -0.020013325 0.053956136 -0.025339514 0.998021126
1548339965.966340 -0.010044743 0.044335850 -0.001882857 -0.019932950 0.056497332 -0.024509111 0.997902870
1548339965.999970 -0.010890542 0.043272130 -0.002224167 -0.019184336 0.061057441 -0.023674404 0.997669101
1548339966.033490 -0.009311291 0.043781567 -0.002702158 -0.017934304 0.066541664 -0.022295240 0.997373283
1548339966.067000 -0.003327471 0.042266883 -0.003092629 -0.016941264 0.070300505 -0.020491796 0.997171462
1548339966.100520 -0.000093663 0.043473106 -0.004443118 -0.015398751 0.074290656 -0.019161994 0.996933579
1548339966.134210 -0.001736715 0.041358832 -0.004627985 -0.014597707 0.079974458 -0.017763674 0.996531725
1548339966.167730 0.011365723 0.038518813 -0.004652211 -0.013899939 0.081454232 -0.015571808 0.996458590
1548339966.201240 0.013136248 0.039035201 -0.005809955 -0.012441236 0.084227547 -0.014337596 0.996265769
1548339966.234810 0.012847380 0.039913416 -0.006597805 -0.010934523 0.088605404 -0.013497300 0.995915353
1548339966.268320 0.017603682 0.035192147 -0.006504331 -0.010606546 0.091511823 -0.012392463 0.995670497
1548339966.335310 0.021195529 0.034500770 -0.007789039 -0.008713572 0.097820371 -0.012109201 0.995092332
1548339966.368820 0.021490388 0.031135121 -0.006767494 -0.008692145 0.101027012 -0.011761042 0.994776249
1548339966.401730 0.034531105 0.029112611 -0.009285755 -0.008348675 0.101812594 -0.012981571 0.994683862
1548339966.435240 0.036787577 0.030073287 -0.012888405 -0.008155498 0.106395617 -0.012746715 0.994208753
1548339966.468740 0.033279482 0.022451796 -0.008167940 -0.009296806 0.111306809 -0.011895304 0.993671417
1548339966.502260 0.036707435 0.024650523 -0.009272711 -0.008283242 0.113274954 -0.011716847 0.993460119
1548339966.535790 0.036600839 0.008586584 -0.003075448 -0.009444476 0.116988935 -0.011484499 0.993021905
1548339966.569300 0.045024257 -0.005504435 -0.003574590 -0.010112453 0.119179077 -0.009766011 0.992773235
1548339966.602820 0.041859034 -0.001524307 -0.005576814 -0.007682650 0.123293437 -0.009236380 0.992297590
1548339966.636330 0.036953129 0.005837863 -0.006091578 -0.004486129 0.128139317 -0.008361575 0.991710782
1548339966.669840 0.037822951 0.000976347 -0.005739449 -0.003277397 0.131010920 -0.007003188 0.991350830
1548339966.703340 0.038722239 0.005309665 -0.008472851 -0.000561828 0.134476081 -0.005973156 0.990898728
1548339966.736860 0.048658751 -0.001034635 -0.006086725 -0.000296623 0.137760416 -0.005042668 0.990452707
1548339966.770380 0.049256690 -0.002360019 -0.007755401 0.000597098 0.142830580 -0.003517998 0.989740729
1548339966.803890 0.043304361 -0.001319085 -0.010106957 0.001401705 0.149858862 -0.002530708 0.988703251
1548339966.837410 0.055854954 0.005880280 -0.010335686 0.002833219 0.154466748 0.000493835 0.987993896
1548339966.870920 0.065090664 0.004338432 -0.010962109 0.002924677 0.156868339 0.002824970 0.987611234
1548339966.904430 0.070256375 0.017138021 -0.023137065 0.004732602 0.159886822 0.001714993 0.987122536
1548339966.937940 0.064568758 0.023587234 -0.024507184 0.006342599 0.167158306 0.003983448 0.985901654
1548339966.971440 0.039527275 0.023001567 -0.011995870 0.007038101 0.175856605 0.005132135 0.984377265
1548339967.004960 0.039393604 0.031023534 -0.013475776 0.009243784 0.180563167 0.005885595 0.983502388
1548339967.071990 0.045099869 0.023643365 -0.013926973 0.010518043 0.189267114 0.010161307 0.981816769
1548339967.105450 0.077825770 0.013227500 -0.017080380 0.009469109 0.188493639 0.013148002 0.981940746
1548339967.138910 0.067875564 0.016604407 -0.021279074 0.009984637 0.194748461 0.014249171 0.980698884
1548339967.172360 0.068599656 0.012560015 -0.019300446 0.009077123 0.198674768 0.016130552 0.979890764
1548339967.205870 0.080657199 0.015109658 -0.019634573 0.009075070 0.199986786 0.017105071 0.979607284
1548339967.239360 0.064200945 0.028156752 -0.017287960 0.010411294 0.205799505 0.016722841 0.978395879
1548339967.272880 0.051176220 0.027242791 -0.009959442 0.009375214 0.210510179 0.017255124 0.977394462
1548339967.306380 0.062641114 0.027787866 -0.016927261 0.007998439 0.210986823 0.017647237 0.977296889
1548339967.339900 0.083979808 0.019350545 -0.024093386 0.005451963 0.210836232 0.018728327 0.977326810
1548339967.373410 0.086652629 0.014080956 -0.025010513 0.003279730 0.212744951 0.019725241 0.976903200
1548339967.406930 0.083198100 0.017446335 -0.023640329 0.002605705 0.214414835 0.019466510 0.976545274
1548339967.440450 0.082048930 0.019773038 -0.024130201 0.002101005 0.215669572 0.019601779 0.976267397
1548339967.473970 0.070175588 0.020549467 -0.021834625 0.001251612 0.218080744 0.019997329 0.975725114
1548339967.507520 0.072145492 0.021701263 -0.022686047 0.000335729 0.218100056 0.020104518 0.975719273
1548339967.541030 0.091974095 0.019354032 -0.028052699 -0.000663739 0.215694085 0.020676995 0.976241827
1548339967.574740 0.089876570 0.018753421 -0.027999619 -0.001524744 0.216253564 0.020361252 0.976123750
1548339967.608330 0.084011443 0.023013810 -0.025626212 -0.001430811 0.217119038 0.019813389 0.975943029
1548339967.641840 0.084001832 0.022021880 -0.026757965 -0.002157565 0.216541529 0.020058677 0.976064980
1548339967.675360 0.066224530 0.030538570 -0.022168336 -0.001287805 0.219046116 0.020071963 0.975507200
1548339967.708900 0.065087087 0.030178150 -0.022526061 -0.001944589 0.218712866 0.020728527 0.975567162
1548339967.742460 0.065631382 0.033306345 -0.023405224 -0.002176194 0.218092084 0.021053974 0.975698650
1548339967.776100 0.064875834 0.034294430 -0.023192827 -0.002868715 0.217239156 0.021153523 0.975884974
1548339967.809610 0.065838009 0.037434291 -0.023781091 -0.003193266 0.216534600 0.020631928 0.976051688
1548339967.843010 0.065302037 0.037470795 -0.023538260 -0.004092971 0.216157585 0.020431330 0.976136208
1548339967.876520 0.090479657 0.024831241 -0.030503362 -0.007057263 0.210566163 0.021605277 0.977315366
1548339967.910040 0.097717613 0.029990546 -0.033363331 -0.007108147 0.208346888 0.020162283 0.977821290
1548339967.943690 0.088003248 0.025513502 -0.029956818 -0.008431361 0.209586293 0.020253032 0.977544069
1548339967.977250 0.082931563 0.032727506 -0.028789094 -0.008201069 0.209073409 0.020443002 0.977651894
1548339968.010790 0.059124142 0.044274740 -0.027072150 -0.007358924 0.212584093 0.020084582 0.976908624
1548339968.044330 0.056191854 0.042511642 -0.024891017 -0.009145229 0.213000432 0.021512616 0.976772487
1548339968.077850 0.052655514 0.036731321 -0.020497127 -0.011475044 0.210912570 0.022867490 0.977170050
1548339968.111370 0.084530294 0.053634983 -0.027838996 -0.010551298 0.204049692 0.023248006 0.978627563
1548339968.144900 0.062686451 0.055137213 -0.023718217 -0.012084489 0.205415219 0.023325507 0.978322327
1548339968.178440 0.085910395 0.045297034 -0.026637642 -0.015955776 0.198053315 0.024992758 0.979742706
1548339968.211930 0.093408771 0.044218868 -0.024548506 -0.017995272 0.191120505 0.024407644 0.981098056
1548339968.245450 0.054176405 0.033460807 -0.014946531 -0.021044053 0.192720816 0.023721138 0.980741143
1548339968.278950 0.043871384 0.037575889 -0.007311189 -0.021463232 0.187410191 0.022825681 0.981781960
1548339968.312480 0.007163620 0.027212765 0.006678596 -0.023622328 0.182473391 0.020213587 0.982719123
1548339968.346020 0.001138277 0.032357909 0.011040182 -0.022792874 0.173811927 0.017939718 0.984351635
1548339968.379600 0.107618667 0.028118175 -0.046533510 -0.023688154 0.146355614 0.017607339 0.988791645
1548339968.413210 0.092560060 0.026093278 -0.045431271 -0.023347838 0.137441680 0.014093632 0.990134418
1548339968.446730 0.084893472 0.019770971 -0.044043977 -0.023967169 0.129110307 0.010977215 0.991279781
1548339968.480250 0.097620681 0.014987571 -0.044723116 -0.025084699 0.118182793 0.007823415 0.992644191
1548339968.513760 0.051991593 0.006961176 -0.044424251 -0.026481722 0.116722159 0.004478994 0.992801428
1548339968.547280 0.016937839 0.052542057 -0.009059741 -0.020665878 0.115963452 0.000147914 0.993038476
1548339968.580790 0.015438960 0.061407287 -0.005496593 -0.020569900 0.110417254 -0.002308375 0.993669808
1548339968.614220 0.023892915 0.054509066 -0.003668218 -0.022736752 0.103108220 -0.003694943 0.994403422
1548339968.647730 0.027700180 0.059441488 -0.002115932 -0.022802405 0.095759258 -0.005224678 0.995129645
1548339968.681180 0.004751848 0.046011042 -0.005529535 -0.025012420 0.092759505 -0.006578719 0.995352626
1548339968.714760 -0.001800146 0.056672040 -0.000330480 -0.023059729 0.088286303 -0.008381870 0.995792985
1548339968.748210 0.000754360 0.055542830 -0.000942241 -0.022292534 0.081771709 -0.009454188 0.996356905
1548339968.781730 0.000497683 0.053309411 -0.002138725 -0.021270482 0.076830499 -0.010654853 0.996760368
1548339968.815240 0.005067155 0.053426910 0.001003751 -0.019858275 0.071334146 -0.011668867 0.997186542
1548339968.848740 0.008175873 0.018499481 -0.007705098 -0.023917982 0.064273499 -0.012304668 0.997569799
1548339968.882090 0.023269225 0.021472622 -0.010627185 -0.021974800 0.057806268 -0.013971725 0.997988224
1548339968.915590 0.015524765 0.022067405 -0.009987908 -0.020759877 0.054565895 -0.015965732 0.998166680
1548339968.949100 0.033054933 0.021835852 -0.013752566 -0.019467143 0.046486177 -0.017328162 0.998578906
1548339968.982610 0.006108784 0.019383263 -0.012921382 -0.018312693 0.045850877 -0.019740192 0.998585403
1548339969.016130 -0.014747177 0.014075493 -0.006116317 -0.018142223 0.044445481 -0.020336321 0.998640001
1548339969.049650 -0.033329852 0.020893838 -0.007385526 -0.016044373 0.041152567 -0.022422506 0.998772383
1548339969.083170 -0.036162879 0.015078190 -0.009470736 -0.016055826 0.036202982 -0.024132371 0.998924017
1548339969.116700 -0.041170776 0.015685780 -0.009368074 -0.015352740 0.033029422 -0.025822056 0.999002814
1548339969.150220 -0.045464043 0.062018279 -0.006199198 -0.007311814 0.028007228 -0.027868599 0.999192417
1548339969.183740 -0.023642702 0.030641744 -0.022490706 -0.011490196 0.011762812 -0.029700015 0.999423623
1548339969.217260 -0.044252176 0.037537564 -0.022410559 -0.011421232 0.011157289 -0.033627864 0.999306917
1548339969.250780 -0.055569515 0.037612692 -0.024842396 -0.010310847 0.006861994 -0.032559253 0.999393106
1548339969.284300 -0.071249150 0.013266271 -0.002787951 -0.013639481 -0.000396503 -0.032338940 0.999383807
1548339969.317810 -0.071982525 0.028043116 -0.010196094 -0.012280744 -0.005066015 -0.037509739 0.999207973
1548339969.351340 -0.080286078 0.030485544 -0.003625994 -0.011148961 -0.007391250 -0.036217950 0.999254405
1548339969.384860 -0.071496174 0.028878756 -0.007701841 -0.011834866 -0.016311429 -0.038998645 0.999036014
1548339969.418380 -0.083885953 -0.002388221 -0.002303406 -0.016834648 -0.016990338 -0.039301675 0.998941123
1548339969.451910 -0.083313718 -0.019604374 0.007867606 -0.017374897 -0.020384885 -0.034730639 0.999037683
1548339969.485450 -0.058483891 0.014818805 -0.014396611 -0.012425289 -0.034486130 -0.041954029 0.998446941
1548339969.518960 -0.045308884 0.029858273 -0.022908648 -0.009133859 -0.039152242 -0.046638824 0.998102486
1548339969.552460 -0.049794544 0.030880168 -0.018815868 -0.006704917 -0.038947459 -0.046374757 0.998142123
1548339969.585970 -0.050479282 0.026467696 -0.017207926 -0.004730762 -0.042182561 -0.046506032 0.998015761
1548339969.619490 -0.037178449 0.021555031 -0.023854857 -0.003343524 -0.045841381 -0.049179368 0.997731864
1548339969.653010 -0.046225935 0.016472608 -0.023472028 -0.001522362 -0.043667115 -0.048557620 0.997864246
1548339969.686520 -0.050587900 0.009543193 -0.017513562 0.000562314 -0.045128115 -0.045757253 0.997932553
1548339969.719970 -0.046073806 0.011149478 -0.027794799 0.002387828 -0.048426006 -0.048460595 0.997647703
1548339969.753140 -0.042579118 0.021708285 -0.031240895 0.005520804 -0.047719497 -0.048800033 0.997652769
1548339969.785830 -0.043889444 0.013139229 -0.030137327 0.005743952 -0.047287114 -0.045257214 0.997839034
1548339969.819220 -0.044572651 0.008750087 -0.038976960 0.005311179 -0.048604168 -0.046223976 0.997733891
1548339969.852730 -0.037929974 -0.011612986 -0.041407347 0.002850818 -0.048105802 -0.045337882 0.997808754
1548339969.886200 -0.048102304 -0.009744653 -0.041186187 0.003005277 -0.044607718 -0.045091331 0.997981966
1548339969.919710 -0.057243243 -0.007863539 -0.041390754 0.003132649 -0.043243282 -0.045587558 0.998019099
1548339969.953230 -0.048471909 -0.010463608 -0.041878134 0.002686679 -0.044189733 -0.046947904 0.997915864
1548339969.986750 -0.044476971 -0.004522923 -0.040754672 0.003477942 -0.042034831 -0.047895242 0.997961462
1548339970.020310 -0.052510619 -0.006126443 -0.042106804 0.002272420 -0.040132172 -0.048781160 0.998000324
1548339970.053830 -0.046070505 -0.005370595 -0.042914882 0.001610016 -0.040231705 -0.049650285 0.997954786
1548339970.087640 -0.046741106 -0.000316569 -0.044535078 0.001297908 -0.037230324 -0.050303735 0.998038948
1548339970.121160 -0.046232905 0.000657830 -0.048737943 -0.000588590 -0.036654886 -0.051567603 0.997996449
1548339970.154680 -0.037327334 0.015691632 -0.052534260 -0.000657567 -0.036708370 -0.053843573 0.997874200
1548339970.188260 -0.025370656 0.027003054 -0.051938117 -0.002392724 -0.033272024 -0.054754533 0.997942507
1548339970.222570 -0.036839548 0.014086111 -0.048259452 -0.007458605 -0.027512513 -0.053776365 0.998146057
1548339970.256080 -0.038693942 0.008315129 -0.047113128 -0.009826547 -0.026612854 -0.052253883 0.998230875
1548339970.289640 -0.015256007 0.009919086 -0.048603911 -0.010530031 -0.026814083 -0.050628778 0.998301983
1548339970.323190 -0.009927884 0.012211979 -0.049708430 -0.011719251 -0.022604382 -0.048597597 0.998493910
1548339970.356740 -0.009300928 0.005459957 -0.048825897 -0.013728295 -0.018121935 -0.046133198 0.998676598
1548339970.390250 -0.017438015 -0.005140644 -0.048176650 -0.014855649 -0.014884647 -0.043596443 0.998827934
1548339970.423770 -0.013474383 -0.002393926 -0.051354639 -0.013156341 -0.014150704 -0.041060839 0.998969853
1548339970.457250 -0.031695142 0.013641190 -0.055650879 -0.010396578 -0.010660132 -0.039553728 0.999106526
1548339970.490740 -0.026710855 0.015881954 -0.055484544 -0.010233020 -0.012522167 -0.038821351 0.999115288
1548339970.524250 -0.013165289 0.029261393 -0.059854396 -0.008493983 -0.012242983 -0.038813885 0.999135315
1548339970.557800 -0.022083601 0.029638572 -0.057795260 -0.010074057 -0.008767284 -0.037823278 0.999195218
1548339970.591290 -0.023857294 0.032041349 -0.057168793 -0.011466088 -0.009145366 -0.037607733 0.999185026
1548339970.624800 -0.020001618 0.049512818 -0.059388097 -0.010810256 -0.008560929 -0.037979137 0.999183416
1548339970.658300 -0.024564169 0.059795115 -0.058868684 -0.012580158 -0.006422977 -0.037381079 0.999201238
1548339970.691810 -0.032971665 0.065079309 -0.056280442 -0.015997838 -0.006636974 -0.036988486 0.999165654
1548339970.725330 -0.022751939 0.073603310 -0.056215506 -0.018940007 -0.010634602 -0.038569003 0.999019861
1548339970.758900 -0.009516376 0.088509500 -0.054392423 -0.021038402 -0.008992631 -0.039766267 0.998947084
1548339970.792360 -0.017040325 0.083413675 -0.050976951 -0.026294209 -0.004509773 -0.040457997 0.998825073
1548339970.825790 -0.016243624 0.078776330 -0.045195282 -0.030082338 -0.001381817 -0.040742770 0.998715818
1548339970.859290 -0.003393240 0.062243018 -0.040135719 -0.034031149 -0.000151296 -0.038815025 0.998666763
1548339970.892820 -0.002021800 0.062437188 -0.036360856 -0.035162270 0.002286588 -0.037859835 0.998661637
1548339970.926430 0.002310545 0.063561134 -0.033819601 -0.035798170 0.004207149 -0.038068146 0.998624921
1548339970.960070 0.009544753 0.066814698 -0.031027483 -0.035572827 0.008237242 -0.037584025 0.998626173
1548339970.993760 0.010193504 0.058608145 -0.025934052 -0.036240369 0.012511457 -0.036048792 0.998614371
1548339971.027110 0.003175311 0.052101430 -0.025068942 -0.035670094 0.017082490 -0.034944516 0.998606384
1548339971.060400 0.009137758 0.055542283 -0.023482611 -0.033391915 0.020213978 -0.034068298 0.998656988
1548339971.093920 0.012809373 0.053841900 -0.021830445 -0.031759940 0.024703871 -0.033075295 0.998642623
1548339971.127540 0.008627305 0.047981635 -0.018570105 -0.030494571 0.028792445 -0.032015912 0.998607099
1548339971.161340 0.024107320 0.047376644 -0.017862445 -0.028030211 0.030213974 -0.032147642 0.998633087
1548339971.194850 0.029466126 0.037942596 -0.015120232 -0.026894651 0.033766188 -0.030400820 0.998605192
1548339971.228280 0.031421673 0.043001048 -0.013189867 -0.023563648 0.037389904 -0.029642401 0.998583078
1548339971.261600 0.035235111 0.051798955 -0.015139754 -0.020034000 0.042024575 -0.030005824 0.998464942
1548339971.295120 0.029114662 0.048900433 -0.012375133 -0.018753340 0.049168680 -0.029008444 0.998193026
1548339971.328630 0.043624535 0.025796151 -0.008396871 -0.020223530 0.052406080 -0.027362641 0.998046041
1548339971.362150 0.037536498 0.046779960 -0.012475618 -0.014620375 0.059397250 -0.026457993 0.997776628
1548339971.395250 0.033751070 0.034656435 -0.006904981 -0.014164318 0.064480782 -0.024282219 0.997522950
1548339971.428670 0.036397628 0.033222556 -0.005924089 -0.011559864 0.067818090 -0.023264175 0.997359455
1548339971.462140 0.039368801 0.034063090 -0.005193433 -0.008511109 0.071403943 -0.022374548 0.997160196
1548339971.495450 0.039696015 0.034778886 -0.004759549 -0.005552774 0.076397143 -0.021379139 0.996832848
1548339971.528970 0.031703535 0.017415652 -0.001075443 -0.005218247 0.081889696 -0.019791182 0.996431231
1548339971.562480 0.033976313 0.015991295 -0.001866632 -0.002057035 0.085114792 -0.018410835 0.996199012
1548339971.596000 0.037945900 0.016655058 -0.003621014 0.001049172 0.088840537 -0.016964139 0.995900869
1548339971.629510 0.043576449 0.025139265 -0.009452558 0.005152343 0.092535324 -0.014987140 0.995583355
1548339971.663030 0.051038854 0.016207881 -0.008288206 0.006627602 0.095270835 -0.012442888 0.995351553
1548339971.696550 0.055699360 0.016409853 -0.009707068 0.009346687 0.098405138 -0.011054573 0.995041132
1548339971.730060 0.057856426 0.016105853 -0.010638859 0.011568541 0.103157446 -0.009551517 0.994551957
1548339971.763580 0.053228930 0.010026460 -0.009853423 0.012748617 0.107550405 -0.008368154 0.994082689
1548339971.797440 0.053925779 0.011682064 -0.010860598 0.015697299 0.111511432 -0.007090320 0.993613958
1548339971.831070 0.051343907 0.006637100 -0.010427644 0.017792748 0.116204880 -0.005707870 0.993049562
1548339971.864880 0.049995095 0.004002134 -0.007854349 0.020594373 0.119859606 -0.003963987 0.992569327
1548339971.898480 0.055561446 0.001470221 -0.011796208 0.023671763 0.122820936 -0.002265939 0.992143929
1548339971.932050 0.072421521 0.009130365 -0.018340696 0.027786879 0.124893859 -0.000580349 0.991780818
1548339971.965570 0.079504550 0.008704089 -0.018947409 0.030543365 0.127553165 0.001881083 0.991359532
1548339971.999100 0.079949245 0.005574060 -0.020952329 0.032882549 0.129885256 0.003550993 0.990977287
1548339972.032610 0.085334107 -0.007224143 -0.022249535 0.033225939 0.132746786 0.005404665 0.990578234
1548339972.066130 0.089521915 -0.013977200 -0.024009008 0.034063321 0.134599924 0.007283320 0.990287662
1548339972.099640 0.089165211 -0.009420734 -0.025444111 0.036531750 0.136043459 0.009036503 0.989987910
1548339972.133150 0.081876479 -0.003362122 -0.026848400 0.039033953 0.139174327 0.009993391 0.989447832
1548339972.166630 0.085462905 0.000458202 -0.029402103 0.040333301 0.142127872 0.011851509 0.988955259
1548339972.200140 0.081698455 0.001306650 -0.029928535 0.040783852 0.146478221 0.013687394 0.988278031
1548339972.233650 0.081310943 0.001079064 -0.032800511 0.041095659 0.150178120 0.015248518 0.987686813
1548339972.267160 0.075294524 0.009177597 -0.039269436 0.042316463 0.156482995 0.016731491 0.986631930
1548339972.300670 0.078571521 0.006973428 -0.039914001 0.041155390 0.161722705 0.019504771 0.985784769
1548339972.334190 0.069219805 0.000972109 -0.036578041 0.039451078 0.166757256 0.022008831 0.984962523
1548339972.367680 0.067601584 0.007818293 -0.039393976 0.040176228 0.170510739 0.022636395 0.984276235
1548339972.401180 0.069429658 0.008397629 -0.040398147 0.039726611 0.175720155 0.024344631 0.983336985
1548339972.434690 0.076733813 -0.006349204 -0.039618261 0.036798827 0.178387120 0.026677137 0.982910097
1548339972.468210 0.097742900 -0.002924214 -0.039520171 0.037050784 0.176851615 0.027905531 0.983143985
1548339972.501730 0.105339967 -0.003899998 -0.039274991 0.037351552 0.178363889 0.027545653 0.982869506
1548339972.535240 0.103386305 -0.000333985 -0.042281047 0.038262129 0.181485608 0.026716793 0.982285738
1548339972.568760 0.101154372 0.004728272 -0.043243438 0.038864076 0.186174780 0.025637459 0.981412947
1548339972.602290 0.106537662 -0.001923416 -0.045697022 0.037810300 0.188890129 0.025757710 0.980931997
1548339972.635830 0.101989940 -0.002036705 -0.049198106 0.038291350 0.191792667 0.025027839 0.980368853
1548339972.669860 0.128560051 -0.000714306 -0.047582507 0.038898531 0.192214817 0.023378365 0.980302930
1548339972.703380 0.137587130 -0.010567583 -0.050454523 0.037889499 0.197196707 0.024930632 0.979314208
1548339972.736970 0.136723295 -0.016933199 -0.052831467 0.038539939 0.200998098 0.026849154 0.978464961
1548339972.770480 0.152214259 -0.016055530 -0.053685308 0.041139457 0.203162938 0.026399821 0.977924109
1548339972.804000 0.151558265 -0.018450720 -0.055037141 0.043428417 0.209692895 0.028319616 0.976391733
1548339972.837520 0.144678816 -0.026503731 -0.059220579 0.045442872 0.214696273 0.031627409 0.975110352
1548339972.871030 0.136004403 -0.023627039 -0.060655486 0.049188543 0.219185293 0.031701859 0.973926783
1548339972.904550 0.145606890 -0.019633241 -0.062728271 0.051456347 0.222818226 0.031054132 0.973005593
1548339972.937990 0.143327892 -0.025731625 -0.063777007 0.051886920 0.228077650 0.031743079 0.971741080
1548339972.971470 0.145158410 -0.033551920 -0.067591682 0.051893763 0.230135143 0.031537987 0.971262157
1548339973.004270 0.153615966 -0.026267700 -0.067400143 0.054108955 0.232266456 0.027662218 0.970752001
1548339973.037760 0.153970495 -0.017784148 -0.064030811 0.056521226 0.238127902 0.024784271 0.969271004
1548339973.071280 0.136837527 -0.022430092 -0.067389645 0.057528578 0.246094570 0.024394320 0.967229486
1548339973.104790 0.137609690 -0.027943622 -0.070031472 0.058287531 0.251171201 0.025474736 0.965850234
1548339973.138310 0.134272754 -0.029675175 -0.071032546 0.058912598 0.257810205 0.026073152 0.964045405
1548339973.171820 0.131989464 -0.033536233 -0.077745564 0.058563262 0.262468845 0.027775571 0.962761164
1548339973.205340 0.132715479 -0.036398321 -0.080717020 0.058375537 0.265613645 0.028459251 0.961889684
1548339973.238860 0.126476064 -0.037784833 -0.083827488 0.058230102 0.268413693 0.029483207 0.961090088
1548339973.272370 0.110281110 -0.029304715 -0.086045757 0.059172966 0.271994859 0.029511200 0.960024178
1548339973.305890 0.105230637 -0.029141208 -0.079702765 0.057910811 0.275936097 0.029018167 0.958990932
1548339973.339400 0.102257028 -0.021669103 -0.077680230 0.057248540 0.280035883 0.028467452 0.957858086
1548339973.373100 0.100333638 -0.018619820 -0.080537356 0.056059647 0.283111751 0.029881505 0.956980824
1548339973.406640 0.105712220 -0.010202170 -0.084359534 0.055964578 0.283054352 0.028758692 0.957037747
1548339973.440170 0.106862001 -0.012673191 -0.077878617 0.054169245 0.287725359 0.027365919 0.955788195
1548339973.473900 0.104215167 -0.007650261 -0.074958332 0.054538343 0.287375927 0.027095467 0.955879986
1548339973.507420 0.123148397 -0.022147059 -0.097758040 0.052608632 0.277241766 0.026247822 0.958999693
1548339973.540930 0.115061179 -0.017403336 -0.090988658 0.052313525 0.273956776 0.021151355 0.960085273
1548339973.574240 0.099430859 -0.009806018 -0.087913811 0.052398250 0.268076599 0.017077560 0.961820066
1548339973.607740 0.094589874 -0.013022999 -0.082240127 0.049752109 0.262054831 0.011359432 0.963702798
1548339973.641230 0.090978906 -0.011870427 -0.079270191 0.046678107 0.257727832 0.008622352 0.965050936
1548339973.674570 0.064386770 0.007296331 -0.076679684 0.046127427 0.257543415 0.006455272 0.965143561
1548339973.707870 0.061518829 0.012589578 -0.074895002 0.043030571 0.255571336 0.006141395 0.965812624
1548339973.741390 0.058239974 0.016642272 -0.069414623 0.039775372 0.253190786 0.006522704 0.966576338
1548339973.774910 0.058963150 0.019643553 -0.064701244 0.037145503 0.250137269 0.008283218 0.967462122
1548339973.808420 0.060004495 0.019350130 -0.064090684 0.035016336 0.247315452 0.009152859 0.968258858
1548339973.841940 0.064218529 0.017922835 -0.061356846 0.034123920 0.246799469 0.010961785 0.968403578
1548339973.875450 0.062071543 0.019924000 -0.056383185 0.035031963 0.245275825 0.013446597 0.968726933
1548339973.908930 0.063474812 0.020988217 -0.063830569 0.035017356 0.243215546 0.014100379 0.969237447
1548339973.942420 0.063446224 0.022365434 -0.061915576 0.034277592 0.242988303 0.014802678 0.969310403
1548339973.975940 0.060828097 0.022785591 -0.056992203 0.033594016 0.241936296 0.014763968 0.969597995
1548339974.009450 0.058320817 0.023762932 -0.056379307 0.033381999 0.239957273 0.015191798 0.970090449
1548339974.042990 0.059672318 0.027786188 -0.054504782 0.033255987 0.236556575 0.016551048 0.970907450
1548339974.076480 0.050264809 0.038938913 -0.056626190 0.034275927 0.233264953 0.016754251 0.971664548
1548339974.110000 0.064297147 0.041039553 -0.055040609 0.033227254 0.227870971 0.015049530 0.973007858
1548339974.143480 0.067151591 0.045064580 -0.054010600 0.032537501 0.227919221 0.014883803 0.973022461
1548339974.176950 0.054223970 0.049117990 -0.049751885 0.031919643 0.227566883 0.015120108 0.973121703
1548339974.210550 0.056082677 0.051505022 -0.046794500 0.030617952 0.223716736 0.013312218 0.974082232
1548339974.244100 0.053286724 0.051535897 -0.043441493 0.029492188 0.221421123 0.012553781 0.974651456
1548339974.311300 0.046924498 0.066038899 -0.037712160 0.027598092 0.216130808 0.009436261 0.975928724
1548339974.344820 0.038971491 0.067255080 -0.031496782 0.025816627 0.214450508 0.008877803 0.976353288
1548339974.378360 0.037437852 0.065858819 -0.029479275 0.024201659 0.208812997 0.007523261 0.977627158
1548339974.412110 0.046797648 0.066868655 -0.030739143 0.022419387 0.204699799 0.005559836 0.978552282
1548339974.445630 0.039661918 0.069468260 -0.026546344 0.020892767 0.203727812 0.004829888 0.978792787
1548339974.478910 0.036785346 0.070489906 -0.024749881 0.019209512 0.199656695 0.003681860 0.979670703
1548339974.512400 0.042480160 0.070102841 -0.024060523 0.017167214 0.197138891 0.002610843 0.980221868
1548339974.545750 0.025514407 0.069193132 -0.014007796 0.016238915 0.196302369 0.003340134 0.980403304
1548339974.579260 0.020750171 0.067398541 -0.010358219 0.015510823 0.191201359 0.002419703 0.981425345
1548339974.612660 0.035861373 0.043538958 -0.020355986 0.011249200 0.185131967 0.002743328 0.982645452
1548339974.646300 0.032433759 0.050420679 -0.020579020 0.011929957 0.180711374 0.002484753 0.983460724
1548339974.679810 0.037189305 0.047083408 -0.017684473 0.010949514 0.172213331 0.000766203 0.984998584
1548339974.713210 0.041339733 0.054811928 -0.017013324 0.011759046 0.169252113 -0.001527557 0.985501468
1548339974.746720 0.018816790 0.040500592 -0.007085860 0.009471909 0.168028384 -0.002591833 0.985733271
1548339974.780240 0.023897624 0.042105876 -0.007295725 0.009757914 0.159972265 -0.005669231 0.987056971
1548339974.813760 0.027968759 0.043397442 -0.007857268 0.010568351 0.156530932 -0.007821641 0.987585545
1548339974.847270 0.001356621 0.022292789 -0.011110702 0.008841720 0.154192492 -0.008780994 0.987962306
1548339974.880790 -0.001092100 0.015651012 -0.009805532 0.009847204 0.147852913 -0.010590173 0.988903701
1548339974.914200 -0.000145648 0.017841376 -0.010474663 0.012331927 0.144186229 -0.011184727 0.989410520
1548339974.947710 -0.034022491 0.011967992 -0.001405390 0.013853066 0.142568871 -0.010659036 0.989630580
1548339974.981230 -0.035261489 0.010007147 -0.005809002 0.015933236 0.133143097 -0.010287330 0.990915418
1548339975.014740 -0.028628420 0.010445531 -0.008490784 0.017808741 0.126404941 -0.009833539 0.991770148
1548339975.048370 -0.058429223 0.003499632 -0.001383048 0.018566348 0.122485787 -0.009325890 0.992252767
1548339975.082010 -0.019166531 0.008202643 -0.010437419 0.020337516 0.107342988 -0.011003374 0.993953109
1548339975.115530 0.003086558 0.015305223 -0.024618715 0.022408137 0.099097893 -0.011955823 0.994753540
1548339975.149070 0.008165231 0.015401567 -0.021369578 0.022557847 0.092221528 -0.013496358 0.995391488
1548339975.182680 -0.001138844 0.017194748 -0.025213916 0.022928625 0.086950071 -0.016469775 0.995812654
1548339975.216200 -0.004869530 0.023349989 -0.024752345 0.023775747 0.083981253 -0.019142652 0.995999813
1548339975.249710 -0.004975728 0.014473127 -0.021214683 0.022434508 0.078453355 -0.019987747 0.996464849
1548339975.283130 0.002721483 0.014074356 -0.022510372 0.022480680 0.071064882 -0.021638000 0.996983588
1548339975.316650 0.009047869 0.017162463 -0.024307571 0.023099825 0.066122539 -0.022696039 0.997285903
1548339975.350170 0.010665168 0.020675868 -0.021715889 0.023814533 0.061019715 -0.022417441 0.997600615
1548339975.383680 -0.023746965 0.013658047 -0.026093548 0.022854561 0.059741762 -0.023738677 0.997669876
1548339975.417230 -0.021674110 0.018554095 -0.027519960 0.023767319 0.055805847 -0.024876650 0.997848749
1548339975.450780 -0.020032274 0.020542918 -0.024722882 0.024345767 0.052175678 -0.024520796 0.998039961
1548339975.484320 -0.019543976 0.018512806 -0.025472978 0.024126887 0.047839481 -0.024971899 0.998251319
1548339975.517960 -0.024659704 0.020694176 -0.027390191 0.024320805 0.045726981 -0.026503593 0.998306215
1548339975.551450 -0.024851192 0.017408146 -0.025654687 0.023836419 0.043777276 -0.027150789 0.998387814
1548339975.584870 -0.026018284 0.015180209 -0.025444133 0.023664203 0.041073114 -0.028652580 0.998464882
1548339975.618480 -0.030555723 0.018283207 -0.027122365 0.023907915 0.039538283 -0.030888457 0.998454332
1548339975.652030 -0.025540773 0.035541926 -0.028622746 0.025835039 0.036206145 -0.032754116 0.998473287
1548339975.685540 -0.024547091 0.034507178 -0.028205805 0.025095375 0.033012092 -0.034463886 0.998545289
1548339975.719090 -0.026280783 0.032902583 -0.027006511 0.024687029 0.030852439 -0.036072467 0.998567700
1548339975.752610 -0.033231284 0.033389967 -0.025944808 0.024604898 0.028787760 -0.036886495 0.998601675
1548339975.786120 -0.035850033 0.040336099 -0.026931962 0.024990272 0.025810296 -0.037656534 0.998644710
1548339975.819640 -0.037592348 0.045656346 -0.027097432 0.024457134 0.023142923 -0.038170401 0.998703837
1548339975.853120 -0.045610696 0.048859969 -0.026834588 0.023024715 0.021253083 -0.038756616 0.998757303
1548339975.886640 -0.050116938 0.049821001 -0.024416476 0.021053717 0.018231491 -0.039240550 0.998841584
1548339975.920140 -0.062841423 0.020598415 -0.018989500 0.014468134 0.015401292 -0.039655827 0.998989999
1548339975.953720 -0.064696871 0.029234244 -0.019217940 0.013764091 0.012113982 -0.041063119 0.998988390
1548339975.987180 -0.065117620 0.031987086 -0.017998345 0.011937089 0.008156937 -0.042008176 0.999012709
1548339976.020680 -0.065012589 0.034113742 -0.016393229 0.010014995 0.003916502 -0.043896656 0.998978257
1548339976.054200 -0.060551617 0.040082719 -0.016200788 0.008759870 0.000640563 -0.046472576 0.998880982
1548339976.087720 -0.066605829 0.041053649 -0.012534669 0.006818699 -0.001009455 -0.048337609 0.998807311
1548339976.121220 -0.070319749 0.036456268 -0.008768245 0.004194497 -0.005139492 -0.049972307 0.998728633
1548339976.154720 -0.068032436 0.049360678 -0.012159217 0.004218419 -0.008550991 -0.052335121 0.998584092
1548339976.188100 -0.068110965 0.052788544 -0.009024758 0.002278608 -0.009565539 -0.052723840 0.998560727
1548339976.221580 -0.086323723 0.041966017 -0.010895296 -0.002259109 -0.009752376 -0.052775484 0.998556256
1548339976.255100 -0.082070224 0.050119475 -0.009811044 -0.003629804 -0.012651459 -0.053813208 0.998464346
1548339976.288610 -0.083963580 0.050441183 -0.007140066 -0.006457031 -0.013277942 -0.053674158 0.998449385
1548339976.322130 -0.091384634 0.045873277 -0.002155661 -0.009522590 -0.015105720 -0.053853054 0.998389244
1548339976.355650 -0.090348713 0.046895780 0.000962170 -0.011053032 -0.018685451 -0.055159323 0.998241544
1548339976.389160 -0.095235035 0.048620462 0.003591968 -0.012549972 -0.021475289 -0.056485839 0.998093545
1548339976.422680 -0.097478852 0.053642321 0.006470334 -0.013434108 -0.025124118 -0.058158506 0.997900784
1548339976.456190 -0.093642116 0.055344518 0.008860109 -0.014411367 -0.027896371 -0.059431113 0.997738540
1548339976.489910 -0.086547568 0.042201392 0.017184278 -0.017374506 -0.031919122 -0.058747146 0.997611225
1548339976.523440 -0.098487973 0.044965733 0.015097209 -0.017369086 -0.034017038 -0.058845125 0.997536182
1548339976.556970 -0.095954254 0.045751806 0.017695623 -0.017469309 -0.037607919 -0.058461212 0.997428119
1548339976.590520 -0.103623264 0.050968826 0.019721111 -0.017412545 -0.039712194 -0.057715937 0.997390926
1548339976.624120 -0.103243127 0.047551937 0.022922637 -0.018437842 -0.043269739 -0.056984931 0.997266591
1548339976.657640 -0.100471780 0.046752632 0.025753126 -0.018558988 -0.046558354 -0.056587052 0.997138858
1548339976.691150 -0.097548410 0.044267844 0.028388985 -0.018650377 -0.048355404 -0.056276213 0.997069240
1548339976.724670 -0.093027316 0.036853917 0.030682337 -0.018579980 -0.049649358 -0.056377493 0.997001231
1548339976.758140 -0.098821484 0.034283545 0.032968137 -0.017093616 -0.049285423 -0.056748811 0.997024775
1548339976.791660 -0.106812768 0.026159355 0.036586981 -0.016061408 -0.051271323 -0.056808986 0.996938348
1548339976.825200 -0.108481355 0.026125845 0.038145807 -0.013570596 -0.055743072 -0.057805017 0.996678054
1548339976.858720 -0.108289592 0.028396668 0.036658529 -0.011240696 -0.060114380 -0.058576301 0.996407986
1548339976.892230 -0.101354778 0.031767134 0.035798263 -0.009636073 -0.063691333 -0.059679303 0.996137083
1548339976.925740 -0.128809720 0.043724664 0.030896373 -0.007573740 -0.062528029 -0.059652936 0.996230125
1548339976.959270 -0.123172484 0.046146918 0.032581784 -0.006966842 -0.068431020 -0.060470611 0.995797217
1548339976.992770 -0.116171099 0.041352596 0.035150204 -0.007691420 -0.071692117 -0.060225185 0.995577216
1548339977.026290 -0.128193513 0.042320065 0.033250388 -0.007665600 -0.073806822 -0.058544293 0.995523214
1548339977.059810 -0.129585281 0.039805386 0.037332773 -0.007678500 -0.080394380 -0.057246547 0.995088279
1548339977.093320 -0.119302668 0.032488570 0.038983218 -0.007872296 -0.087342575 -0.056946572 0.994518220
1548339977.126840 -0.128202975 0.034186449 0.037093513 -0.006730222 -0.091472134 -0.055544522 0.994234622
1548339977.160350 -0.117203474 0.029538918 0.037032828 -0.006674193 -0.099101663 -0.055894222 0.993483901
1548339977.193870 -0.104082115 0.022274662 0.043352608 -0.007356631 -0.101902671 -0.057339888 0.993113279
1548339977.227390 -0.094958879 0.016665837 0.043113403 -0.007854941 -0.103414446 -0.055885054 0.993036032
1548339977.260920 -0.105514273 0.018010421 0.043964066 -0.007340990 -0.103689075 -0.056983434 0.992948949
1548339977.294430 -0.104960114 0.013861716 0.047443278 -0.007363233 -0.104055062 -0.056989674 0.992910147
1548339977.327950 -0.115265235 0.024050474 0.041122280 -0.005068827 -0.105265275 -0.056463346 0.992827058
1548339977.361450 -0.117133051 0.026441567 0.041863576 -0.004206327 -0.110620573 -0.058499120 0.992130697
1548339977.394990 -0.118172131 0.023258541 0.039118607 -0.004779825 -0.114142977 -0.061168116 0.991568029
1548339977.428510 -0.132597417 0.056369953 0.034192659 -0.000366637 -0.118657485 -0.061288737 0.991041958
1548339977.462030 -0.132028595 0.048445236 0.034965161 -0.002924863 -0.129299372 -0.066619784 0.989360929
1548339977.495540 -0.129366517 0.040424854 0.037320331 -0.006121444 -0.134001419 -0.071511842 0.988378644
1548339977.529060 -0.117474586 0.051617559 0.034034476 -0.005931502 -0.142372280 -0.073958278 0.987028420
1548339977.562570 -0.153684512 0.041776177 0.037518557 -0.009851794 -0.147971913 -0.082330585 0.985509455
1548339977.596280 -0.157262444 0.027774129 0.040840220 -0.013841693 -0.152920157 -0.087985866 0.984216630
1548339977.629790 -0.174223796 0.044810575 0.037014507 -0.013289523 -0.156532884 -0.090058289 0.983468592
1548339977.663650 -0.183787346 0.058585405 0.042938333 -0.013087886 -0.164123416 -0.092202097 0.982034147
1548339977.697170 -0.188029543 0.065285347 0.044470873 -0.014079472 -0.171376094 -0.094585523 0.980553746
1548339977.730560 -0.181808755 0.063632205 0.047829591 -0.016563661 -0.180180073 -0.096216321 0.978776395
1548339977.764080 -0.180703923 0.065893605 0.053945992 -0.018249918 -0.191173881 -0.097732633 0.976507962
1548339977.797590 -0.178587765 0.050589260 0.062700756 -0.022545055 -0.198517084 -0.101475865 0.974569321
1548339977.831110 -0.182562411 0.050791606 0.062800251 -0.024233859 -0.201003715 -0.103659600 0.973788977
1548339977.864620 -0.169693276 0.065143868 0.037558436 -0.022837706 -0.206805229 -0.102606982 0.972718775
1548339977.897920 -0.168715224 0.058474068 0.042140566 -0.025301605 -0.211427793 -0.105102614 0.971396744
1548339977.931440 -0.173946708 0.064375095 0.039756130 -0.025707796 -0.213388339 -0.105920553 0.970868409
1548339977.964950 -0.176828772 0.068517499 0.038087744 -0.026427498 -0.216715902 -0.106351301 0.970064521
1548339977.998470 -0.184831277 0.057795554 0.036358260 -0.029618191 -0.217922136 -0.108250491 0.969491959
1548339978.031930 -0.190585315 0.067952082 0.033493258 -0.029449521 -0.216003001 -0.107801348 0.969976485
1548339978.065450 -0.188468069 0.073474646 0.037764575 -0.030384416 -0.215734020 -0.106665701 0.970133007
1548339978.098960 -0.184553266 0.074254252 0.041616801 -0.031958461 -0.216043681 -0.106681406 0.970011830
1548339978.132480 -0.145560667 0.069746710 0.063958205 -0.033967339 -0.221037209 -0.104115009 0.969096959
1548339978.166000 -0.145823359 0.072436288 0.069781154 -0.035546988 -0.219516754 -0.104078934 0.969389737
1548339978.199510 -0.144689485 0.070298463 0.075542308 -0.037448745 -0.216298386 -0.104502499 0.969995856
1548339978.232940 -0.145823047 0.068928495 0.079616301 -0.038839649 -0.211785153 -0.104014315 0.970988989
1548339978.266450 -0.149496555 0.069904149 0.082189247 -0.038690191 -0.206737950 -0.104393922 0.972041428
1548339978.300040 -0.150854900 0.069937207 0.083430201 -0.037988294 -0.201571077 -0.104208149 0.973173499
1548339978.333550 -0.155550629 0.066851713 0.085370906 -0.036727276 -0.195384562 -0.104458794 0.974455953
1548339978.367090 -0.148025140 0.070887767 0.088651136 -0.033351503 -0.192031294 -0.102610461 0.975439787
1548339978.400600 -0.152528733 0.049015459 0.084914953 -0.033504803 -0.188074559 -0.103893466 0.976069450
1548339978.434100 -0.156925470 0.048444275 0.085773490 -0.029561786 -0.184391811 -0.102977537 0.976996183
1548339978.467620 -0.155664265 0.047525533 0.086005025 -0.025750635 -0.180968732 -0.101526059 0.977895558
1548339978.501130 -0.154014006 0.045906462 0.086417511 -0.023024075 -0.177640572 -0.099375196 0.978794336
1548339978.534650 -0.156842843 0.049459178 0.089439280 -0.019429360 -0.173776224 -0.097552627 0.979748905
1548339978.568170 -0.150276065 0.048006915 0.089779995 -0.017204648 -0.170425981 -0.095312938 0.980599046
1548339978.601680 -0.131919399 0.032116789 0.085784487 -0.017491993 -0.168543875 -0.093314543 0.981111288
1548339978.635200 -0.130694062 0.033030692 0.091235466 -0.015876180 -0.165068105 -0.091577217 0.981893182
1548339978.668720 -0.127143115 0.030857142 0.090262026 -0.014854047 -0.160526127 -0.089717425 0.982833445
1548339978.702260 -0.127367184 0.031644203 0.088769108 -0.013389174 -0.155536845 -0.088257752 0.983788431
1548339978.735800 -0.124749415 0.033719473 0.081528433 -0.011604080 -0.149257049 -0.086609587 0.984929681
1548339978.769340 -0.121751763 0.034230918 0.082210615 -0.010796077 -0.145079181 -0.085207246 0.985685170
1548339978.802860 -0.119353920 0.036292009 0.080377333 -0.010184312 -0.140763864 -0.084406629 0.986386001
1548339978.836370 -0.099668927 0.011085244 0.093691833 -0.014112757 -0.139317274 -0.085474730 0.986451030
1548339978.869870 -0.104175314 0.017677216 0.093481027 -0.013556409 -0.133717924 -0.084498607 0.987317443
1548339978.903380 -0.096118361 0.012938742 0.095345244 -0.014543965 -0.130029351 -0.083777644 0.987857342
1548339978.936900 -0.093428962 0.014187805 0.093058512 -0.014658584 -0.124289997 -0.082476743 0.988703549
1548339978.970440 -0.101217151 0.017450042 0.093597874 -0.014610810 -0.117306583 -0.081010439 0.989678323
1548339979.003980 -0.097624101 0.011370864 0.093362667 -0.015385754 -0.113487191 -0.079759426 0.990213335
1548339979.037500 -0.089762822 -0.000321896 0.093748562 -0.016608112 -0.109286547 -0.078674614 0.990752757
1548339979.071010 -0.082452647 -0.002633528 0.097591884 -0.016501362 -0.105499439 -0.076424122 0.991340995
1548339979.104220 -0.081715561 -0.005064656 0.099622495 -0.016556919 -0.101270236 -0.075283311 0.991868317
1548339979.137660 -0.056384262 0.003189627 0.086924344 -0.014796438 -0.098795436 -0.076733723 0.992034495
1548339979.171070 -0.135348275 -0.008513554 0.092928447 -0.017834788 -0.078586735 -0.077084132 0.993762612
1548339979.204580 -0.131428063 0.006773194 0.092458248 -0.015279571 -0.074184164 -0.073928803 0.994383156
1548339979.238020 -0.118155867 -0.004769607 0.088137701 -0.016455738 -0.071786776 -0.073633067 0.994562268
1548339979.271530 -0.113812044 -0.006587689 0.087181307 -0.016547207 -0.066589475 -0.071601428 0.995070517
1548339979.305050 -0.118395321 -0.003203335 0.083064012 -0.016325317 -0.061645724 -0.069002897 0.995576203
1548339979.338560 -0.116835169 -0.004923734 0.084551193 -0.016729007 -0.058287553 -0.067960903 0.995843351
1548339979.372080 -0.111222252 -0.009169105 0.082789682 -0.017493365 -0.054436117 -0.067459628 0.996082366
1548339979.405600 -0.117608771 -0.013148608 0.077433430 -0.018659491 -0.047943473 -0.066152930 0.996482313
1548339979.439110 -0.117656469 -0.005847446 0.079387493 -0.018251991 -0.044399478 -0.063446499 0.996830046
1548339979.472630 -0.074982665 -0.006049338 0.090318494 -0.018461481 -0.047739252 -0.059802204 0.996897101
1548339979.506130 -0.076421522 -0.000154336 0.086327940 -0.017829966 -0.043638065 -0.058557298 0.997170448
1548339979.539560 -0.073669553 -0.002065794 0.080936886 -0.018572068 -0.041915517 -0.057300944 0.997303784
1548339979.573080 -0.073528200 0.003559735 0.083406098 -0.018052494 -0.040709700 -0.057622515 0.997344792
1548339979.606680 -0.075962439 0.006495874 0.083862960 -0.018486189 -0.036490683 -0.058187287 0.997467279
1548339979.640210 -0.081561334 0.007690022 0.078169815 -0.019899005 -0.031001568 -0.056601003 0.997717023
1548339979.673730 -0.076145664 0.007992968 0.075935639 -0.021247547 -0.029918617 -0.055608697 0.997778058
1548339979.707250 -0.061994158 0.026289701 0.088218518 -0.019794913 -0.029373271 -0.054155264 0.997904122
1548339979.741250 -0.058086995 0.025693595 0.086341105 -0.021786686 -0.025853669 -0.051008679 0.998125792
1548339979.775270 -0.051055681 0.030861400 0.088582218 -0.022668399 -0.025116382 -0.049592339 0.998196363
1548339979.808800 -0.027791610 0.038961783 0.105697244 -0.022890944 -0.026737647 -0.049080875 0.998174429
1548339979.842380 -0.034564678 0.043543644 0.108895920 -0.024327071 -0.022341944 -0.048171137 0.998292863
1548339979.875910 -0.050594170 0.046709295 0.108034171 -0.025678454 -0.016804639 -0.048454940 0.998353839
1548339979.909430 -0.049439713 0.033719402 0.099348806 -0.028119033 -0.013211301 -0.049525250 0.998289645
1548339979.942930 -0.039542895 0.040986195 0.085823976 -0.028214006 -0.009840569 -0.048430089 0.998379529
1548339979.976440 -0.038055029 0.040698618 0.086511962 -0.029343495 -0.006224043 -0.047049709 0.998442113
1548339980.009960 -0.036825936 0.037623595 0.087672360 -0.030426139 -0.003858799 -0.045953553 0.998472691
1548339980.043490 -0.028359715 0.040354595 0.086376779 -0.030324824 -0.001437588 -0.045274932 0.998513162
1548339980.076990 -0.029544380 0.042132210 0.084785134 -0.030786401 0.003554351 -0.044330861 0.998536110
1548339980.110510 -0.032029234 0.039349329 0.084900349 -0.032245535 0.007143980 -0.043468766 0.998508751
1548339980.144020 -0.002537968 0.052854709 0.096799128 -0.030977562 0.006344249 -0.043266322 0.998563051
1548339980.176770 -0.000731718 0.059997983 0.096999601 -0.030463183 0.009881506 -0.042508863 0.998582721
1548339980.210280 -0.019936435 0.028375186 0.087264530 -0.035829294 0.014782383 -0.041174725 0.998399913
1548339980.243790 -0.007417170 0.025573991 0.088227533 -0.035714190 0.015294286 -0.040124919 0.998439133
1548339980.277180 0.002040065 0.030887082 0.085831173 -0.034047034 0.017709753 -0.039742496 0.998472750
1548339980.310690 0.004790987 0.040760875 0.093814917 -0.031372868 0.021957498 -0.037827548 0.998550355
1548339980.344200 0.002133010 0.036428969 0.094748951 -0.030677371 0.024316212 -0.035722572 0.998594820
1548339980.377710 0.003108828 0.032305606 0.084988974 -0.029821146 0.026591275 -0.035248015 0.998579621
1548339980.411230 -0.014638134 0.028720260 0.084460460 -0.029532263 0.033970375 -0.034610640 0.998386741
1548339980.444740 -0.004221833 0.032129504 0.094536915 -0.027233373 0.036489155 -0.031345956 0.998471022
1548339980.478260 -0.007865726 0.022819240 0.088722095 -0.027090076 0.037723403 -0.030420024 0.998457670
1548339980.511780 -0.007650042 0.022355873 0.088480480 -0.025258739 0.039337087 -0.029737510 0.998463988
1548339980.545290 -0.004300130 0.017316265 0.087871693 -0.023810148 0.040595651 -0.028951295 0.998472333
1548339980.578810 -0.003686737 0.013559705 0.085827522 -0.022005294 0.042065628 -0.028506216 0.998465657
1548339980.612320 -0.002451401 0.014663838 0.083107278 -0.019555131 0.044326086 -0.028674420 0.998414099
1548339980.645840 -0.002778979 0.014825097 0.083910584 -0.017264446 0.046653908 -0.027896848 0.998372257
1548339980.679350 -0.000453141 0.013625749 0.081437320 -0.015412467 0.047982700 -0.027804786 0.998342156
1548339980.712870 -0.000613350 0.012332891 0.079462804 -0.013500569 0.050602842 -0.027115515 0.998259425
1548339980.746330 0.003267595 0.012448865 0.078637272 -0.011552639 0.052870877 -0.026114015 0.998193026
1548339980.779820 -0.000969279 0.012314446 0.080163352 -0.009678882 0.055593923 -0.024968201 0.998094380
1548339980.813340 -0.003630536 0.003038909 0.078804642 -0.009360848 0.057896353 -0.023965267 0.997991085
1548339980.846850 -0.007637932 0.003823596 0.075606830 -0.007942929 0.061262857 -0.023499547 0.997813463
1548339980.880420 -0.001959579 -0.005385235 0.078829184 -0.008271820 0.063020959 -0.022240201 0.997730136
1548339980.913950 -0.001062038 -0.007695196 0.078252256 -0.007437645 0.064155959 -0.022348436 0.997661889
1548339980.947480 0.012749574 -0.005807286 0.073687099 -0.005910638 0.063120149 -0.021938791 0.997747302
1548339980.981030 0.006745261 -0.002791691 0.071566276 -0.005017857 0.066046178 -0.022745550 0.997544706
1548339981.014540 0.006825593 -0.000773794 0.071983799 -0.004481375 0.069177307 -0.022701003 0.997336030
1548339981.048060 0.007296598 0.000166489 0.072118998 -0.004263230 0.071919352 -0.022107149 0.997156322
1548339981.081530 0.006192598 0.002361957 0.071433440 -0.004153716 0.074756451 -0.021409892 0.996963382
1548339981.115040 0.004489996 0.002809189 0.068484351 -0.004670934 0.078686096 -0.020837495 0.996670783
1548339981.148610 0.008951740 0.004989770 0.069566444 -0.005029890 0.082546011 -0.019127928 0.996391058
1548339981.182120 0.013490818 -0.000765831 0.069156624 -0.006642584 0.085221037 -0.017589055 0.996184647
1548339981.215640 0.017494395 -0.002567286 0.069276892 -0.007581739 0.089016132 -0.016678151 0.995861709
1548339981.249160 0.029123297 -0.002796142 0.072585516 -0.007819872 0.091885976 -0.014148826 0.995638311
1548339981.282670 0.035752349 -0.002641146 0.072614156 -0.007638733 0.093998745 -0.012285028 0.995467186
1548339981.316170 0.036307968 -0.004583505 0.073642418 -0.007441345 0.096869648 -0.011116881 0.995207191
1548339981.349690 0.038766660 -0.006509396 0.074570164 -0.007026903 0.099554509 -0.009938102 0.994957685
1548339981.383200 0.043024816 -0.006185284 0.075615212 -0.006267798 0.101252459 -0.009175148 0.994798779
1548339981.416710 0.044558156 -0.006083351 0.074835725 -0.005693108 0.102996334 -0.008651175 0.994627893
1548339981.450230 0.046640586 -0.009323364 0.073031113 -0.006044976 0.105201751 -0.008432252 0.994396806
1548339981.483750 0.048040885 -0.005604718 0.072939001 -0.005567894 0.108777054 -0.007830386 0.994019806
1548339981.517240 0.047979228 0.001552794 0.072960168 -0.004967785 0.109351955 -0.007616445 0.993961513
1548339981.550760 0.044509355 0.000974375 0.073191300 -0.006400959 0.110498205 -0.008137980 0.993822396
1548339981.584280 0.036787596 0.008246946 0.078187063 -0.006901297 0.114073083 -0.008283976 0.993413925
1548339981.617740 0.037704013 0.012413371 0.079053208 -0.008257575 0.114692457 -0.007752277 0.993336499
1548339981.650780 0.042546660 0.011690282 0.078124553 -0.010597815 0.115017295 -0.007665049 0.993277431
1548339981.684220 0.050245505 0.016220631 0.078577235 -0.012221497 0.116634391 -0.007204005 0.993073583
1548339981.717740 0.037018664 0.013631213 0.086507715 -0.014764641 0.119235650 -0.006704003 0.992733598
1548339981.751220 0.043594766 0.013426702 0.085838675 -0.016506674 0.117182024 -0.006878580 0.992949486
1548339981.784770 0.042628437 0.013289900 0.087955512 -0.017929474 0.117540635 -0.006936330 0.992881954
1548339981.818360 0.038029008 0.006862412 0.091890886 -0.019726666 0.116935968 -0.007061544 0.992918491
1548339981.851890 0.038123358 0.005044081 0.092666067 -0.020291224 0.114964835 -0.007265439 0.993135810
1548339981.885770 0.032936886 0.003770319 0.092268169 -0.020384323 0.114126623 -0.007264064 0.993230581
1548339981.919290 0.023856718 -0.003432621 0.095561124 -0.021452313 0.114057451 -0.007460032 0.993214548
1548339981.952570 0.018096635 0.000193206 0.097545944 -0.019906456 0.112069897 -0.007846284 0.993469954
1548339981.986080 0.022070764 -0.003542888 0.096035004 -0.018872092 0.107282609 -0.007883325 0.994018257
1548339982.019600 0.021488938 -0.004267634 0.095145032 -0.017079182 0.104496390 -0.007804481 0.994347990
1548339982.053110 0.012482668 -0.005075123 0.097510956 -0.015220021 0.102084532 -0.008164834 0.994625747
1548339982.086770 0.006343140 -0.014470915 0.099873677 -0.014387415 0.097700588 -0.008137363 0.995078683
1548339982.120360 0.016268160 -0.013488052 0.093942471 -0.011866082 0.092436202 -0.008884913 0.995608330
1548339982.153870 0.012034276 -0.011746665 0.092653476 -0.009946961 0.090505600 -0.009193310 0.995803893
1548339982.187390 0.003732941 -0.015321635 0.089931801 -0.009300565 0.086826198 -0.009617834 0.996133685
1548339982.220920 0.014769161 -0.021465799 0.084385209 -0.009195713 0.080751777 -0.010360752 0.996637940
1548339982.254450 0.007244679 -0.016736386 0.082081869 -0.007985356 0.079584062 -0.011370583 0.996731341
1548339982.287960 0.001921741 -0.015133928 0.081572406 -0.007120008 0.076899812 -0.012247567 0.996938229
1548339982.321450 0.004862053 -0.014150971 0.082105674 -0.006120308 0.073323734 -0.013242235 0.997201562
1548339982.354970 0.004643614 -0.013605820 0.081434429 -0.005368714 0.071484983 -0.014019820 0.997328758
1548339982.388440 0.007981420 -0.004254810 0.082290411 -0.003709610 0.068787150 -0.013806609 0.997528970
1548339982.421930 0.008611098 -0.004886637 0.082107693 -0.003409375 0.067093320 -0.015175827 0.997625530
1548339982.488890 0.004130535 -0.002761797 0.081516989 -0.003195241 0.065587476 -0.016247539 0.997709453
1548339982.522380 0.006884299 -0.004902453 0.084731288 -0.003357484 0.064404003 -0.017211484 0.997769892
1548339982.555900 -0.005725748 -0.001389044 0.087697059 -0.002538979 0.067907356 -0.017847788 0.997528791
1548339982.589420 -0.013882830 0.001021205 0.082823157 -0.002741103 0.069901675 -0.014835258 0.997439861
1548339982.622930 -0.017109040 0.003867574 0.082131475 -0.002911791 0.066768527 -0.013710566 0.997670114
1548339982.656400 -0.010669975 0.001964092 0.082899086 -0.003727443 0.065127969 -0.014216851 0.997768700
1548339982.689860 -0.011343042 0.008671944 0.077078648 -0.004581891 0.063071832 -0.012790082 0.997916579
1548339982.723330 -0.015822051 0.009718296 0.076064765 -0.007226943 0.062146824 -0.012782352 0.997959077
1548339982.756790 -0.011855663 0.006643091 0.075704314 -0.010516604 0.059267577 -0.012926485 0.998103142
1548339982.790240 -0.005420345 0.001211986 0.088301413 -0.013839932 0.055082962 -0.014149330 0.998285651
1548339982.823750 -0.004444901 0.006261190 0.087882504 -0.015159226 0.053274840 -0.015192377 0.998349249
1548339982.857270 -0.017534671 -0.000284076 0.093022570 -0.017803490 0.051637296 -0.014880264 0.998396337
1548339982.890720 -0.011769518 -0.002655543 0.092070960 -0.019352866 0.047012482 -0.016120145 0.998576701
1548339982.924230 -0.012820366 -0.007022765 0.093965307 -0.020720007 0.044253238 -0.016826231 0.998663783
1548339982.957750 -0.025585767 -0.009782922 0.098517254 -0.021174325 0.041680951 -0.017521819 0.998752892
1548339982.991330 -0.021468189 -0.013123098 0.095320605 -0.021201309 0.034751978 -0.019232191 0.998985946
1548339983.024850 -0.020187451 -0.010607324 0.095954262 -0.020235904 0.030236956 -0.021411246 0.999108553
1548339983.058370 -0.025711894 -0.009023484 0.098083287 -0.019220218 0.025788045 -0.023363560 0.999209583
1548339983.091880 -0.012153162 -0.008757279 0.098548569 -0.018544862 0.018854814 -0.027167544 0.999281049
1548339983.125400 -0.021783600 -0.012076527 0.101602972 -0.018545285 0.017595166 -0.029025499 0.999251723
1548339983.159580 -0.029341903 -0.013679140 0.103562444 -0.018232342 0.015562935 -0.031535074 0.999215186
1548339983.193090 -0.029435312 -0.014462866 0.103253417 -0.017295538 0.012038707 -0.033210181 0.999226272
1548339983.226660 -0.023974093 -0.009502505 0.100255586 -0.015482246 0.009427167 -0.034524459 0.999239504
1548339983.260180 -0.026170619 -0.009822654 0.101812281 -0.014368834 0.009113333 -0.033378255 0.999297976
1548339983.293700 -0.026077114 -0.006163043 0.101639755 -0.012560439 0.007709384 -0.032103404 0.999375939
1548339983.327210 -0.019701412 -0.001833539 0.098691389 -0.010988335 0.006511210 -0.030747565 0.999445617
1548339983.360720 -0.033840913 0.000884411 0.100400284 -0.010161589 0.007980296 -0.028962670 0.999496996
1548339983.394240 -0.036357209 0.003580248 0.099475600 -0.010027923 0.006335692 -0.028756436 0.999516129
1548339983.427760 -0.020648984 0.008009466 0.099703401 -0.010494415 0.004066025 -0.029716283 0.999495029
1548339983.461370 -0.024483316 0.011154038 0.101122163 -0.011662625 0.005018627 -0.029808350 0.999475002
1548339983.494880 -0.020566126 0.011029880 0.103735544 -0.013604251 0.003663479 -0.030742152 0.999428093
1548339983.528310 -0.014691846 0.008758649 0.105180077 -0.015778530 0.000635258 -0.032060936 0.999361157
1548339983.561820 -0.017324999 0.012379973 0.105233349 -0.017171508 -0.000195514 -0.034435362 0.999259412
1548339983.595190 -0.018298799 0.009371272 0.109281898 -0.019034555 -0.001387717 -0.034851722 0.999210298
1548339983.628400 -0.017074561 0.007418998 0.109727621 -0.020311471 -0.003506530 -0.035750289 0.999148190
1548339983.661800 -0.016580656 0.011022895 0.108641014 -0.020572115 -0.004243767 -0.036798730 0.999101937
1548339983.695320 -0.018063523 0.013452176 0.109619983 -0.020970378 -0.004055485 -0.036719829 0.999097347
1548339983.728830 -0.037045155 0.007156042 0.110180520 -0.022935458 -0.002205044 -0.036749240 0.999058843
1548339983.762350 -0.038295850 0.010399786 0.110231683 -0.023027370 -0.003492720 -0.037164077 0.999037743
1548339983.795980 -0.038396344 0.011745568 0.109393544 -0.023407657 -0.005129323 -0.037576016 0.999006450
1548339983.829580 -0.032342806 0.016361918 0.108582675 -0.023689814 -0.006881036 -0.038542029 0.998952508
1548339983.863160 -0.034818102 0.016180551 0.108600758 -0.024873119 -0.006765625 -0.039255284 0.998896718
1548339983.896690 -0.036472522 0.016891791 0.108304895 -0.025823914 -0.007630835 -0.040131129 0.998831511
1548339983.930210 -0.029615933 0.019865835 0.107644536 -0.026648715 -0.009027295 -0.041175999 0.998755753
1548339983.963720 -0.030241430 0.020572450 0.108217634 -0.027840713 -0.008183816 -0.041637730 0.998711288
1548339983.997220 -0.030485474 0.020376638 0.108626090 -0.028962413 -0.007961989 -0.041874077 0.998671293
1548339984.030740 -0.023427034 0.020301161 0.109536193 -0.029843809 -0.008178030 -0.042098012 0.998634219
1548339984.064270 -0.022043860 0.014536581 0.112536512 -0.031233363 -0.006515738 -0.041694466 0.998620868
1548339984.097790 -0.018037591 0.014402834 0.113419503 -0.031343900 -0.005674733 -0.041082527 0.998647869
1548339984.131340 -0.019077217 0.012727114 0.114423484 -0.031320594 -0.004261651 -0.040597200 0.998675525
1548339984.165010 -0.014508137 0.012614979 0.114805065 -0.030709399 -0.003642047 -0.040326927 0.998707891
1548339984.198370 -0.015652638 0.012145523 0.114579052 -0.030029833 -0.001828308 -0.039997276 0.998746812
1548339984.232040 -0.017500591 0.011463437 0.114554659 -0.029271007 -0.001169399 -0.039847396 0.998776317
1548339984.265410 -0.010775707 0.011288367 0.114627615 -0.028199226 -0.000895464 -0.039844438 0.998807549
1548339984.298920 -0.013151806 0.009534455 0.114308529 -0.027454777 0.000565501 -0.039519090 0.998841465
1548339984.332410 -0.011202969 0.008201806 0.113888673 -0.026679095 0.000799385 -0.039557263 0.998860776
1548339984.365920 -0.007668571 0.010742359 0.113343045 -0.025409581 0.001673691 -0.039597213 0.998891234
1548339984.399460 -0.010344335 0.012229516 0.113166563 -0.024582697 0.003545679 -0.039419908 0.998914063
1548339984.432980 -0.013140769 0.010699987 0.112527199 -0.024342600 0.004554173 -0.039213192 0.998923957
1548339984.466500 -0.012120406 0.011194997 0.112163253 -0.023782229 0.005033989 -0.038905367 0.998947144
1548339984.500090 -0.012419884 0.010580923 0.111467116 -0.023455000 0.005677822 -0.038273800 0.998975873
1548339984.533610 -0.010434297 0.012880176 0.110951394 -0.022912985 0.006405160 -0.037885223 0.998998880
1548339984.567130 -0.013442122 0.011409731 0.110717371 -0.023147976 0.007520992 -0.037237935 0.999010026
1548339984.600640 -0.011804593 0.013132212 0.110283919 -0.022926750 0.007934630 -0.036803756 0.999028027
1548339984.634150 -0.010775741 0.014359166 0.110448785 -0.023003301 0.008796190 -0.036454581 0.999031842
1548339984.667670 -0.007724680 0.015899597 0.111042306 -0.023115620 0.009849971 -0.036256809 0.999026597
1548339984.701180 -0.011371298 0.012340567 0.111817598 -0.024015397 0.011234959 -0.035943091 0.999002099
1548339984.734700 -0.011647076 0.008523542 0.112641275 -0.024574356 0.011362215 -0.035838243 0.998990834
1548339984.768220 -0.008183185 0.007662274 0.113079146 -0.024296112 0.011120451 -0.035822518 0.999000907
1548339984.801770 -0.006517142 0.005697598 0.113930911 -0.024020340 0.011815115 -0.035380408 0.999015391
1548339984.835290 -0.007143228 0.003092613 0.113918088 -0.023687154 0.012565939 -0.034776635 0.999035358
1548339984.868810 -0.009697847 -0.000927861 0.112499200 -0.023261229 0.013607262 -0.034275934 0.999049067
1548339984.902320 -0.003555484 0.001144912 0.113283768 -0.021960236 0.013125273 -0.034153331 0.999089181
1548339984.935840 -0.007337863 -0.000420136 0.112620212 -0.021596354 0.013686353 -0.034666654 0.999071896
1548339984.969350 -0.008350066 -0.003322651 0.111605041 -0.021433160 0.013574906 -0.035711057 0.999040127
1548339985.002870 -0.009446790 -0.003085487 0.111554384 -0.020848850 0.013419054 -0.036985651 0.999008179
1548339985.036390 -0.005546728 -0.003345853 0.112512536 -0.020379463 0.012629722 -0.038467709 0.998972237
1548339985.069900 -0.005139732 -0.004219540 0.113038898 -0.020140203 0.012447593 -0.039931968 0.998921931
1548339985.103370 -0.008064850 -0.007999586 0.113470092 -0.020269150 0.012421351 -0.041318756 0.998863220
1548339985.136890 -0.005328747 -0.007642593 0.113709934 -0.019749204 0.011823587 -0.042762347 0.998820126
1548339985.170400 -0.004763097 -0.008824581 0.114522249 -0.019570636 0.012083691 -0.043901514 0.998771071
1548339985.203930 -0.018857842 -0.009808004 0.112318434 -0.019485565 0.014514278 -0.045059610 0.998688817
1548339985.237380 -0.017393649 -0.000497738 0.112357818 -0.017809369 0.014419013 -0.046237275 0.998667657
1548339985.270870 -0.011921518 0.003213864 0.112772018 -0.016984290 0.014433339 -0.046554666 0.998667121
1548339985.304390 -0.016254991 0.003277432 0.113586068 -0.016869567 0.015397537 -0.046616945 0.998651683
1548339985.337910 -0.019273344 0.004631178 0.114114635 -0.016668895 0.015509931 -0.046695415 0.998649716
1548339985.371410 -0.021654289 0.004919126 0.114368469 -0.016811065 0.015200702 -0.046635352 0.998654902
1548339985.404930 -0.023318240 0.008744227 0.114597075 -0.016824286 0.014145724 -0.046893541 0.998658061
1548339985.438440 -0.019595288 0.015028429 0.115301169 -0.017153678 0.012794494 -0.047649276 0.998634934
1548339985.471960 -0.021478662 0.016476324 0.115987733 -0.018570909 0.012847763 -0.048270106 0.998579085
1548339985.505470 -0.022511605 0.016113281 0.117343694 -0.020345794 0.012717604 -0.048756015 0.998522520
1548339985.538950 -0.031360637 0.007485589 0.122230746 -0.023275731 0.012114116 -0.048340864 0.998486221
1548339985.572460 -0.069587313 0.011375434 0.123360813 -0.024131360 0.012330198 -0.048205342 0.998469770
1548339985.605980 -0.170625269 0.049482781 0.160545379 -0.020173799 0.017907986 -0.049892157 0.998390317
1548339985.639480 -0.174382329 0.033999372 0.141307428 -0.023871714 0.002515627 -0.054787721 0.998209536
1548339985.672980 -0.047671221 0.014565734 0.117554508 -0.027037758 -0.024455821 -0.052404936 0.997960210
1548339985.706490 -0.055025268 0.015917908 0.121201284 -0.028245091 -0.031605437 -0.053487830 0.997668505
1548339985.740010 -0.048976805 0.012395496 0.121364944 -0.030318243 -0.040480644 -0.055998251 0.997149110
1548339985.773530 -0.042670496 0.015398140 0.121297345 -0.031230563 -0.044452224 -0.058008246 0.996836901
1548339985.807040 -0.046035815 0.015126441 0.122142546 -0.032475673 -0.046176672 -0.058495108 0.996690214
1548339985.840560 -0.048464939 0.013942406 0.122993536 -0.033783212 -0.047430869 -0.059117869 0.996551096
1548339985.874070 -0.054634985 0.015776545 0.122540087 -0.034121603 -0.047721107 -0.058940683 0.996536255
1548339985.907560 -0.044351824 0.015277742 0.124144547 -0.034079712 -0.049515594 -0.058204215 0.996493399
1548339985.941000 -0.044864673 0.014537075 0.128072888 -0.033946481 -0.050001565 -0.057511449 0.996513903
1548339985.974500 -0.042412706 0.014661499 0.128475100 -0.033441320 -0.051169280 -0.057638261 0.996464372
1548339986.008020 -0.039764486 0.015778640 0.128543809 -0.032364324 -0.049773082 -0.057261057 0.996592402
1548339986.041540 -0.045904316 0.011070706 0.129098937 -0.032093033 -0.048648234 -0.055741880 0.996742845
1548339986.075050 -0.040239017 0.015313509 0.128116667 -0.030520493 -0.047888894 -0.056415100 0.996791124
1548339986.108570 -0.059118487 0.023471935 0.125430539 -0.027807102 -0.041844532 -0.055092555 0.997216523
1548339986.142080 -0.032162167 -0.000721542 0.129995808 -0.029733095 -0.045364555 -0.052721586 0.997135103
1548339986.175600 -0.014968509 0.008502034 0.132508174 -0.026644411 -0.043814655 -0.051566210 0.997352123
1548339986.209150 -0.023313209 0.008707538 0.131929770 -0.025470817 -0.038388930 -0.049552519 0.997708440
1548339986.242670 -0.021427192 0.009092048 0.131913364 -0.024618609 -0.036736593 -0.048732854 0.997832417
1548339986.276180 -0.019419353 0.015521090 0.132370710 -0.023242177 -0.033770319 -0.048492715 0.997981906
1548339986.309730 -0.023039537 0.017552152 0.132071704 -0.023119684 -0.031439252 -0.048240293 0.998073161
1548339986.343250 -0.020115590 0.020719497 0.132622004 -0.023317810 -0.029583657 -0.048545666 0.998110414
1548339986.376760 -0.025700066 0.019657530 0.133979499 -0.024315562 -0.027042758 -0.048554346 0.998158276
1548339986.410280 -0.036466919 0.019525923 0.135203525 -0.025244355 -0.025363499 -0.049507666 0.998132527
1548339986.443800 -0.026985588 0.021669952 0.136325032 -0.025635477 -0.025960332 -0.051406298 0.998011172
1548339986.477310 -0.022235245 0.023827435 0.137989059 -0.026056210 -0.023240037 -0.053162228 0.997975349
1548339986.510830 -0.028919065 0.019962089 0.139595449 -0.027223755 -0.019339086 -0.053984351 0.997983277
1548339986.544310 -0.020384813 0.012746979 0.141131595 -0.028129907 -0.018754587 -0.054723196 0.997929037
1548339986.577790 -0.018937331 0.013422963 0.142303005 -0.027266243 -0.015188124 -0.055426408 0.997974873
1548339986.611310 -0.024983771 0.010403814 0.142904997 -0.026843892 -0.011989289 -0.055397756 0.998031437
1548339986.644790 -0.026047509 0.009426697 0.144108877 -0.025823589 -0.010294914 -0.055669442 0.998062193
1548339986.678260 -0.018260924 0.013753240 0.144918010 -0.023796193 -0.009415565 -0.056666825 0.998065114
1548339986.711740 -0.018896094 0.015487158 0.144821823 -0.022631126 -0.005412550 -0.056929264 0.998107016
1548339986.745260 -0.023549333 0.014547109 0.144704819 -0.022136303 -0.002224833 -0.057150394 0.998117685
1548339986.778760 -0.019105785 0.016440926 0.145396009 -0.021286877 -0.000824994 -0.058208585 0.998077154
1548339986.812250 -0.017355409 0.017851278 0.145468116 -0.020666862 0.001954113 -0.058858313 0.998050511
1548339986.845760 -0.021935513 0.019078223 0.145398021 -0.020442376 0.004739238 -0.059244111 0.998022974
1548339986.879280 -0.021223117 0.020655084 0.145664364 -0.020287775 0.006183402 -0.059930261 0.997977257
1548339986.912790 -0.019600017 0.022567699 0.146192417 -0.020220136 0.007880832 -0.060268864 0.997946262
1548339986.946310 -0.021507507 0.023362203 0.146813914 -0.020483837 0.010175939 -0.060069446 0.997932136
1548339986.979830 -0.022293640 0.022812622 0.147736579 -0.020850874 0.011632633 -0.059492491 0.997943163
1548339987.013340 -0.018214216 0.024329003 0.148384660 -0.020706438 0.012595999 -0.058922220 0.997968316
1548339987.046860 -0.021848489 0.025092786 0.148082852 -0.020857099 0.014782440 -0.057818085 0.997999847
1548339987.080370 -0.020619709 0.026281882 0.148451328 -0.021055704 0.015535343 -0.057123121 0.998024225
1548339987.113890 -0.014651715 0.026516179 0.148400754 -0.021439325 0.015694410 -0.056641910 0.998040974
1548339987.147410 -0.017087778 0.027652489 0.148358166 -0.021933252 0.017413935 -0.055899885 0.998043537
1548339987.180950 -0.013174385 0.023999177 0.144559935 -0.023380933 0.017122226 -0.055626538 0.998031020
1548339987.214490 -0.005769698 0.023287475 0.144686818 -0.024183914 0.016898880 -0.055243269 0.998036981
1548339987.247950 -0.009877283 0.023128312 0.145132631 -0.024852538 0.018539852 -0.054363001 0.998039722
1548339987.281470 -0.010898961 0.021370566 0.145364523 -0.025669513 0.018552417 -0.053526293 0.998064041
1548339987.315040 -0.008615769 0.021484241 0.145386666 -0.025910597 0.018021237 -0.052728843 0.998110056
1548339987.348580 -0.008313488 0.022138700 0.145204902 -0.025985397 0.018052598 -0.051870827 0.998152494
1548339987.382320 -0.007087708 0.023864480 0.144677550 -0.025994647 0.017996080 -0.051320039 0.998181760
1548339987.415920 -0.007176456 0.021304354 0.143587872 -0.026747217 0.018152907 -0.051125061 0.998169005
1548339987.449450 -0.008472892 0.019893521 0.143589407 -0.027289264 0.018388553 -0.051121593 0.998150170
1548339987.482990 -0.007116270 0.019950299 0.143631056 -0.027482888 0.018236406 -0.051346462 0.998136163
1548339987.516480 -0.007097701 0.018106095 0.143692613 -0.027877044 0.018390305 -0.051477458 0.998115659
1548339987.550000 -0.007311290 0.016326476 0.143667892 -0.028046742 0.018389948 -0.051616441 0.998103738
1548339987.583510 -0.004453573 0.018241569 0.144354299 -0.027400779 0.018180484 -0.051809702 0.998115420
1548339987.617030 -0.005263196 0.015829952 0.144155547 -0.027102910 0.018950770 -0.051897697 0.998104751
1548339987.650540 -0.006442439 0.014910278 0.143863037 -0.026280290 0.019431202 -0.051931705 0.998115659
1548339987.684040 -0.005145087 0.014620271 0.143222675 -0.025281461 0.019513559 -0.052164186 0.998127818
