1341846092.023798 0.0000000 0.0000000 0.0000000 0.0000000 0.0000000 0.0000000 1.0000000
1341846092.528072 0.0076992 -0.0059366 0.0012715 0.0278671 0.0018259 -0.0150559 0.9994966
1341846092.559842 0.0096054 -0.0066607 0.0029898 0.0324368 0.0032748 -0.0170683 0.9993227
1341846092.795871 0.0084524 -0.0140850 -0.0004564 0.0627118 0.0046328 -0.0160445 0.9978920
1341846093.393841 0.0219153 -0.0446331 -0.0068158 0.1494371 0.0162212 -0.0214935 0.9884045
1341846093.457796 0.0221317 -0.0475984 -0.0086572 0.1614299 0.0148881 -0.0172292 0.9866214
1341846093.761995 0.0248044 -0.0818239 -0.0188974 0.2093455 0.0141498 -0.0118559 0.9776675
1341846094.565945 0.0586503 -0.0712695 -0.0266440 0.2271626 0.0081450 0.0056103 0.9738066
1341846094.633912 0.0486994 -0.0574241 -0.0270216 0.2123275 0.0081027 0.0114389 0.9770980
1341846094.665844 0.0574984 -0.0555565 -0.0269332 0.2059013 0.0046284 0.0138830 0.9784634
1341846094.697961 0.0677446 -0.0542276 -0.0223007 0.1983133 0.0055189 0.0122603 0.9800465
1341846094.767923 0.0481203 -0.0501391 -0.0150016 0.1864377 0.0114502 0.0192004 0.9822124
1341846094.833846 0.0642686 -0.0344909 -0.0201518 0.1766131 0.0056110 0.0283845 0.9838550
1341846095.002198 0.0576288 0.0061797 -0.0064451 0.1394736 0.0055282 0.0335377 0.9896423
1341846095.134021 0.0554272 -0.0150606 -0.0066338 0.1112378 0.0119479 0.0381522 0.9929893
1341846095.873871 0.0705993 0.0305381 -0.0127841 0.0164282 0.0165692 0.0582460 0.9980295
1341846096.978058 0.0742294 0.0793387 -0.0049280 -0.1141829 0.0124960 0.0268446 0.9930184
1341846097.817835 0.0730537 0.1035016 -0.0053898 -0.2286443 0.0230915 0.0116949 0.9731659
1341846098.385963 0.0671261 0.0782319 -0.0024037 -0.1418393 0.0390241 -0.0093543 0.9890760
1341846098.753828 0.0804072 0.0443730 -0.0057712 -0.0636839 0.0388720 0.0023487 0.9972100
1341846098.921923 0.0859778 0.0275551 -0.0120251 -0.0046959 0.0326667 0.0152234 0.9993393
1341846099.089878 0.0844147 0.0110918 -0.0205897 0.0429652 0.0271483 0.0122828 0.9986321
1341846099.399799 0.0982288 0.0316865 -0.0175166 0.0867424 0.0289267 0.0168521 0.9956681
1341846099.961831 0.1522440 0.0153665 -0.0265652 0.1018170 0.1824072 0.0348379 0.9773164
1341846100.099862 0.1443496 0.0132263 -0.0114300 0.1055596 0.2267371 0.0397064 0.9674042
1341846100.199801 0.1493225 0.0138345 -0.0139175 0.1094360 0.2462497 0.0481435 0.9618041
1341846100.400000 0.1516406 0.0105692 -0.0362907 0.1071819 0.2783229 0.0551555 0.9528936
1341846100.535834 0.1594069 0.0053051 -0.0590019 0.1105290 0.3012366 0.0494833 0.9458283
1341846101.234098 0.1545407 0.0207415 -0.0581368 0.1100291 0.3249779 0.0495927 0.9379891
1341846101.402755 0.1436227 0.0196716 -0.0420441 0.1039252 0.3020535 0.0420523 0.9466757
1341846101.501812 0.1423981 0.0158397 -0.0398216 0.1017268 0.2836367 0.0382992 0.9527513
1341846101.569873 0.1390438 0.0156394 -0.0423176 0.1002749 0.2760085 0.0349569 0.9552708
1341846101.601955 0.1334947 0.0200782 -0.0437572 0.0986088 0.2674240 0.0348501 0.9578863
1341846101.670644 0.1257725 0.0127332 -0.0479314 0.0960442 0.2560046 0.0368606 0.9611859
1341846101.705786 0.1315422 0.0161475 -0.0313375 0.0987962 0.2465605 0.0385485 0.9633074
1341846101.738127 0.1312839 0.0152569 -0.0265759 0.1005438 0.2419380 0.0392846 0.9642684
1341846101.769786 0.1115327 0.0179922 -0.0412653 0.1020143 0.2386034 0.0400737 0.9649122
1341846101.973942 0.1035911 0.0160746 -0.0348068 0.1028840 0.2035406 0.0404443 0.9728054
1341846102.005947 0.0855694 0.0178262 -0.0412050 0.1038394 0.1931147 0.0433538 0.9747023
1341846102.073879 0.0841579 0.0200891 -0.0472409 0.1065937 0.1772276 0.0438435 0.9773975
1341846102.105961 0.0864121 0.0276801 -0.0464062 0.1046948 0.1620449 0.0438167 0.9802349
1341846102.242018 0.0642168 0.0281769 -0.0488188 0.0944376 0.1282648 0.0351799 0.9866063
1341846102.741857 0.0465839 0.0298388 -0.0538352 0.0926037 -0.0015666 0.0294695 0.9952656
1341846102.977815 0.0431045 0.0373774 -0.0712514 0.0938853 -0.0536117 0.0406653 0.9933065
1341846103.345951 -0.0393146 0.0305909 -0.1340562 0.0845389 -0.1593962 0.0205562 0.9833735
1341846103.445861 0.0099637 0.0241086 -0.1279152 0.0804946 -0.2099889 0.0097159 0.9743361
1341846103.614121 0.0396580 0.0239473 -0.0946858 0.0735347 -0.2945703 0.0152728 0.9526740
1341846103.650229 0.0502894 0.0156330 -0.0803035 0.0745795 -0.3105761 0.0230995 0.9473367
1341846103.714025 0.0314861 0.0361345 -0.0955808 0.0742305 -0.3308092 0.0287899 0.9403331
1341846103.813998 0.0432013 0.0303979 -0.0922165 0.0712619 -0.3690265 0.0378387 0.9259101
1341846103.849900 0.0420407 0.0370039 -0.0834370 0.0682201 -0.3848156 0.0382649 0.9196731
1341846103.883046 0.0500358 0.0317502 -0.0799531 0.0641961 -0.3999183 0.0376178 0.9135256
1341846103.917830 0.0463241 0.0302289 -0.0682399 0.0627520 -0.4073896 0.0370433 0.9103427
1341846103.949988 0.0353270 0.0285393 -0.0969083 0.0604200 -0.4138752 0.0382466 0.9075208
1341846103.981996 0.0367754 0.0340564 -0.0798004 0.0587292 -0.4289806 0.0320152 0.9008338
1341846104.017780 0.0542979 0.0211738 -0.0709063 0.0551575 -0.4393097 0.0296244 0.8961512
1341846104.049832 0.0250512 0.0235203 -0.0728285 0.0572172 -0.4435505 0.0279586 0.8939840
1341846104.082120 0.0409392 0.0282722 -0.0866414 0.0562543 -0.4568014 0.0221328 0.8875123
1341846104.150184 0.0362183 0.0344711 -0.0875470 0.0549755 -0.4710227 0.0157110 0.8802661
1341846104.217842 0.0378558 0.0331523 -0.0720076 0.0467844 -0.4855012 0.0127414 0.8728902
1341846104.286035 0.0412970 0.0255337 -0.1181003 0.0452454 -0.4921296 0.0123329 0.8692579
1341846106.632234 0.1325558 0.0311728 -0.0612756 0.0624593 -0.0075177 -0.0953427 0.9934546
1341846107.938092 0.1096961 0.0813462 -0.0807705 -0.0157091 -0.0184318 -0.5295948 0.8479050
1341846108.305866 0.1142204 0.1022332 -0.0688842 -0.0648498 0.0228952 -0.6065722 0.7920483
1341846108.710024 0.1186654 0.0965447 -0.0542160 -0.0612695 0.0674299 -0.6083862 0.7883943
1341846108.977902 0.1345563 0.0928828 -0.0541078 -0.0372048 0.0885001 -0.5915626 0.8005231
1341846109.178396 0.1390950 0.0853198 -0.0455703 -0.0211107 0.0950047 -0.5735399 0.8133759
1341846109.377812 0.1257124 0.0743562 -0.0355836 0.0299346 0.0681168 -0.5185368 0.8518119
1341846109.613999 0.1174875 0.0566231 -0.0486298 0.0502692 0.0432572 -0.4346556 0.8981516
1341846112.125857 0.1421905 0.0052120 -0.0838492 0.0830099 -0.0615868 0.1756684 0.9790082
1341846112.765875 0.1651016 -0.0115533 -0.0793458 0.1061237 -0.0759481 0.3414353 0.9308016
1341846113.366028 0.1773036 -0.0102825 -0.0953276 0.1050644 -0.0295468 0.5089294 0.8538614
1341846114.043864 0.1887930 -0.0187294 -0.1040896 0.0921663 -0.0263836 0.6625842 0.7428266
1341846114.909807 0.1875642 -0.0014974 -0.0863603 0.0879484 -0.0445112 0.6435662 0.7590168
