1341846092.023798 0.0000000 0.0000000 0.0000000 0.0000000 0.0000000 0.0000000 1.0000000
1341846092.528072 0.0050239 -0.0053829 0.0008224 0.0279099 0.0023536 -0.0155194 0.9994872
1341846092.559842 0.0061231 -0.0068602 0.0017425 0.0324953 0.0040432 -0.0176440 0.9993080
1341846092.795871 0.0042983 -0.0122083 0.0002947 0.0630695 0.0054149 -0.0167826 0.9978533
1341846093.027860 0.0117440 -0.0321763 0.0013319 0.0956027 0.0080471 -0.0267031 0.9950288
1341846093.125933 0.0200405 -0.0306362 -0.0024298 0.1109306 0.0104635 -0.0307442 0.9932974
1341846093.357904 0.0209151 -0.0379379 -0.0090581 0.1473308 0.0156323 -0.0223665 0.9887108
1341846093.761995 0.0279145 -0.0642209 -0.0233566 0.2129023 0.0137363 -0.0101877 0.9769238
1341846093.794228 0.0262690 -0.0732338 -0.0224182 0.2185981 0.0104498 -0.0064056 0.9757380
1341846093.893823 0.0281208 -0.0771483 -0.0276165 0.2367586 0.0088857 -0.0098595 0.9714779
1341846094.029902 0.0406918 -0.0813726 -0.0419761 0.2611245 0.0058711 -0.0087702 0.9652474
1341846094.129856 0.0435755 -0.0856176 -0.0312003 0.2715583 0.0081998 -0.0065272 0.9623649
1341846094.397911 0.0555737 -0.0670233 -0.0294033 0.2646123 0.0172718 -0.0071083 0.9641740
1341846094.565945 0.0527610 -0.0603765 -0.0235582 0.2296129 0.0088867 0.0055506 0.9732256
1341846094.633912 0.0492368 -0.0530512 -0.0186893 0.2138596 0.0076521 0.0099271 0.9767840
1341846094.665844 0.0565071 -0.0514192 -0.0175221 0.2078586 0.0046138 0.0116464 0.9780787
1341846094.697961 0.0668555 -0.0507541 -0.0132690 0.1998039 0.0055761 0.0107160 0.9797614
1341846094.767923 0.0480606 -0.0524926 -0.0181822 0.1868822 0.0112779 0.0173028 0.9821652
1341846095.002198 0.0583117 -0.0199503 -0.0169759 0.1334162 0.0055585 0.0308135 0.9905654
1341846095.134021 0.0531375 -0.0166356 -0.0096973 0.1112292 0.0122404 0.0369522 0.9930321
1341846095.873871 0.0641221 0.0326739 -0.0130146 0.0172123 0.0178332 0.0568596 0.9980745
1341846096.810244 0.0658148 0.0816631 -0.0122179 -0.0820595 0.0152088 0.0306017 0.9960414
1341846097.649731 0.0702306 0.0961627 -0.0040031 -0.2141885 0.0249057 0.0152736 0.9763553
1341846098.621830 0.0741637 0.0566183 -0.0089235 -0.0994738 0.0442302 -0.0086989 0.9940186
1341846098.789998 0.0733673 0.0374000 -0.0137212 -0.0535219 0.0404393 0.0039897 0.9977395
1341846098.990630 0.0684611 0.0193553 -0.0221716 0.0127771 0.0325824 0.0134838 0.9992964
1341846099.657825 0.1367352 0.0263887 -0.0139799 0.0888010 0.0931561 0.0106020 0.9916269
1341846099.761986 0.1339393 0.0162517 -0.0172512 0.0912386 0.1253828 0.0153308 0.9877852
1341846099.825926 0.1456893 0.0213312 -0.0125622 0.0975289 0.1448184 0.0284263 0.9842295
1341846100.029846 0.1558882 0.0147339 -0.0200027 0.1024614 0.2021536 0.0383942 0.9732222
1341846100.267868 0.1506925 0.0084910 -0.0317820 0.1071393 0.2602831 0.0493159 0.9583015
1341846100.335884 0.1569981 0.0135053 -0.0211398 0.1093008 0.2708927 0.0551120 0.9547948
1341846101.333884 0.1488039 0.0188872 -0.0542302 0.1065349 0.3121219 0.0429782 0.9430711
1341846101.437821 0.1424106 0.0167426 -0.0493828 0.1021207 0.2967298 0.0371936 0.9487568
1341846101.637841 0.1352253 0.0227268 -0.0396834 0.0974684 0.2628792 0.0327139 0.9593353
1341846101.670644 0.1271028 0.0189825 -0.0571757 0.0970768 0.2557499 0.0347920 0.9612271
1341846101.705786 0.1325914 0.0168138 -0.0389469 0.0986818 0.2465562 0.0385786 0.9633191
1341846101.805816 0.1199754 0.0197809 -0.0345406 0.1025026 0.2306951 0.0395049 0.9668052
1341846101.837808 0.1173469 0.0210051 -0.0389509 0.1029935 0.2272735 0.0394385 0.9675658
1341846101.869834 0.1100608 0.0220499 -0.0384239 0.1033502 0.2231327 0.0406017 0.9684431
1341846102.073879 0.0873643 0.0222483 -0.0460877 0.1067685 0.1766701 0.0441156 0.9774671
1341846102.173907 0.0797799 0.0272983 -0.0452245 0.1001658 0.1502492 0.0397908 0.9827557
1341846102.205896 0.0655199 0.0331965 -0.0470372 0.0984785 0.1422621 0.0356306 0.9842733
1341846102.242018 0.0602358 0.0284266 -0.0552276 0.0941852 0.1296098 0.0351244 0.9864566
1341846102.677806 0.0335434 0.0339362 -0.0756131 0.0940024 0.0212975 0.0220386 0.9951001
1341846102.945843 0.0426468 0.0285055 -0.0670280 0.0925334 -0.0443460 0.0374112 0.9940178
1341846103.345951 -0.0108731 0.0251595 -0.1429126 0.0837675 -0.1651989 0.0172749 0.9825446
1341846103.545990 0.0544580 0.0212255 -0.0853778 0.0741286 -0.2674663 0.0138717 0.9606114
1341846103.749741 0.0500969 0.0239623 -0.0849154 0.0684180 -0.3501418 0.0302596 0.9337045
1341846103.813998 0.0305742 0.0319046 -0.0897103 0.0712684 -0.3669330 0.0382404 0.9267247
1341846103.849900 0.0043002 0.0392471 -0.0888299 0.0690397 -0.3776756 0.0359650 0.9226598
1341846103.883046 0.0320650 0.0286271 -0.0772978 0.0636254 -0.3968473 0.0356331 0.9149832
1341846103.917830 0.0443622 0.0280793 -0.0757385 0.0620149 -0.4063114 0.0375797 0.9108529
1341846103.949988 0.0332142 0.0245506 -0.1029072 0.0596265 -0.4130254 0.0363559 0.9080380
1341846103.981996 0.0325087 0.0308548 -0.0822594 0.0575741 -0.4276658 0.0306802 0.9015797
1341846104.017780 0.0410086 0.0263103 -0.0723574 0.0562368 -0.4370578 0.0291173 0.8972012
1341846104.049832 0.0340289 0.0213750 -0.0798185 0.0565673 -0.4448356 0.0289302 0.8933557
1341846104.082120 0.0406351 0.0255211 -0.0852689 0.0555406 -0.4576160 0.0188950 0.8872124
1341846104.150184 0.0353036 0.0323643 -0.0820684 0.0543448 -0.4716391 0.0141605 0.8800015
1341846104.217842 0.0286831 0.0317488 -0.0758847 0.0464013 -0.4839288 0.0110269 0.8738067
1341846104.286035 0.0344531 0.0274467 -0.1019105 0.0456454 -0.4928673 0.0103866 0.8688443
1341846106.429938 0.1043630 0.0365802 -0.0614408 0.0755238 -0.0031767 -0.0108511 0.9970799
1341846107.969943 0.1068706 0.0994272 -0.0634095 -0.0233349 -0.0075991 -0.5438438 0.8388276
1341846108.573967 0.1030925 0.0937293 -0.0854609 -0.0765855 0.0467953 -0.6211561 0.7785307
1341846108.909950 0.1169324 0.0911505 -0.0617451 -0.0402886 0.0899311 -0.6020359 0.7923648
1341846109.178396 0.1305352 0.0837646 -0.0506531 -0.0226435 0.0963454 -0.5743053 0.8126367
1341846109.345968 0.1205275 0.0730387 -0.0466552 0.0228334 0.0742635 -0.5310211 0.8437892
1341846109.545959 0.1198909 0.0676321 -0.0472045 0.0414390 0.0542664 -0.4676183 0.8812895
1341846109.681808 0.1120150 0.0534793 -0.0542996 0.0616328 0.0266968 -0.3936600 0.9167991
1341846110.249883 0.1084870 0.0389591 -0.0682568 0.0914061 -0.0029889 -0.2662254 0.9595624
1341846112.125857 0.1426623 0.0017185 -0.0921066 0.0822694 -0.0612714 0.1770012 0.9788504
1341846112.661861 0.1436047 -0.0161029 -0.0978110 0.1094946 -0.0742718 0.3107697 0.9412315
1341846113.265850 0.1796081 -0.0099886 -0.0870021 0.1049207 -0.0376455 0.4754797 0.8726360
1341846114.473886 0.1904647 -0.0151564 -0.1114256 0.0891318 -0.0390631 0.7012119 0.7062800
