1548339465.425730 0.0000000 0.0000000 0.0000000 0.0000000 0.0000000 0.0000000 1.0000000
1548339465.491440 -0.0103344 0.0006257 -0.0007268 0.0032922 -0.0150292 -0.0008458 0.9998813
1548339465.524880 -0.0027538 -0.0059252 -0.0052405 0.0036560 -0.0249799 -0.0022146 0.9996789
1548339465.725700 -0.0125791 -0.0047811 -0.0065235 0.0046576 -0.0428864 -0.0057571 0.9990525
1548339465.860030 -0.0157469 -0.0047970 -0.0092610 -0.0016120 -0.0519789 -0.0142201 0.9985456
1548339466.261630 -0.0231913 0.0162726 -0.0298260 -0.0201274 -0.0901380 -0.0210372 0.9955036
1548339467.200360 -0.0041226 0.1023211 -0.0500066 -0.0608927 -0.1037079 -0.0137236 0.9926472
1548339468.708470 0.0456579 0.0547337 0.0241729 -0.0581771 -0.0487052 0.0057832 0.9971007
1548339469.413100 0.0512991 -0.0223474 0.0732851 -0.0474156 0.0110501 0.0016277 0.9988128
1548339469.881750 0.0372801 -0.0583146 0.1031181 -0.0342903 0.0729981 0.0157931 0.9966173
1548339470.752810 0.0692287 -0.1472378 0.1500398 -0.0196994 0.1545510 0.0609337 0.9859072
1548339473.232410 0.0916034 -0.1681844 0.1201172 -0.0510426 0.3141504 0.1070454 0.9419371
1548339474.908480 0.2062011 -0.2577639 0.0168230 -0.0494291 0.4360059 0.1409919 0.8874553
1548339480.774020 0.0302725 -0.1597375 -0.2850078 -0.0437612 0.4528750 0.1287303 0.8811457
1548339481.175400 0.2877410 0.0096536 -0.5664882 -0.0156943 0.4298995 0.1401546 0.8917941
1548339481.510980 0.4045357 0.0410925 -0.7434227 -0.0097259 0.4231362 0.1551698 0.8926273
1548339481.879650 0.5573795 0.0554793 -0.8827595 -0.0187733 0.4065004 0.1847252 0.8945846
1548339482.583420 0.5407055 0.0865971 -0.8166446 -0.0296655 0.5212564 0.2054925 0.8277588
1548339483.253440 0.5150934 0.1887792 -0.7625293 -0.0431900 0.6018744 0.2339610 0.7623280
1548339486.202920 -0.0027756 1.0197676 -0.2548191 0.2521259 0.6979986 0.2882742 0.6050855
1548339486.906650 -0.3089560 0.2225571 -1.3558999 -0.0649628 0.6979376 0.1371585 0.6998932
1548339489.688480 0.6376944 0.5406738 -1.2102542 0.2539201 0.4448805 0.4901012 0.7052706
1548339490.157710 0.6226096 0.5837532 -1.1666871 0.2652587 0.3978914 0.4984434 0.7231005
1548339490.258280 0.6160520 0.5880437 -1.1670125 0.2748567 0.3886949 0.4923535 0.7286687
1548339490.291800 0.6140128 0.5907975 -1.1665275 0.2816513 0.3832810 0.4873851 0.7322731
1548339490.358830 0.6068814 0.5914972 -1.1679817 0.2915241 0.3768485 0.4794362 0.7369802
1548339490.392330 0.2821186 -0.1687085 -0.8693904 0.2611756 0.4517221 0.5185495 0.6773779
1548339490.425840 0.6014364 0.5930463 -1.1664786 0.3010088 0.3688574 0.4710813 0.7425769
1548339490.492870 0.5944319 0.5940938 -1.1652329 0.3069860 0.3598129 0.4634290 0.7493516
1548339490.526380 0.5941797 0.5964934 -1.1629719 0.3118710 0.3496954 0.4555863 0.7568954
1548339490.559910 0.5899187 0.5962821 -1.1609211 0.3141505 0.3430648 0.4497173 0.7624765
1548339490.626930 0.5786334 0.5482554 -1.1562510 0.3151222 0.3309727 0.4436298 0.7709395
1548339490.660430 0.5818821 0.5935077 -1.1523331 0.3177806 0.3251770 0.4328406 0.7784115
1548339490.693930 0.2452096 0.0155844 -1.0301168 0.2905682 0.3734260 0.4746932 0.7421519
1548339490.760960 0.2714517 0.2613476 -0.9867993 0.3131917 0.3591300 0.4424548 0.7597173
1548339490.861540 0.2764352 0.2817056 -1.0006354 0.3256778 0.3505054 0.4310139 0.7650536
1548339490.962120 0.2554524 0.2833074 -0.9955304 0.3327114 0.3497348 0.4215270 0.7676612
1548339491.365100 0.2317024 0.2857681 -0.9858692 0.3215061 0.3473985 0.4231643 0.7725801
1548339491.733430 0.2147775 0.1802953 -1.0099916 0.2865073 0.3811332 0.4145226 0.7751271
1548339491.833920 0.2237848 0.3001736 -1.0482125 0.3044056 0.3698813 0.4099629 0.7761800
1548339493.274840 0.2599477 0.4307034 -1.1607425 0.3073318 0.3887948 0.4656167 0.7332031
1548339494.447850 0.0921803 0.5190733 -1.1903799 0.3066973 0.4056530 0.4874855 0.7097466
1548339495.955780 0.4295299 0.6898850 -1.2996156 0.3146527 0.4201899 0.4676067 0.7111808
