1548339465.425730 -0.0014536 -0.0042487 -0.0018897 0.0026239 0.0008889 -0.0006068 0.9999959
1548339465.625420 -0.0111448 -0.0112527 -0.0056020 0.0085337 -0.0308627 -0.0036183 0.9994807
1548339465.658890 -0.0133472 -0.0081112 -0.0042544 0.0089395 -0.0323706 -0.0034897 0.9994299
1548339465.759430 -0.0119814 -0.0119115 -0.0071368 0.0050482 -0.0441193 -0.0092353 0.9989708
1548339465.893550 -0.0268641 -0.0024801 -0.0098863 0.0006472 -0.0507810 -0.0159697 0.9985819
1548339466.161250 -0.0309913 0.0089530 -0.0237141 -0.0104243 -0.0790059 -0.0231216 0.9965515
1548339466.864920 -0.0168238 0.0644932 -0.0451718 -0.0437884 -0.0926344 -0.0133317 0.9946475
1548339467.736760 0.0162399 0.1315580 -0.0232004 -0.0769040 -0.0787598 -0.0126178 0.9938428
1548339469.211480 0.0459545 0.0019581 0.0523133 -0.0441043 -0.0141615 -0.0028523 0.9989225
1548339469.680710 0.0372434 -0.0365495 0.0990052 -0.0344661 0.0491093 0.0153672 0.9980803
1548339470.216750 0.0553328 -0.0927772 0.1293986 -0.0313874 0.1085652 0.0375385 0.9928843
1548339471.690990 0.0422698 -0.1400365 0.2084020 -0.0570853 0.1837559 0.0911830 0.9770674
1548339473.232410 0.0979058 -0.1567067 0.1212811 -0.0460788 0.3131199 0.1117305 0.9419920
1548339474.908480 0.2200771 -0.2196744 -0.0216863 -0.0403889 0.4282525 0.1487578 0.8904154
1548339480.774020 0.0097823 -0.1633090 -0.1720366 -0.0430715 0.4645111 0.1308380 0.8747889
1548339481.108450 0.2092087 -0.1134755 -0.4846417 -0.0311878 0.4362473 0.1531602 0.8861476
1548339481.309280 0.2758008 -0.0685349 -0.6040422 -0.0231755 0.4370515 0.1579281 0.8851596
1548339481.578010 0.3565420 -0.0351224 -0.7441731 -0.0181346 0.4296902 0.1631859 0.8879233
1548339481.779080 0.4322019 0.0139542 -0.8249684 -0.0165127 0.4194588 0.1647932 0.8925384
1548339482.080400 0.4694906 -0.0694929 -0.7842487 -0.0421357 0.4647786 0.2017450 0.8611065
1548339482.382020 0.4611327 -0.0539611 -0.7375951 -0.0515714 0.5171537 0.2170793 0.8262984
1548339482.583420 0.4459688 0.0120441 -0.7572115 -0.0362576 0.5422929 0.2020236 0.8147333
1548339482.817990 0.3868622 0.1014812 -0.7283754 -0.0189610 0.5813122 0.1843272 0.7923005
1548339483.152610 0.4024809 0.1197567 -0.6981974 -0.0395636 0.6135741 0.2167719 0.7582687
1548339485.029730 0.3735521 -0.0377288 -0.6825853 -0.0804248 0.6805987 0.2590447 0.6805976
1548339486.202920 1.4544675 -0.9164016 1.1192350 -0.1500895 0.9054088 0.2938592 0.2671232
1548339486.269980 2.2701566 0.8092273 -1.1470079 0.3674309 -0.4462013 -0.6112790 0.5405894
1548339486.370890 2.8249009 1.1068699 -0.8544056 -0.5683441 0.3899739 0.6428770 -0.3340875
1548339486.437470 1.4602567 -0.5548659 -1.9113740 -0.1970204 0.2729461 0.5639141 0.7541116
1548339487.342530 0.5288787 -0.0309303 -0.2779834 -0.0642827 0.7728668 0.2859672 0.5628209
1548339488.783370 0.8765808 0.3965583 0.5454092 0.0137356 0.8716360 0.2171356 0.4392199
1548339489.554540 0.6531242 -0.2416306 0.1345576 -0.0774301 0.7925310 0.2753648 0.5385847
1548339489.588050 0.6980779 -0.0933567 -0.2558022 -0.0679012 0.7536960 0.2674231 0.5965037
1548339489.822540 0.6894665 -0.0642270 -0.2456918 -0.0700959 0.7412508 0.2644087 0.6129616
1548339489.889590 0.6792179 -0.0595360 -0.2479770 -0.0714395 0.7296493 0.2695354 0.6243868
1548339490.258280 0.6641579 -0.0218138 -0.2584371 -0.0545829 0.7053318 0.2922411 0.6435238
1548339490.291800 0.6608614 -0.0200266 -0.2599889 -0.0502962 0.6993767 0.2898248 0.6514170
1548339490.392330 0.6287462 -0.0980091 -0.1929495 -0.0451144 0.6937243 0.2904709 0.6575241
1548339490.492870 0.6470869 -0.0149312 -0.2538245 -0.0366391 0.6743217 0.2769239 0.6835650
1548339490.526380 0.6391022 -0.0147240 -0.2523687 -0.0356412 0.6632359 0.2747629 0.6952361
1548339490.626930 0.6244676 -0.0481553 -0.1433558 -0.0387101 0.6509656 0.2745248 0.7066692
1548339490.660430 0.6303518 -0.0094223 -0.2400601 -0.0411358 0.6360971 0.2680994 0.7223648
1548339490.861540 0.5975125 0.0256672 -0.2040476 -0.0299633 0.6168303 0.2487129 0.7461665
1548339490.962120 0.5731096 0.0218253 -0.2256372 -0.0257897 0.6097177 0.2429416 0.7540283
1548339491.365100 0.5565487 0.0804187 -0.2444156 -0.0237590 0.6011817 0.2550282 0.7569522
1548339491.733430 0.5693826 0.1446960 -0.2999999 -0.0159780 0.6009346 0.2622063 0.7548974
1548339492.068530 0.5895780 0.0492717 -0.2870269 -0.0319180 0.6282492 0.2658039 0.7305015
1548339492.202550 0.5908986 0.0446638 -0.2967747 -0.0273188 0.6340473 0.2636293 0.7264553
1548339492.269490 0.5890914 0.0408612 -0.2997870 -0.0247669 0.6366447 0.2640625 0.7241141
1548339492.370030 0.5827438 0.0369239 -0.3009769 -0.0249042 0.6402997 0.2620554 0.7216114
1548339492.503990 0.5779853 0.0352332 -0.3037600 -0.0311249 0.6429956 0.2610687 0.7193268
1548339492.638050 0.5687619 0.0350131 -0.3198699 -0.0254959 0.6535598 0.2658505 0.7081900
1548339492.805600 0.5487833 0.0365505 -0.3445403 -0.0167999 0.6605604 0.2611799 0.7036780
1548339492.939670 0.5310408 0.0293487 -0.3555369 -0.0207641 0.6588997 0.2571608 0.7066034
1548339494.447850 0.3062493 0.0305507 -0.3945302 -0.0110621 0.6841111 0.2783736 0.6740755
1548339494.749360 0.3292219 0.0387848 -0.4286917 -0.0275044 0.6932539 0.2640598 0.6700111
1548339495.218570 0.3811286 0.0147548 -0.5155966 -0.0141795 0.6913737 0.2924765 0.6604989
1548339495.955780 0.4128021 -0.0227805 -0.5403373 -0.0151094 0.7059478 0.2515106 0.6619304
