1548339892.234120 0.000000000 0.000000000 0.000000000 0.000000000 0.000000000 0.000000000 1.000000000
1548339892.267660 0.018698622 0.003317544 -0.002167573 -0.002198940 -0.004421742 0.001158147 0.999987125
1548339892.301240 -0.016282070 -0.009928579 0.003636011 -0.006272013 -0.004386531 -0.002503925 0.999967575
1548339892.334780 -0.017121267 -0.009942558 -0.000002915 -0.007950322 -0.008379586 -0.005501804 0.999918163
1548339892.368300 -0.016537471 -0.010276052 0.005917804 -0.008959537 -0.012147135 -0.006214430 0.999866784
1548339892.401820 -0.020226944 -0.012418256 0.008039894 -0.009842261 -0.015824363 -0.006891517 0.999802589
1548339892.435300 -0.025783315 -0.012526176 0.005398188 -0.010061034 -0.019529069 -0.007971994 0.999726892
1548339892.468850 -0.018993434 -0.012554372 0.007482694 -0.010181862 -0.024956474 -0.008050418 0.999604285
1548339892.502330 -0.019607803 -0.003315225 0.007715539 -0.009155579 -0.028053176 -0.009283763 0.999521375
1548339892.535790 -0.031984225 -0.004249512 0.005767575 -0.010091043 -0.029533552 -0.011083659 0.999451399
1548339892.569370 -0.023065796 -0.000831982 0.009066232 -0.010621328 -0.034217954 -0.011967863 0.999286294
1548339892.602910 -0.036605000 0.005894037 0.006283148 -0.010431596 -0.034989815 -0.013505414 0.999241948
1548339892.636430 -0.035699669 0.005983587 0.005622646 -0.011068203 -0.038486809 -0.015325846 0.999080241
1548339892.669940 -0.036378998 0.007970544 0.006614707 -0.011409085 -0.040799066 -0.016512448 0.998965800
1548339892.703460 -0.037973125 -0.000861338 0.004743097 -0.013333211 -0.043415599 -0.017098427 0.998821795
1548339892.737050 -0.038372647 -0.003167784 0.008908186 -0.013622805 -0.046692114 -0.017917760 0.998655677
1548339892.770650 -0.032905787 -0.002836806 0.010206869 -0.012928945 -0.050152656 -0.018132597 0.998493254
1548339892.804170 -0.049588606 -0.001544228 0.008381320 -0.011697319 -0.051106043 -0.017031400 0.998479486
1548339892.837700 -0.042959657 -0.000727133 0.010523356 -0.010271869 -0.056570057 -0.017997187 0.998183548
1548339892.871210 -0.041681644 -0.004631124 0.009850549 -0.009686179 -0.059380125 -0.017340574 0.998037815
1548339892.904730 -0.051021837 -0.021355167 -0.003511207 -0.010758068 -0.062815644 -0.016154747 0.997836411
1548339892.938290 -0.038617790 -0.017913239 -0.004208385 -0.008340454 -0.069795392 -0.017192721 0.997378290
1548339892.971810 -0.017088626 -0.024606874 0.000167337 -0.007910512 -0.076278709 -0.016776426 0.996914029
1548339893.005350 -0.046368025 -0.033715952 -0.002156826 -0.007236484 -0.076152220 -0.019294355 0.996883273
1548339893.038870 -0.055754419 -0.014882588 0.002443753 -0.002876722 -0.079682395 -0.020601999 0.996603191
1548339893.072360 -0.071096666 -0.011975409 -0.012991698 -0.000118988 -0.080574960 -0.025029613 0.996434212
1548339893.105870 -0.067535818 -0.007680101 0.007994231 0.001007713 -0.085354529 -0.023602519 0.996070564
1548339893.139420 -0.059383005 -0.016679453 0.001447524 0.000893211 -0.089930214 -0.025082167 0.995631814
1548339893.173020 -0.056782085 -0.016069673 0.007477841 0.002258752 -0.092571519 -0.025975622 0.995364606
1548339893.206800 -0.066439025 -0.025500765 0.002662538 0.001616771 -0.092960335 -0.026607163 0.995312929
1548339893.240320 -0.076987125 -0.031008400 0.002757554 0.002059598 -0.094022974 -0.027436035 0.995189786
1548339893.273830 -0.061598115 -0.038443621 0.004438019 0.002154627 -0.098613858 -0.026403449 0.994773090
1548339893.307350 -0.054761618 -0.034391526 0.011782063 0.003689148 -0.101047836 -0.026292775 0.994527221
1548339893.340870 -0.068440661 -0.028200159 0.012133238 0.006527572 -0.100190327 -0.028237704 0.994546115
1548339893.374260 -0.045318659 -0.024504244 0.022377066 0.008450159 -0.103888460 -0.027594877 0.994170129
1548339893.407780 -0.083105065 -0.035283346 0.001983435 0.009349735 -0.097658113 -0.030727390 0.994701624
1548339893.440550 -0.098622270 -0.039589886 -0.008907896 0.010914588 -0.095160753 -0.031579301 0.994901061
1548339893.474070 -0.079991579 -0.060489371 -0.002926029 0.010000993 -0.098380648 -0.029021453 0.994675338
1548339893.507590 -0.058484197 -0.063101500 -0.002711455 0.011764169 -0.100611456 -0.026233342 0.994510293
1548339893.541300 -0.016532334 -0.045719411 0.023818411 0.016361149 -0.106215052 -0.022029355 0.993964493
1548339893.574820 -0.077365085 -0.058593832 -0.012623345 0.018816914 -0.094567046 -0.026862869 0.994978070
1548339893.608330 -0.049538035 -0.084826358 -0.008444226 0.017734028 -0.096830048 -0.023555538 0.994864106
1548339893.641820 -0.063385464 -0.084813148 -0.026175717 0.020217551 -0.093151078 -0.022668447 0.995188594
1548339893.675340 -0.101064883 -0.094139107 -0.030761849 0.020756282 -0.086849257 -0.023231808 0.995734215
1548339893.708860 -0.039093949 -0.059673205 -0.050140169 0.029201422 -0.096521303 -0.021370037 0.994672954
1548339893.742370 -0.000156354 -0.047952641 0.001844419 0.032472461 -0.097678646 -0.022524990 0.994433045
1548339893.775890 0.033815175 -0.044469364 -0.011369793 0.036015976 -0.100235939 -0.025409991 0.993986905
1548339893.809400 0.027141161 -0.038078278 -0.021436401 0.040607613 -0.096862689 -0.022388984 0.994216979
1548339893.842920 0.023386216 -0.018742895 -0.037511844 0.044807162 -0.094576463 -0.025614921 0.994178772
1548339893.876440 -0.049315732 -0.074539557 -0.011927171 0.035416279 -0.078368038 -0.029237678 0.995866120
1548339893.909950 -0.065679535 -0.076984458 -0.018614575 0.034885440 -0.070567511 -0.030269962 0.996437132
1548339893.943470 -0.081985198 -0.077708945 -0.019195694 0.034223247 -0.063245714 -0.029381918 0.996978164
1548339893.976940 -0.105806239 -0.030945193 -0.027306518 0.041178100 -0.056269657 -0.028559372 0.997157216
1548339894.010460 -0.117509566 -0.030724205 -0.025553087 0.040241960 -0.049986206 -0.026161967 0.997595906
1548339894.043970 -0.134982064 -0.036550105 -0.024280392 0.036561355 -0.042624634 -0.029560955 0.997984231
1548339894.077490 -0.139759064 -0.044177752 -0.020406863 0.034600429 -0.037131071 -0.029086830 0.998287559
1548339894.110930 -0.139763445 -0.061727412 -0.020406613 0.032698564 -0.033349801 -0.024600293 0.998605728
1548339894.144200 -0.065251723 -0.100534558 -0.024563253 0.026703948 -0.041244440 -0.024230292 0.998498201
1548339894.177710 -0.056816723 -0.075078405 -0.033915669 0.031868067 -0.039726198 -0.023239056 0.998431861
1548339894.211230 -0.019266132 -0.107898079 -0.029800907 0.029065639 -0.043411527 -0.021894762 0.998394310
1548339894.244750 -0.039738901 -0.101732552 -0.036055323 0.032296255 -0.038272921 -0.022619862 0.998489082
1548339894.278260 -0.044855334 -0.095261827 -0.042245522 0.035480883 -0.036135945 -0.022516085 0.998462975
1548339894.311780 -0.040889658 -0.092659406 -0.046209507 0.038132954 -0.035421528 -0.022620136 0.998388469
1548339894.345440 -0.039173961 -0.111049645 -0.048743535 0.038175814 -0.034480251 -0.021407841 0.998446524
1548339894.378960 -0.058474347 -0.113148116 -0.051765755 0.039287452 -0.030086670 -0.022926504 0.998511732
1548339894.412470 -0.065905422 -0.108091913 -0.057543155 0.041381206 -0.026200676 -0.023410542 0.998525441
1548339894.445990 -0.068930000 -0.109049574 -0.061186213 0.042199075 -0.023309385 -0.023471650 0.998561502
1548339894.479500 -0.061038848 -0.095306225 -0.059510145 0.044550098 -0.022691267 -0.024284886 0.998454094
1548339894.512630 -0.060477197 -0.105608217 -0.061249293 0.042913072 -0.021019552 -0.023930376 0.998570979
1548339894.546070 -0.071575359 -0.090688631 -0.066864870 0.044688594 -0.018438358 -0.024945961 0.998519242
1548339894.579580 -0.072175764 -0.102406427 -0.068496324 0.042483501 -0.017376393 -0.026004881 0.998607516
1548339894.613180 -0.087512963 -0.103020340 -0.073646784 0.041714571 -0.014504651 -0.026780833 0.998665273
1548339894.646700 -0.055820171 -0.114243671 -0.067834578 0.038983267 -0.019010827 -0.027004849 0.998693943
1548339894.680170 -0.065862678 -0.109965049 -0.070378818 0.038485870 -0.016908288 -0.028855730 0.998699307
1548339894.713690 -0.068124309 -0.095915340 -0.069252156 0.039825786 -0.015189047 -0.029879523 0.998644292
1548339894.747200 -0.065215550 -0.114398107 -0.067781046 0.036106549 -0.015980052 -0.029352205 0.998788953
1548339894.780700 -0.066898495 -0.110305510 -0.070194468 0.035537016 -0.015300807 -0.030247362 0.998793304
1548339894.814190 -0.065454930 -0.094952397 -0.071343295 0.036949284 -0.013628956 -0.029506452 0.998788416
1548339894.847710 -0.080716833 -0.110828385 -0.075125322 0.033848930 -0.011068076 -0.028195553 0.998967826
1548339894.881250 -0.080903143 -0.095874973 -0.075965710 0.035362486 -0.010701288 -0.027871720 0.998928487
1548339894.914780 -0.095274553 -0.087982565 -0.086900204 0.035705037 -0.006626427 -0.027467873 0.998962820
1548339894.948280 -0.097925596 -0.088502198 -0.073659606 0.034312770 -0.003446162 -0.026295587 0.999059200
1548339894.981800 -0.077272691 -0.082313038 -0.078135945 0.034094241 -0.005047506 -0.025361778 0.999084055
1548339895.015330 -0.047266334 -0.094570458 -0.080840990 0.031103499 -0.007638183 -0.025231129 0.999168456
1548339895.048970 -0.050544657 -0.063095547 -0.071570158 0.034301780 -0.003667959 -0.026446613 0.999054790
1548339895.082530 -0.011534548 -0.067887567 -0.078965612 0.032646798 -0.007442607 -0.024505710 0.999138772
1548339895.116050 0.025901990 -0.067682214 -0.083797306 0.031439938 -0.010367145 -0.022886517 0.999189794
1548339895.149560 -0.028856069 -0.071464762 -0.069011927 0.029577384 0.000442550 -0.026026189 0.999223530
1548339895.183080 -0.046491820 -0.060935151 -0.064878158 0.030440031 0.006533903 -0.027219569 0.999144554
1548339895.216600 -0.046802957 -0.054961767 -0.063729696 0.030131638 0.011035272 -0.026872497 0.999123693
1548339895.250130 -0.031957373 -0.052288055 -0.063530743 0.029481936 0.013424494 -0.025512271 0.999149501
1548339895.283650 -0.005711570 -0.070530191 -0.067058682 0.025297942 0.013974311 -0.023558151 0.999304652
1548339895.317190 -0.051212303 -0.041786257 -0.074581265 0.027994735 0.024511913 -0.022069499 0.999063790
1548339895.350700 -0.062935501 -0.026792549 -0.071260698 0.029418049 0.028604690 -0.022064850 0.998914182
1548339895.384220 -0.062617339 -0.053918973 -0.075417489 0.024300741 0.031320404 -0.021798294 0.998976111
1548339895.417730 -0.045772240 -0.033909865 -0.069828182 0.025771219 0.032037128 -0.019269781 0.998968542
1548339895.451250 -0.043063816 -0.028217619 -0.068225160 0.026141515 0.034459546 -0.019371452 0.998876333
1548339895.484780 -0.037375547 -0.027762160 -0.065273859 0.025724307 0.036575351 -0.018610347 0.998826385
1548339895.518300 -0.041962795 -0.019799285 -0.064166352 0.026859209 0.040115394 -0.019972770 0.998634279
1548339895.551810 -0.064203851 -0.010454427 -0.060451146 0.028834816 0.046512090 -0.022756910 0.998242080
1548339895.585320 -0.076358631 -0.011003194 -0.066083498 0.028665246 0.051194262 -0.021656223 0.998042285
1548339895.618830 -0.044405092 -0.023223372 -0.071416333 0.026692484 0.047756184 -0.020468462 0.998292506
1548339895.652350 -0.039898019 -0.024272652 -0.069406480 0.026649540 0.048600547 -0.020039009 0.998261631
1548339895.685860 -0.046639618 -0.037370179 -0.074298568 0.024768719 0.051147576 -0.019187264 0.998199522
1548339895.719380 -0.054554526 -0.029647706 -0.076534189 0.025885602 0.052572060 -0.018406952 0.998111844
1548339895.752900 -0.055593971 -0.034280017 -0.074780092 0.025585992 0.052433446 -0.018379854 0.998127401
1548339895.786420 -0.057337776 -0.020514442 -0.073332518 0.028146088 0.053110983 -0.017057518 0.998046100
1548339895.819940 -0.067120157 -0.030376963 -0.073815674 0.027678266 0.054861188 -0.016932640 0.997966647
1548339895.853470 -0.063608482 -0.032685831 -0.076676361 0.028067674 0.053822551 -0.015482279 0.998035908
1548339895.886990 -0.061477419 -0.055564053 -0.079388894 0.026020445 0.053245254 -0.015570596 0.998120964
1548339895.920500 -0.045772281 -0.048520856 -0.081443690 0.028138287 0.050929476 -0.013961545 0.998208165
1548339895.953840 -0.051066965 -0.038143564 -0.080202021 0.031030500 0.051309530 -0.014374433 0.998097062
1548339895.987350 -0.055885896 -0.032971092 -0.078722790 0.032940451 0.052094862 -0.013743421 0.998004079
1548339896.020870 -0.055275105 -0.029425004 -0.083261371 0.034265548 0.052301951 -0.012070091 0.997970283
1548339896.054380 -0.039476398 -0.028759262 -0.085319139 0.035515800 0.049696811 -0.011234897 0.998069465
1548339896.087900 -0.053633526 -0.041820936 -0.087395139 0.035066444 0.052097052 -0.012546197 0.997947335
1548339896.121600 -0.055455022 -0.035601590 -0.086749166 0.036754940 0.052809853 -0.011090511 0.997866333
1548339896.155240 -0.055251569 -0.022369275 -0.080524705 0.039398108 0.053351611 -0.010701099 0.997740865
1548339896.188800 -0.046089564 -0.043609340 -0.084291369 0.036916196 0.054083146 -0.011034952 0.997792780
1548339896.222320 -0.048161898 -0.038267940 -0.082743324 0.038235955 0.056468926 -0.010211903 0.997619629
1548339896.255830 -0.055884238 -0.038820535 -0.079216011 0.038664289 0.059606623 -0.010694087 0.997415543
1548339896.289310 -0.075410277 -0.039605461 -0.082634993 0.038612366 0.065646522 -0.011119306 0.997033596
1548339896.322810 -0.044298749 -0.055937149 -0.084179893 0.035858989 0.064500190 -0.011469691 0.997207224
1548339896.356310 -0.050654504 -0.047080204 -0.082508624 0.036545169 0.069107890 -0.011015147 0.996878743
1548339896.389820 -0.026936900 -0.057056300 -0.080918565 0.034653764 0.070835441 -0.011026193 0.996824920
1548339896.423340 -0.026297517 -0.055478301 -0.087150507 0.034294754 0.075537451 -0.010686942 0.996495724
1548339896.456860 -0.019672487 -0.065525539 -0.088075459 0.032050550 0.079450041 -0.010952560 0.996263266
1548339896.490380 -0.031988017 -0.046317205 -0.086235620 0.034427382 0.086003132 -0.009487753 0.995654643
1548339896.523890 -0.036684897 -0.052638311 -0.091733970 0.033568684 0.090187505 -0.008641158 0.995321393
1548339896.557410 -0.062715679 -0.055398494 -0.088723354 0.033214383 0.097702749 -0.008192402 0.994627476
1548339896.590920 -0.081412099 -0.059313614 -0.086207353 0.032781880 0.103562787 -0.008265356 0.994048178
1548339896.624440 -0.029297996 -0.068852246 -0.094945945 0.031959258 0.098102763 -0.005413521 0.994648218
1548339896.657950 -0.052182306 -0.062839106 -0.087791935 0.033832509 0.103802197 -0.004728771 0.994011104
1548339896.691460 -0.037398931 -0.066889949 -0.096673243 0.034229282 0.103655614 -0.002696094 0.994020402
1548339896.724980 -0.061107632 -0.070672005 -0.103320010 0.034732282 0.108035333 -0.001679935 0.993538737
1548339896.758460 -0.091239840 -0.076136626 -0.115760341 0.034673128 0.114149958 -0.000585290 0.992858112
1548339896.791970 -0.067013115 -0.102080524 -0.100973651 0.031213444 0.114365540 0.003055586 0.992943525
1548339896.825480 -0.091181912 -0.106924772 -0.102770671 0.030621044 0.119904421 0.005990071 0.992295027
1548339896.858960 -0.018929135 -0.109166697 -0.098646663 0.029850269 0.110664599 0.009924922 0.993359864
1548339896.892470 -0.029494530 -0.064183630 -0.107493713 0.036235407 0.113566227 0.008041795 0.992836833
1548339896.925980 -0.023829918 -0.066844687 -0.114567012 0.035958897 0.113648623 0.009164663 0.992827773
1548339896.959500 -0.030234797 -0.078764684 -0.110240385 0.034519240 0.115358770 0.009835954 0.992675185
1548339896.993020 0.010348586 -0.061331913 -0.123339944 0.037700407 0.108911626 0.011764913 0.993266582
1548339897.026530 -0.024788013 -0.075686157 -0.114107303 0.035629921 0.114452362 0.010152660 0.992737651
1548339897.060050 -0.054540660 -0.074680433 -0.109791443 0.035489392 0.119097970 0.008800196 0.992209017
1548339897.093570 -0.082101576 -0.074978217 -0.103400834 0.034865510 0.124496423 0.006675709 0.991584837
1548339897.127090 -0.097463898 -0.061331347 -0.094543792 0.036713343 0.128446519 0.006465177 0.991015553
1548339897.160600 -0.118584387 -0.055296782 -0.086543061 0.037051577 0.132631451 0.004995849 0.990460038
1548339897.194590 -0.114425987 -0.075983763 -0.082889259 0.033307631 0.133627519 0.005674606 0.990455508
1548339897.228190 -0.120222434 -0.072686568 -0.082228631 0.034237958 0.135093883 0.005330599 0.990226746
1548339897.261730 -0.055811610 -0.084792800 -0.104673877 0.033144701 0.124216579 0.007089741 0.991676033
1548339897.295300 -0.046515312 -0.041872989 -0.116887040 0.040470041 0.123349331 0.004414578 0.991527915
1548339897.328820 -0.037084054 -0.054761074 -0.084385738 0.037234221 0.127009735 0.004670895 0.991191387
1548339897.362330 -0.050150398 -0.057836015 -0.080884613 0.037017278 0.129962206 0.004966844 0.990815222
1548339897.395850 0.021633217 -0.056295726 -0.095881060 0.037063219 0.121307559 0.006691105 0.991900206
1548339897.429370 -0.062930852 -0.060361676 -0.112565614 0.038397193 0.132166356 0.004309962 0.990474164
1548339897.462880 0.004086630 -0.051342271 -0.127180994 0.039978117 0.123209216 0.004541385 0.991564751
1548339897.496400 -0.049964052 -0.055210028 -0.119325079 0.040489577 0.132535502 0.003145181 0.990345895
1548339897.529890 -0.029072734 -0.054861780 -0.128683746 0.040539600 0.132578462 0.002398323 0.990340233
1548339897.563380 -0.143907160 -0.058225468 -0.094347157 0.039659739 0.151877359 0.000381017 0.987603247
1548339897.596850 -0.161833808 -0.059479538 -0.089904703 0.039004270 0.155773550 -0.000073081 0.987022400
1548339897.630350 -0.052886117 -0.034507811 -0.117471814 0.041971773 0.142918974 0.001206232 0.988843322
1548339897.663580 -0.073267974 -0.034090344 -0.110498324 0.040673185 0.148574591 0.000358996 0.988064349
1548339897.697100 -0.104623780 -0.028333090 -0.101241700 0.040080097 0.155075312 -0.001026888 0.987088740
1548339897.730570 -0.133977950 -0.014388278 -0.093809910 0.040695831 0.164766967 -0.002468344 0.985489547
1548339897.764080 -0.151359245 0.004155668 -0.086501755 0.042435955 0.171425030 0.000033120 0.984282851
1548339897.797590 -0.104388297 -0.005095727 -0.099139675 0.041056655 0.167471141 0.001735054 0.985020161
1548339897.831060 -0.123815373 0.004753417 -0.080818899 0.042914443 0.176387474 0.001589967 0.983383596
1548339897.864550 -0.068230949 -0.003539782 -0.095720127 0.041687630 0.173695624 0.006083999 0.983897865
1548339897.898020 -0.027826983 -0.010539399 -0.097420186 0.040987819 0.171736836 0.008194760 0.984255731
1548339897.931540 0.049597058 -0.012227304 -0.121196687 0.041196231 0.164331988 0.009882553 0.985494912
1548339897.965050 0.114514180 -0.019954709 -0.126426116 0.039932095 0.157981560 0.010680267 0.986576498
1548339897.998590 0.158477485 -0.019513140 -0.153756067 0.039341446 0.156402513 0.009802840 0.986860871
1548339898.032080 0.134472474 -0.006931326 -0.134313822 0.040235702 0.163280964 0.007728902 0.985728502
1548339898.065600 -0.007736824 0.018329069 -0.117627621 0.042208657 0.186499685 0.007318417 0.981520593
1548339898.099060 0.260358989 -0.002265722 -0.142195642 0.035707742 0.151350692 0.008091022 0.987801850
1548339898.132500 0.091384076 0.009687223 -0.123866163 0.034159090 0.181754470 0.012629801 0.982669294
1548339898.166010 -0.013339729 -0.001140897 -0.118416548 0.030408034 0.200112432 0.007120375 0.979275048
1548339898.199520 0.036381815 0.057362135 -0.117309034 0.035454024 0.198906571 0.005615000 0.979360819
1548339898.233040 0.025648743 0.055243559 -0.094024226 0.032051377 0.206249699 0.005861081 0.977956772
1548339898.266540 0.010831489 0.060666911 -0.072065748 0.029765869 0.213090941 0.005413167 0.976563811
1548339898.300060 -0.028102783 0.063647583 -0.066078268 0.027904822 0.222161815 0.007293345 0.974583089
1548339898.333580 -0.073548026 0.055656455 -0.055903543 0.024661707 0.232495174 0.010075115 0.972232640
1548339898.367090 -0.159469888 0.046264082 -0.043630805 0.021569528 0.246201038 0.012694995 0.968895555
1548339898.400620 -0.269536644 0.031069264 -0.035914391 0.016590459 0.262239903 0.012541149 0.964778602
1548339898.434140 -0.046225701 0.002168032 -0.071151771 0.009275546 0.230331883 0.015416835 0.972945750
1548339898.467660 -0.046821948 -0.016085673 -0.061926268 0.004164342 0.230241627 0.016815851 0.972979248
1548339898.501180 -0.035609942 0.012998609 -0.058842838 0.006702471 0.229164615 0.017201226 0.973212600
1548339898.534720 -0.041082021 0.010830196 -0.052493297 0.004646013 0.229088351 0.018431764 0.973219991
1548339898.568230 -0.031504348 0.022326097 -0.047490422 0.004611155 0.223911434 0.018263463 0.974427462
1548339898.601720 -0.030114360 0.019704835 -0.040173914 0.002112046 0.223302975 0.017889403 0.974582613
1548339898.635270 -0.046981789 0.023338059 -0.032276604 0.001023551 0.223963097 0.018452462 0.974422395
1548339898.668800 -0.052178178 0.020083496 -0.033286355 -0.000735880 0.219061449 0.018628178 0.975532949
1548339898.702310 -0.043440998 0.010983040 -0.021656549 -0.003103927 0.214161664 0.017602375 0.976634681
1548339898.735830 -0.031229602 0.037680171 -0.026203441 0.000451072 0.205954552 0.016189186 0.978427529
1548339898.769350 -0.042706423 0.001348647 -0.014776541 -0.005365189 0.201822415 0.015813114 0.979279757
1548339898.802860 -0.033610925 0.012738348 -0.008284355 -0.003450437 0.197487250 0.013412978 0.980207622
1548339898.836390 -0.024955608 0.038295981 -0.010438642 0.000711292 0.191980064 0.011991858 0.981325328
1548339898.869900 -0.031291373 0.007079606 -0.010887743 -0.003902317 0.184927016 0.011179810 0.982680917
1548339898.903420 -0.029597795 0.044662625 0.000777874 0.001434640 0.178739414 0.008009685 0.983862817
1548339898.936940 -0.039575916 0.018242804 0.012598523 -0.003275878 0.178552896 0.009785054 0.983876228
1548339898.970450 -0.048869040 0.021012977 0.016757693 -0.003262164 0.173504084 0.009879617 0.984778166
1548339899.003960 -0.042640183 0.016894720 0.023153560 -0.004327126 0.166698322 0.008699114 0.985960066
1548339899.037480 -0.030177593 0.022629911 0.023075018 -0.004112205 0.159628645 0.008035257 0.987135887
1548339899.070990 -0.040974606 0.020804286 0.032611549 -0.005452453 0.154466227 0.007602602 0.987953782
1548339899.104520 -0.032120191 0.006494251 0.031888366 -0.007345865 0.143904805 0.007528926 0.989535630
1548339899.138040 -0.036545977 0.027348420 0.040142950 -0.003661002 0.138169691 0.006860575 0.990378022
1548339899.171550 -0.061442103 0.000735259 0.050782807 -0.007632154 0.135341167 0.006418347 0.990748882
1548339899.205060 -0.056619890 0.000859598 0.044609047 -0.006976072 0.126275435 0.007508859 0.991942286
1548339899.238590 -0.049474221 0.009704745 0.039689086 -0.004024464 0.115805954 0.006718636 0.993241012
1548339899.272150 -0.049428225 -0.001568723 0.049246334 -0.004190916 0.108609147 0.006500178 0.994054437
1548339899.305670 -0.035598658 0.017947312 0.056694128 0.000521593 0.100356959 0.006066472 0.994932830
1548339899.339140 -0.068444535 0.016630623 0.067635514 0.002608651 0.098041534 0.006539380 0.995157421
1548339899.372700 -0.045321472 -0.003611391 0.062259182 0.001741807 0.086713776 0.006679815 0.996209383
1548339899.406220 -0.049943954 -0.003355145 0.066518761 0.004306721 0.081468210 0.007691754 0.996636927
1548339899.439730 -0.038418982 0.009681244 0.070718966 0.008481488 0.074432805 0.008010571 0.997157753
1548339899.473170 -0.031485036 -0.003602335 0.077475414 0.008226795 0.068708159 0.006347906 0.997582674
1548339899.506690 -0.028750351 -0.007769932 0.070753455 0.009009566 0.064198345 0.006788761 0.997873425
1548339899.540200 -0.034465604 -0.008313783 0.084172033 0.010184161 0.059636608 0.004604214 0.998157561
1548339899.573720 -0.047695570 -0.005983471 0.085931286 0.011636986 0.055481013 0.002252140 0.998389363
1548339899.607160 -0.042727161 -0.020204090 0.072542466 0.009487902 0.049228709 0.001313393 0.998741627
1548339899.640660 -0.042675372 -0.025097294 0.082658388 0.008847711 0.043278221 -0.001704934 0.999022424
1548339899.674180 -0.039100476 -0.030002184 0.080622204 0.008539576 0.035507951 -0.004530414 0.999322653
1548339899.707760 -0.071235828 0.000874029 0.087439679 0.014418117 0.033944495 -0.006450215 0.999298871
1548339899.741170 -0.056045834 -0.001422616 0.095979288 0.015263428 0.025382698 -0.005901978 0.999543846
1548339899.774690 -0.080576561 -0.000823313 0.094893932 0.016413961 0.021609893 -0.007190877 0.999605894
1548339899.808200 -0.060317129 0.001245809 0.099532627 0.018094769 0.010981583 -0.009059232 0.999734938
1548339899.841720 -0.064553596 0.004356160 0.101391234 0.019535504 0.006464812 -0.010158209 0.999736667
1548339899.875190 -0.089066096 0.007663313 0.104328871 0.020582691 0.003457414 -0.011608931 0.999714792
1548339899.908700 -0.094667532 -0.028692219 0.094880112 0.016717950 -0.006699824 -0.013583968 0.999745488
1548339899.942220 -0.072742954 -0.026745107 0.099377811 0.019171201 -0.017727254 -0.013163002 0.999572396
1548339899.975780 -0.074230544 -0.038954791 0.092897177 0.019101296 -0.022705488 -0.013426987 0.999469519
1548339900.009250 -0.058556557 -0.058167268 0.098025575 0.018035965 -0.032323111 -0.013214683 0.999227345
1548339900.042760 -0.068616822 -0.042016070 0.082463786 0.022434164 -0.037415326 -0.014307850 0.998945475
1548339900.075970 -0.081881456 -0.045518659 0.076083280 0.023485169 -0.041938629 -0.014263795 0.998742282
1548339900.109490 -0.079062149 -0.041713521 0.086551167 0.025198797 -0.048279971 -0.014303985 0.998413444
1548339900.143000 -0.075404391 -0.054517679 0.078061193 0.023676548 -0.053346924 -0.012345882 0.998218954
1548339900.176520 -0.071075514 -0.060723342 0.075734235 0.023045588 -0.060048256 -0.010966043 0.997869134
1548339900.210040 -0.082947820 -0.046713512 0.070386253 0.025894791 -0.064955354 -0.011285498 0.997488260
1548339900.244030 -0.085130066 -0.058619417 0.074052207 0.024854362 -0.070688277 -0.012395849 0.997111678
1548339900.277550 -0.079945356 -0.057730872 0.070114158 0.024997601 -0.076197140 -0.011102683 0.996717513
1548339900.311210 -0.095713370 -0.062100649 0.066795751 0.024982208 -0.078798629 -0.012739568 0.996496022
1548339900.344800 -0.099431418 -0.063092358 0.067077301 0.025267679 -0.083450258 -0.012331858 0.996115208
1548339900.378310 -0.100959115 -0.075352229 0.064947501 0.024131309 -0.089622870 -0.013992777 0.995585024
1548339900.411850 -0.094695315 -0.079658210 0.072395317 0.024112208 -0.096880510 -0.016417131 0.994868457
1548339900.445370 -0.091469169 -0.079058550 0.070325077 0.025402954 -0.103320397 -0.019006625 0.994141996
1548339900.478860 -0.087713599 -0.086429067 0.072613180 0.025204612 -0.109002598 -0.020373523 0.993512988
1548339900.512380 -0.103508539 -0.089820959 0.070149153 0.025736511 -0.112048276 -0.022375166 0.993117392
1548339900.545910 -0.096772872 -0.099427059 0.069618247 0.025218090 -0.119418822 -0.024659205 0.992217302
1548339900.579430 -0.106962211 -0.082948849 0.069032446 0.028033296 -0.123873644 -0.028083019 0.991504312
1548339900.612950 -0.112293757 -0.089060374 0.062850706 0.027430460 -0.127672210 -0.029825451 0.990988314
1548339900.646480 -0.110748164 -0.090508714 0.062855519 0.027893439 -0.132921129 -0.031098081 0.990245819
1548339900.679990 -0.101555176 -0.101372927 0.064367399 0.026999911 -0.139321283 -0.031592794 0.989374816
1548339900.713510 -0.118821718 -0.095112726 0.055897776 0.028640002 -0.142386571 -0.032913040 0.988849103
1548339900.747020 -0.132178664 -0.095339425 0.045331888 0.029273456 -0.147961617 -0.034914363 0.987943053
1548339900.780540 -0.115094841 -0.103362754 0.048640557 0.028680824 -0.157023698 -0.035172801 0.986551464
1548339900.814040 -0.120862082 -0.081746586 0.052763514 0.032159660 -0.161592558 -0.036531270 0.985656679
1548339900.847450 -0.128320947 -0.096094772 0.047543600 0.030080190 -0.166641593 -0.038213011 0.984817505
1548339900.880960 -0.120184936 -0.084121972 0.051132500 0.032081258 -0.174536988 -0.039478429 0.983335733
1548339900.914460 -0.118007012 -0.084826276 0.054521266 0.031392191 -0.180233821 -0.040954247 0.982269347
1548339900.947980 -0.135785937 -0.080520853 0.041076649 0.030840177 -0.183138028 -0.043048613 0.981659889
1548339900.981490 -0.143538296 -0.077027276 0.047920100 0.030422652 -0.191321522 -0.047286727 0.979915559
1548339901.014970 -0.137323394 -0.089730307 0.047405265 0.027669558 -0.197417960 -0.048918504 0.978707075
1548339901.047940 -0.167529285 -0.074130684 0.031286143 0.028519304 -0.198652431 -0.053280074 0.978205025
1548339901.081460 -0.149900660 -0.073787689 0.045040444 0.027467467 -0.206560194 -0.054811224 0.976511240
1548339901.115140 -0.134523869 -0.074194603 0.054995794 0.026285373 -0.213866100 -0.056403887 0.974878967
1548339901.148660 -0.164288431 -0.065803669 0.034063555 0.025468457 -0.213437453 -0.059785299 0.974793077
1548339901.182210 -0.161628649 -0.073669903 0.037409611 0.022639439 -0.219399974 -0.060210921 0.973512053
1548339901.215720 -0.164641961 -0.071978673 0.037009738 0.021374391 -0.224821657 -0.063288242 0.972107470
1548339901.249240 -0.161281586 -0.044039655 0.037863087 0.023679316 -0.230439588 -0.065306060 0.970603943
1548339901.282780 -0.170056835 -0.045682594 0.034133524 0.021193242 -0.233987629 -0.067145847 0.969686568
1548339901.316330 -0.146297842 -0.051166229 0.048673771 0.018611286 -0.241929159 -0.067075901 0.967793703
1548339901.349890 -0.137651563 -0.045623060 0.048119161 0.018017767 -0.247375414 -0.067622796 0.966389120
1548339901.383380 -0.151882544 -0.051299646 0.045700591 0.015619376 -0.248850003 -0.070532419 0.965844154
1548339901.416890 -0.138894826 -0.043807413 0.053656824 0.016105736 -0.253918111 -0.070720799 0.964502335
1548339901.450410 -0.124288395 -0.042761452 0.054872070 0.015849601 -0.259493172 -0.070949115 0.963004827
1548339901.483960 -0.150395393 -0.041871738 0.052767336 0.014739320 -0.258690685 -0.073202237 0.963069737
1548339901.517470 -0.145520449 -0.044659723 0.048656497 0.013814729 -0.261571556 -0.075424403 0.962133348
1548339901.550990 -0.133248121 -0.044888832 0.055244196 0.012943240 -0.265782744 -0.076052576 0.960941195
1548339901.584570 -0.149481684 -0.041974477 0.048672825 0.012693585 -0.264114827 -0.078614950 0.961198151
1548339901.618110 -0.126572385 -0.044214804 0.056961466 0.011779075 -0.268734396 -0.078887925 0.959906161
1548339901.651600 -0.144592568 -0.051508825 0.052995458 0.008993750 -0.266587764 -0.081918783 0.960280895
1548339901.685120 -0.150785252 -0.049948324 0.048382532 0.008207862 -0.266487420 -0.083160959 0.960209012
1548339901.718570 -0.167350292 -0.055489857 0.047515005 0.006708435 -0.264250100 -0.086940393 0.960504174
1548339901.752090 -0.165906757 -0.059928384 0.048814151 0.005400880 -0.262703240 -0.089414626 0.960709572
1548339901.785600 -0.171248794 -0.050200481 0.048162635 0.005251834 -0.259715855 -0.088476643 0.961609066
1548339901.819080 -0.145660535 -0.049074180 0.060639210 0.004944606 -0.261955321 -0.086331740 0.961198092
1548339901.852550 -0.188340247 -0.047934748 0.043530531 0.004406141 -0.251655787 -0.090069301 0.963606477
1548339901.885650 -0.208602071 -0.040501185 0.032598447 0.004168649 -0.245040625 -0.091161825 0.965208411
1548339901.919140 -0.212519810 -0.029922735 0.033632901 0.004491487 -0.242474630 -0.090217307 0.965943456
1548339901.952620 -0.183139294 -0.034024999 0.040853787 0.003045817 -0.243809074 -0.088062465 0.965812027
1548339901.986120 -0.172567293 -0.023770131 0.048595313 0.003319526 -0.242739350 -0.086376101 0.966232777
1548339902.019610 -0.152699903 -0.028377583 0.058366701 0.001762141 -0.242773369 -0.084248424 0.966416180
1548339902.053130 -0.176786497 -0.025410695 0.048396956 0.002061761 -0.237189040 -0.085660756 0.967677295
1548339902.086650 -0.155742958 -0.015496423 0.060111456 0.003199834 -0.238524646 -0.084385738 0.967457950
1548339902.120160 -0.147407308 -0.029339487 0.057195976 0.001266931 -0.235766858 -0.085108593 0.968074858
1548339902.153700 -0.140371770 -0.018440969 0.056457192 0.001985135 -0.231455639 -0.084140405 0.969197989
1548339902.187230 -0.127645612 -0.022623284 0.050721802 0.001618860 -0.228357777 -0.085119776 0.969847798
1548339902.220780 -0.170273095 -0.011705467 0.031374313 0.002467337 -0.212658018 -0.085549712 0.973371267
1548339902.254300 -0.198555633 -0.012030701 0.011309791 0.001836379 -0.201787651 -0.090794899 0.975210071
1548339902.288160 -0.205487981 0.004632368 -0.021894701 0.003149418 -0.193708092 -0.091969840 0.976733744
1548339902.321720 -0.231463209 -0.003107809 -0.046373181 0.000392964 -0.178096026 -0.092200987 0.979683936
1548339902.355260 -0.253418446 0.007996719 -0.066198178 0.000258035 -0.166316479 -0.089468583 0.982005179
1548339902.388780 -0.317649722 0.017393548 -0.113007031 -0.000407981 -0.148656100 -0.091646120 0.984633029
1548339902.422290 -0.312724888 0.023215411 -0.090082020 -0.000065648 -0.142764866 -0.085634314 0.986045122
1548339902.455810 -0.306255043 0.026786678 -0.099545002 0.000731768 -0.136651352 -0.085007787 0.986964822
1548339902.489360 -0.148381263 0.010012677 0.021803757 -0.000168968 -0.155366570 -0.071740650 0.985248446
1548339902.522920 -0.146339849 0.024474598 0.029218549 0.002326599 -0.147027597 -0.070626959 0.986604929
1548339902.556390 -0.177796826 0.023690630 0.017922157 0.002390420 -0.133956984 -0.071272835 0.988417923
1548339902.589870 -0.178285301 0.021276083 0.002365659 0.002150022 -0.124314427 -0.065803334 0.990056157
1548339902.623360 -0.211212158 0.020461870 -0.008543149 0.001993703 -0.104052283 -0.062714361 0.992590547
1548339902.656850 -0.231162399 -0.001311520 -0.019778501 -0.001204716 -0.094538666 -0.065162234 0.993385553
1548339902.690400 -0.246631458 0.012647530 -0.057634711 0.003513522 -0.085249618 -0.063305043 0.994340301
1548339902.723910 -0.250317991 0.012847485 -0.051324349 0.004827808 -0.077999711 -0.059549283 0.995161593
1548339902.757430 -0.126998395 0.019588538 0.017370824 0.007928998 -0.089972742 -0.049450435 0.994684219
1548339902.791020 -0.100590535 0.036129329 0.052016463 0.011818341 -0.087262660 -0.049768779 0.994871140
1548339902.824460 -0.129619956 0.034622688 0.039092675 0.013724058 -0.073833615 -0.049692675 0.995937169
1548339902.857980 -0.150994539 0.029500503 0.022417087 0.014288943 -0.062663525 -0.047150742 0.996817887
1548339902.891570 -0.154062033 0.023540076 0.034523942 0.015466554 -0.056361530 -0.046388406 0.997212231
1548339902.925090 -0.228145629 0.068982750 0.037096385 0.023613185 -0.038300585 -0.051427584 0.997662604
1548339902.958600 -0.185403332 0.056710579 0.034086820 0.023901740 -0.036215506 -0.047036696 0.997950256
1548339902.992120 -0.103254348 0.019703139 0.040857326 0.020249173 -0.041967269 -0.039975535 0.998113573
1548339903.025560 -0.107538253 0.000335602 0.042923976 0.019082762 -0.036590174 -0.036074098 0.998496711
1548339903.059070 -0.141952410 -0.005957200 0.045138586 0.019171029 -0.026341442 -0.035760067 0.998829246
1548339903.092590 -0.141468734 0.007514846 0.034536935 0.022099026 -0.020455306 -0.034058381 0.998966098
1548339903.126180 -0.187772691 -0.020189438 0.025809294 0.017656887 -0.009869358 -0.034648512 0.999194860
1548339903.159700 -0.205412835 -0.008051801 0.037293330 0.019922096 -0.003027781 -0.037191570 0.999104977
1548339903.193140 -0.198697701 -0.024260098 0.032172304 0.018059013 0.000182531 -0.034704067 0.999234438
1548339903.226650 -0.130375594 -0.020512564 0.031306475 0.019860908 -0.007573719 -0.028983571 0.999353826
1548339903.260130 -0.099438429 -0.000814147 0.032763433 0.024032788 -0.009624626 -0.027303781 0.999291897
1548339903.293550 -0.098396905 0.009778139 0.031249179 0.026931938 -0.006346793 -0.026677467 0.999261081
1548339903.327070 -0.108203590 0.017159063 0.033226088 0.029683908 -0.001801725 -0.025516596 0.999231994
1548339903.360590 -0.106565811 0.010082293 0.032582119 0.030550841 -0.000289553 -0.024045248 0.999243915
1548339903.394100 -0.144256830 -0.012707567 0.011006454 0.028908467 0.007977616 -0.024568651 0.999248266
1548339903.427620 -0.095293380 0.002514964 0.028728895 0.033157106 0.004390286 -0.020756483 0.999224961
1548339903.461130 -0.095183522 0.017433355 0.030626403 0.036876343 0.007695748 -0.020780746 0.999074101
1548339903.494650 -0.095598429 -0.001190469 0.016289856 0.035562698 0.010464135 -0.020077484 0.999110937
1548339903.528150 -0.086922005 -0.003307971 0.018226128 0.036902126 0.013497147 -0.019506805 0.999037266
1548339903.561670 -0.118116833 -0.020831527 0.013818186 0.035203658 0.022457175 -0.017092256 0.998981595
1548339903.595200 -0.152443051 -0.044602010 0.001384679 0.032081377 0.030740859 -0.014401577 0.998908579
1548339903.628710 -0.190360501 -0.053627625 0.000238240 0.031330027 0.040033799 -0.012027125 0.998634577
1548339903.662400 -0.233319759 -0.072484627 0.008420021 0.028000534 0.050543405 -0.009263773 0.998286307
1548339903.695970 -0.263404071 -0.059664790 0.006628610 0.028852083 0.061010141 -0.011772041 0.997650623
1548339903.729430 -0.091285199 0.004175704 0.010560310 0.038143419 0.041474465 -0.011776730 0.998341739
1548339903.762950 -0.082222506 -0.030639281 -0.004496427 0.031720202 0.044002876 -0.012041927 0.998455107
1548339903.796460 -0.060291812 -0.038477194 -0.004000317 0.029798850 0.043817718 -0.009865724 0.998546302
1548339903.829980 -0.040460780 -0.037796509 -0.018166713 0.029584991 0.045013782 -0.008337515 0.998513401
1548339903.863490 -0.014749306 -0.042026754 -0.017675333 0.028564487 0.044946495 -0.007654723 0.998551607
1548339903.897010 -0.000719324 -0.050341714 -0.021659654 0.027794279 0.045638487 -0.007382139 0.998543978
1548339903.930540 -0.077756830 -0.051145654 -0.014391454 0.027853223 0.059209500 -0.007364455 0.997829735
1548339903.964080 -0.076534644 -0.024087321 0.006791034 0.032228421 0.061766982 -0.006102125 0.997551441
1548339903.997700 -0.104835458 -0.019158214 0.023688110 0.032649379 0.069597185 -0.006545095 0.997019291
1548339904.031600 -0.132602304 -0.016991328 0.036516268 0.032753389 0.078028880 -0.004657967 0.996402025
1548339904.065130 -0.157817706 -0.009602401 0.054480445 0.033785302 0.085277602 -0.004360241 0.995774686
1548339904.098630 -0.187303007 -0.005128055 0.066088945 0.034551844 0.094187953 -0.006052542 0.994936287
1548339904.131760 -0.227413222 -0.007540360 0.068969056 0.032261811 0.106386438 -0.005775408 0.993784547
1548339904.165180 -0.258568615 -0.008119357 0.075040758 0.032073278 0.115334101 -0.001683302 0.992807388
1548339904.198670 -0.317000002 -0.016346648 0.057208102 0.028256351 0.130433798 -0.003599435 0.991047740
1548339904.232180 -0.363647282 0.033814073 0.024233459 0.035498083 0.141442806 -0.007637257 0.989280283
1548339904.265700 -0.416255206 0.090117358 0.002131251 0.043229841 0.152802825 -0.007320062 0.987283587
1548339904.299220 -0.085642233 0.015250910 0.001968911 0.030117840 0.105063818 0.002169705 0.994006932
1548339904.332650 -0.035255063 -0.047883596 -0.023650458 0.018830877 0.102157079 0.002161393 0.994587719
1548339904.366160 -0.047858182 -0.050851740 -0.008289181 0.016630981 0.107625648 0.001772394 0.994050801
1548339904.399680 -0.053853579 -0.054635387 -0.001763866 0.013714786 0.111403875 0.002464189 0.993677497
1548339904.433200 -0.061443284 -0.040053982 -0.007146990 0.014162243 0.116129704 0.001742929 0.993131578
1548339904.466690 -0.054295577 -0.002829348 0.002431952 0.016887615 0.118158035 0.006115249 0.992832363
1548339904.500190 -0.050255481 -0.002086653 0.008655529 0.014876410 0.119639046 0.006920605 0.992681861
1548339904.533630 -0.031090770 -0.018484229 0.003100737 0.011021300 0.119486451 0.006303380 0.992754638
1548339904.567110 -0.020791302 -0.006514276 0.005969045 0.010947898 0.121261716 0.007004800 0.992535472
1548339904.600620 -0.010082895 -0.004204373 0.001269010 0.009951673 0.123259060 0.008051305 0.992291927
1548339904.634170 -0.017016008 -0.006765467 0.011026185 0.008475514 0.128270134 0.008146742 0.991669595
1548339904.667680 0.009487387 -0.001259306 -0.002591142 0.008818745 0.127178028 0.009886110 0.991791427
1548339904.701200 0.017226020 -0.014016794 -0.001222368 0.006104313 0.129500210 0.011831521 0.991490006
1548339904.734730 0.011093441 0.007766250 -0.006119668 0.007785051 0.135757267 0.010675031 0.990654051
1548339904.768250 0.010244524 0.013950492 -0.010751178 0.007371781 0.141735435 0.010295425 0.989823580
1548339904.801760 0.008237573 0.030907996 -0.003630927 0.009254652 0.147442654 0.012108012 0.988953173
1548339904.835260 0.006652500 0.008581869 -0.012855345 0.004937716 0.153491214 0.011455342 0.988071263
1548339904.868770 -0.011547348 0.008564829 -0.007648409 0.004283590 0.163811207 0.011166390 0.986419201
1548339904.902250 -0.030650564 0.007797635 0.005863061 0.004143140 0.173380822 0.010464092 0.984790564
1548339904.935760 -0.049514744 0.004654410 0.017759059 0.003627235 0.183404729 0.011351297 0.982965231
1548339904.969270 -0.071140908 0.001208298 0.028873157 0.003286686 0.193953440 0.012606815 0.980924189
1548339905.002790 -0.093262061 -0.005644339 0.037072953 0.002735592 0.202873811 0.013920602 0.979102135
1548339905.036310 -0.129154250 -0.021197114 0.031865023 0.001291611 0.212604359 0.015715586 0.977011085
1548339905.069830 -0.002459224 0.003543065 -0.003003411 0.004786038 0.198215932 0.018647375 0.979969263
1548339905.103350 0.009582887 0.013933617 -0.000211308 0.006090837 0.201063618 0.020244921 0.979350030
1548339905.136850 0.028273083 0.035327852 -0.005649277 0.008986447 0.202371195 0.020575039 0.979051471
1548339905.170380 0.031366616 0.039200973 -0.013049443 0.009088130 0.206517980 0.022092588 0.978151143
1548339905.203900 0.026878044 0.036015201 -0.010641167 0.008214966 0.211268470 0.022334281 0.977138340
1548339905.237400 0.036231715 0.045928609 -0.011507197 0.009323521 0.214273572 0.021749383 0.976486981
1548339905.270920 0.048830464 0.052238181 -0.014829235 0.009800483 0.216739476 0.022337647 0.975924671
1548339905.304430 0.030676760 0.043982133 -0.012863106 0.007909231 0.223649278 0.022153258 0.974385798
1548339905.337940 0.039443545 0.049044158 -0.011791828 0.008946930 0.226859838 0.022919774 0.973616600
1548339905.371460 0.039362077 0.047202207 -0.009333806 0.008387032 0.231652871 0.023969125 0.972467005
1548339905.404980 0.038948145 0.022561003 -0.014997597 0.004274137 0.234533146 0.025923291 0.971753001
1548339905.438500 0.050653718 0.044353232 -0.013188971 0.007234832 0.236783266 0.026694445 0.971168756
1548339905.472020 0.036338832 0.049651414 -0.007273448 0.007846870 0.242736802 0.027885396 0.969659567
1548339905.505530 0.038656630 0.046757873 -0.006209515 0.006347905 0.245703012 0.028499510 0.968905330
1548339905.539050 0.050544918 0.053984627 -0.011460056 0.005998809 0.247549653 0.028684232 0.968431950
1548339905.572550 0.040074177 0.053080630 -0.007022410 0.005543758 0.253175944 0.030604884 0.966920137
1548339905.606070 0.045271482 0.043489311 -0.007530739 0.003982072 0.255459398 0.032379027 0.966269195
1548339905.639570 0.035273608 0.044871967 -0.000879941 0.004033610 0.260376275 0.033786576 0.964907467
1548339905.673050 0.041123807 0.049190469 -0.004043908 0.004490590 0.262970716 0.034520656 0.964175582
1548339905.706540 0.042435851 0.041955248 -0.000011158 0.002818350 0.265842557 0.036198866 0.963332474
1548339905.740060 0.033055402 0.049334206 -0.001265549 0.003804790 0.269863755 0.036123250 0.962213159
1548339905.773580 0.036878541 0.050794624 -0.002944406 0.003879576 0.273128062 0.038460057 0.961200714
1548339905.807090 0.047871791 0.055146702 -0.002727388 0.003858760 0.274403095 0.039622959 0.960790336
1548339905.840690 0.045989055 0.063209713 -0.005069280 0.004800574 0.277714193 0.039729308 0.959829867
1548339905.874210 0.048966710 0.047079504 -0.009126294 0.001917505 0.281165212 0.041764934 0.958748221
1548339905.908070 0.039292634 0.044494186 -0.003466062 0.001157456 0.284475058 0.042738825 0.957729578
1548339905.941630 0.032526743 0.023639088 0.003615669 -0.002762003 0.286076963 0.042692825 0.957251072
1548339905.975150 0.027116025 0.022937395 0.004236124 -0.002769317 0.286938012 0.043413099 0.956960917
1548339906.008620 0.037677281 0.041273419 0.000557186 0.000005357 0.284780055 0.044714987 0.957549393
1548339906.042010 0.032725256 0.030847449 0.004764914 -0.001262108 0.284966946 0.046819463 0.957392395
1548339906.075530 0.030153612 0.032410379 0.007251032 0.000053900 0.283005416 0.048169389 0.957907915
1548339906.109040 0.034081426 0.029259259 0.007695124 0.000127147 0.280865937 0.047835521 0.958554149
1548339906.142560 0.036833975 0.022774525 0.005071925 -0.000208728 0.278866887 0.048700556 0.959094107
1548339906.176080 0.039558932 0.021076515 0.008282236 0.001004814 0.276731074 0.048683695 0.959712863
1548339906.209590 0.037837014 0.018085947 0.008524446 0.002326245 0.275106013 0.047206096 0.960251451
1548339906.243110 0.035396554 0.009417598 0.005952009 0.002907438 0.273683637 0.047140345 0.960659444
1548339906.276620 0.024035254 -0.004052862 0.014884975 0.002869732 0.273513258 0.046400972 0.960744083
1548339906.310140 0.032743387 0.014130542 0.005390070 0.008184610 0.269177914 0.046820901 0.961916864
1548339906.343550 0.022931606 0.004621336 0.010596657 0.009196171 0.268807441 0.047044266 0.962000430
1548339906.377070 0.027614746 0.012639135 0.008720683 0.012600443 0.263968796 0.047086287 0.963298798
1548339906.410360 0.032213878 0.002578959 0.007593035 0.012411450 0.260927945 0.046454411 0.964160025
1548339906.443880 0.019560121 -0.001740149 0.010886019 0.013390572 0.260743409 0.046671361 0.964186370
1548339906.477400 0.023143705 0.008410397 0.008418198 0.015989866 0.256682932 0.045537606 0.965289831
1548339906.510910 0.026151104 0.002017907 0.008385018 0.015056834 0.253994167 0.044676308 0.966056049
1548339906.544430 0.019805728 -0.017016375 0.012557491 0.012776109 0.253363878 0.045774151 0.966202974
1548339906.577940 0.027616696 -0.002034395 0.011099094 0.015812568 0.249383658 0.045174360 0.967221260
1548339906.611680 0.015394142 -0.002319832 0.017207718 0.016569408 0.249179229 0.045515433 0.967245281
1548339906.645240 0.013831183 -0.007090347 0.017781245 0.016382577 0.246355399 0.045651514 0.967965186
1548339906.678780 0.012936922 -0.009831851 0.017082794 0.016329011 0.242305726 0.045293685 0.969004512
1548339906.712290 0.012659124 -0.003333872 0.020504517 0.017473707 0.237700075 0.044317380 0.970169723
1548339906.745780 0.012280968 -0.010190287 0.013738872 0.016718874 0.231075972 0.043161191 0.971834064
1548339906.779260 0.014646593 -0.013365127 0.016885389 0.016034456 0.225572392 0.041277349 0.973219454
1548339906.812450 0.026092671 -0.003170271 0.013082369 0.016833331 0.218954042 0.038635913 0.974824607
1548339906.845960 0.011796009 -0.000300367 0.018289553 0.017061805 0.217003703 0.036801290 0.975327611
1548339906.879480 0.012998680 -0.006745104 0.015807224 0.016533807 0.210789591 0.035004552 0.976764560
1548339906.913000 0.013209535 -0.019855976 0.019696530 0.015382776 0.204974726 0.033242319 0.978081644
1548339906.946520 0.016895650 -0.021181040 0.021009279 0.015383461 0.200390130 0.031842075 0.979077756
1548339906.980030 -0.004480701 -0.020903545 0.029167909 0.015738176 0.199204236 0.030518869 0.979356170
1548339907.013550 0.003340337 -0.021001266 0.026689300 0.016007062 0.193373501 0.029288162 0.980557323
1548339907.047070 0.005231597 -0.009598455 0.028283235 0.017944841 0.189774722 0.027977549 0.981264889
1548339907.080580 -0.001355466 -0.019175235 0.031017862 0.016108545 0.187112555 0.028159495 0.981802642
1548339907.114100 0.007780901 -0.013943039 0.030969078 0.015944866 0.181960866 0.027994769 0.982777834
1548339907.147610 -0.016433667 -0.025077565 0.037574224 0.013496860 0.181239769 0.027956551 0.982948780
1548339907.181130 -0.004651511 -0.013518611 0.038259864 0.014519983 0.173712298 0.027618377 0.984301984
1548339907.214870 -0.003327064 -0.009682478 0.037147239 0.014340715 0.168451488 0.026671845 0.985244632
1548339907.248460 -0.006720777 -0.015676204 0.038763959 0.012218792 0.165237233 0.026521435 0.985821486
1548339907.282140 -0.025527798 -0.021900002 0.048087630 0.010016685 0.162409201 0.024690973 0.986363649
1548339907.315650 -0.013934202 -0.014502041 0.046693139 0.009367742 0.152634189 0.022159239 0.987989843
1548339907.349220 -0.017443344 -0.012638617 0.049637485 0.008002114 0.148333415 0.021141540 0.988678992
1548339907.382730 -0.013421942 0.010566633 0.047391020 0.010382045 0.141791284 0.018453259 0.989670098
1548339907.416200 -0.009747518 -0.000466618 0.048269961 0.007664519 0.135103062 0.017827082 0.990641534
1548339907.449610 -0.003547396 0.002141795 0.046721876 0.007137352 0.130087242 0.016863184 0.991333425
1548339907.483130 -0.006847577 -0.002186205 0.049599577 0.005763266 0.125641420 0.015737468 0.991934121
1548339907.516640 -0.010678988 0.008121003 0.050572701 0.007170401 0.122079112 0.015170269 0.992378533
1548339907.550160 -0.008666907 0.001574655 0.056338344 0.005669799 0.118655048 0.014833084 0.992808521
1548339907.583670 -0.023556564 -0.005522612 0.064480163 0.004519173 0.116406888 0.014382128 0.993087173
1548339907.617190 -0.024760295 -0.008049609 0.062206876 0.004205470 0.111465208 0.013675740 0.993665338
1548339907.650710 -0.015151135 -0.007900273 0.065147303 0.003810819 0.105477773 0.012964710 0.994329810
1548339907.684210 -0.009040220 -0.003498891 0.060211632 0.004696304 0.098511569 0.011092995 0.995063007
1548339907.717700 -0.007424471 0.010733234 0.062720887 0.007158399 0.092954770 0.008937024 0.995604455
1548339907.751220 -0.017275637 -0.012547459 0.060753409 0.003932061 0.089453742 0.007635453 0.995953918
1548339907.784640 -0.019722648 -0.016368480 0.068094410 0.003869022 0.084101908 0.005913648 0.996432126
1548339907.818120 -0.016061900 -0.014343265 0.070753224 0.004719950 0.077993289 0.004452424 0.996932745
1548339907.851500 -0.021123422 -0.011760787 0.073170587 0.005202862 0.074303247 0.003766746 0.997215033
1548339907.885010 -0.016816771 -0.007454341 0.077838473 0.005975089 0.068807311 0.003561818 0.997605741
1548339907.918530 -0.024066206 -0.011017447 0.077166855 0.004855122 0.065733962 0.002254139 0.997822821
1548339907.952050 -0.030891635 -0.019241963 0.077427089 0.003933454 0.063612781 0.000900275 0.997966528
1548339907.985560 -0.034178916 -0.019971358 0.078922771 0.004872669 0.059632581 -0.000199745 0.998208463
1548339908.019080 -0.040221851 -0.009579273 0.075297840 0.007714268 0.053983290 -0.001191554 0.998511314
1548339908.052590 -0.035049614 -0.019701919 0.076522306 0.007425901 0.048480403 -0.002650977 0.998793006
1548339908.086110 -0.030779848 -0.014701103 0.077822350 0.008678691 0.044836488 -0.002110822 0.998954415
1548339908.119650 -0.039028499 0.003767319 0.083335258 0.010963108 0.041608367 -0.003088681 0.999069095
1548339908.153200 -0.027221302 -0.007421063 0.081970535 0.007026658 0.036640368 -0.003329650 0.999298275
1548339908.186790 -0.038544856 0.011939269 0.081719607 0.008244280 0.034917217 -0.003977939 0.999348283
1548339908.220310 -0.063267730 0.016899751 0.076888271 0.006276437 0.033110857 -0.004263562 0.999422848
1548339908.253820 -0.032929778 -0.000414225 0.091247477 0.001682347 0.022971179 -0.005324345 0.999720514
1548339908.287340 -0.042418055 0.013443052 0.094863422 0.002608768 0.021752005 -0.006134983 0.999741197
1548339908.320780 -0.049699537 0.020852312 0.094045527 0.002342433 0.019813444 -0.006947953 0.999776781
1548339908.354300 -0.043433972 0.018474568 0.097042836 0.000983921 0.014871179 -0.008636090 0.999851644
1548339908.387810 -0.039804973 0.016027996 0.098512851 0.000937152 0.010397113 -0.010665469 0.999888659
1548339908.421400 -0.059123278 0.011315688 0.091226757 0.000121018 0.009189484 -0.012104474 0.999884486
1548339908.454940 -0.055821210 0.016054116 0.095936544 0.000103069 0.002779490 -0.012903304 0.999912858
1548339908.488470 -0.055579033 0.021175900 0.096952900 0.000137069 -0.001495509 -0.014388984 0.999895334
1548339908.521990 -0.060884483 0.024810620 0.095952950 -0.000025986 -0.004692451 -0.014168836 0.999888599
1548339908.555500 -0.056355827 0.026211733 0.101364836 -0.000512449 -0.008424859 -0.013241180 0.999876678
1548339908.589020 -0.063335657 0.020199809 0.097730801 -0.001696240 -0.010575405 -0.011456117 0.999877036
1548339908.622540 -0.058095515 0.016270997 0.100060180 -0.002341882 -0.015496875 -0.011276646 0.999813616
1548339908.656070 -0.060936972 0.017838733 0.098258607 -0.001341475 -0.017756252 -0.013006050 0.999756873
1548339908.689590 -0.058878768 0.015580270 0.098219812 -0.001301637 -0.020620320 -0.013958915 0.999689102
1548339908.723100 -0.060423493 0.001234809 0.097618997 -0.001948006 -0.023047907 -0.014407474 0.999628663
1548339908.756620 -0.062271558 0.005184209 0.098340042 0.001036437 -0.025070919 -0.013918452 0.999588251
1548339908.790150 -0.061940961 -0.003840314 0.096972346 0.001534989 -0.027224122 -0.012562486 0.999549270
1548339908.823660 -0.070556290 -0.001553761 0.092781432 0.003277790 -0.029176306 -0.012678301 0.999488473
1548339908.857180 -0.067980543 0.005790468 0.091053151 0.005560844 -0.032324698 -0.014013601 0.999363720
1548339908.890690 -0.068461247 0.005113948 0.088832416 0.006010714 -0.033449873 -0.015967332 0.999294758
1548339908.924200 -0.078281499 0.005223962 0.086819544 0.005813850 -0.033962686 -0.016386250 0.999271870
1548339908.957710 -0.090598568 -0.000256527 0.081510879 0.004987743 -0.035924762 -0.016564306 0.999204755
1548339908.991230 -0.086190872 0.001719436 0.082945623 0.004785167 -0.040828351 -0.016307965 0.999021590
1548339909.024650 -0.086296737 -0.004705916 0.081307217 0.003444724 -0.044780381 -0.016559441 0.998853624
1548339909.058160 -0.086284630 -0.006836822 0.084966525 0.003283929 -0.050295651 -0.017152913 0.998581648
1548339909.091780 -0.083669670 -0.003704501 0.083229244 0.004746213 -0.052388586 -0.018303977 0.998447716
1548339909.125300 -0.087681130 -0.014491935 0.081549115 0.004025383 -0.053460736 -0.018835688 0.998384118
1548339909.158810 -0.091285482 -0.017665653 0.080357291 0.004761486 -0.055860888 -0.019856019 0.998229742
1548339909.192230 -0.096152760 -0.027705027 0.076139994 0.004769219 -0.058528371 -0.018045243 0.998111248
1548339909.225850 -0.092273846 -0.025731510 0.077356063 0.006993265 -0.063895755 -0.016565541 0.997794569
1548339909.259370 -0.095815942 -0.028323425 0.076136805 0.008532472 -0.067815341 -0.015235119 0.997545063
1548339909.292880 -0.090730123 -0.021381056 0.075479619 0.011252115 -0.070007674 -0.014862544 0.997372270
1548339909.326400 -0.097916029 -0.022868546 0.073736012 0.012467718 -0.070578374 -0.014263344 0.997326314
1548339909.359920 -0.101592347 -0.025356956 0.071498647 0.013690183 -0.073298648 -0.014838685 0.997105658
1548339909.393440 -0.097472593 -0.031975299 0.071930431 0.014278043 -0.075947993 -0.014718351 0.996900916
1548339909.426950 -0.105398603 -0.030100742 0.068416931 0.016494155 -0.076659709 -0.015192118 0.996805131
1548339909.460470 -0.107399270 -0.028618220 0.065794528 0.018003879 -0.079660669 -0.014572499 0.996552885
1548339909.493970 -0.114428520 -0.027019899 0.061647862 0.018805243 -0.082186483 -0.015107547 0.996325016
1548339909.527490 -0.110602707 -0.031424306 0.060701992 0.018483657 -0.086344086 -0.016129168 0.995963275
1548339909.560970 -0.111944854 -0.033933338 0.061533529 0.018661415 -0.089533180 -0.018480530 0.995637476
1548339909.594460 -0.108045779 -0.035376549 0.062710814 0.019632977 -0.091873676 -0.020421939 0.995367646
1548339909.627980 -0.114497446 -0.032310396 0.060247481 0.021684844 -0.092722856 -0.021449396 0.995224655
1548339909.661490 -0.119349286 -0.037021797 0.059475180 0.022805834 -0.095128730 -0.022908499 0.994939983
1548339909.695030 -0.112311684 -0.037411030 0.059898209 0.024496818 -0.098535955 -0.023927283 0.994544148
1548339909.728530 -0.118842319 -0.038497072 0.056781042 0.025903698 -0.099357903 -0.024049327 0.994423747
1548339909.762010 -0.124356627 -0.038521159 0.055168498 0.027383287 -0.101015151 -0.024412060 0.994208276
1548339909.795530 -0.119479068 -0.037755787 0.052812897 0.028928775 -0.104357913 -0.023998767 0.993829250
1548339909.829020 -0.123631045 -0.034126755 0.053984884 0.030599749 -0.106193520 -0.024114905 0.993581951
1548339909.862540 -0.128846854 -0.032889966 0.051178955 0.031608772 -0.107880540 -0.025009168 0.993346453
1548339909.896050 -0.122244701 -0.026231082 0.052492488 0.033168066 -0.111228868 -0.027534993 0.992859423
1548339909.929560 -0.129133150 -0.023827853 0.050383583 0.033601683 -0.110482983 -0.029508125 0.992871463
1548339909.963080 -0.133902803 -0.022505214 0.045737728 0.033203688 -0.111090973 -0.032507736 0.992723286
1548339909.996590 -0.135889679 -0.018060591 0.044663869 0.032784589 -0.111599877 -0.035941988 0.992561758
1548339910.030120 -0.142447725 -0.016833246 0.042889126 0.031956702 -0.112334579 -0.037004653 0.992466807
1548339910.063650 -0.145409346 -0.016186016 0.044236582 0.031252656 -0.114086211 -0.039187949 0.992205560
1548339910.097170 -0.146066532 -0.010774418 0.041318532 0.031253163 -0.115524426 -0.039645374 0.992020965
1548339910.130670 -0.147153586 -0.010187920 0.039976191 0.030306144 -0.116968110 -0.039365154 0.991892338
1548339910.164150 -0.139919743 -0.010851692 0.042068280 0.028852375 -0.120781355 -0.039062824 0.991490543
1548339910.197660 -0.136471346 -0.012938889 0.038360864 0.026942007 -0.123908021 -0.040079940 0.991117835
1548339910.231180 -0.146348909 -0.000384405 0.041444801 0.027677657 -0.123471536 -0.040765993 0.991124034
1548339910.264700 -0.144496828 0.004330314 0.040944453 0.027647275 -0.124641240 -0.040778149 0.990977943
1548339910.298220 -0.140968442 -0.010472604 0.042744886 0.025147837 -0.125927016 -0.040314868 0.990900934
1548339910.331780 -0.143927366 0.000068042 0.040933125 0.026469398 -0.126444057 -0.040254220 0.990803123
1548339910.365250 -0.142450750 -0.000336542 0.041047964 0.026308041 -0.128484175 -0.041441839 0.990495980
1548339910.398760 -0.134190992 -0.004123956 0.039371867 0.025918486 -0.130043387 -0.043390505 0.990219295
1548339910.432280 -0.136009321 -0.007276532 0.040055387 0.026138175 -0.128948599 -0.043846022 0.990336597
1548339910.465820 -0.136706755 -0.020201916 0.034289144 0.025831383 -0.127621666 -0.043613978 0.990526736
1548339910.499340 -0.135195032 -0.023440551 0.036551494 0.028006155 -0.125609517 -0.043185137 0.990743637
1548339910.532830 -0.123167269 -0.032948412 0.035454668 0.028929576 -0.123762645 -0.044550832 0.990889072
1548339910.566340 -0.117449783 -0.047872622 0.030038171 0.029782580 -0.118529171 -0.042389031 0.991598189
1548339910.599860 -0.167200089 -0.020920560 0.029202938 0.036391784 -0.105718844 -0.041490830 0.992863357
1548339910.633370 -0.191612020 -0.023776421 0.022481158 0.037770595 -0.096851818 -0.043012429 0.993651390
1548339910.666890 -0.173777536 -0.011365940 0.018634850 0.041928105 -0.094719559 -0.039135389 0.993850410
1548339910.700410 -0.172577336 -0.013482677 0.017345604 0.043314349 -0.093467534 -0.039296564 0.993903160
1548339910.733920 -0.169209585 -0.028258100 0.019132173 0.042757425 -0.089720927 -0.041962925 0.994163513
1548339910.767430 -0.168225110 -0.017467182 0.010562961 0.046754856 -0.082242563 -0.040643193 0.994684994
1548339910.800950 -0.175205886 -0.007721067 0.006227822 0.049283355 -0.078048974 -0.040225402 0.994917810
1548339910.834470 -0.171709090 -0.005050643 0.007609275 0.050761741 -0.077372104 -0.041210774 0.994856000
1548339910.868010 -0.129140824 -0.020587403 -0.000725209 0.049516480 -0.081119746 -0.040689975 0.994641662
1548339910.901530 -0.128645167 -0.016240265 -0.002943717 0.050965637 -0.077065676 -0.041047327 0.994876146
1548339910.935050 -0.124382541 -0.022164525 -0.009501820 0.050510000 -0.071643427 -0.040273946 0.995336115
1548339910.968680 -0.124271393 -0.028607344 -0.005353744 0.050134052 -0.064996250 -0.038383227 0.995885968
1548339911.002260 -0.116122648 -0.009618714 -0.000710452 0.053523812 -0.062766925 -0.037733108 0.995877385
1548339911.036160 -0.150886714 -0.008149288 -0.007081826 0.053148843 -0.047363859 -0.036956284 0.996777833
1548339911.069740 -0.181698099 -0.006557673 -0.010728822 0.053525221 -0.027164260 -0.036280062 0.997537434
1548339911.103330 -0.200240284 -0.005842035 -0.016505741 0.054054469 -0.010623672 -0.034969516 0.997868896
1548339911.136850 -0.231862098 -0.004927805 -0.029217320 0.055138011 0.009966417 -0.034005519 0.997849762
1548339911.170360 -0.258634359 -0.011957239 -0.032738872 0.054993987 0.032252986 -0.029682335 0.997524142
1548339911.203880 -0.270655453 -0.026879160 -0.021283150 0.053786434 0.046852924 -0.028114090 0.997056365
1548339911.237400 -0.300633043 -0.034814447 -0.019035239 0.053316332 0.062568128 -0.024998395 0.996302009
1548339911.270910 -0.320205092 -0.056734595 -0.011861898 0.048979547 0.074304894 -0.023628151 0.995751739
1548339911.304360 -0.350977272 -0.071629025 -0.001444748 0.046373766 0.089811169 -0.017405650 0.994726360
1548339911.337800 -0.334762841 -0.075753525 0.005667814 0.044765033 0.092811584 -0.014573189 0.994570136
1548339911.371180 -0.359630853 -0.085380197 0.016205646 0.043291591 0.102268293 -0.014317726 0.993711233
1548339911.404630 -0.382699996 -0.093067974 0.017186547 0.043101747 0.114399046 -0.011791796 0.992429376
1548339911.438080 -0.405832976 -0.101942137 0.041988216 0.042536430 0.125898033 -0.010154058 0.991078854
1548339911.471600 -0.411792696 -0.106039740 0.053935505 0.042106241 0.131166369 -0.011610894 0.990397692
1548339911.505010 -0.285067111 -0.116986327 0.030803945 0.040554464 0.117538504 -0.013445454 0.992148817
1548339911.538520 -0.097956590 -0.062191699 -0.025019316 0.050641723 0.096242927 -0.008187350 0.994035065
1548339911.572040 -0.061007537 -0.055791758 -0.029344356 0.051876843 0.098485827 -0.008068393 0.993752599
1548339911.605520 -0.077680357 -0.042980228 -0.035830103 0.053387631 0.109024011 -0.009411167 0.992559850
1548339911.639030 -0.074245483 -0.060689166 -0.044174522 0.050130747 0.116869994 -0.008577883 0.991844118
1548339911.672550 -0.083249420 -0.057581104 -0.047541916 0.050265830 0.125258043 -0.008000719 0.990817666
1548339911.706100 -0.090087526 -0.045149252 -0.042236298 0.051634155 0.132016882 -0.007611363 0.989872456
1548339911.739620 -0.087447442 -0.049904063 -0.046601832 0.049812987 0.137779489 -0.004542021 0.989199042
1548339911.773150 -0.066365808 -0.053903814 -0.060335036 0.047860749 0.140424386 -0.001521617 0.988932729
1548339911.806670 -0.065882847 -0.046392586 -0.051889293 0.047797594 0.147484764 0.001518342 0.987907529
1548339911.840170 -0.057105772 -0.035669923 -0.049926147 0.047809169 0.151268438 0.003572802 0.987329423
1548339911.873680 -0.046098594 -0.045110684 -0.057443447 0.044772033 0.155089036 0.006003698 0.986867130
1548339911.907200 -0.052802756 -0.050873518 -0.054903395 0.042922698 0.161315978 0.007142550 0.985943079
1548339911.940670 -0.056616731 -0.042550255 -0.052980103 0.043608885 0.166297570 0.007299673 0.985083759
1548339911.974190 -0.064959943 -0.043503474 -0.050792970 0.042818923 0.171153441 0.008486583 0.984276891
1548339912.007700 -0.050471708 -0.043058682 -0.057357270 0.042409971 0.172634855 0.008731115 0.984033704
1548339912.041220 -0.069977231 -0.048872836 -0.050196327 0.041387923 0.179010615 0.009696077 0.982928395
1548339912.074680 -0.060526751 -0.044046946 -0.056456897 0.041871984 0.180550560 0.010453221 0.982618392
1548339912.108190 -0.045083113 -0.021603171 -0.065610066 0.044700596 0.182550162 0.009728313 0.982131660
1548339912.141710 -0.045606203 -0.003927404 -0.066479571 0.046649970 0.188597277 0.011247998 0.980881393
1548339912.174720 -0.047304645 -0.022267522 -0.063422278 0.042559929 0.195864633 0.013530731 0.979613483
1548339912.208180 -0.058187246 -0.056325059 -0.058827236 0.036399860 0.200542226 0.016058819 0.978876889
1548339912.241660 -0.038983151 -0.041433670 -0.066087402 0.038048808 0.199361384 0.017422602 0.979032040
1548339912.275170 -0.042250548 -0.027914276 -0.064826384 0.039248671 0.203491881 0.017788481 0.978127897
1548339912.308690 -0.043470357 -0.036437850 -0.063335449 0.036940712 0.207014114 0.018739395 0.977460623
1548339912.342210 -0.031871200 -0.033045817 -0.066781007 0.036574911 0.207370520 0.019806426 0.977377832
1548339912.375720 -0.040756546 -0.035233580 -0.063494869 0.035123482 0.212598845 0.019864403 0.976306021
1548339912.409160 -0.037775606 -0.027827488 -0.064066611 0.035090819 0.215305910 0.020838166 0.975693464
1548339912.442670 -0.035409845 -0.029620348 -0.066137187 0.033439700 0.216452822 0.021960082 0.975473046
1548339912.476190 -0.030961776 -0.022374962 -0.067170605 0.033204820 0.218182236 0.022300230 0.975088060
1548339912.509710 -0.036735889 -0.020549837 -0.065864921 0.032061059 0.222302780 0.023712486 0.974161804
1548339912.543300 -0.033567421 -0.016705101 -0.064315714 0.031549677 0.224351108 0.025083752 0.973674476
1548339912.576910 -0.028633609 -0.021034723 -0.065806694 0.030220794 0.226622701 0.025690604 0.973174632
1548339912.610610 -0.019510420 -0.023849193 -0.068099193 0.029260490 0.229348764 0.026521532 0.972542822
1548339912.644130 -0.025790010 -0.026520392 -0.065911807 0.028536616 0.234743327 0.027505696 0.971248984
1548339912.677720 -0.016997829 -0.022022652 -0.066686906 0.029085105 0.237913817 0.028322855 0.970437467
1548339912.711240 -0.020514451 -0.020496035 -0.067916766 0.029672716 0.242359325 0.028792232 0.969305158
1548339912.744750 -0.013668103 -0.016985526 -0.069917165 0.030772062 0.244642094 0.029527294 0.968675137
1548339912.778260 -0.004930833 -0.015133136 -0.075595364 0.031158078 0.246966347 0.029615605 0.968070090
1548339912.811770 0.008360807 -0.014554440 -0.079274274 0.031573828 0.248576522 0.030112660 0.967629075
1548339912.845290 0.008643314 -0.015511376 -0.078698285 0.031720903 0.252329946 0.031322438 0.966613829
1548339912.878820 0.016066676 -0.022823870 -0.081613794 0.030973906 0.254368305 0.032580305 0.966062069
1548339912.912340 0.013513028 -0.016758343 -0.083353952 0.031983037 0.259052187 0.033001631 0.964769363
1548339912.945850 0.023971621 -0.019674199 -0.085087098 0.031642824 0.262318909 0.035943571 0.963792264
1548339912.979350 0.024174849 -0.020287033 -0.082430087 0.032041755 0.266695499 0.037987847 0.962498724
1548339913.012830 0.031168299 -0.025565902 -0.082513094 0.032002855 0.270379394 0.040131267 0.961384535
1548339913.046350 0.027979057 -0.030553028 -0.082115702 0.032015599 0.275104344 0.042145204 0.959956467
1548339913.079860 0.043478824 -0.029372044 -0.086958617 0.032524206 0.276669502 0.042947855 0.959453821
1548339913.113350 0.041673064 -0.039496414 -0.086261421 0.031667270 0.280690789 0.045865279 0.958178639
1548339913.146870 0.045964919 -0.030707736 -0.087699220 0.033083234 0.282701135 0.045038138 0.957578778
1548339913.180350 0.090418935 -0.032444872 -0.095849343 0.032782901 0.279698491 0.046310537 0.958409786
1548339913.213850 0.077922165 -0.028899135 -0.095220655 0.033392873 0.282461464 0.045467868 0.957618475
1548339913.247350 0.087399721 -0.032024413 -0.094921462 0.032836646 0.283563465 0.044718385 0.957347274
1548339913.280860 0.102264725 -0.028681040 -0.097323127 0.033888914 0.280772030 0.043232787 0.958201230
1548339913.314380 0.098514087 -0.028104011 -0.098950580 0.034209173 0.283547133 0.040611159 0.957487047
1548339913.347900 0.093755141 -0.035585959 -0.106791966 0.034047488 0.283130348 0.043146290 0.957505286
1548339913.381410 0.055089545 -0.037175100 -0.087654002 0.034516942 0.284106791 0.038686305 0.957389832
1548339913.414950 0.061881602 -0.036826987 -0.086045802 0.034112610 0.287568957 0.037667379 0.956410766
1548339913.448470 0.062239081 -0.035229668 -0.088193499 0.034471687 0.288398087 0.039761256 0.956063449
1548339913.482030 0.066352643 -0.041637111 -0.093062922 0.033567365 0.284984350 0.040790126 0.957075357
1548339913.515550 0.055846874 -0.027051756 -0.088396132 0.035949808 0.284869909 0.039611131 0.957072437
1548339913.549240 0.084602587 -0.037532900 -0.091622017 0.034772143 0.279719740 0.040806651 0.958583593
1548339913.582910 0.073973075 -0.026630113 -0.089766599 0.037359141 0.281537324 0.040747102 0.957956553
1548339913.616420 0.052360523 -0.031345151 -0.094235957 0.037092194 0.282996148 0.043023650 0.957437396
1548339913.649970 0.074274972 -0.028932672 -0.093839116 0.037741847 0.275634557 0.040941242 0.959648371
1548339913.683500 0.049229685 -0.022738235 -0.087944709 0.038451206 0.278033227 0.038732883 0.959019721
1548339913.717020 0.061736111 -0.019403180 -0.099310458 0.038166579 0.274440765 0.039126255 0.960049331
1548339913.750600 0.055266488 -0.030124024 -0.095507339 0.035777140 0.271124482 0.037176318 0.961160481
1548339913.784120 0.089792505 -0.027957786 -0.088563479 0.035278149 0.255396932 0.032884318 0.965632677
1548339913.817570 0.077550620 -0.019996991 -0.091762431 0.035975058 0.253597766 0.029280875 0.966196954
1548339913.851080 0.042889524 -0.025358859 -0.070078738 0.035373252 0.255318582 0.030550821 0.965726554
1548339913.884600 0.032907192 -0.034423612 -0.071706936 0.034970988 0.245693281 0.024641728 0.968403161
1548339913.918110 0.038662836 -0.026130928 -0.076435246 0.036521010 0.236748636 0.024180274 0.970583141
1548339913.951630 -0.002969716 -0.045766238 -0.073404804 0.033679180 0.235538036 0.027235305 0.970899463
1548339913.985150 0.066458963 -0.007258217 -0.079646513 0.040369075 0.215255350 0.022217525 0.975470066
1548339914.018660 0.066030212 0.012393842 -0.070813082 0.043827828 0.209946245 0.021050094 0.976503253
1548339914.052180 0.063999981 0.009848759 -0.065883525 0.043414194 0.203323990 0.022175517 0.977897108
1548339914.085690 0.014298439 0.008216842 -0.055028453 0.043216344 0.202872202 0.016775042 0.978107274
1548339914.119210 0.037337221 0.023525413 -0.064120069 0.044459760 0.194093570 0.015739813 0.979848564
1548339914.152690 0.020083988 0.011671724 -0.053405002 0.042111300 0.193443924 0.015222449 0.980088949
1548339914.186210 0.038130056 0.032616351 -0.051984366 0.044187889 0.183040485 0.012125233 0.982036948
1548339914.219780 0.027752157 0.030277958 -0.052686729 0.042513512 0.178857684 0.010646739 0.982898355
1548339914.253180 -0.003135287 0.038518548 -0.040280253 0.042448882 0.178591669 0.008303646 0.982972145
1548339914.286690 -0.005917459 0.042105578 -0.044570133 0.041176505 0.169402063 0.006396994 0.984665692
1548339914.320190 0.004201651 0.045723844 -0.043616485 0.040145796 0.161050528 0.004749081 0.986117899
1548339914.353620 -0.001767321 0.032047946 -0.034781888 0.037200075 0.157482654 0.003922618 0.986813068
1548339914.387140 -0.012637236 0.036633432 -0.033305801 0.037468262 0.150714651 0.001523198 0.987865865
1548339914.420660 -0.010126929 0.035421509 -0.033496652 0.036722727 0.143783420 0.001231236 0.988926828
1548339914.454170 -0.003741747 0.040679801 -0.036887456 0.036892641 0.136144280 -0.000538976 0.990001678
1548339914.487690 -0.005977797 0.042602953 -0.034364782 0.037011310 0.132495731 -0.001065833 0.990491748
1548339914.521200 -0.042227469 0.068171509 -0.029877702 0.041188486 0.130666912 -0.002869586 0.990566254
1548339914.554660 -0.012450442 0.050896596 -0.032208558 0.038382467 0.117486492 -0.003367383 0.992326736
1548339914.588160 -0.035362873 0.049370106 -0.018586364 0.037905056 0.114780404 -0.003959640 0.992659569
1548339914.621680 -0.022911208 0.073446922 -0.019826302 0.041019160 0.101848699 -0.007103712 0.993928492
1548339914.655130 -0.010702803 0.067114308 -0.024069142 0.039401542 0.091498137 -0.007984244 0.994993448
1548339914.688640 -0.036501978 0.083976641 -0.029739378 0.041572556 0.088186823 -0.009688171 0.995188892
1548339914.722160 -0.020599568 0.074667387 -0.030282091 0.040214747 0.075798608 -0.011824054 0.996241689
1548339914.755680 -0.025567869 0.074051678 -0.032272015 0.040624220 0.070453390 -0.012885494 0.996604204
1548339914.789190 -0.044797882 0.054994110 -0.025607830 0.038668931 0.063503966 -0.014409563 0.997128010
1548339914.822770 -0.037789997 0.060447454 -0.030891560 0.040604226 0.053863581 -0.016381972 0.997587919
1548339914.856360 -0.031422362 0.063199282 -0.029249756 0.042067971 0.046575319 -0.018290596 0.997860968
1548339914.889800 -0.040644031 0.064367764 -0.030937638 0.042486288 0.040917031 -0.020381225 0.998050749
1548339914.923260 -0.055442773 0.068492450 -0.037489895 0.042617317 0.035818443 -0.021578398 0.998215973
1548339914.956770 -0.043574985 0.063712612 -0.032895692 0.041166428 0.029308870 -0.022762787 0.998462915
1548339914.990290 -0.057011154 0.066103205 -0.036437549 0.040464234 0.026311982 -0.022818338 0.998573780
1548339915.023800 -0.060094282 0.072070509 -0.031628486 0.040820811 0.020516904 -0.024500575 0.998655319
1548339915.057510 -0.058861088 0.073309690 -0.032296624 0.040712520 0.015288456 -0.024183506 0.998761177
1548339915.091020 -0.072584890 0.050787017 -0.041074242 0.037336834 0.010442021 -0.023974156 0.998960555
1548339915.124540 -0.063910402 0.070783049 -0.033168174 0.040871434 0.002139861 -0.024226019 0.998868406
1548339915.158050 -0.056846492 0.066874661 -0.028509093 0.040834121 -0.003036897 -0.024173863 0.998868883
1548339915.191380 -0.064881213 0.070929781 -0.027504303 0.042467717 -0.006776942 -0.024487900 0.998774707
1548339915.224960 -0.067062646 0.080274455 -0.024553034 0.044923943 -0.010789559 -0.025523756 0.998606026
1548339915.258490 -0.063425228 0.076843075 -0.027627531 0.045265511 -0.014599989 -0.025299201 0.998547852
1548339915.291990 -0.070188574 0.059538979 -0.031420916 0.043636344 -0.018443728 -0.024694290 0.998571932
1548339915.325450 -0.075655863 0.064508438 -0.030155119 0.045598663 -0.022070108 -0.026660148 0.998360097
1548339915.358960 -0.054287840 0.067360722 -0.027077856 0.047024395 -0.028134694 -0.026287125 0.998151362
1548339915.392450 -0.069196485 0.062470581 -0.028414158 0.046832293 -0.030390423 -0.024709316 0.998134553
1548339915.425890 -0.067557700 0.070626535 -0.027672295 0.048519794 -0.034781855 -0.026319614 0.997869372
1548339915.459410 -0.073791325 0.067378424 -0.026924931 0.048605438 -0.038020775 -0.025366984 0.997771740
1548339915.492930 -0.067029268 0.072023787 -0.032165483 0.049289372 -0.043422904 -0.025617542 0.997511268
1548339915.526430 -0.077168308 0.070505619 -0.031423662 0.048702557 -0.044714186 -0.025406837 0.997488439
1548339915.559950 -0.071207337 0.077477634 -0.028838919 0.049486693 -0.047901258 -0.023880202 0.997339606
1548339915.593460 -0.085412398 0.068905175 -0.029218011 0.047501747 -0.049411479 -0.023652758 0.997367859
1548339915.627030 -0.088406935 0.070832551 -0.026046168 0.047144245 -0.052317254 -0.022741912 0.997257769
1548339915.660490 -0.087658606 0.083207317 -0.026529456 0.048170198 -0.055052441 -0.021659415 0.997085631
1548339915.693990 -0.083813652 0.087046802 -0.025972191 0.047925167 -0.059868243 -0.019867904 0.996857166
1548339915.727500 -0.084035985 0.061156157 -0.024602517 0.043058254 -0.065729022 -0.020850321 0.996689975
1548339915.761020 -0.092583321 0.075902596 -0.023955816 0.044307735 -0.067985989 -0.022557361 0.996446609
1548339915.794540 -0.097221471 0.079096869 -0.022896016 0.043966874 -0.070357718 -0.022752842 0.996292651
1548339915.828060 -0.102872841 0.080235995 -0.020235123 0.043789838 -0.072683483 -0.022920271 0.996129632
1548339915.861640 -0.105644710 0.071860790 -0.018605389 0.042489529 -0.075021461 -0.023109417 0.996008217
1548339915.895210 -0.115694858 0.063723296 -0.021261783 0.041471396 -0.076718487 -0.023413880 0.995914757
1548339915.928730 -0.105919391 0.074208103 -0.019565104 0.043887958 -0.081822038 -0.022937227 0.995415926
1548339915.962240 -0.101419590 0.066629529 -0.022667058 0.043784842 -0.085725218 -0.022158774 0.995109558
1548339915.995710 -0.108811028 0.065578915 -0.021433458 0.045153078 -0.088162370 -0.021808947 0.994843185
1548339916.029270 -0.104173347 0.061488546 -0.020984842 0.046076979 -0.091687724 -0.022028636 0.994477272
1548339916.062760 -0.105518706 0.064006582 -0.018409083 0.047841806 -0.093685612 -0.021872986 0.994211137
1548339916.096300 -0.092023544 0.047752839 -0.022984600 0.046760637 -0.097143359 -0.021524848 0.993938267
1548339916.129800 -0.098774686 0.054099757 -0.024330843 0.049234644 -0.099107943 -0.020500954 0.993646443
1548339916.163340 -0.114053085 0.051441953 -0.023564773 0.049983189 -0.099070415 -0.022062089 0.993579388
1548339916.196860 -0.101815194 0.047708213 -0.021696797 0.050415963 -0.100228578 -0.021377964 0.993456304
1548339916.230430 -0.107169591 0.049702745 -0.024808103 0.051573917 -0.100077197 -0.020404253 0.993432581
1548339916.263940 -0.103296667 0.047928710 -0.023382248 0.052300174 -0.102732487 -0.020235941 0.993126988
1548339916.297410 -0.099626541 0.038112242 -0.022819474 0.051418975 -0.102286778 -0.021112403 0.993200779
1548339916.330920 -0.116517827 0.043164439 -0.027555550 0.052342404 -0.099977195 -0.020054290 0.993409634
1548339916.364440 -0.110405922 0.040646158 -0.026371760 0.052073743 -0.102678664 -0.020559652 0.993137836
1548339916.397960 -0.111071803 0.039157439 -0.028435113 0.051840059 -0.103301227 -0.020653209 0.993083537
1548339916.431460 -0.113667540 0.034476221 -0.029598266 0.050603162 -0.103739701 -0.020579509 0.993103147
1548339916.465110 -0.111877501 0.032505300 -0.032801531 0.049729105 -0.104839295 -0.020405114 0.993035436
1548339916.498710 -0.109296158 0.034750488 -0.031102523 0.049317360 -0.105945930 -0.020131143 0.992944121
1548339916.532410 -0.099444814 0.027035810 -0.026530284 0.047432397 -0.106206417 -0.020094218 0.993008852
1548339916.566000 -0.118940331 0.038875271 -0.030393535 0.048142422 -0.100438692 -0.018809145 0.993599832
1548339916.599520 -0.111014359 0.027030943 -0.031116767 0.045102857 -0.100330696 -0.017199079 0.993782520
1548339916.633030 -0.103428304 0.019971922 -0.027834514 0.043260090 -0.099294513 -0.016506800 0.993980229
1548339916.666470 -0.088930830 0.013463339 -0.032496404 0.040904440 -0.096376017 -0.014742514 0.994394839
1548339916.699990 -0.107288003 0.012575442 -0.030722026 0.039173476 -0.091873065 -0.013523646 0.994907975
1548339916.733100 -0.096598953 0.015578487 -0.027598148 0.038528088 -0.092966676 -0.013058731 0.994837821
1548339916.766620 -0.123591930 0.020787949 -0.016796893 0.038990051 -0.084053129 -0.015332961 0.995580077
1548339916.800130 -0.103406452 0.010885116 -0.030935891 0.035096951 -0.081361905 -0.010709742 0.996008933
1548339916.833200 -0.093540817 0.014618659 -0.029296674 0.034802388 -0.082192637 -0.009928565 0.995959103
1548339916.866710 -0.091220424 0.015814861 -0.022770159 0.035439678 -0.079117745 -0.012102286 0.996161580
1548339916.900230 -0.083940946 0.015077762 -0.020796856 0.035034209 -0.074929744 -0.010412027 0.996518791
1548339916.934600 -0.073939838 0.004700928 -0.022552311 0.033802032 -0.073168151 -0.009383461 0.996702433
1548339916.967140 -0.073219992 0.019849516 -0.010869709 0.037602361 -0.068791434 -0.010610682 0.996865690
1548339917.000590 -0.082754694 0.021674450 -0.018006695 0.039106082 -0.061334357 -0.010802806 0.997292399
1548339917.034100 -0.081287429 0.013101377 -0.024902914 0.038773283 -0.058886513 -0.010207189 0.997459173
1548339917.067610 -0.074878000 0.012976161 -0.024272637 0.040609863 -0.058761362 -0.011915292 0.997374535
1548339917.101130 -0.064737059 0.014102973 -0.021253409 0.042335432 -0.056939602 -0.014552067 0.997373462
1548339917.134650 -0.074364118 0.024042675 -0.025330253 0.044590589 -0.052686948 -0.015730094 0.997491002
1548339917.168170 -0.071544237 0.020789547 -0.027267197 0.044502147 -0.051358629 -0.017320158 0.997537911
1548339917.201700 -0.062327377 0.022868810 -0.024690218 0.045013379 -0.049914788 -0.019986179 0.997538388
1548339917.235270 -0.072658002 0.014941665 -0.023933886 0.042953920 -0.043444213 -0.020867793 0.997913837
1548339917.268820 -0.086360186 0.028043950 -0.029265564 0.043505467 -0.038436349 -0.021184649 0.998088717
1548339917.302330 -0.071741328 0.041303992 -0.025117053 0.043880854 -0.038567040 -0.020966841 0.998071849
1548339917.335850 -0.069857448 0.040613368 -0.023831826 0.041825429 -0.036371849 -0.021747433 0.998225808
1548339917.369280 -0.073935933 0.043538317 -0.023620587 0.039766934 -0.033341736 -0.021660248 0.998417616
1548339917.402800 -0.071816668 0.042628799 -0.022519287 0.037100635 -0.031840391 -0.022910643 0.998541355
1548339917.436310 -0.057918038 0.034263402 -0.017650003 0.033293795 -0.032588854 -0.023442024 0.998639047
1548339917.469910 -0.064073659 0.040754698 -0.016565440 0.032097351 -0.029982220 -0.025423486 0.998711407
1548339917.503460 -0.070084937 0.037834279 -0.018416973 0.029821983 -0.027603071 -0.026699238 0.998817205
1548339917.536980 -0.069074757 0.039305910 -0.014495553 0.028889610 -0.026336841 -0.028719680 0.998822749
1548339917.570500 -0.065770283 0.037230793 -0.011405227 0.027818991 -0.025351258 -0.028878344 0.998874068
1548339917.604010 -0.074149460 0.029561028 -0.012902396 0.026514223 -0.023704991 -0.029232182 0.998939693
1548339917.637530 -0.065927096 0.022868548 -0.012543060 0.025831547 -0.024721067 -0.029250287 0.998932421
1548339917.670860 -0.067230865 0.021504015 -0.011617431 0.026276147 -0.024633726 -0.028622359 0.998941183
1548339917.737890 -0.065664411 0.021710373 -0.011778030 0.028022418 -0.025231753 -0.027554408 0.998908818
1548339917.771410 -0.066496804 0.018620394 -0.012363027 0.028627014 -0.025253806 -0.026579343 0.998917520
1548339917.805110 -0.074194603 0.019637700 -0.014446515 0.029657166 -0.025047462 -0.025395501 0.998923481
1548339917.838700 -0.065699279 0.014043170 -0.015561159 0.029631145 -0.027258893 -0.024361238 0.998892128
1548339917.872250 -0.070036575 0.020861765 -0.013731423 0.031485572 -0.027189879 -0.024139578 0.998842657
1548339917.905770 -0.074780449 0.023004273 -0.016930627 0.032178260 -0.027512196 -0.024184674 0.998810649
1548339917.939250 -0.072127350 0.026166949 -0.016238242 0.032881275 -0.028606627 -0.024987882 0.998737216
1548339917.972760 -0.070418902 0.021594115 -0.015557897 0.032147024 -0.029209040 -0.025587697 0.998728514
1548339918.006280 -0.071939118 0.022044700 -0.019591061 0.032020953 -0.029184185 -0.025945734 0.998724043
1548339918.039800 -0.075437851 0.030163616 -0.016917573 0.032954991 -0.029108563 -0.026878646 0.998671234
1548339918.073350 -0.076507322 0.020923615 -0.018734368 0.031336199 -0.029005608 -0.027689183 0.998704135
1548339918.106890 -0.083157241 0.026751248 -0.021289745 0.032006443 -0.028021496 -0.028052678 0.998700857
1548339918.140410 -0.082360134 0.025122078 -0.018296948 0.031362332 -0.028105933 -0.028477360 0.998706877
1548339918.173940 -0.082900211 0.025365457 -0.019220127 0.031160556 -0.027496750 -0.028154219 0.998739362
1548339918.207530 -0.084176376 0.024531154 -0.019650780 0.030897969 -0.027392700 -0.027200257 0.998776793
1548339918.241050 -0.082573168 0.027662996 -0.019975837 0.031342406 -0.027958186 -0.027420152 0.998741269
1548339918.274620 -0.081281312 0.029349441 -0.016764512 0.031164991 -0.027625855 -0.026940597 0.998769104
1548339918.308080 -0.074441977 0.024181893 -0.015189277 0.030101215 -0.028258279 -0.026035266 0.998808026
1548339918.341600 -0.077529728 0.023864869 -0.017413761 0.030029180 -0.028136637 -0.026278831 0.998807311
1548339918.375040 -0.072179012 0.024998447 -0.014690221 0.030321738 -0.028664390 -0.026585160 0.998775363
1548339918.408610 -0.070790619 0.014968150 -0.013977690 0.028789289 -0.027840607 -0.025733158 0.998866260
1548339918.442130 -0.069747359 0.012997933 -0.012505292 0.028703552 -0.027414057 -0.024626758 0.998908460
1548339918.475630 -0.071842931 0.016059566 -0.013764676 0.029666850 -0.026244869 -0.024337728 0.998918772
1548339918.509160 -0.066010982 0.017037461 -0.009555031 0.030641418 -0.025663668 -0.023705019 0.998919725
1548339918.542750 -0.067629799 0.015561832 -0.009684651 0.031267531 -0.023999874 -0.023222229 0.998952985
1548339918.576260 -0.069799386 0.010854362 -0.012211100 0.031569462 -0.021867894 -0.023047214 0.998996496
1548339918.609780 -0.067135952 0.011685681 -0.010643885 0.032706302 -0.021137413 -0.022786444 0.998981655
1548339918.643220 -0.062792510 0.019615296 -0.007907288 0.035058975 -0.020233212 -0.022877911 0.998918474
1548339918.676740 -0.068985149 0.013350628 -0.009258063 0.035154480 -0.018290339 -0.022212580 0.998967588
1548339918.710240 -0.065371379 0.003148752 -0.009252173 0.035014443 -0.018225275 -0.021158725 0.998996556
1548339918.743720 -0.070433170 0.004231955 -0.011008293 0.036662094 -0.016864834 -0.019650241 0.998992145
1548339918.777230 -0.065960288 0.007467535 -0.010086201 0.038650796 -0.016391121 -0.018260928 0.998951435
1548339918.810790 -0.073330671 0.006285747 -0.011973427 0.039621573 -0.015264293 -0.016334778 0.998964608
1548339918.844300 -0.070268966 0.001119721 -0.014436440 0.040045016 -0.016180305 -0.014704322 0.998958647
1548339918.877840 -0.069517523 0.008665925 -0.013378757 0.041937150 -0.015770545 -0.013837977 0.998899937
1548339918.911460 -0.068359882 0.019893102 -0.010653866 0.043733306 -0.015712639 -0.012817731 0.998837411
1548339918.945020 -0.062458389 0.013041004 -0.011601402 0.042525452 -0.017132882 -0.012577094 0.998869300
1548339918.978560 -0.056480315 -0.004883119 -0.010994436 0.039349329 -0.018402418 -0.012334503 0.998979867
1548339919.012050 -0.063437991 0.020398472 -0.011195742 0.042385057 -0.017691188 -0.013680458 0.998851001
1548339919.045570 -0.056342956 0.011387699 -0.010894538 0.039737996 -0.017557355 -0.014487685 0.998950779
1548339919.079080 -0.063229717 0.016195048 -0.010501325 0.039526772 -0.015554359 -0.014540018 0.998991609
1548339919.112620 -0.060838886 0.017181853 -0.008295483 0.039035894 -0.015045927 -0.014387701 0.999020934
1548339919.146140 -0.054427553 0.023010334 -0.006480624 0.039425578 -0.013968715 -0.014440786 0.999020517
1548339919.179660 -0.061316233 0.015740246 -0.005494538 0.038080029 -0.010816307 -0.013515959 0.999124706
1548339919.213170 -0.055081151 0.010931137 -0.004860518 0.037629455 -0.010812628 -0.012892403 0.999150097
1548339919.246710 -0.050648548 0.007991829 -0.002096474 0.037742313 -0.010540312 -0.012592593 0.999152541
1548339919.280200 -0.054286018 0.012816995 -0.002131530 0.039194852 -0.009374280 -0.013013072 0.999102890
1548339919.313710 -0.053763881 0.007271200 -0.003037017 0.038928330 -0.008370241 -0.013247622 0.999119103
1548339919.347220 -0.048866294 0.013476266 -0.001674917 0.040304027 -0.008062840 -0.013944161 0.999057591
1548339919.380750 -0.047261529 0.020047026 0.000081832 0.041564617 -0.006385176 -0.014723808 0.999006927
1548339919.414270 -0.045665905 0.007139353 -0.000367703 0.039958619 -0.004691679 -0.014894026 0.999079287
1548339919.447770 -0.043374002 0.009668045 0.000952016 0.040836930 -0.003021077 -0.015088558 0.999047339
1548339919.481290 -0.037198223 0.016996745 0.004995699 0.042612508 -0.001119311 -0.015183863 0.998975635
1548339919.514800 -0.042626455 0.007295889 0.003554668 0.041720208 0.002188009 -0.014192239 0.999026120
1548339919.548290 -0.034295082 0.013556013 0.004937035 0.043410331 0.003235207 -0.013977667 0.998954296
1548339919.581800 -0.033559002 0.011847776 0.006833829 0.043918800 0.005936528 -0.012769796 0.998935819
1548339919.615320 -0.033115674 0.002277762 0.006978983 0.043123044 0.007842200 -0.011860453 0.998968601
1548339919.648860 -0.035036791 0.010716493 0.006429348 0.044803023 0.010215777 -0.012087242 0.998870492
1548339919.682380 -0.034743167 0.004331401 0.007490876 0.044027530 0.012225564 -0.011446055 0.998889923
1548339919.715900 -0.021526823 0.000579319 0.009602143 0.043620449 0.011355830 -0.011475796 0.998917699
1548339919.749410 -0.030245353 -0.005012155 0.009561395 0.042633940 0.013817635 -0.011843476 0.998925030
1548339919.783010 -0.033895329 0.001937490 0.008173027 0.043672729 0.014829146 -0.012314736 0.998859882
1548339919.816570 -0.029814344 0.002653562 0.009002201 0.043695331 0.014714612 -0.012902127 0.998853207
1548339919.850170 -0.031976502 0.014530898 0.011354835 0.045276295 0.016183401 -0.013855013 0.998747289
1548339919.883690 -0.039074015 0.013815299 0.011333224 0.044666491 0.018828634 -0.013973217 0.998726726
1548339919.917200 -0.040654283 0.004050860 0.009527815 0.042803388 0.020093545 -0.013496350 0.998790264
1548339919.950720 -0.036900532 0.010086975 0.012281468 0.043627709 0.020452579 -0.013856228 0.998742342
1548339919.984230 -0.034245979 0.019878982 0.015070178 0.045016486 0.021608662 -0.013524388 0.998660922
1548339920.017750 -0.030876713 0.007259307 0.011193908 0.042895257 0.023801228 -0.012920618 0.998712420
1548339920.051270 -0.035296701 -0.000739461 0.013295802 0.041641038 0.024985783 -0.011545281 0.998753428
1548339920.084780 -0.031220248 0.005512948 0.013473221 0.042522032 0.025333172 -0.012422520 0.998697042
1548339920.118300 -0.030865250 0.002938666 0.012400033 0.041841641 0.027549583 -0.012235096 0.998669386
1548339920.151810 -0.034078442 0.005356596 0.015559047 0.042119734 0.028994353 -0.012453275 0.998614132
1548339920.185300 -0.023890665 -0.000490440 0.015997084 0.041136101 0.028750982 -0.012383192 0.998663068
1548339920.218810 -0.025407586 0.003089717 0.016840359 0.041614972 0.030001394 -0.013046898 0.998597980
1548339920.252330 -0.031143870 0.003520168 0.017115314 0.041540708 0.032424822 -0.012934030 0.998526752
1548339920.285820 -0.024702758 0.000315054 0.018224942 0.041240856 0.032153629 -0.012845372 0.998549104
1548339920.319280 -0.021081122 -0.003156292 0.016966790 0.040964279 0.032851007 -0.013871568 0.998524070
1548339920.352770 -0.017678548 0.009374009 0.019982912 0.043255705 0.035206463 -0.014106565 0.998343825
1548339920.386150 -0.027938742 -0.016037546 0.023007751 0.039764918 0.038260404 -0.013306023 0.998387635
1548339920.419660 -0.012128758 0.001470641 0.021839941 0.043090533 0.037197433 -0.013074875 0.998292863
1548339920.453180 -0.016400434 0.004770768 0.021168623 0.043976642 0.040317729 -0.013628352 0.998125613
1548339920.486670 -0.017540978 0.007328435 0.024117846 0.044630025 0.042542059 -0.012483357 0.998019278
1548339920.520180 -0.018726021 0.000323356 0.022782348 0.043560877 0.043798760 -0.012951462 0.998006165
1548339920.553620 -0.014745507 0.003406045 0.021804404 0.043865122 0.045262903 -0.014082889 0.997912228
1548339920.587120 -0.015121110 0.009990525 0.027094956 0.044295896 0.047917478 -0.014267157 0.997766614
1548339920.620630 -0.010871657 0.002738707 0.023426961 0.042881045 0.048267331 -0.013565642 0.997821331
1548339920.654150 -0.015466254 0.006548207 0.025518805 0.043093320 0.050250735 -0.014093705 0.997706950
1548339920.687670 -0.015869070 0.003373428 0.023820419 0.042454652 0.051618628 -0.012786279 0.997682154
1548339920.721180 -0.019299591 0.008228100 0.027583620 0.042956308 0.053223196 -0.012290805 0.997582555
1548339920.754700 -0.017516518 0.007909510 0.028486742 0.042696219 0.054269746 -0.011628429 0.997545302
1548339920.788200 -0.014416275 0.007763193 0.029716352 0.042476531 0.054830376 -0.010870390 0.997532547
1548339920.821660 -0.018450253 0.005727652 0.030040860 0.041926127 0.056614161 -0.010346951 0.997461796
1548339920.855070 -0.011287703 -0.003076431 0.028751854 0.040552828 0.056552771 -0.010036688 0.997525215
1548339920.888590 -0.004738505 0.005088009 0.030938873 0.042046998 0.056680080 -0.009384522 0.997462451
1548339920.922100 -0.008240905 0.000742054 0.031056128 0.041743938 0.057970978 -0.008706429 0.997407138
1548339920.955620 -0.008922224 -0.008906275 0.029171145 0.040683363 0.058709849 -0.008352431 0.997410774
1548339920.989140 -0.014271690 -0.001653768 0.031608302 0.042497881 0.060104221 -0.008417364 0.997251511
1548339921.022650 -0.005972780 -0.002207987 0.031525943 0.043047871 0.059312802 -0.008366740 0.997275710
1548339921.056170 -0.006046711 -0.000971677 0.030558057 0.043820795 0.059825204 -0.008567438 0.997209728
1548339921.089680 -0.008486580 -0.001418988 0.032301273 0.044232592 0.060351003 -0.008610773 0.997159481
1548339921.123210 -0.012822938 -0.001309257 0.029763233 0.044640306 0.060880210 -0.009662115 0.997099519
1548339921.156730 -0.008735782 0.002628459 0.029169519 0.045345202 0.060722511 -0.010370930 0.997070193
1548339921.190250 -0.011859444 0.004634574 0.029475207 0.045593973 0.061893266 -0.010622988 0.996984243
1548339921.223780 -0.007206085 0.005891308 0.029213417 0.045751516 0.061663419 -0.010788947 0.996989489
1548339921.257330 -0.006021167 0.007104550 0.029215537 0.045630634 0.063018322 -0.010212131 0.996916354
1548339921.290850 -0.014502121 0.005583209 0.030418308 0.044846162 0.065153308 -0.008212547 0.996833205
1548339921.324370 -0.009234619 0.000895264 0.028385412 0.043455869 0.064134084 -0.006648515 0.996972501
1548339921.357880 -0.008654168 0.013083266 0.027215004 0.044309419 0.064358264 -0.005770467 0.996925950
1548339921.391400 -0.007419834 0.009578384 0.029890416 0.042224124 0.064626724 -0.003800621 0.997008562
1548339921.424920 -0.010913118 0.010665745 0.028696487 0.041000213 0.065153129 -0.002947390 0.997028291
1548339921.458430 -0.004146197 0.010341974 0.028643757 0.039599035 0.064784594 -0.001569708 0.997112036
1548339921.492360 -0.002178891 0.003142111 0.030224957 0.037056208 0.065100625 -0.000885411 0.997190058
1548339921.525880 -0.001738684 0.004264608 0.031855270 0.035934702 0.065144300 -0.000709086 0.997228384
1548339921.559390 -0.001918582 0.003534232 0.030571800 0.034895476 0.064635240 -0.001007241 0.997298121
1548339921.592910 -0.007547294 0.005288744 0.033885237 0.034258153 0.064873606 -0.002434208 0.997302294
1548339921.626430 -0.001596321 0.007504852 0.033583339 0.033873327 0.063091107 -0.003900078 0.997425139
1548339921.659940 -0.002515421 0.009690005 0.033047754 0.033805925 0.062553264 -0.005790183 0.997452140
1548339921.693170 -0.004701982 0.000288664 0.034139927 0.032558709 0.062274680 -0.007433982 0.997500122
1548339921.726620 -0.004988487 -0.003859795 0.031395286 0.032711010 0.061968032 -0.007707839 0.997512162
1548339921.760140 -0.005238270 -0.003021889 0.033136051 0.034212470 0.061915264 -0.007297606 0.997468174
1548339921.793650 -0.005011017 0.003891899 0.032498557 0.037040424 0.061291043 -0.005917207 0.997414887
1548339921.827170 -0.004589715 0.001996881 0.030119266 0.038629118 0.061135314 -0.005033408 0.997368991
1548339921.860680 -0.007375482 -0.002191825 0.029177068 0.039654188 0.062256794 -0.003853352 0.997264624
1548339921.894260 -0.003249958 0.002936428 0.027725900 0.041801270 0.061860498 -0.002535335 0.997205853
1548339921.927780 -0.002638445 -0.004095171 0.027726447 0.041648250 0.062129036 -0.002362507 0.997195959
1548339921.961230 -0.000108704 -0.004608932 0.025931539 0.042471617 0.061818019 -0.001904091 0.997181594
1548339921.994730 0.000452287 0.002636011 0.024891989 0.044332363 0.061359692 -0.002780432 0.997126818
1548339922.028240 -0.004181186 -0.004398556 0.024020784 0.043891713 0.061922625 -0.003314642 0.997109890
1548339922.061760 -0.006063968 0.003094319 0.024117617 0.045882266 0.062096749 -0.003088995 0.997010171
1548339922.095360 -0.000849905 0.002395543 0.023914818 0.046204109 0.061022770 -0.003052528 0.997061729
1548339922.128960 -0.002263995 0.000043798 0.023151314 0.046025276 0.061163221 -0.003292893 0.997060597
1548339922.162540 -0.004858333 0.003751845 0.024261076 0.046765726 0.061376855 -0.003561924 0.997012138
1548339922.196060 -0.002687715 0.008826992 0.021395233 0.047116231 0.061141510 -0.004188635 0.997007608
1548339922.229580 -0.009129643 0.010309946 0.019583168 0.046618924 0.062631667 -0.004202551 0.996938467
