1548339348.693900 0.000000000 0.000000000 0.000000000 0.000000000 0.000000000 0.000000000 1.000000000
1548339348.727420 -0.001369143 0.001605900 -0.001261973 -0.000410169 0.003883092 0.000925145 0.999991953
1548339348.760930 -0.002030294 -0.002023773 -0.002745497 -0.002027200 0.006121988 0.003457604 0.999973238
1548339348.794440 -0.004178555 -0.005025630 -0.004964594 -0.003068096 0.006102489 0.004963085 0.999964356
1548339348.827890 -0.003974644 0.003343808 -0.005780511 -0.000919320 0.006260683 0.003637136 0.999973357
1548339348.860140 -0.004195671 0.002028174 -0.007218837 -0.001533538 0.008623545 0.005679531 0.999945521
1548339348.893650 -0.005200319 0.000462699 -0.008010275 -0.002011544 0.009300075 0.006398905 0.999934256
1548339348.927170 -0.004183513 0.005980181 -0.008463934 -0.000485608 0.010651229 0.005824821 0.999926209
1548339348.960460 -0.005676278 0.007856539 -0.010543312 -0.000085695 0.014463704 0.005433908 0.999880612
1548339348.993200 -0.008952803 0.006045655 -0.012697989 -0.001028355 0.017839538 0.006259006 0.999820769
1548339349.026490 -0.010449708 0.004617823 -0.014403994 -0.001771964 0.018736701 0.005843259 0.999805808
1548339349.060000 -0.011899106 0.006068351 -0.015553822 -0.001934452 0.019772157 0.003736817 0.999795675
1548339349.093750 -0.013602301 0.010459146 -0.017914169 -0.001773222 0.022645205 0.001516177 0.999740839
1548339349.127520 -0.014218760 0.007765551 -0.017301664 -0.003622950 0.025339913 0.001392244 0.999671340
1548339349.161070 -0.014850395 0.009154922 -0.017630314 -0.004137002 0.026816288 0.000098865 0.999631822
1548339349.194560 -0.015828865 0.009590066 -0.018608831 -0.004421433 0.028795898 0.000463101 0.999575436
1548339349.228070 -0.017525746 0.009418666 -0.019056341 -0.004343472 0.029664414 0.000927297 0.999550045
1548339349.261620 -0.014425422 0.012976961 -0.019380366 -0.002579252 0.029858712 0.001266008 0.999549985
1548339349.295140 -0.014436756 0.014914078 -0.020875432 -0.001146539 0.032190789 0.002944072 0.999476731
1548339349.328670 -0.017986499 0.011323516 -0.024345705 -0.001641583 0.033635538 0.006117206 0.999414086
1548339349.362190 -0.016271072 0.015797650 -0.025244651 -0.000076324 0.033431675 0.006326630 0.999421000
1548339349.395710 -0.018740356 0.018203817 -0.026477097 -0.000069327 0.036337793 0.008247468 0.999305546
1548339349.429220 -0.018011967 0.019140394 -0.026554184 -0.000946797 0.038054138 0.011214454 0.999212325
1548339349.462910 -0.017930390 0.023175046 -0.025548263 -0.000953147 0.040127281 0.012642676 0.999114156
1548339349.496470 -0.015819438 0.021641588 -0.023032155 -0.002524094 0.042200673 0.015611822 0.998983979
1548339349.530230 -0.017367078 0.022717521 -0.023838891 -0.003017828 0.045067273 0.017173614 0.998831749
1548339349.563760 -0.013795080 0.028458066 -0.022362908 -0.002568075 0.046788257 0.019014163 0.998720527
1548339349.597370 -0.014745151 0.028430866 -0.022158427 -0.004041476 0.049930122 0.021878384 0.998504877
1548339349.630960 -0.013195486 0.030373806 -0.022010544 -0.004905590 0.051555689 0.023991499 0.998369813
1548339349.664470 -0.013489539 0.031287529 -0.022364544 -0.005963454 0.054332100 0.027065473 0.998138249
1548339349.697990 -0.012678910 0.032303486 -0.023013901 -0.007203203 0.055987675 0.029880662 0.997958243
1548339349.731510 -0.013336883 0.036097605 -0.023750495 -0.008728369 0.057261039 0.032186482 0.997802079
1548339349.765020 -0.013606609 0.038181737 -0.023618177 -0.011435425 0.057950784 0.033927910 0.997677207
1548339349.798540 -0.014617682 0.042412896 -0.022394493 -0.014434149 0.058071882 0.034904938 0.997597575
1548339349.832060 -0.017083183 0.049334206 -0.021112485 -0.017358836 0.059574101 0.034609001 0.997472703
1548339349.865590 -0.016665563 0.053214751 -0.017536625 -0.021301167 0.060837124 0.034917478 0.997309327
1548339349.899180 -0.016420217 0.053369336 -0.014224744 -0.026342578 0.063136674 0.035404876 0.997028768
1548339349.932620 -0.018376006 0.051803850 -0.012529153 -0.031057907 0.062396653 0.036276899 0.996908247
1548339349.966370 -0.016848825 0.062806219 -0.007974275 -0.031417292 0.062245522 0.033658478 0.996998250
1548339349.999880 -0.015340053 0.065127358 -0.004516842 -0.033855591 0.064633526 0.033847857 0.996760070
1548339350.033400 -0.016540481 0.066923618 -0.001847477 -0.035987433 0.066413641 0.034448721 0.996547759
1548339350.066670 -0.016741944 0.066228256 0.000412890 -0.038401354 0.067389958 0.033981685 0.996408105
1548339350.100120 -0.015954411 0.070194386 0.002770344 -0.039105751 0.067826279 0.034193955 0.996343851
1548339350.133630 -0.015835207 0.073749490 0.004259975 -0.039331950 0.067619056 0.033437818 0.996374726
1548339350.167150 -0.012511875 0.080121711 0.003635514 -0.038447630 0.069989890 0.032309946 0.996282697
1548339350.200670 -0.010620560 0.080583543 0.003674775 -0.040058311 0.073408671 0.034220494 0.995909393
1548339350.234180 -0.007261058 0.083554499 0.006812327 -0.041387234 0.075740591 0.035463002 0.995636880
1548339350.267700 -0.005983207 0.089909151 0.005797405 -0.042103972 0.080308966 0.036464915 0.995212555
1548339350.301180 -0.005465905 0.090786800 0.008447649 -0.045345329 0.084165052 0.038998161 0.994655311
1548339350.334700 -0.003588674 0.093758330 0.011014478 -0.048233431 0.087385528 0.038928635 0.994244397
1548339350.368040 -0.000600376 0.094889514 0.010925478 -0.051504802 0.091522515 0.041109033 0.993620098
1548339350.401510 0.001216014 0.098607033 0.011819425 -0.053834226 0.094667546 0.042352300 0.993149638
1548339350.435020 0.002191606 0.099079639 0.012575894 -0.056910150 0.097706765 0.043313280 0.992642224
1548339350.468540 0.005984145 0.104566209 0.015126684 -0.058506437 0.102143139 0.043512143 0.992093980
1548339350.502060 0.005399030 0.100304745 0.015353424 -0.062316865 0.106484026 0.046095408 0.991288543
1548339350.535570 0.008188113 0.105952360 0.016650189 -0.063077539 0.108976498 0.046066228 0.990970850
1548339350.569070 0.007962396 0.106327645 0.015730383 -0.064680584 0.113310523 0.046458181 0.990362942
1548339350.602590 0.011488104 0.105184697 0.017789062 -0.066488273 0.117620774 0.047150999 0.989707768
1548339350.636090 0.012118782 0.099273622 0.017466895 -0.068661794 0.122222319 0.049246497 0.988899410
1548339350.669620 0.011029092 0.091869794 0.019514304 -0.069986708 0.124896042 0.050880231 0.988389611
1548339350.703130 0.013322277 0.087833233 0.016521303 -0.069216631 0.126847416 0.051766414 0.988149285
1548339350.736670 0.019113880 0.088374875 0.017086921 -0.066950001 0.127390757 0.054015607 0.988115191
1548339350.770170 0.021806855 0.084523723 0.016275883 -0.064738832 0.128324300 0.053843819 0.988151133
1548339350.803680 0.022692092 0.079905108 0.013684302 -0.061506528 0.130931526 0.055572927 0.987919807
1548339350.837200 0.025762893 0.073430270 0.013214326 -0.058680765 0.130672872 0.056625217 0.988066196
1548339350.870710 0.026317552 0.068150744 0.010081078 -0.055230040 0.130659789 0.056655008 0.988265097
1548339350.904200 0.027520597 0.063428514 0.005659490 -0.051962875 0.130619317 0.055767640 0.988498092
1548339350.937700 0.029176580 0.057905637 0.001800705 -0.049518827 0.129795685 0.055720635 0.988734663
1548339350.971220 0.029806815 0.054457750 -0.002212904 -0.047465391 0.129119501 0.052669935 0.989091039
1548339351.004700 0.030731348 0.051606160 -0.004512396 -0.045248590 0.130315036 0.050697856 0.989141166
1548339351.038250 0.034646310 0.045161664 -0.006968794 -0.043974627 0.130360350 0.050757673 0.989189625
1548339351.071810 0.038630754 0.040619351 -0.011136540 -0.042131182 0.129324809 0.050288744 0.989429712
1548339351.105280 0.044394180 0.040242340 -0.015076602 -0.038659405 0.129349068 0.049629081 0.989601552
1548339351.138830 0.049337812 0.034268305 -0.021257538 -0.036468487 0.131802425 0.050281443 0.989328027
1548339351.172320 0.060423717 0.031525251 -0.021076603 -0.033526018 0.133022994 0.054018572 0.989071727
1548339351.205830 0.075792827 0.023412257 -0.030257506 -0.031659227 0.134030014 0.056796789 0.988841653
1548339351.239350 0.091567591 0.014341253 -0.042348839 -0.030536627 0.143194631 0.060474847 0.987373054
1548339351.272860 0.091844343 0.016773801 -0.035107866 -0.026312586 0.154649854 0.066436648 0.985381782
1548339351.306380 0.101470344 0.009798528 -0.041426551 -0.024918908 0.157660678 0.068653241 0.984788775
1548339351.339900 0.113426164 0.008590284 -0.045841560 -0.022227710 0.162804753 0.070940532 0.983853638
1548339351.373420 0.124206126 0.004552060 -0.051300161 -0.020815009 0.169426709 0.073131830 0.982605278
1548339351.406930 0.137122795 -0.003715841 -0.061322298 -0.020669440 0.177145869 0.072768271 0.981273115
1548339351.440450 0.142399266 -0.003484523 -0.061063122 -0.017853184 0.187794045 0.076438837 0.979066789
1548339351.473960 0.155020908 -0.005981275 -0.064510189 -0.015520805 0.193437710 0.078631617 0.977833331
1548339351.507470 0.159228116 -0.009334684 -0.065941736 -0.012801818 0.201108798 0.080328256 0.976185799
1548339351.540990 0.167182773 -0.014523372 -0.068299212 -0.010817915 0.205594763 0.080205150 0.975285053
1548339351.574510 0.172064647 -0.014515693 -0.078349605 -0.005914733 0.212715521 0.083953008 0.973482907
1548339351.608020 0.178132012 -0.016537705 -0.077097587 -0.002486004 0.217776060 0.085108027 0.972277761
1548339351.641520 0.190692753 -0.024559483 -0.085363291 -0.000619092 0.223187909 0.085925892 0.970980704
1548339351.675030 0.200204700 -0.033264581 -0.092570260 0.000325213 0.229671806 0.086808182 0.969389021
1548339351.708550 0.197378844 -0.034381744 -0.096935138 0.003435638 0.238080755 0.088421814 0.967205942
1548339351.742060 0.205040529 -0.038937625 -0.099173851 0.004988190 0.244953826 0.091759630 0.965169907
1548339351.775550 0.213725552 -0.040714771 -0.102462009 0.006890414 0.249249548 0.094602391 0.963782966
1548339351.809050 0.224772200 -0.046235759 -0.116549790 0.007862863 0.252516866 0.096791193 0.962707043
1548339351.842560 0.231241226 -0.048661385 -0.122647144 0.008480103 0.258189410 0.098842405 0.960987270
1548339351.875990 0.240699232 -0.048371930 -0.122327775 0.010229993 0.264189452 0.103114448 0.958888233
1548339351.909510 0.245841488 -0.053236302 -0.129063562 0.010193616 0.269931316 0.105289437 0.957051337
1548339351.943030 0.247807220 -0.057735551 -0.131729901 0.008934557 0.277665675 0.107127003 0.954644322
1548339351.976590 0.249104112 -0.056759864 -0.129145131 0.009230666 0.285846442 0.111145124 0.951763272
1548339352.010110 0.246052906 -0.060573269 -0.126203895 0.007329421 0.292228103 0.112449303 0.949686348
1548339352.043630 0.249130413 -0.058569312 -0.130737677 0.007156679 0.296757728 0.114865661 0.947992325
1548339352.077080 0.259665728 -0.062385570 -0.128382251 0.006566391 0.298711091 0.119361654 0.946826994
1548339352.110640 0.261556536 -0.066404194 -0.135308892 0.005963126 0.299472928 0.120868661 0.946399093
1548339352.144170 0.283052057 -0.070902631 -0.154221207 0.004925872 0.299464226 0.125076979 0.945860803
1548339352.177740 0.277508289 -0.074822053 -0.143624187 0.003101391 0.307707012 0.123925373 0.943371236
1548339352.211210 0.289722949 -0.080670692 -0.153637618 0.001873326 0.310240209 0.125720218 0.942306697
1548339352.244720 0.290180743 -0.074984856 -0.147050649 0.002676452 0.318763793 0.124729596 0.939587712
1548339352.278220 0.291753471 -0.078300826 -0.145992681 0.002733506 0.325403720 0.124398969 0.937352598
1548339352.311740 0.299455374 -0.081770740 -0.153041855 0.003432200 0.329251975 0.125065729 0.935916603
1548339352.345250 0.306640238 -0.085167758 -0.165894419 0.003616083 0.332447916 0.124174930 0.934904218
1548339352.378790 0.312996507 -0.073323995 -0.176403701 0.006016745 0.338147938 0.124144807 0.932849348
1548339352.412290 0.313100219 -0.074912891 -0.175217688 0.005743789 0.346102864 0.125724211 0.929716766
1548339352.445700 0.311873615 -0.076648071 -0.172864631 0.004406064 0.352283448 0.125054628 0.927490354
1548339352.479220 0.310666949 -0.082278192 -0.180592462 0.001138355 0.358023196 0.123929374 0.925451040
1548339352.512670 0.313049525 -0.065466523 -0.178202137 0.002586127 0.363380641 0.124891125 0.923228085
1548339352.546190 0.322869599 -0.067886002 -0.192125708 -0.000729878 0.364991426 0.125353441 0.922533035
1548339352.579720 0.329124719 -0.065340661 -0.195362911 -0.004190556 0.368491590 0.124687448 0.921221673
1548339352.613220 0.347993046 -0.051433485 -0.219309717 -0.005532259 0.369757473 0.124756649 0.920697868
1548339352.646720 0.327969193 -0.059417441 -0.195967436 -0.009551932 0.381354421 0.126023144 0.915748715
1548339352.680240 0.328202873 -0.051295698 -0.191631675 -0.010591429 0.383042127 0.125491023 0.915105760
1548339352.713700 0.334848851 -0.050289173 -0.199094594 -0.013630100 0.383653045 0.124632500 0.914926946
1548339352.747220 0.327275157 -0.050207671 -0.195131436 -0.015570384 0.388489008 0.126796663 0.912554920
1548339352.780780 0.327479959 -0.048884410 -0.191486135 -0.017357253 0.388978392 0.127620548 0.912199259
1548339352.814300 0.338952214 -0.042157747 -0.199292600 -0.018680839 0.388847917 0.128222331 0.912144363
1548339352.847760 0.339140505 -0.040349308 -0.203118980 -0.020436626 0.392919034 0.130947158 0.909972429
1548339352.881280 0.337137640 -0.035335831 -0.194397599 -0.021945391 0.396543354 0.131994769 0.908212066
1548339352.914800 0.345489144 -0.026216580 -0.199358732 -0.022924224 0.398411483 0.132607087 0.907280624
1548339352.948310 0.345301777 -0.028585646 -0.202653199 -0.024896223 0.403237045 0.135885984 0.904607713
1548339352.981730 0.344439089 -0.036284529 -0.197300613 -0.028089795 0.408819616 0.138054997 0.901675284
1548339353.015250 0.355002433 -0.038441248 -0.205294609 -0.030057946 0.413562924 0.141620889 0.898891389
1548339353.048770 0.349782139 -0.028074089 -0.198234871 -0.029389091 0.423252195 0.142977774 0.894176304
1548339353.082280 0.345950067 -0.020734267 -0.199532658 -0.028262163 0.429111034 0.143492177 0.891333222
1548339353.115800 0.340076894 -0.029407658 -0.190596461 -0.029798739 0.440034509 0.144872665 0.885716438
1548339353.149310 0.345213324 -0.015508964 -0.191754520 -0.027232783 0.447074413 0.144219875 0.882373810
1548339353.182820 0.342676312 -0.029728238 -0.196519479 -0.028744817 0.452622443 0.145127550 0.879343271
1548339353.216330 0.347133130 -0.018807190 -0.203971252 -0.026356475 0.459245771 0.144107103 0.876146019
1548339353.249850 0.346016586 -0.031353649 -0.208907053 -0.026790116 0.467867553 0.146585673 0.871145725
1548339353.283350 0.342296690 -0.017995743 -0.195041046 -0.022611771 0.477019608 0.146109492 0.866367698
1548339353.316860 0.346130967 -0.034763794 -0.202154487 -0.023602674 0.481808335 0.148539990 0.863272548
1548339353.350380 0.348551720 -0.035222288 -0.212747842 -0.022305246 0.485560179 0.149894834 0.860967696
1548339353.383890 0.350429326 -0.024842020 -0.220559657 -0.019365111 0.488183528 0.151312158 0.859305799
1548339353.417410 0.350294232 -0.021440065 -0.214744702 -0.017419260 0.493382812 0.153912142 0.855909467
1548339353.450940 0.344729543 -0.028753845 -0.215031415 -0.017876342 0.497759223 0.155951813 0.852991939
1548339353.484460 0.348350406 -0.028039569 -0.222008586 -0.017160840 0.500818372 0.158671945 0.850711286
1548339353.517970 0.344524980 -0.022370849 -0.212807491 -0.014465353 0.505848587 0.162312061 0.847090781
1548339353.551490 0.367504209 -0.020304143 -0.242176265 -0.013074692 0.502799571 0.165405244 0.848329365
1548339353.585020 0.372568905 -0.010212089 -0.263036877 -0.010431720 0.504325807 0.167723447 0.847003818
1548339353.618500 0.397163689 -0.000539012 -0.286934555 -0.007658078 0.502583683 0.172333151 0.847143650
1548339353.652020 0.380555868 -0.031864725 -0.263912231 -0.011891777 0.510822773 0.173078522 0.841999114
1548339353.685540 0.387503147 -0.027666096 -0.274585158 -0.010833327 0.513775945 0.173996478 0.840025067
1548339353.719080 0.388772994 -0.024268596 -0.273015857 -0.009345175 0.518918395 0.175221726 0.836620390
1548339353.752690 0.389506936 -0.024626954 -0.278602391 -0.008006731 0.523007452 0.177245662 0.833656490
1548339353.786230 0.393226355 -0.035719544 -0.278112441 -0.008808539 0.526398122 0.178534493 0.831235707
1548339353.819760 0.395212442 -0.026217334 -0.282548249 -0.006085396 0.529314578 0.178934515 0.829319894
1548339353.853330 0.388950795 -0.036811221 -0.280224264 -0.007192648 0.534044802 0.178704768 0.826322556
1548339353.886860 0.391790718 -0.036679909 -0.283833355 -0.006336742 0.537986159 0.179516077 0.823592544
1548339353.920370 0.392463595 -0.030855395 -0.290002882 -0.003431688 0.541767240 0.182390809 0.820493817
1548339353.953910 0.390565515 -0.041873101 -0.297513664 -0.003859571 0.544629335 0.184943900 0.818021834
1548339353.987430 0.402195424 -0.028122278 -0.312455386 -0.001344907 0.545886040 0.184529215 0.817285538
1548339354.020910 0.388540685 -0.037025437 -0.290877283 -0.001869547 0.555592835 0.184183210 0.810795724
1548339354.054430 0.386564165 -0.055075608 -0.300034225 -0.004483395 0.560127735 0.186480775 0.807131827
1548339354.087950 0.390119821 -0.050455675 -0.308481425 -0.004538573 0.564247429 0.185363397 0.804515123
1548339354.121480 0.391258031 -0.037326433 -0.311961085 -0.000980309 0.568893015 0.190246627 0.800103724
1548339354.155000 0.390232146 -0.045031302 -0.313741028 -0.002151732 0.572717309 0.192939594 0.796721101
1548339354.188520 0.388060480 -0.052846354 -0.330058873 -0.003898095 0.575013340 0.195039749 0.794546366
1548339354.222030 0.400178373 -0.019689815 -0.344076097 0.000797074 0.574283779 0.197939143 0.794366121
1548339354.255550 0.384536088 -0.031303816 -0.338445783 -0.004625551 0.579742312 0.193339735 0.791515768
1548339354.289040 0.373004854 -0.026530560 -0.346151471 -0.006162541 0.584035933 0.195591018 0.787786841
1548339354.322540 0.360810220 -0.027523359 -0.349100202 -0.010042571 0.588625431 0.195459247 0.784356356
1548339354.355940 0.378121495 0.003695866 -0.355140746 -0.006199234 0.589359164 0.202661008 0.782013953
1548339354.389430 0.385435641 0.012176343 -0.373135567 -0.007022104 0.589589655 0.207491875 0.780565143
1548339354.422840 0.394702107 0.023778602 -0.386453390 -0.006433919 0.589557946 0.211488858 0.779520750
1548339354.456360 0.395870090 0.027677719 -0.403304189 -0.006979753 0.590439200 0.211754233 0.778776586
1548339354.489910 0.405865818 0.046926927 -0.420527369 -0.004362305 0.591230094 0.212667868 0.777946234
1548339354.523500 0.408198893 0.056204312 -0.442774385 -0.002417500 0.589574277 0.211176977 0.779615700
1548339354.556940 0.398310244 0.065617077 -0.458807021 0.000120874 0.591959119 0.212476194 0.777456224
1548339354.590460 0.367218614 0.037313461 -0.405051649 -0.010741610 0.624507546 0.217600182 0.750016749
1548339354.623970 0.366807580 0.057057846 -0.406156212 -0.007887122 0.630888879 0.209972948 0.746879101
1548339354.657560 0.371381640 0.064008035 -0.412118852 -0.009020415 0.634912670 0.209981531 0.743446171
1548339354.691080 0.372915298 0.055469990 -0.414997905 -0.016473172 0.640166342 0.214581043 0.737475872
1548339354.724590 0.385347515 0.072236426 -0.447001368 -0.013961695 0.632475555 0.215222254 0.743948340
1548339354.758110 0.398361892 0.106240340 -0.453869760 -0.009326550 0.636281013 0.206495568 0.743248999
1548339354.791550 0.374565125 0.082578361 -0.439748645 -0.030092679 0.655065715 0.195699811 0.729167283
1548339354.825050 0.361899555 0.090010308 -0.444044709 -0.031194031 0.662903666 0.194131285 0.722425520
1548339354.858510 0.361899406 0.118240811 -0.422346711 -0.014619281 0.672426820 0.205166414 0.711009979
1548339354.892030 0.397795022 0.094166227 -0.475437403 -0.017950768 0.653558314 0.235160530 0.719193101
1548339354.925600 0.402599424 0.106071815 -0.488543302 -0.014646643 0.653376281 0.241003469 0.717497170
1548339354.959110 0.397968680 0.118569650 -0.493036151 -0.014740519 0.657640278 0.238417357 0.714457214
1548339354.992630 0.400611222 0.120265715 -0.485380918 -0.018962234 0.666917801 0.242042869 0.704468787
1548339355.026030 0.400810570 0.119607851 -0.468763620 -0.021459663 0.678538203 0.248504594 0.690920293
1548339355.059530 0.398276567 0.130052075 -0.461008579 -0.024897022 0.685649395 0.244991973 0.685013771
1548339355.093040 0.395236045 0.145705163 -0.469542950 -0.026493136 0.687770963 0.243945867 0.683198094
1548339355.126560 0.406468183 0.145203829 -0.500098109 -0.041209072 0.683484375 0.241423726 0.687652171
1548339355.160080 0.409232497 0.159512043 -0.510714948 -0.043132920 0.681686163 0.240879774 0.689507425
1548339355.193700 0.406932414 0.162648648 -0.493877351 -0.046679690 0.693851352 0.242607832 0.676411688
1548339355.227240 0.411431551 0.163302392 -0.489737123 -0.048092410 0.698994875 0.248032242 0.669009268
1548339355.260990 0.413377881 0.170301437 -0.491741300 -0.048083272 0.702106237 0.248710811 0.665490687
1548339355.294730 0.418857217 0.164458498 -0.487599939 -0.050303809 0.708888531 0.253997594 0.656073034
1548339355.328240 0.426478297 0.164538890 -0.499547362 -0.049196616 0.708774388 0.260331929 0.653793454
1548339355.361760 0.425638020 0.165982023 -0.501696408 -0.046120711 0.713307977 0.261955768 0.648416400
1548339355.395280 0.426729262 0.166932955 -0.505799174 -0.043349702 0.718579173 0.265990525 0.641103625
1548339355.428570 0.423616737 0.150430381 -0.492091626 -0.047704041 0.728632331 0.267385215 0.628748238
1548339355.461970 0.429968148 0.107393473 -0.346479356 -0.065232933 0.778473616 0.263356745 0.566009521
1548339355.495480 0.434937388 0.103620932 -0.351208746 -0.067565896 0.784845591 0.266911983 0.555166900
1548339355.529000 0.435729384 0.100687459 -0.370767295 -0.066958427 0.784268916 0.272624940 0.553276122
1548339355.562510 0.434545279 0.105512187 -0.370445698 -0.065815665 0.790949762 0.270782709 0.544741809
1548339355.596140 0.429146409 0.109494984 -0.371546924 -0.063381627 0.797725379 0.269724518 0.535598457
1548339355.629650 0.423095316 0.112618677 -0.392623484 -0.060317907 0.796536922 0.273542315 0.535784841
1548339355.663060 0.424323529 0.107933842 -0.401755601 -0.063568555 0.797886729 0.277985692 0.531093061
1548339355.696570 0.409068435 0.125610799 -0.410208732 -0.059083551 0.799822330 0.269529700 0.533054590
1548339355.730080 0.401654959 0.130539820 -0.412481815 -0.059222084 0.803002357 0.269292057 0.528357625
1548339355.763600 0.385915399 0.142311841 -0.420133233 -0.057649780 0.804090142 0.264620841 0.529236555
1548339355.797120 0.395317256 0.123006590 -0.417369336 -0.068565585 0.807612717 0.278253824 0.515398145
1548339355.830630 0.403268158 0.112985596 -0.424302220 -0.074844450 0.809135795 0.289601326 0.505795062
1548339355.864150 0.399754316 0.108939625 -0.433412433 -0.076391749 0.809773564 0.297129482 0.500145137
1548339355.897670 0.359236300 0.152209058 -0.438273787 -0.057392228 0.811360538 0.277129412 0.511467993
1548339355.931070 0.360972583 0.141685605 -0.443520814 -0.064087525 0.811596632 0.285985351 0.505386949
1548339355.964590 0.349407494 0.150742680 -0.452137887 -0.059677925 0.812660992 0.285100251 0.504716218
1548339355.998100 0.349918783 0.137966082 -0.456653774 -0.066380806 0.813524425 0.289831579 0.499769241
1548339356.031620 0.333194256 0.154007509 -0.464237243 -0.058379594 0.814914107 0.286914736 0.500186801
1548339356.065150 0.323854715 0.150109872 -0.486992180 -0.057753198 0.811282516 0.293684155 0.502229691
1548339356.098650 0.316931188 0.148029909 -0.473395079 -0.058554854 0.817978621 0.292089641 0.492103577
1548339356.132170 0.304780364 0.156714499 -0.483499616 -0.057124022 0.818119407 0.287610620 0.494669199
1548339356.165690 0.283129066 0.170960158 -0.469297469 -0.052045036 0.825316906 0.275842696 0.489953250
1548339356.199220 0.277966231 0.163200721 -0.474592626 -0.055092592 0.825503349 0.278556019 0.487765908
1548339356.232750 0.281962126 0.149398372 -0.472786039 -0.060591307 0.827855706 0.284963876 0.479352921
1548339356.266260 0.265729517 0.162446037 -0.472045690 -0.055133417 0.830854297 0.280024081 0.477732122
1548339356.299780 0.254731774 0.165820166 -0.472721577 -0.053941265 0.832932234 0.278710753 0.475010037
1548339356.333310 0.244535759 0.165700421 -0.479717314 -0.053407110 0.833455324 0.282881856 0.471675426
1548339356.366870 0.237623170 0.171695903 -0.471229076 -0.051713541 0.838476956 0.280809879 0.464142174
1548339356.400400 0.231062829 0.172422647 -0.471192330 -0.052944899 0.841181517 0.282188594 0.458235830
1548339356.433930 0.225039855 0.173192888 -0.466708839 -0.053149499 0.844787776 0.283218473 0.450883627
1548339356.467470 0.216630951 0.175205842 -0.465984166 -0.052130513 0.846970677 0.284117997 0.446318388
1548339356.501010 0.202764675 0.190556735 -0.451895922 -0.045207180 0.852225184 0.277376980 0.441282928
1548339356.534530 0.197107002 0.186163664 -0.449925393 -0.044763334 0.853610337 0.280357182 0.436744183
1548339356.568040 0.191561952 0.185014516 -0.442581981 -0.042113148 0.855904043 0.281316400 0.431874782
1548339356.601560 0.195526451 0.180045784 -0.428135008 -0.043367725 0.860125840 0.282715619 0.422344208
1548339356.635080 0.187954083 0.183095321 -0.420003027 -0.040725734 0.863299608 0.280838966 0.417354375
1548339356.668590 0.180074215 0.186311349 -0.412739605 -0.038410712 0.866041124 0.278765231 0.413264215
1548339356.702150 0.189636469 0.166291565 -0.409841835 -0.045949690 0.867710114 0.286782116 0.403390408
1548339356.735660 0.188910052 0.159124628 -0.400819153 -0.047194887 0.871143520 0.288825750 0.394285858
1548339356.769140 0.182810485 0.159464747 -0.386203945 -0.044556536 0.875223041 0.286783785 0.386981159
1548339356.802650 0.189660698 0.143854156 -0.384090275 -0.051381804 0.876669228 0.291864067 0.378980726
1548339356.836170 0.194796085 0.133683577 -0.379220039 -0.054282304 0.879486561 0.295287430 0.369272500
1548339356.869730 0.208906814 0.112284169 -0.371786237 -0.061970241 0.882344365 0.302244663 0.355353683
1548339356.903250 0.189078033 0.124626733 -0.368312448 -0.057526991 0.884804785 0.296649933 0.354696959
1548339356.936710 0.168178335 0.147982970 -0.392612517 -0.054303221 0.882687330 0.285728693 0.369152158
1548339356.970150 0.175452515 0.148338452 -0.354789346 -0.062439896 0.891888499 0.269625604 0.357684493
1548339357.003650 0.171987042 0.122053899 -0.352850646 -0.055007346 0.893103957 0.293521792 0.336428910
1548339357.037110 0.168085665 0.119002767 -0.353691280 -0.057069287 0.894332051 0.294232666 0.332175344
1548339357.070620 0.172877133 0.110658944 -0.355093092 -0.063120015 0.896090686 0.297880471 0.322962195
1548339357.104140 0.163672283 0.119703740 -0.346442789 -0.062031433 0.899238706 0.294214338 0.317741781
1548339357.137620 0.159060553 0.123460121 -0.345926166 -0.063147873 0.900902629 0.293001235 0.313906252
1548339357.171130 0.135175407 0.106558599 -0.359473765 -0.057399988 0.899050236 0.298510194 0.315127879
1548339357.204650 0.308024764 0.172895536 -0.325634629 -0.062870242 0.922563136 0.284038305 0.253469646
1548339357.238200 0.170996785 0.113689438 -0.358753115 -0.062817328 0.905995131 0.296076059 0.295915186
1548339357.271720 0.158073038 0.072015606 -0.395681471 -0.055113159 0.901983082 0.310489178 0.294933140
1548339357.305230 0.177178651 0.081950441 -0.369254500 -0.065261237 0.907413006 0.303498656 0.283251017
1548339357.338750 0.145831853 0.131394193 -0.340637892 -0.059158534 0.912011802 0.285016209 0.288964570
1548339357.372270 0.229869828 0.234200820 -0.260927051 -0.060215641 0.932347655 0.249978691 0.254189938
1548339357.405780 0.145657375 0.120730817 -0.348099947 -0.061020598 0.913326442 0.286190212 0.283207357
1548339357.439420 0.129843086 0.130353138 -0.350246310 -0.056222077 0.914497435 0.281260878 0.285352170
1548339357.473060 0.131224632 0.127779961 -0.357829243 -0.057433091 0.915431559 0.281641424 0.281717151
1548339357.507050 0.126775667 0.127427951 -0.360002846 -0.054353859 0.917243898 0.281885266 0.276134104
1548339357.540670 0.132382810 0.117762715 -0.367511779 -0.055678453 0.918045819 0.285762757 0.269131035
1548339357.574180 0.115171283 0.128544778 -0.366131932 -0.049006119 0.920211434 0.281013638 0.268031120
1548339357.607700 0.113635667 0.120947979 -0.377438664 -0.049332093 0.920585930 0.284148932 0.263338715
1548339357.641310 0.110746406 0.126265034 -0.381525338 -0.048016749 0.922596812 0.281401098 0.259466559
1548339357.674840 0.114006087 0.108013518 -0.397210926 -0.054016851 0.921631634 0.287285775 0.255233645
1548339357.708360 0.094879426 0.123983636 -0.397755414 -0.046622381 0.923834443 0.280763209 0.255984932
1548339357.741870 0.107385270 0.112588048 -0.409005761 -0.053122085 0.924120188 0.284448534 0.249537557
1548339357.775390 0.100747071 0.118301816 -0.417664498 -0.050872825 0.925260603 0.282418072 0.248082146
1548339357.808910 0.083621256 0.122127913 -0.424800724 -0.049307942 0.925198257 0.279753119 0.251624942
1548339357.842420 0.091229625 0.106151022 -0.437181145 -0.057992060 0.924342155 0.284301609 0.247792542
1548339357.875830 0.081782952 0.113753639 -0.443764687 -0.055872332 0.925869107 0.281396180 0.245887935
1548339357.909070 0.077696875 0.104164645 -0.453912020 -0.059151478 0.925531566 0.283715606 0.243716910
1548339357.942590 0.254506320 0.134274438 -0.459402323 -0.077654459 0.936669230 0.283101559 0.190981805
1548339357.975930 0.079654098 0.104669221 -0.457328856 -0.058963701 0.928919494 0.280921251 0.233912677
1548339358.009390 0.071062379 0.104408301 -0.466125637 -0.058467746 0.929878592 0.280042022 0.231265634
1548339358.042900 0.058660146 0.102392450 -0.472210556 -0.055319984 0.929810286 0.280405700 0.231873363
1548339358.076410 0.049563341 0.106214419 -0.474239498 -0.054330733 0.930548370 0.277431637 0.232722148
1548339358.109930 0.050235420 0.102729067 -0.473276407 -0.054512374 0.931797743 0.277796686 0.227179199
1548339358.143440 0.045889292 0.095438562 -0.475315064 -0.055914752 0.931966364 0.279387534 0.224176079
1548339358.176960 0.077447750 0.081989467 -0.481889784 -0.065887682 0.932497203 0.283516407 0.213837042
1548339358.210480 0.155488014 0.140694544 -0.474509090 -0.056398742 0.943612278 0.269105554 0.184383526
1548339358.243990 0.174473941 0.142394513 -0.460699171 -0.055069756 0.945847154 0.269378603 0.172556311
1548339358.277510 0.086955272 0.153124705 -0.434842914 -0.033654675 0.942896724 0.265734285 0.197986022
1548339358.310960 0.052756175 0.066406459 -0.479087561 -0.071330570 0.931205809 0.289335370 0.209887534
1548339358.344380 0.444562763 -0.091354012 -0.652637959 -0.081242569 0.915272772 0.386369497 0.079962887
1548339358.377900 0.513111711 0.055180427 -0.427019626 -0.032749213 0.950947404 0.305567503 0.035425987
1548339358.411410 0.555707455 -0.051346947 -0.586158454 -0.096994728 0.922373414 0.369393438 0.058033090
1548339358.444930 0.274550617 -0.252301782 -0.344748884 -0.183097869 0.901216030 0.342875868 0.191627041
1548339358.511930 0.078610078 0.067783810 -0.473527223 -0.084911428 0.931808054 0.302505761 0.181697845
1548339358.545680 0.230518147 -0.343440950 0.100686565 -0.205131188 0.918248177 0.328805864 0.081413805
1548339358.612830 0.082413293 0.069205426 -0.493471473 -0.094622634 0.930273414 0.311500639 0.169130966
1548339358.646500 0.178053364 -0.042931244 -0.568127990 -0.092341058 0.916080177 0.365003020 0.137996495
1548339358.680020 0.122371398 -0.057080463 -0.376080573 -0.079141431 0.927449405 0.340261549 0.133402690
1548339358.713450 0.112544045 0.024163377 -0.382320076 -0.085800178 0.932944834 0.321910709 0.136476189
1548339358.746970 0.482748032 -0.585354447 -0.381485909 -0.192262203 0.860737026 0.465802073 0.072078772
1548339358.780490 0.459394693 -0.586568952 -0.390828073 -0.190905154 0.859405696 0.467583716 0.079640210
1548339358.814020 0.475252956 -0.572170258 -0.385595262 -0.200530380 0.857450545 0.467174441 0.079461351
1548339358.847540 0.468515366 -0.576149404 -0.391993225 -0.200158983 0.856840611 0.468399972 0.079762146
1548339358.881030 0.424681246 -0.570908844 -0.421314448 -0.197588563 0.855229378 0.471126914 0.087068252
1548339358.914530 0.471219331 -0.555809379 -0.392340809 -0.208176211 0.854942560 0.468105376 0.081321731
1548339358.948040 0.463746369 -0.557131469 -0.409147948 -0.205752417 0.854817152 0.469928145 0.078237288
1548339358.981560 0.471497774 -0.552478850 -0.402028471 -0.207823813 0.854902148 0.469219357 0.076057576
1548339359.015100 0.458996356 -0.546953738 -0.412203640 -0.204371497 0.855780602 0.469353139 0.074695900
1548339359.048610 0.440408409 -0.540011466 -0.419781864 -0.198164925 0.857660472 0.468631417 0.074389406
1548339359.082130 0.431221813 -0.537431002 -0.435790986 -0.196944878 0.856745303 0.470616758 0.075630911
1548339359.115650 0.412041754 -0.545070231 -0.437657237 -0.191054463 0.857905388 0.470521510 0.078141101
1548339359.149160 0.475115746 -0.536692977 -0.424424499 -0.200177267 0.856243134 0.470838755 0.071327820
1548339359.182650 0.482412159 -0.524919093 -0.428870380 -0.201846376 0.856579185 0.470048606 0.067708470
1548339359.216130 0.478964597 -0.529585183 -0.433830589 -0.199613199 0.857381523 0.469757676 0.066175334
1548339359.249620 0.463217556 -0.527220309 -0.444648892 -0.196360275 0.858245909 0.469427317 0.067041308
1548339359.283120 0.453939140 -0.519991338 -0.453235567 -0.193287209 0.859541535 0.468218148 0.067824490
1548339359.316640 0.438901484 -0.518249989 -0.466335535 -0.190005645 0.860167503 0.467998624 0.070618466
1548339359.350080 0.426339924 -0.518190384 -0.467212409 -0.187620580 0.861477613 0.466360271 0.071853474
1548339359.383490 0.467905343 -0.508049071 -0.460658461 -0.192378417 0.861855567 0.464470625 0.066801690
1548339359.417000 0.470022231 -0.519233227 -0.467212647 -0.190652370 0.862033486 0.464837164 0.066905782
1548339359.450520 0.469009072 -0.507348239 -0.466749698 -0.190201491 0.863828421 0.462056667 0.064245820
1548339359.484080 0.474141508 -0.508727968 -0.472038329 -0.186042115 0.865452290 0.461104065 0.061349172
1548339359.517590 0.484540671 -0.507709742 -0.481136292 -0.186661869 0.865353107 0.461254776 0.059710424
1548339359.551110 0.482757986 -0.504140854 -0.495997876 -0.184796244 0.866237640 0.460987359 0.054528374
1548339359.584630 0.481727898 -0.504512131 -0.502422333 -0.180100009 0.867727458 0.460298479 0.052329551
1548339359.618210 0.465628773 -0.507037222 -0.513374448 -0.176520869 0.868158221 0.460495025 0.055551864
1548339359.651660 0.457081914 -0.500447273 -0.521660447 -0.174408898 0.869214952 0.459267825 0.055856891
1548339359.685170 0.467935622 -0.496845603 -0.530756593 -0.171147153 0.870217741 0.458855987 0.053674120
1548339359.718690 0.484329313 -0.499057233 -0.530734956 -0.169007644 0.870781898 0.458464056 0.054645032
1548339359.752210 0.467293292 -0.492214322 -0.561240613 -0.166869223 0.869578183 0.460829854 0.060201965
1548339359.785720 0.460190147 -0.485209823 -0.561685026 -0.165749297 0.870290875 0.459536254 0.062828608
1548339359.819160 0.461570710 -0.486104608 -0.576900363 -0.165385902 0.869242609 0.461117804 0.066596486
1548339359.852640 0.456521302 -0.479131937 -0.590005159 -0.164365098 0.869124532 0.461158603 0.070281044
1548339359.885990 0.449287444 -0.471428663 -0.600660801 -0.163613409 0.869387805 0.460462153 0.073281333
1548339359.919400 0.462924302 -0.489199191 -0.612044811 -0.161665753 0.868884385 0.461843789 0.074862547
1548339359.952650 0.453437388 -0.470699251 -0.619831145 -0.160189450 0.869837940 0.459414661 0.081605799
1548339359.986170 0.462924331 -0.468675405 -0.644466162 -0.162019178 0.868528187 0.460976630 0.083120927
1548339360.019690 0.484418541 -0.459445417 -0.649837077 -0.160502121 0.870071769 0.458952218 0.081098482
1548339360.053200 0.453595012 -0.423514366 -0.633329511 -0.161147520 0.872347355 0.452634633 0.090351894
1548339360.086720 0.446606278 -0.426722616 -0.642426908 -0.160461903 0.872090101 0.452678978 0.093769118
1548339360.120230 0.443345577 -0.438736886 -0.654625058 -0.157261625 0.871639729 0.454043061 0.096735895
1548339360.154010 0.447911233 -0.436625957 -0.669345796 -0.158563957 0.870192587 0.455424935 0.101047076
1548339360.187520 0.434773743 -0.447300017 -0.686572611 -0.156062573 0.869213998 0.457001328 0.106118970
1548339360.220780 0.436579525 -0.435776114 -0.687336206 -0.156158343 0.869452059 0.455685079 0.109629996
1548339360.254550 0.440337509 -0.431859821 -0.683781385 -0.157758802 0.868439317 0.455156863 0.117292590
1548339360.288060 0.431454420 -0.427182108 -0.690620542 -0.159321502 0.866807163 0.456036001 0.123665825
1548339360.321700 0.434905440 -0.420019388 -0.692203999 -0.159468234 0.865735710 0.457105100 0.126989946
1548339360.355230 0.430396110 -0.411825985 -0.687937081 -0.158932224 0.864381790 0.458132923 0.133037090
1548339360.388760 0.428802043 -0.409274817 -0.699020565 -0.159916058 0.861999393 0.461217195 0.136611283
1548339360.422280 0.427980632 -0.398158222 -0.701090217 -0.158469468 0.861525953 0.462651581 0.136433050
1548339360.455850 0.427536041 -0.386575758 -0.695777118 -0.155709997 0.861345947 0.463598758 0.137527257
1548339360.489360 0.424654514 -0.383658111 -0.701229155 -0.153557926 0.859740436 0.466532260 0.140049934
1548339360.522850 0.417099267 -0.380661815 -0.706058741 -0.152597308 0.858056784 0.469594210 0.141187578
1548339360.556340 0.428537995 -0.366224974 -0.705899239 -0.153120607 0.857029021 0.472181171 0.138203785
1548339360.589840 0.423914522 -0.355314136 -0.704304457 -0.151699886 0.856086314 0.474043220 0.139235258
1548339360.623310 0.427033305 -0.357438147 -0.716236532 -0.152701065 0.853170514 0.478813976 0.139712811
1548339360.656750 0.425510556 -0.355110288 -0.727172554 -0.152932897 0.851303756 0.482275069 0.138939351
1548339360.690260 0.429212153 -0.342901587 -0.728638828 -0.153704643 0.850787640 0.483114779 0.138330668
1548339360.723860 0.430614531 -0.340434700 -0.741889477 -0.155087128 0.849317670 0.485447884 0.137651011
1548339360.757420 0.431605369 -0.325442314 -0.742249131 -0.155755073 0.850329638 0.483880907 0.136158437
1548339360.790940 0.424627811 -0.324146628 -0.751604676 -0.155878678 0.850395203 0.483499736 0.136959150
1548339360.824500 0.448116541 -0.322893858 -0.763020933 -0.160709426 0.850181282 0.483934700 0.131040037
1548339360.857920 0.447704136 -0.307270259 -0.758496881 -0.160866618 0.853088975 0.479732007 0.127351373
1548339360.891360 0.453020453 -0.303290367 -0.765897095 -0.161956057 0.853872836 0.478309751 0.126060084
1548339360.924480 0.458846480 -0.304413497 -0.775914252 -0.163959563 0.854015172 0.477910638 0.124002740
1548339360.958000 0.448336035 -0.302784264 -0.779150009 -0.164479122 0.855554104 0.475541383 0.121795513
1548339360.991510 0.461936295 -0.289539397 -0.776399076 -0.166007981 0.857550263 0.472889125 0.115865327
1548339361.025030 0.461004674 -0.293153673 -0.787696421 -0.167365223 0.857273877 0.473261207 0.114429958
1548339361.059370 0.484717697 -0.282280743 -0.791098058 -0.170399532 0.858422697 0.472316682 0.104839854
1548339361.092910 0.480554581 -0.276552826 -0.790131986 -0.169122502 0.860312223 0.470488161 0.099505700
1548339361.126430 0.475706935 -0.280084670 -0.792135835 -0.167830288 0.861242831 0.470034927 0.095712654
1548339361.159950 0.496111542 -0.281173587 -0.804666221 -0.169804975 0.860607922 0.472217381 0.086781368
1548339361.193460 0.471280456 -0.278572083 -0.811248302 -0.165922806 0.862767398 0.470640928 0.081235155
1548339361.226950 0.471929759 -0.279009223 -0.810427964 -0.165850461 0.863710582 0.470076501 0.074335337
1548339361.260420 0.474088430 -0.266428202 -0.811237931 -0.165624261 0.865836084 0.467506975 0.065831229
1548339361.293920 0.474108696 -0.271711290 -0.826755583 -0.164211959 0.866305947 0.467990935 0.059438087
1548339361.326950 0.477442026 -0.267727405 -0.836181045 -0.162786230 0.867998123 0.466320574 0.051234923
1548339361.360470 0.475661576 -0.275859743 -0.845797062 -0.162787095 0.868648589 0.465619773 0.046348844
1548339361.393980 0.469596863 -0.289906830 -0.854543686 -0.163250744 0.869368553 0.464681566 0.040230963
1548339361.427500 0.448769152 -0.277616858 -0.857752204 -0.161869019 0.872336030 0.460236490 0.031790771
1548339361.460880 0.449465781 -0.270710349 -0.857050002 -0.162435129 0.874276817 0.456741512 0.025338279
1548339361.494400 0.453842640 -0.284442514 -0.881120741 -0.164983049 0.872746050 0.458958596 0.021258544
1548339361.527910 0.467374325 -0.258016497 -0.864706635 -0.167452767 0.876170635 0.451829374 0.011611186
1548339361.561430 0.456572384 -0.270280153 -0.877883136 -0.166490540 0.875886798 0.452799708 0.008699660
1548339361.594880 0.455572277 -0.253353298 -0.877518475 -0.169310465 0.876887619 0.449861139 0.005193253
1548339361.628310 0.449117422 -0.260509908 -0.889741302 -0.169509575 0.876377463 0.450809211 0.000262180
1548339361.661760 0.455929339 -0.245234564 -0.890066862 -0.170083344 0.877341092 0.448680669 -0.005471297
1548339361.695190 0.460684896 -0.246991083 -0.906860173 -0.171086237 0.876051426 0.450781673 -0.007699676
1548339361.728710 0.420378357 -0.247499511 -0.906068146 -0.168079346 0.877365887 0.449381560 -0.005883368
1548339361.762220 0.444552749 -0.241232857 -0.913750410 -0.172331065 0.876258492 0.449642956 -0.017155724
1548339361.795800 0.449088871 -0.238342479 -0.921097279 -0.172769263 0.875752687 0.450348914 -0.019845659
1548339361.829320 0.435864300 -0.242265090 -0.938484013 -0.172010660 0.874925017 0.452258617 -0.019510321
1548339361.862850 0.423454523 -0.239944071 -0.935858071 -0.170576125 0.875996888 0.450682044 -0.020467570
1548339361.896480 0.425948143 -0.231861338 -0.942737043 -0.172620550 0.875558972 0.450696528 -0.021707522
1548339361.929990 0.421454191 -0.234001651 -0.954190314 -0.172126919 0.875122905 0.451710135 -0.022139961
1548339361.963530 0.410383314 -0.230369970 -0.962759137 -0.172490597 0.875086486 0.451686621 -0.021208143
1548339361.997040 0.402687192 -0.231832817 -0.969209254 -0.173098698 0.874933243 0.451742977 -0.021375366
1548339362.030560 0.397198230 -0.235557228 -0.979229867 -0.173873141 0.874441266 0.452379525 -0.021757470
1548339362.064080 0.393538386 -0.227880865 -0.980512202 -0.172582120 0.875396490 0.451008737 -0.022078246
1548339362.097600 0.375603110 -0.221658677 -0.981911600 -0.172545999 0.875933468 0.450168550 -0.017797695
1548339362.131140 0.378705740 -0.218736500 -0.986813009 -0.171759903 0.876126170 0.450077802 -0.018206375
1548339362.164650 0.379646569 -0.208495840 -0.980680168 -0.172647059 0.876709521 0.448744357 -0.014211151
1548339362.198170 0.386317611 -0.201885402 -0.982994914 -0.173790947 0.875981271 0.449851364 -0.009340064
1548339362.231690 0.387189537 -0.197399765 -0.984150887 -0.174024791 0.875098646 0.451568961 -0.001784639
1548339362.265200 0.352417827 -0.198103145 -0.986529052 -0.173153117 0.874421239 0.453089476 0.010744220
1548339362.298720 0.348172694 -0.199048728 -0.995451272 -0.175808132 0.872623742 0.455462813 0.013151949
1548339362.332230 0.366825908 -0.181696385 -0.989122987 -0.177620739 0.872781515 0.454482466 0.012209143
1548339362.365750 0.347756803 -0.190033451 -1.002490997 -0.176515326 0.870784104 0.458308578 0.023034625
1548339362.399300 0.329326570 -0.184899077 -1.000550628 -0.177182943 0.870696127 0.458025515 0.026590476
1548339362.432820 0.351016104 -0.178996280 -1.000738025 -0.180539042 0.869266331 0.459537804 0.024630338
1548339362.466340 0.347141892 -0.172517121 -0.996192694 -0.182427764 0.868557036 0.459910840 0.028475400
1548339362.500050 0.336087704 -0.171362653 -1.000408053 -0.181934088 0.867783964 0.461331695 0.032000363
1548339362.533490 0.329854846 -0.161636129 -0.993892848 -0.182030484 0.868040025 0.460661769 0.034090482
1548339362.567010 0.330853403 -0.163391292 -1.000002384 -0.182127222 0.866599083 0.463252425 0.035111982
1548339362.600400 0.324895173 -0.162848189 -1.007626653 -0.182479516 0.865006685 0.465866804 0.037852786
1548339362.634000 0.327181965 -0.158188164 -1.000943661 -0.182628214 0.864876807 0.466119260 0.036984969
1548339362.667520 0.333060414 -0.146333605 -0.992762387 -0.184284657 0.864759386 0.465572178 0.038378820
1548339362.701070 0.329218656 -0.147403821 -0.997691989 -0.184074104 0.863315523 0.468076944 0.041316595
1548339362.734590 0.320671231 -0.141090557 -0.996960223 -0.184525654 0.862976789 0.468256027 0.044245489
1548339362.768070 0.327669710 -0.134320125 -0.994655550 -0.186026126 0.862347901 0.468685448 0.045654722
1548339362.801500 0.330961764 -0.131663084 -0.995373845 -0.187256798 0.861273408 0.469881833 0.048518598
1548339362.835010 0.342314959 -0.122933827 -0.989221990 -0.188173994 0.861452043 0.469197810 0.048418399
1548339362.868530 0.345460773 -0.114061691 -0.978784502 -0.188383430 0.861759484 0.468065292 0.052887674
1548339362.902050 0.344458938 -0.129393831 -1.001275301 -0.188068762 0.858261049 0.474017501 0.057666894
1548339362.935570 0.342165440 -0.108922996 -0.982313216 -0.189612240 0.859998941 0.469920397 0.060197726
1548339362.969080 0.342165291 -0.114040554 -0.991964161 -0.188750908 0.858540535 0.472501338 0.063432381
1548339363.002570 0.353447706 -0.110740826 -0.995864987 -0.189393684 0.857610881 0.473882109 0.063791752
1548339363.036070 0.353343159 -0.104879402 -0.995030403 -0.188872665 0.858103871 0.472846270 0.066342004
1548339363.069590 0.362868279 -0.103904992 -0.993158400 -0.188849181 0.858053505 0.472670764 0.068282418
1548339363.103120 0.381644905 -0.095060289 -0.989623785 -0.189373642 0.858475149 0.471647352 0.068606146
1548339363.136630 0.386398405 -0.097676210 -0.992906392 -0.187908441 0.858075023 0.472475529 0.071864985
1548339363.170180 0.380687833 -0.097372599 -0.989743888 -0.186120346 0.858376324 0.471776217 0.077307954
1548339363.203690 0.384810865 -0.090911373 -0.989180684 -0.185538635 0.858478189 0.471319854 0.080300830
1548339363.237220 0.394213974 -0.087926067 -0.990478039 -0.184298396 0.858294249 0.471812278 0.082208440
1548339363.270740 0.385618299 -0.088967562 -0.982238650 -0.181809366 0.858886898 0.470686525 0.087822780
1548339363.304290 0.399952680 -0.088776246 -0.993092895 -0.181962773 0.857285261 0.473119140 0.090054527
1548339363.337770 0.414038092 -0.085583344 -0.990211368 -0.181785688 0.857076883 0.473388910 0.090973109
1548339363.371320 0.405849040 -0.083248444 -0.988386631 -0.179229036 0.857364714 0.472979069 0.095359989
1548339363.404870 0.403347492 -0.096768238 -0.997852564 -0.177418649 0.855306327 0.476437867 0.099903323
1548339363.438390 0.423488945 -0.088844322 -0.997069240 -0.177813232 0.854958296 0.477081120 0.099107690
1548339363.471900 0.422431260 -0.090929747 -0.999503970 -0.175711811 0.854001224 0.478486001 0.104203627
1548339363.505420 0.441783339 -0.085213296 -0.997581005 -0.175728053 0.853595257 0.479038775 0.104960203
1548339363.538940 0.435554504 -0.086546980 -0.997355282 -0.172525927 0.853591681 0.479479760 0.108236797
1548339363.572450 0.440523714 -0.077889629 -0.992722273 -0.170380816 0.854452193 0.478315234 0.109983236
1548339363.605960 0.436784357 -0.069250159 -0.976945460 -0.164742082 0.856913209 0.475201815 0.112885021
1548339363.639480 0.432012171 -0.072863117 -0.982453942 -0.160227999 0.856302142 0.476576567 0.118103415
1548339363.672980 0.458842516 -0.076555446 -0.997140527 -0.159335449 0.854021490 0.480846167 0.118518010
1548339363.706510 0.450679809 -0.080181241 -0.999249339 -0.155325472 0.853343487 0.482134819 0.123389497
1548339363.740030 0.455579638 -0.073528081 -0.989230037 -0.153486699 0.853881240 0.480844349 0.126954198
1548339363.773540 0.462676615 -0.077662103 -1.001042247 -0.152659699 0.851429939 0.484215230 0.131520554
1548339363.807060 0.472259521 -0.075199097 -1.007819653 -0.151827618 0.849736094 0.486311913 0.135638118
1548339363.840580 0.480565846 -0.073161222 -1.009346724 -0.150492013 0.848271489 0.487589687 0.141576588
1548339363.874080 0.491237074 -0.069392480 -1.008815765 -0.149346977 0.847128093 0.488232672 0.147303358
1548339363.907600 0.496124089 -0.070154816 -1.012560964 -0.147320762 0.845703363 0.489279807 0.153908238
1548339363.941110 0.488063008 -0.070338205 -1.017191768 -0.143878728 0.844663441 0.489107788 0.163144514
1548339363.974630 0.491152227 -0.065200701 -1.017272115 -0.141368836 0.844304800 0.487964422 0.170455292
1548339364.008140 0.502373815 -0.061095424 -1.018649340 -0.139105424 0.843977690 0.487135261 0.176211730
1548339364.041690 0.501429737 -0.064672358 -1.024710774 -0.135008529 0.843341768 0.486824542 0.183164552
1548339364.075200 0.508797407 -0.060487442 -1.022371888 -0.133079410 0.843344986 0.484426260 0.190762401
1548339364.108720 0.512507021 -0.062109161 -1.020797849 -0.132324070 0.842786133 0.482546985 0.198369160
1548339364.142240 0.523391247 -0.065834068 -1.026901722 -0.131796539 0.841622531 0.482926041 0.202691048
1548339364.175800 0.529606879 -0.067281231 -1.026887536 -0.130381852 0.840617478 0.482029498 0.209786579
1548339364.209270 0.526515007 -0.066489115 -1.032887816 -0.128051311 0.839747488 0.480904937 0.217157856
1548339364.242780 0.537540019 -0.070146061 -1.037624955 -0.126747355 0.839269638 0.480594486 0.220432639
1548339364.276290 0.534412146 -0.068923645 -1.034425139 -0.122298494 0.839508712 0.478048950 0.227458641
1548339364.309810 0.538646221 -0.073066525 -1.039895654 -0.118444711 0.838713706 0.476843685 0.234840870
1548339364.343320 0.539564729 -0.072069831 -1.038753152 -0.114275359 0.839231372 0.474345565 0.240058601
1548339364.376840 0.541901350 -0.071864448 -1.042491913 -0.109907299 0.838853002 0.472770810 0.246442348
1548339364.410350 0.543114603 -0.075373746 -1.040163994 -0.106838293 0.838259041 0.470807672 0.253470898
1548339364.443870 0.537560940 -0.076136336 -1.041688085 -0.103334695 0.837338746 0.469205201 0.260829985
1548339364.477390 0.545997679 -0.079175778 -1.047913790 -0.102009341 0.835810125 0.470022291 0.264753670
1548339364.510900 0.550070882 -0.079927273 -1.042512298 -0.100514948 0.835363448 0.469077349 0.268386066
1548339364.544380 0.556105137 -0.080070242 -1.041706204 -0.098206863 0.833723605 0.468910843 0.274559736
1548339364.577890 0.556839883 -0.077272907 -1.036098123 -0.099068828 0.832628965 0.467191368 0.280440062
1548339364.611410 0.565311670 -0.084652983 -1.039668798 -0.098502845 0.830783069 0.469105661 0.282907367
1548339364.644920 0.567835808 -0.082651719 -1.036676407 -0.096317336 0.829115331 0.469067097 0.288560033
1548339364.678440 0.561994255 -0.084964335 -1.036047816 -0.095228508 0.826953113 0.468827158 0.295433849
1548339364.711960 0.565986991 -0.082625456 -1.033709168 -0.095413163 0.825466752 0.468999237 0.299233437
1548339364.745470 0.572478712 -0.082041636 -1.034402251 -0.094642490 0.822872221 0.470399201 0.304382473
1548339364.779030 0.565683782 -0.078572974 -1.030222297 -0.093952745 0.820577204 0.469623417 0.311897039
1548339364.812550 0.571640790 -0.079553246 -1.026249051 -0.095107853 0.818696618 0.470100224 0.315746963
1548339364.846070 0.577513456 -0.075150594 -1.025482416 -0.094063215 0.815388978 0.471157342 0.322960943
1548339364.879920 0.573225796 -0.081828497 -1.020637870 -0.095474832 0.812457621 0.470753580 0.330436528
1548339364.913480 0.571206927 -0.076046214 -1.020908952 -0.095388107 0.810741186 0.471229553 0.333979845
1548339364.947170 0.572821379 -0.074274428 -1.021015048 -0.095897332 0.807979643 0.472258419 0.339034826
1548339364.980680 0.567200184 -0.070252128 -1.016722679 -0.097172663 0.805807889 0.471616805 0.344686359
1548339365.014200 0.561243474 -0.061230607 -1.017705202 -0.097776763 0.804281592 0.471816361 0.347793281
1548339365.047720 0.572071850 -0.058869213 -1.011397362 -0.098347619 0.802387059 0.473217130 0.350097507
1548339365.081240 0.572550952 -0.062294859 -1.009138942 -0.100553453 0.799157083 0.473973513 0.355789304
1548339365.114770 0.568422973 -0.059823282 -1.006460071 -0.100794524 0.796940088 0.474648803 0.359771341
1548339365.148290 0.571589172 -0.058309220 -1.009469509 -0.100889213 0.793673396 0.476649523 0.364292562
1548339365.181800 0.565099835 -0.045093570 -1.002780080 -0.101420738 0.791543603 0.474650800 0.371320873
1548339365.215320 0.556726813 -0.045710683 -1.003260851 -0.103273489 0.789879322 0.474466920 0.374574959
1548339365.248640 0.568647861 -0.050501935 -1.000204802 -0.104914971 0.788639247 0.476191163 0.374543637
1548339365.282110 0.572775066 -0.047581661 -0.999381781 -0.105647303 0.786886215 0.476017565 0.378227413
1548339365.315450 0.567871988 -0.044816073 -0.992568552 -0.106437951 0.786341190 0.474219203 0.381385207
1548339365.348860 0.573797584 -0.033494823 -0.987420082 -0.105484836 0.786121845 0.473296314 0.383244097
1548339365.382360 0.567217708 -0.038260967 -0.991016388 -0.104085870 0.783314943 0.473022074 0.389658809
1548339365.415870 0.563767552 -0.041956279 -0.992942810 -0.105171360 0.782081366 0.472330242 0.392672747
1548339365.449390 0.570644975 -0.033426452 -0.979314387 -0.105169564 0.783361316 0.470035374 0.392875522
1548339365.482900 0.574950039 -0.034976441 -0.973691523 -0.104953796 0.781685233 0.469238013 0.397201002
1548339365.516420 0.567706227 -0.034145258 -0.979550779 -0.105210327 0.778985441 0.468215048 0.403592795
1548339365.549820 0.565061748 -0.030654429 -0.973473907 -0.105921626 0.778660655 0.466597021 0.405900776
1548339365.583330 0.570969105 -0.032931700 -0.965534866 -0.107415095 0.777935863 0.466281623 0.407258272
1548339365.616850 0.567365706 -0.035514761 -0.973964214 -0.107867308 0.774843752 0.466988146 0.412193984
1548339365.650480 0.567425668 -0.033283133 -0.966101825 -0.109036848 0.774675667 0.465642780 0.413721323
1548339365.684020 0.575430036 -0.034776699 -0.966847301 -0.109127931 0.773364663 0.466668338 0.414992601
1548339365.717540 0.571294785 -0.039537847 -0.967534065 -0.108198278 0.771829605 0.466723472 0.418020815
1548339365.751140 0.580634058 -0.042290825 -0.964780509 -0.107241467 0.771070957 0.467234999 0.419094682
1548339365.784670 0.577942729 -0.034932211 -0.965154290 -0.104283676 0.770859480 0.466327816 0.421235085
1548339365.818220 0.586354196 -0.042150661 -0.961198092 -0.102035843 0.770747483 0.467184812 0.421040714
1548339365.851730 0.583308339 -0.046105824 -0.973254621 -0.098583713 0.769155920 0.468491316 0.423315912
1548339365.885280 0.583057404 -0.044089623 -0.972436607 -0.094939694 0.769668698 0.468378633 0.423341483
1548339365.918800 0.593767345 -0.048143219 -0.972498834 -0.092372298 0.769278824 0.469186306 0.423723578
1548339365.952310 0.590159833 -0.042724494 -0.966841936 -0.090581268 0.769700050 0.466769367 0.426008523
1548339365.985830 0.590050638 -0.048485138 -0.967058063 -0.088742174 0.769863665 0.466704577 0.426170886
1548339366.019350 0.593660951 -0.052098203 -0.975979209 -0.086214282 0.768111706 0.467791080 0.428652555
1548339366.052870 0.588787377 -0.046590444 -0.980098784 -0.083744548 0.767235994 0.466272146 0.432349592
1548339366.086400 0.600632310 -0.051031388 -0.971866906 -0.084658101 0.767492115 0.465399623 0.432656944
1548339366.119920 0.600730121 -0.052050341 -0.974982619 -0.083095215 0.766753435 0.464473248 0.435257375
1548339366.153430 0.602306664 -0.048919231 -0.972226739 -0.082897685 0.766960204 0.462089837 0.437462062
1548339366.186940 0.602132678 -0.055485073 -0.969524384 -0.083118692 0.767358959 0.460486144 0.438410699
1548339366.220450 0.610140681 -0.058204476 -0.970030785 -0.081524834 0.767869174 0.459943622 0.438386202
1548339366.253970 0.615495443 -0.065552667 -0.969839454 -0.081664607 0.767527044 0.458937734 0.440010518
1548339366.287490 0.609073162 -0.051979717 -0.970841825 -0.079319082 0.767886937 0.455884576 0.442975610
1548339366.321010 0.607385993 -0.051084373 -0.969460666 -0.077077284 0.768073022 0.455033928 0.443922400
1548339366.354530 0.614661396 -0.063336290 -0.967504561 -0.077579513 0.767311633 0.455309570 0.444867939
1548339366.388040 0.616877556 -0.066020563 -0.966171086 -0.076898828 0.766836166 0.454922706 0.446199775
1548339366.421560 0.615764081 -0.063309282 -0.966571391 -0.076575927 0.766402721 0.454243153 0.447689801
1548339366.455080 0.627309561 -0.075210497 -0.962123156 -0.076936424 0.766272604 0.455756634 0.446310371
1548339366.488640 0.633794606 -0.077515878 -0.948875606 -0.077490397 0.766689241 0.454781324 0.446493894
1548339366.522170 0.634801865 -0.077899076 -0.951392174 -0.077642962 0.765891135 0.455539107 0.447064281
1548339366.555730 0.635051370 -0.077633649 -0.947636843 -0.077808492 0.765462041 0.455474615 0.447835386
1548339366.589240 0.634234011 -0.076332383 -0.947720110 -0.077438578 0.764363050 0.455688596 0.449555635
1548339366.622940 0.635032296 -0.076487280 -0.945135176 -0.078258500 0.763640285 0.455368906 0.450963736
1548339366.656460 0.637232065 -0.077099800 -0.947236121 -0.079391561 0.762801230 0.456086665 0.451460123
1548339366.690060 0.639414430 -0.077350453 -0.941628695 -0.080160141 0.762775898 0.455809444 0.451646954
1548339366.723570 0.639503777 -0.076258913 -0.943579376 -0.080212444 0.761492670 0.455529809 0.454078704
1548339366.757090 0.638701141 -0.074027427 -0.942061603 -0.080213420 0.761146247 0.454909354 0.455279797
1548339366.790600 0.641271114 -0.076166235 -0.942225218 -0.081149340 0.760719955 0.454872519 0.455862880
1548339366.824050 0.639413357 -0.074634388 -0.937469065 -0.081559166 0.761178851 0.453616023 0.456275463
1548339366.857560 0.637892485 -0.072310440 -0.942752838 -0.081269830 0.760567009 0.453664303 0.457298249
1548339366.891080 0.641456187 -0.072434723 -0.938660562 -0.082740925 0.760841489 0.453123003 0.457114518
1548339366.924600 0.640249074 -0.073809460 -0.941998243 -0.082827814 0.759982049 0.453429848 0.458222866
1548339366.958170 0.638810396 -0.073916189 -0.939295292 -0.083282217 0.759934247 0.452836394 0.458806276
1548339366.991630 0.639350593 -0.074339025 -0.937187254 -0.083952777 0.759531140 0.452862680 0.459325284
1548339367.025140 0.638755202 -0.070700675 -0.935609341 -0.084452912 0.759513915 0.452838272 0.459286243
1548339367.058620 0.636137962 -0.069267236 -0.938296854 -0.084214218 0.759147823 0.453790367 0.458995491
1548339367.092130 0.639803946 -0.072852448 -0.934813380 -0.085643165 0.759090662 0.454906911 0.457718611
1548339367.125600 0.636424899 -0.070118308 -0.937679172 -0.084915690 0.758553743 0.456135094 0.457521945
1548339367.159080 0.635351241 -0.068278626 -0.939118028 -0.085112847 0.757980764 0.457396746 0.457175225
1548339367.192310 0.637586355 -0.069927193 -0.933880866 -0.085374102 0.757784128 0.458789140 0.456055850
1548339367.225770 0.634864032 -0.065802477 -0.938414514 -0.085545808 0.756415367 0.460039735 0.457035124
1548339367.259260 0.634241462 -0.066189438 -0.940482259 -0.086094379 0.755715430 0.461612076 0.456504315
1548339367.292730 0.634973884 -0.062995061 -0.940314949 -0.086283818 0.755343258 0.462493986 0.456191719
1548339367.326210 0.634784400 -0.064024769 -0.943643749 -0.086636230 0.754429936 0.463218361 0.456900805
1548339367.359680 0.638016462 -0.065757886 -0.944046497 -0.087525062 0.754292786 0.463564426 0.456606746
1548339367.393220 0.634697199 -0.063227825 -0.948294640 -0.086963594 0.754060984 0.463270187 0.457394958
1548339367.426760 0.638058126 -0.065695003 -0.945448875 -0.087572031 0.754484236 0.462536603 0.457323223
1548339367.460280 0.637402833 -0.066045687 -0.943240583 -0.087877862 0.755151212 0.460938752 0.457776815
1548339367.493790 0.632954419 -0.062653571 -0.950679302 -0.086954892 0.755131662 0.460070461 0.458857387
1548339367.527310 0.632966220 -0.062823124 -0.944488823 -0.086895876 0.756234884 0.458253980 0.458869487
1548339367.560800 0.635362208 -0.065422215 -0.946328759 -0.087248713 0.756361425 0.457571566 0.459274858
1548339367.594290 0.631843328 -0.063097663 -0.941777766 -0.087362327 0.757506013 0.455672681 0.459254712
1548339367.627760 0.634968698 -0.067178138 -0.944017410 -0.087807089 0.757696331 0.456178695 0.458352655
1548339367.661280 0.631371140 -0.066298120 -0.947056770 -0.087018453 0.757486343 0.456343263 0.458686203
1548339367.694790 0.632292926 -0.066683680 -0.940959871 -0.087382264 0.758195877 0.456246227 0.457539856
1548339367.728310 0.631381750 -0.066792376 -0.937527776 -0.087559231 0.758742630 0.456547379 0.456297547
1548339367.761820 0.634314358 -0.067013048 -0.937388480 -0.088038005 0.758567691 0.458043337 0.454995245
1548339367.795300 0.629150093 -0.062547803 -0.939926982 -0.087684810 0.758022666 0.458926380 0.455081910
1548339367.828860 0.630768657 -0.062431913 -0.938080668 -0.088584319 0.757685840 0.459995300 0.454388946
1548339367.862370 0.629964590 -0.062163372 -0.935495138 -0.089495987 0.757519066 0.460781217 0.453691542
1548339367.895890 0.629506588 -0.064181127 -0.935372233 -0.090828024 0.756863475 0.461898118 0.453385144
1548339367.929400 0.632049084 -0.062477052 -0.934849977 -0.091516569 0.756338477 0.462988079 0.453010857
1548339367.962920 0.628692150 -0.060089823 -0.937107146 -0.091645449 0.755506277 0.463579893 0.453767627
1548339367.996440 0.628993571 -0.058884319 -0.939799845 -0.091920644 0.754759192 0.464309305 0.454209268
1548339368.029950 0.632145166 -0.060662799 -0.938666523 -0.092208050 0.754558146 0.464774638 0.454009056
1548339368.063510 0.632813334 -0.063994355 -0.934267104 -0.092244945 0.754857242 0.464864910 0.453411490
1548339368.097320 0.634713113 -0.063935861 -0.937341928 -0.092316635 0.754556239 0.465360194 0.453389943
1548339368.131070 0.630856931 -0.061972704 -0.939894199 -0.092205144 0.754698873 0.465315312 0.453221262
1548339368.164600 0.625519812 -0.059236314 -0.939537704 -0.090805307 0.755137444 0.465220034 0.452871054
1548339368.198120 0.626117766 -0.057833530 -0.936543882 -0.091223866 0.755780458 0.465230852 0.451701641
1548339368.231680 0.626548290 -0.060812697 -0.940653086 -0.091864735 0.755719125 0.466480613 0.450383544
1548339368.265200 0.624199927 -0.058791947 -0.940372825 -0.091586173 0.756163776 0.466640919 0.449527055
1548339368.298710 0.627306938 -0.062024824 -0.935221434 -0.092363171 0.756856978 0.466810375 0.448023021
1548339368.332230 0.629271924 -0.060002539 -0.938395143 -0.093704425 0.756635308 0.466978103 0.447944164
1548339368.365750 0.629246473 -0.061694674 -0.935546041 -0.094267271 0.757323623 0.466815084 0.446831375
1548339368.399210 0.625032246 -0.055963784 -0.942948043 -0.093709007 0.756836772 0.466800779 0.447787642
