1311870427.199132 0.0000000 0.0000000 0.0000000 0.0000000 0.0000000 0.0000000 1.0000000
1311870431.099270 0.0560864 -0.0086540 -0.0168824 0.0048180 0.0122332 -0.0032081 0.9999084
1311870431.131475 0.0604302 -0.0063994 -0.0155187 0.0054155 0.0138468 -0.0016977 0.9998880
1311870433.699816 0.3738796 -0.0034895 -0.0401235 0.0042280 0.0239480 -0.0011165 0.9997036
1311870434.899553 0.4911395 0.0223755 -0.0028069 -0.0431537 0.0468742 -0.0047739 0.9979568
1311870435.367691 0.5268669 0.0408602 0.0304109 -0.1049608 0.0268974 -0.0258619 0.9937761
1311870437.767795 0.8257352 -0.0746783 0.1214240 -0.0595732 -0.0587088 -0.0328126 0.9959556
1311870438.299797 0.9468600 -0.0988138 0.1273636 -0.0429607 -0.0831299 -0.0400555 0.9948062
1311870439.131876 1.0473099 -0.1089473 0.1531027 -0.0464652 -0.1126725 -0.0561448 0.9909559
1311870440.601112 1.2057019 -0.1611933 0.3187178 -0.0685622 -0.1952912 -0.1034923 0.9728566
1311870440.932236 1.2720689 -0.1605104 0.3461351 -0.0825941 -0.2285984 -0.1487557 0.9585367
1311870441.232068 1.3339220 -0.1506760 0.3713239 -0.1035585 -0.2433508 -0.1723983 0.9488598
1311870441.700172 1.4156709 -0.1209557 0.4038615 -0.1380698 -0.2414301 -0.1843691 0.9426857
1311870442.432189 1.4292780 -0.1790808 0.4578661 -0.1171340 -0.2447054 -0.1618750 0.9487863
1311870443.168697 1.3920325 -0.2412273 0.5109826 -0.0846998 -0.2577167 -0.1404819 0.9521937
1311870443.968820 1.4570774 -0.2803438 0.5743561 -0.0748870 -0.3118638 -0.1676693 0.9322124
1311870444.701032 1.6105927 -0.2676375 0.6357394 -0.1017544 -0.3679572 -0.2028982 0.9017127
1311870445.200264 1.6733694 -0.2376467 0.6986291 -0.1365849 -0.3633887 -0.2227366 0.8942492
1311870445.540077 1.7028476 -0.2473918 0.7571144 -0.1482204 -0.3853389 -0.2390686 0.8788577
1311870446.601101 1.7617216 -0.2978221 0.8975424 -0.1456498 -0.4443859 -0.2599656 0.8448226
1311870447.168779 1.8327743 -0.3464713 0.9913685 -0.1356399 -0.4957914 -0.3209390 0.7954816
1311870448.268590 1.7187843 -0.4156783 1.0564280 -0.1446312 -0.4845668 -0.3578680 0.7849888
1311870448.969668 1.5864108 -0.4252123 1.0761235 -0.1634954 -0.4857232 -0.3598543 0.7796454
1311870449.402787 1.5346807 -0.4498950 1.1012732 -0.1400293 -0.5444763 -0.3743075 0.7374491
1311870449.736551 1.5215479 -0.4796880 1.1615173 -0.1194947 -0.6077041 -0.4005329 0.6752704
1311870450.269090 1.5300132 -0.4719938 1.2487495 -0.1195385 -0.6398199 -0.4194154 0.6327967
1311870450.637751 1.5870136 -0.4618674 1.2615809 -0.1286554 -0.6509097 -0.4240123 0.6164235
1311870450.972680 1.6751456 -0.4591308 1.2795236 -0.1338930 -0.6665828 -0.4214487 0.6001009
1311870451.470627 1.7897136 -0.4712223 1.3256774 -0.1326822 -0.6757032 -0.4293864 0.5843354
1311870452.000747 1.8595595 -0.5138828 1.4540546 -0.1219374 -0.6970880 -0.4488821 0.5456230
1311870452.739677 1.9244238 -0.5717055 1.5913532 0.1082514 0.7364643 0.4742843 -0.4700599
1311870454.308639 1.8281289 -0.6284273 1.7601466 0.1066105 0.7849451 0.4864468 -0.3685986
1311870456.737510 1.7808698 -0.6864125 1.9449167 0.0840483 0.8140689 0.5003859 -0.2825628
1311870460.069303 1.7210325 -0.7611816 1.9682850 0.0738263 0.8183073 0.4659047 -0.3284139
1311870460.505208 1.7350526 -0.7934313 2.1091311 0.0569950 0.7985063 0.4991313 -0.3316735
1311870460.837324 1.7674642 -0.7891693 2.1817057 0.0858123 0.7689346 0.5238162 -0.3563599
1311870461.137183 1.7764885 -0.8071148 2.2047267 0.0902481 0.7608604 0.5068780 -0.3949954
1311870461.569367 1.8647389 -0.8512105 2.1983409 0.0843363 0.7457700 0.4716535 -0.4628795
1311870462.405402 1.9037168 -0.9470788 2.2201216 0.0476651 0.7830731 0.4168076 -0.4591251
1311870462.837434 1.8949353 -0.9982644 2.2438495 0.0241594 0.8245260 0.3991094 -0.4003559
1311870463.137561 1.9161794 -1.0011612 2.2437680 0.0227575 0.8513942 0.3986341 -0.3401481
1311870463.373561 1.9511207 -0.9886228 2.2222233 0.0225486 0.8647279 0.4050384 -0.2961100
1311870463.705442 2.0083714 -0.9585143 2.1762648 0.0168109 0.8705817 0.4153610 -0.2632111
1311870464.437721 2.0837140 -0.9120203 2.1471066 0.0275095 0.8510085 0.4402595 -0.2849552
1311870465.473801 2.1000896 -0.8468437 2.1994264 0.0629572 0.8166680 0.4866284 -0.3037804
1311870468.473795 2.0662231 -0.9325123 2.1540852 0.0444992 0.8453818 0.3975580 -0.3539732
1311870472.742010 2.0951872 -0.9111934 2.1167402 0.0339984 0.8429761 0.3890410 -0.3699763
1311870473.642118 2.0943794 -0.8666506 2.0492342 0.0383246 0.8388020 0.3944774 -0.3732693
1311870474.174263 1.9993913 -0.8613564 2.0133159 0.0240583 0.8419337 0.3776730 -0.3846193
1311870474.774339 2.0045304 -0.8370450 1.9743583 0.0216773 0.8266947 0.3781278 -0.4160834
1311870475.274175 2.0708783 -0.8194348 1.9131337 0.0239518 0.8104949 0.3678440 -0.4552089
1311870476.106461 2.1625888 -0.8017865 1.9059709 0.0221675 0.7829243 0.3784038 -0.4933039
1311870477.806631 2.2563868 -0.7875065 1.8470770 -0.0245151 -0.7786268 -0.3639225 0.5105876
1311870478.506459 2.2564304 -0.7498271 1.7270228 -0.0090453 -0.7771910 -0.3506273 0.5224488
1311870479.006717 2.1673827 -0.7658350 1.6694870 0.0129993 -0.7938211 -0.3227463 0.5152804
1311870479.406395 2.1316798 -0.7547966 1.6478306 0.0206597 -0.7892660 -0.3207243 0.5232287
1311870481.310580 2.3104603 -0.6908578 1.5776658 -0.0044843 -0.7326762 -0.3347884 0.5925219
1311870482.210670 2.3773949 -0.6561108 1.5480260 -0.0253217 -0.7192248 -0.3386042 0.6061532
1311870482.574689 2.4271414 -0.6215155 1.4749079 -0.0266936 -0.7130920 -0.3331100 0.6162995
1311870483.042516 2.4542317 -0.5869071 1.4176571 -0.0360312 -0.7067528 -0.3421401 0.6181767
1311870483.711260 2.3724642 -0.5890328 1.3834236 -0.0297042 -0.7209648 -0.3308804 0.6081492
1311870484.674789 2.3171241 -0.5539619 1.2883242 -0.0179120 -0.7077553 -0.3278771 0.6255064
1311870485.210890 2.3732874 -0.4925485 1.1768615 -0.0300882 -0.6848089 -0.3188596 0.6545686
1311870485.814596 2.3349075 -0.4690141 1.1172091 -0.0272524 -0.6811746 -0.3236947 0.6561099
1311870486.544595 2.2375629 -0.4792864 1.0645305 -0.0121211 -0.6831779 -0.3070875 0.6624336
1311870486.910964 2.2363596 -0.4886561 0.9844717 -0.0010198 -0.6583677 -0.2749990 0.7006614
1311870487.314494 2.2686267 -0.4867329 0.8983468 0.0145198 -0.6432829 -0.2363625 0.7280859
1311870487.710972 2.2920394 -0.4462935 0.8492129 0.0114984 -0.6274465 -0.2431381 0.7396368
1311870488.575150 2.2368922 -0.3810929 0.8549213 -0.0203556 -0.6240789 -0.2802736 0.7290802
1311870490.611259 2.3446100 -0.2469402 0.7018369 -0.0727097 -0.5565398 -0.3028802 0.7702210
1311870494.443357 2.3243992 -0.4509616 1.0763208 -0.0375877 -0.6103461 -0.2887160 0.7366871
1311870495.579444 2.3269563 -0.4871203 1.1793046 -0.0279050 -0.6549217 -0.3310505 0.6787522
1311870496.779658 2.4416254 -0.4705646 1.1047349 -0.0275390 -0.6513726 -0.3286886 0.6833148
1311870499.611806 2.4072921 -0.4291859 0.9900736 -0.0144449 -0.6322081 -0.3026606 0.7130924
1311870500.079955 2.3183162 -0.3961114 0.9135922 -0.0050914 -0.6269094 -0.2950582 0.7210404
1311870500.647928 2.2337413 -0.3609938 0.8221962 0.0059352 -0.6085730 -0.2958021 0.7362777
1311870501.111897 2.2471640 -0.3141236 0.6804922 -0.0000053 -0.5718701 -0.2699005 0.7746730
1311870501.548011 2.2690551 -0.2510574 0.5394469 -0.0172451 -0.5533915 -0.2593373 0.7913309
1311870502.279943 2.1931386 -0.1907981 0.4265821 -0.0071731 -0.5434753 -0.2506487 0.8010982
1311870503.247900 2.0613601 -0.1406387 0.2802455 -0.0051586 -0.4761403 -0.2492288 0.8432964
1311870504.712331 1.9457378 -0.0848138 0.0955245 -0.0196842 -0.4240011 -0.2062384 0.8816469
1311870506.612421 1.7080514 -0.1841742 -0.0876544 -0.0305381 -0.3292038 -0.1526646 0.9313355
1311870507.748317 1.3983111 -0.2190535 -0.1350239 -0.0156341 -0.2853359 -0.1345210 0.9488114
1311870509.348401 1.1150808 -0.3114314 -0.1861829 -0.0324927 -0.1725913 -0.0904748 0.9802912
1311870510.348425 0.9043188 -0.2858745 -0.2715373 -0.0462361 -0.0948444 -0.0572086 0.9927709
1311870511.616618 0.6005394 -0.2897680 -0.2260007 -0.0287749 -0.0960104 -0.0749788 0.9921352
1311870512.880656 0.3445247 -0.1890324 -0.2698490 -0.0385240 -0.0122857 -0.0428272 0.9982639
1311870514.148748 0.1700294 -0.0732634 -0.1464009 -0.0321024 0.0150752 -0.0396769 0.9985830
1311870514.948944 0.0223181 0.0108986 -0.1968013 -0.0479918 0.0593933 -0.0081251 0.9970472
1311870515.580786 -0.0358086 0.0560509 -0.1912280 -0.0526280 0.0893100 0.0137853 0.9945170
1311870516.516852 -0.0912121 0.1227335 -0.1052336 -0.0552516 0.1502096 0.0046208 0.9870983
1311870517.248937 -0.2303946 0.1545342 -0.1751149 -0.0711695 0.1682064 0.0348000 0.9825632
1311870518.448787 -0.2890880 0.1322275 -0.0826945 -0.0764426 0.1969212 0.0376017 0.9767112
1311870519.251968 -0.4068720 0.1447268 -0.1048783 -0.0814321 0.2461325 0.0749119 0.9628997
1311870519.851306 -0.5080003 0.1623708 -0.1253769 -0.0947426 0.2713075 0.0812910 0.9543625
1311870521.917848 -0.6517771 0.0929237 0.1070733 -0.0884630 0.3857774 0.1760875 0.9013009
1311870522.949363 -0.7016253 0.0379232 0.2755783 -0.0847952 0.4194212 0.2001084 0.8813922
1311870523.549243 -0.7369596 0.0012429 0.3644553 -0.0873807 0.4395339 0.2121640 0.8684245
1311870527.485444 -1.0742775 -0.1243622 0.6725817 -0.0794798 0.5554244 0.2805323 0.7787736
1311870529.153562 -1.1682503 -0.1563182 0.7656192 -0.0781496 0.5893763 0.3199073 0.7376907
1311870534.217924 -1.3823988 -0.2914422 0.9997475 -0.0528507 0.6314127 0.3143442 0.7069035
1311870534.817908 -1.4401630 -0.3116576 1.0310863 -0.0446692 0.6309483 0.3133523 0.7083214
1311870535.185891 -1.4578239 -0.3098674 1.0346589 -0.0448894 0.6353070 0.3161156 0.7031649
1311870535.722020 -1.4686506 -0.3007599 1.0186139 -0.0588244 0.6361556 0.3138323 0.7023923
1311870535.985940 -1.4599221 -0.2823168 0.9835202 -0.0556088 0.6355187 0.3098768 0.7049823
1311870536.122071 -1.4588274 -0.2766937 0.9567593 -0.0552378 0.6318557 0.3070862 0.7095106
1311870536.386255 -1.4492927 -0.2520886 0.9010050 -0.0645779 0.6203811 0.2954342 0.7236544
1311870536.586020 -1.4407055 -0.2345473 0.8600917 -0.0723761 0.6041914 0.2882646 0.7393363
1311870536.722157 -1.4365640 -0.2238793 0.8284166 -0.0704689 0.5964901 0.2796751 0.7490097
1311870536.986393 -1.4270345 -0.2076295 0.7804494 -0.0792176 0.5749218 0.2678612 0.7690512
1311870537.154044 -1.4280933 -0.1984673 0.7645502 -0.0798880 0.5709825 0.2654560 0.7727419
1311870537.322226 -1.4206200 -0.1909934 0.7575955 -0.0753118 0.5768999 0.2746879 0.7655463
1311870537.554064 -1.4223341 -0.1945702 0.7524427 -0.0749337 0.5830944 0.2764858 0.7602246
1311870538.254167 -1.4001731 -0.1981681 0.7283678 -0.0686215 0.5687382 0.2781061 0.7710285
1311870538.622362 -1.3667248 -0.1728163 0.6560715 -0.0708747 0.5519973 0.2549564 0.7907420
1311870538.986328 -1.3425516 -0.1324659 0.5794472 -0.0776503 0.5325775 0.2513606 0.8044560
1311870539.186213 -1.3361465 -0.1190204 0.5478812 -0.0803427 0.5208037 0.2443059 0.8140167
1311870539.622380 -1.3213470 -0.0909648 0.5128056 -0.0854722 0.5075330 0.2597462 0.8170903
1311870539.886326 -1.3015423 -0.0956517 0.5117026 -0.0901679 0.5122653 0.2610296 0.8132143
1311870540.186183 -1.2879658 -0.0993057 0.5007051 -0.0817116 0.5226502 0.2665436 0.8056765
1311870540.422311 -1.2636551 -0.0938751 0.4884168 -0.0775672 0.5190988 0.2725203 0.8063823
1311870540.654269 -1.2319299 -0.0854340 0.4648014 -0.0755588 0.5050877 0.2620357 0.8188496
1311870540.854236 -1.2002707 -0.0764097 0.4235061 -0.0768228 0.4840803 0.2448414 0.8365508
1311870541.586667 -1.1250067 -0.0324211 0.2934071 -0.0943981 0.4460258 0.2191324 0.8626302
1311870542.022417 -1.1133999 -0.0328036 0.2784172 -0.0783490 0.4483147 0.2195484 0.8629448
1311870542.854518 -1.0877436 -0.0594582 0.2994447 -0.0824748 0.4347198 0.2300432 0.8667738
1311870543.322559 -1.0335482 -0.0386616 0.2229439 -0.0847461 0.3998785 0.2035256 0.8896587
1311870543.554798 -1.0070190 -0.0200870 0.1695733 -0.0853393 0.3831104 0.1884985 0.9002289
1311870543.786567 -0.9828284 -0.0060092 0.1309960 -0.0930170 0.3672024 0.1860650 0.9065815
1311870544.122512 -0.9601497 0.0095366 0.1002075 -0.0886436 0.3740272 0.1930107 0.9027695
1311870544.586533 -0.9106268 0.0187937 0.0965517 -0.0925065 0.3990071 0.2096081 0.8878628
1311870544.922592 -0.8680285 0.0256901 0.0866222 -0.0920719 0.3917643 0.2224357 0.8880123
1311870545.222656 -0.8326155 0.0448333 0.0425482 -0.0959482 0.3621271 0.1961434 0.9061930
1311870545.522543 -0.7886476 0.0803595 -0.0309679 -0.1099660 0.3250233 0.1792192 0.9220346
1311870545.790659 -0.7712750 0.1098573 -0.0901574 -0.1136701 0.2994804 0.1779191 0.9304490
1311870546.522750 -0.6859152 0.1442245 -0.1625417 -0.1167941 0.2950381 0.1742633 0.9321716
1311870548.323014 -0.4623873 0.1681190 -0.2735776 -0.1096352 0.1980588 0.1184018 0.9668164
1311870548.954848 -0.4516417 0.1947899 -0.3025100 -0.1129297 0.1801139 0.1153429 0.9703102
1311870549.622816 -0.5188653 0.1609336 -0.2489709 -0.1128543 0.1928441 0.1275145 0.9663411
1311870550.422917 -0.5850760 0.1419639 -0.2083658 -0.1183046 0.2052379 0.1255955 0.9633832
1311870551.955109 -0.6208127 0.1329988 -0.1944953 -0.1157310 0.2081229 0.1124054 0.9647052
1311870554.991385 -0.6044903 0.1316470 -0.2223945 -0.0667757 0.2463560 0.1101922 0.9605766
1311870557.523830 -0.5902309 0.1273859 -0.2237312 -0.0382198 0.2402368 0.1020257 0.9645809
1311870561.198313 -0.5491287 0.1762646 -0.2480374 -0.0859114 0.2287664 0.1133433 0.9630361
1311870562.031321 -0.5735491 0.1605025 -0.2416019 -0.0690451 0.2228765 0.1077252 0.9664130
1311870564.067079 -0.6266950 0.1412689 -0.1963970 -0.0657346 0.2390708 0.1141651 0.9620242
