1.000000 0.000000 0.000000 0.000000 0.000000 1.000000 0.000000 0.000000 0.000000 0.000000 1.000000 0.000000
0.999999 0.000805 0.001365 -0.004730 -0.000799 0.999990 -0.004512 -0.003902 -0.001368 0.004511 0.999989 0.949469
0.999996 -0.001571 0.002284 -0.007044 0.001583 0.999985 -0.005212 -0.001958 -0.002276 0.005215 0.999984 1.889440
0.999992 -0.002853 0.002899 -0.006734 0.002857 0.999995 -0.001452 -0.002316 -0.002895 0.001460 0.999995 2.821939
0.999979 -0.006213 0.001747 0.025117 0.006208 0.999976 0.003140 0.015680 -0.001766 -0.003129 0.999994 3.754249
0.999960 -0.008821 0.001274 -0.017582 0.008815 0.999949 0.004902 -0.003256 -0.001317 -0.004891 0.999987 4.710093
0.999939 -0.010863 0.001958 0.000594 0.010858 0.999939 0.002114 -0.005264 -0.001981 -0.002092 0.999996 5.616919
0.999941 -0.010573 0.002575 -0.060924 0.010576 0.999943 -0.001251 -0.003438 -0.002562 0.001278 0.999996 6.553275
0.999939 -0.011028 0.000836 -0.059352 0.011030 0.999937 -0.002230 0.008049 -0.000811 0.002239 0.999997 7.467821
0.999947 -0.010258 0.000707 -0.077120 0.010259 0.999947 -0.000518 0.012226 -0.000702 0.000525 1.000000 8.374743
0.999949 -0.010065 -0.000015 -0.069164 0.010065 0.999943 0.003604 -0.000087 -0.000021 -0.003604 0.999994 9.287090
0.999944 -0.010572 0.001041 -0.099264 0.010566 0.999929 0.005484 -0.008296 -0.001099 -0.005472 0.999984 10.208632
0.999941 -0.010834 0.000120 -0.115262 0.010833 0.999930 0.004852 0.012544 -0.000173 -0.004850 0.999988 11.134578
0.999932 -0.011244 -0.003000 -0.049162 0.011263 0.999917 0.006187 -0.009742 0.002930 -0.006221 0.999976 12.049771
0.999953 -0.009191 -0.003015 -0.060085 0.009208 0.999942 0.005543 -0.022023 0.002964 -0.005570 0.999980 12.930339
0.999929 -0.009199 0.007622 -0.289183 0.009144 0.999932 0.007237 -0.080839 -0.007688 -0.007167 0.999945 13.774314
0.639951 -0.731161 -0.236360 -0.569467 0.748677 0.524012 0.406071 -2.631333 -0.173047 -0.436823 0.882746 15.335934
0.639951 -0.731161 -0.236360 -0.569467 0.748677 0.524012 0.406071 -2.631333 -0.173047 -0.436823 0.882746 15.335934
0.639951 -0.731161 -0.236360 -0.569467 0.748677 0.524012 0.406071 -2.631333 -0.173047 -0.436823 0.882746 15.335934
0.639951 -0.731161 -0.236360 -0.569467 0.748677 0.524012 0.406071 -2.631333 -0.173047 -0.436823 0.882746 15.335934
0.639951 -0.731161 -0.236360 -0.569467 0.748677 0.524012 0.406071 -2.631333 -0.173047 -0.436823 0.882746 15.335934
0.639951 -0.731161 -0.236360 -0.569467 0.748677 0.524012 0.406071 -2.631333 -0.173047 -0.436823 0.882746 15.335934
0.639951 -0.731161 -0.236360 -0.569467 0.748677 0.524012 0.406071 -2.631333 -0.173047 -0.436823 0.882746 15.335934
0.639951 -0.731161 -0.236360 -0.569467 0.748677 0.524012 0.406071 -2.631333 -0.173047 -0.436823 0.882746 15.335934
0.639951 -0.731161 -0.236360 -0.569467 0.748677 0.524012 0.406071 -2.631333 -0.173047 -0.436823 0.882746 15.335934
0.639951 -0.731161 -0.236360 -0.569467 0.748677 0.524012 0.406071 -2.631333 -0.173047 -0.436823 0.882746 15.335934
0.639951 -0.731161 -0.236360 -0.569467 0.748677 0.524012 0.406071 -2.631333 -0.173047 -0.436823 0.882746 15.335934
0.639951 -0.731161 -0.236360 -0.569467 0.748677 0.524012 0.406071 -2.631333 -0.173047 -0.436823 0.882746 15.335934
0.639951 -0.731161 -0.236360 -0.569467 0.748677 0.524012 0.406071 -2.631333 -0.173047 -0.436823 0.882746 15.335934
0.639951 -0.731161 -0.236360 -0.569467 0.748677 0.524012 0.406071 -2.631333 -0.173047 -0.436823 0.882746 15.335934
0.639951 -0.731161 -0.236360 -0.569467 0.748677 0.524012 0.406071 -2.631333 -0.173047 -0.436823 0.882746 15.335934
0.639951 -0.731161 -0.236360 -0.569467 0.748677 0.524012 0.406071 -2.631333 -0.173047 -0.436823 0.882746 15.335934
0.639951 -0.731161 -0.236360 -0.569467 0.748677 0.524012 0.406071 -2.631333 -0.173047 -0.436823 0.882746 15.335934
0.639951 -0.731161 -0.236360 -0.569467 0.748677 0.524012 0.406071 -2.631333 -0.173047 -0.436823 0.882746 15.335934
0.639951 -0.731161 -0.236360 -0.569467 0.748677 0.524012 0.406071 -2.631333 -0.173047 -0.436823 0.882746 15.335934
0.639951 -0.731161 -0.236360 -0.569467 0.748677 0.524012 0.406071 -2.631333 -0.173047 -0.436823 0.882746 15.335934
0.639951 -0.731161 -0.236360 -0.569467 0.748677 0.524012 0.406071 -2.631333 -0.173047 -0.436823 0.882746 15.335934
0.639951 -0.731161 -0.236360 -0.569467 0.748677 0.524012 0.406071 -2.631333 -0.173047 -0.436823 0.882746 15.335934
0.639951 -0.731161 -0.236360 -0.569467 0.748677 0.524012 0.406071 -2.631333 -0.173047 -0.436823 0.882746 15.335934
0.639951 -0.731161 -0.236360 -0.569467 0.748677 0.524012 0.406071 -2.631333 -0.173047 -0.436823 0.882746 15.335934
0.639951 -0.731161 -0.236360 -0.569467 0.748677 0.524012 0.406071 -2.631333 -0.173047 -0.436823 0.882746 15.335934
0.639951 -0.731161 -0.236360 -0.569467 0.748677 0.524012 0.406071 -2.631333 -0.173047 -0.436823 0.882746 15.335934
0.639951 -0.731161 -0.236360 -0.569467 0.748677 0.524012 0.406071 -2.631333 -0.173047 -0.436823 0.882746 15.335934
0.639951 -0.731161 -0.236360 -0.569467 0.748677 0.524012 0.406071 -2.631333 -0.173047 -0.436823 0.882746 15.335934
0.639951 -0.731161 -0.236360 -0.569467 0.748677 0.524012 0.406071 -2.631333 -0.173047 -0.436823 0.882746 15.335934
0.639951 -0.731161 -0.236360 -0.569467 0.748677 0.524012 0.406071 -2.631333 -0.173047 -0.436823 0.882746 15.335934
0.639951 -0.731161 -0.236360 -0.569467 0.748677 0.524012 0.406071 -2.631333 -0.173047 -0.436823 0.882746 15.335934
0.639951 -0.731161 -0.236360 -0.569467 0.748677 0.524012 0.406071 -2.631333 -0.173047 -0.436823 0.882746 15.335934
0.639951 -0.731161 -0.236360 -0.569467 0.748677 0.524012 0.406071 -2.631333 -0.173047 -0.436823 0.882746 15.335934
0.639951 -0.731161 -0.236360 -0.569467 0.748677 0.524012 0.406071 -2.631333 -0.173047 -0.436823 0.882746 15.335934
0.639951 -0.731161 -0.236360 -0.569467 0.748677 0.524012 0.406071 -2.631333 -0.173047 -0.436823 0.882746 15.335934
0.639951 -0.731161 -0.236360 -0.569467 0.748677 0.524012 0.406071 -2.631333 -0.173047 -0.436823 0.882746 15.335934
0.639951 -0.731161 -0.236360 -0.569467 0.748677 0.524012 0.406071 -2.631333 -0.173047 -0.436823 0.882746 15.335934
0.639951 -0.731161 -0.236360 -0.569467 0.748677 0.524012 0.406071 -2.631333 -0.173047 -0.436823 0.882746 15.335934
0.639951 -0.731161 -0.236360 -0.569467 0.748677 0.524012 0.406071 -2.631333 -0.173047 -0.436823 0.882746 15.335934
0.639951 -0.731161 -0.236360 -0.569467 0.748677 0.524012 0.406071 -2.631333 -0.173047 -0.436823 0.882746 15.335934
0.639951 -0.731161 -0.236360 -0.569467 0.748677 0.524012 0.406071 -2.631333 -0.173047 -0.436823 0.882746 15.335934
0.639951 -0.731161 -0.236360 -0.569467 0.748677 0.524012 0.406071 -2.631333 -0.173047 -0.436823 0.882746 15.335934
0.639951 -0.731161 -0.236360 -0.569467 0.748677 0.524012 0.406071 -2.631333 -0.173047 -0.436823 0.882746 15.335934
0.639951 -0.731161 -0.236360 -0.569467 0.748677 0.524012 0.406071 -2.631333 -0.173047 -0.436823 0.882746 15.335934
0.639951 -0.731161 -0.236360 -0.569467 0.748677 0.524012 0.406071 -2.631333 -0.173047 -0.436823 0.882746 15.335934
0.639951 -0.731161 -0.236360 -0.569467 0.748677 0.524012 0.406071 -2.631333 -0.173047 -0.436823 0.882746 15.335934
0.639951 -0.731161 -0.236360 -0.569467 0.748677 0.524012 0.406071 -2.631333 -0.173047 -0.436823 0.882746 15.335934
0.639951 -0.731161 -0.236360 -0.569467 0.748677 0.524012 0.406071 -2.631333 -0.173047 -0.436823 0.882746 15.335934
0.639951 -0.731161 -0.236360 -0.569467 0.748677 0.524012 0.406071 -2.631333 -0.173047 -0.436823 0.882746 15.335934
0.639951 -0.731161 -0.236360 -0.569467 0.748677 0.524012 0.406071 -2.631333 -0.173047 -0.436823 0.882746 15.335934
0.639951 -0.731161 -0.236360 -0.569467 0.748677 0.524012 0.406071 -2.631333 -0.173047 -0.436823 0.882746 15.335934
0.639951 -0.731161 -0.236360 -0.569467 0.748677 0.524012 0.406071 -2.631333 -0.173047 -0.436823 0.882746 15.335934
0.639951 -0.731161 -0.236360 -0.569467 0.748677 0.524012 0.406071 -2.631333 -0.173047 -0.436823 0.882746 15.335934
0.639951 -0.731161 -0.236360 -0.569467 0.748677 0.524012 0.406071 -2.631333 -0.173047 -0.436823 0.882746 15.335934
0.639951 -0.731161 -0.236360 -0.569467 0.748677 0.524012 0.406071 -2.631333 -0.173047 -0.436823 0.882746 15.335934
0.639951 -0.731161 -0.236360 -0.569467 0.748677 0.524012 0.406071 -2.631333 -0.173047 -0.436823 0.882746 15.335934
0.639951 -0.731161 -0.236360 -0.569467 0.748677 0.524012 0.406071 -2.631333 -0.173047 -0.436823 0.882746 15.335934
0.639951 -0.731161 -0.236360 -0.569467 0.748677 0.524012 0.406071 -2.631333 -0.173047 -0.436823 0.882746 15.335934
0.639951 -0.731161 -0.236360 -0.569467 0.748677 0.524012 0.406071 -2.631333 -0.173047 -0.436823 0.882746 15.335934
0.639951 -0.731161 -0.236360 -0.569467 0.748677 0.524012 0.406071 -2.631333 -0.173047 -0.436823 0.882746 15.335934
0.639951 -0.731161 -0.236360 -0.569467 0.748677 0.524012 0.406071 -2.631333 -0.173047 -0.436823 0.882746 15.335934
0.639951 -0.731161 -0.236360 -0.569467 0.748677 0.524012 0.406071 -2.631333 -0.173047 -0.436823 0.882746 15.335934
0.639951 -0.731161 -0.236360 -0.569467 0.748677 0.524012 0.406071 -2.631333 -0.173047 -0.436823 0.882746 15.335934
0.639951 -0.731161 -0.236360 -0.569467 0.748677 0.524012 0.406071 -2.631333 -0.173047 -0.436823 0.882746 15.335934
0.639951 -0.731161 -0.236360 -0.569467 0.748677 0.524012 0.406071 -2.631333 -0.173047 -0.436823 0.882746 15.335934
0.639951 -0.731161 -0.236360 -0.569467 0.748677 0.524012 0.406071 -2.631333 -0.173047 -0.436823 0.882746 15.335934
0.639951 -0.731161 -0.236360 -0.569467 0.748677 0.524012 0.406071 -2.631333 -0.173047 -0.436823 0.882746 15.335934
0.639951 -0.731161 -0.236360 -0.569467 0.748677 0.524012 0.406071 -2.631333 -0.173047 -0.436823 0.882746 15.335934
0.639951 -0.731161 -0.236360 -0.569467 0.748677 0.524012 0.406071 -2.631333 -0.173047 -0.436823 0.882746 15.335934
0.639951 -0.731161 -0.236360 -0.569467 0.748677 0.524012 0.406071 -2.631333 -0.173047 -0.436823 0.882746 15.335934
0.639951 -0.731161 -0.236360 -0.569467 0.748677 0.524012 0.406071 -2.631333 -0.173047 -0.436823 0.882746 15.335934
0.639951 -0.731161 -0.236360 -0.569467 0.748677 0.524012 0.406071 -2.631333 -0.173047 -0.436823 0.882746 15.335934
0.639951 -0.731161 -0.236360 -0.569467 0.748677 0.524012 0.406071 -2.631333 -0.173047 -0.436823 0.882746 15.335934
0.639951 -0.731161 -0.236360 -0.569467 0.748677 0.524012 0.406071 -2.631333 -0.173047 -0.436823 0.882746 15.335934
0.639951 -0.731161 -0.236360 -0.569467 0.748677 0.524012 0.406071 -2.631333 -0.173047 -0.436823 0.882746 15.335934
0.639951 -0.731161 -0.236360 -0.569467 0.748677 0.524012 0.406071 -2.631333 -0.173047 -0.436823 0.882746 15.335934
0.639951 -0.731161 -0.236360 -0.569467 0.748677 0.524012 0.406071 -2.631333 -0.173047 -0.436823 0.882746 15.335934
0.639951 -0.731161 -0.236360 -0.569467 0.748677 0.524012 0.406071 -2.631333 -0.173047 -0.436823 0.882746 15.335934
0.639951 -0.731161 -0.236360 -0.569467 0.748677 0.524012 0.406071 -2.631333 -0.173047 -0.436823 0.882746 15.335934
0.639951 -0.731161 -0.236360 -0.569467 0.748677 0.524012 0.406071 -2.631333 -0.173047 -0.436823 0.882746 15.335934
0.639951 -0.731161 -0.236360 -0.569467 0.748677 0.524012 0.406071 -2.631333 -0.173047 -0.436823 0.882746 15.335934
0.639951 -0.731161 -0.236360 -0.569467 0.748677 0.524012 0.406071 -2.631333 -0.173047 -0.436823 0.882746 15.335934
0.639951 -0.731161 -0.236360 -0.569467 0.748677 0.524012 0.406071 -2.631333 -0.173047 -0.436823 0.882746 15.335934
0.639951 -0.731161 -0.236360 -0.569467 0.748677 0.524012 0.406071 -2.631333 -0.173047 -0.436823 0.882746 15.335934
