1.000000 0.000000 0.000000 0.000000 0.000000 1.000000 0.000000 0.000000 0.000000 0.000000 1.000000 0.000000
0.999991 -0.004117 -0.000238 0.526373 0.004118 0.999983 0.004169 -0.083297 0.000221 -0.004170 0.999991 0.351708
0.999925 -0.006606 -0.010344 0.858134 0.006657 0.999966 0.004928 -0.137021 0.010311 -0.004997 0.999934 0.506609
0.999385 -0.007868 -0.034180 1.443048 0.007993 0.999962 0.003521 -0.143827 0.034151 -0.003792 0.999409 0.495089
0.998963 -0.009706 -0.044492 1.546860 0.009799 0.999950 0.001871 -0.117534 0.044471 -0.002305 0.999008 0.883346
0.996649 -0.010394 -0.081128 2.223793 0.010443 0.999946 0.000182 -0.113883 0.081122 -0.001029 0.996704 0.998463
0.994336 -0.009720 -0.105833 2.391951 0.009562 0.999952 -0.001999 -0.068647 0.105847 0.000975 0.994382 1.420565
0.990690 -0.004964 -0.136042 2.625376 0.005065 0.999987 0.000399 -0.132104 0.136039 -0.001085 0.990703 1.799289
0.985309 -0.000960 -0.170780 2.953593 0.001872 0.999985 0.005182 -0.303101 0.170772 -0.005426 0.985296 2.152741
0.977953 -0.000581 -0.208822 3.370790 0.001001 0.999998 0.001909 -0.237062 0.208821 -0.002076 0.977952 2.530424
0.970165 -0.003611 -0.242418 3.588503 0.003446 0.999993 -0.001103 -0.145198 0.242420 0.000235 0.970171 2.940485
0.962198 -0.007034 -0.272261 3.746991 0.006668 0.999975 -0.002269 -0.095876 0.272271 0.000368 0.962221 3.312023
0.955447 -0.006489 -0.295090 3.833258 0.005615 0.999977 -0.003806 -0.039153 0.295108 0.001980 0.955462 3.523368
0.951897 -0.006315 -0.306354 3.726768 0.004450 0.999967 -0.006786 0.052549 0.306387 0.005097 0.951893 3.576085
0.943656 -0.007829 -0.330837 3.833735 0.006597 0.999966 -0.004846 -0.003507 0.330864 0.002391 0.943675 4.033276
0.931005 -0.010225 -0.364864 4.317806 0.012065 0.999923 0.002763 -0.180592 0.364808 -0.006974 0.931057 4.487493
0.921835 -0.014528 -0.387309 4.512329 0.015618 0.999878 -0.000335 -0.165902 0.387267 -0.005740 0.921950 4.894596
0.912750 -0.017473 -0.408144 4.623117 0.012852 0.999819 -0.014061 0.084391 0.408316 0.007588 0.912809 5.483320
0.905952 -0.020178 -0.422900 4.648909 0.007875 0.999494 -0.030819 0.411423 0.423308 0.024590 0.905652 5.922683
0.898263 -0.026636 -0.438650 4.650549 0.009760 0.999124 -0.040683 0.564059 0.439350 0.032263 0.897737 6.358576
0.887335 -0.031950 -0.460018 4.758308 0.013827 0.998992 -0.042712 0.535072 0.460918 0.031539 0.886882 6.896297
0.878347 -0.040844 -0.476275 4.982977 0.021114 0.998686 -0.046705 0.632327 0.477557 0.030967 0.878055 7.131526
0.871318 -0.043467 -0.488790 4.956178 0.023142 0.998601 -0.047550 0.590735 0.490173 0.030119 0.871105 7.403028
0.860424 -0.044854 -0.507602 5.002793 0.016188 0.998022 -0.060750 0.761283 0.509322 0.044053 0.859448 7.891520
0.851035 -0.043381 -0.523313 4.980520 0.012928 0.998011 -0.061706 0.685883 0.524949 0.045748 0.849903 8.280666
0.845139 -0.049304 -0.532269 4.858325 0.012961 0.997335 -0.071803 0.838733 0.534390 0.053784 0.843525 8.566509
0.838732 -0.052422 -0.542015 4.891576 0.014618 0.997164 -0.073821 0.841684 0.544348 0.053993 0.837120 8.676194
0.819013 -0.056470 -0.570990 5.032161 0.017732 0.997161 -0.073184 0.730273 0.573501 0.049814 0.817689 9.484400
0.809664 -0.059794 -0.583839 4.975449 0.015595 0.996637 -0.080444 0.773216 0.586686 0.056028 0.807874 9.836431
0.797727 -0.065195 -0.599485 4.933838 0.016926 0.996168 -0.085812 0.746055 0.602782 0.058308 0.795773 10.276043
0.792086 -0.067337 -0.606684 4.740628 0.009970 0.995191 -0.097441 0.774653 0.610328 0.071132 0.788948 10.587732
0.779590 -0.077459 -0.621481 4.736673 0.014639 0.994305 -0.105563 0.750255 0.626119 0.073198 0.776284 11.104790
0.771000 -0.083198 -0.631377 4.606978 0.010694 0.992981 -0.117788 0.761814 0.636745 0.084062 0.766478 11.549013
0.765542 -0.085902 -0.637625 4.541409 0.007522 0.992174 -0.124636 0.709963 0.643342 0.090618 0.760197 11.749052
0.759143 -0.094757 -0.643990 4.393937 0.000806 0.989484 -0.144642 0.925030 0.650923 0.109285 0.751236 12.165841
0.751220 -0.096947 -0.652893 4.228642 -0.007165 0.987899 -0.154935 0.924099 0.660013 0.121068 0.741435 12.562639
0.739648 -0.103881 -0.664929 4.119835 -0.009003 0.986399 -0.164119 0.922955 0.672934 0.127377 0.728653 13.006724
0.729315 -0.102896 -0.676397 4.018559 -0.009783 0.986957 -0.160688 0.699061 0.684109 0.123809 0.718795 13.368747
0.726370 -0.104654 -0.679289 3.835855 -0.020271 0.984647 -0.173375 0.856603 0.687005 0.139704 0.713097 13.568241
0.721874 -0.107746 -0.683585 3.708789 -0.022204 0.983690 -0.178495 0.893156 0.691668 0.144030 0.707708 13.743116
0.741885 -0.098443 -0.663261 3.810740 -0.014796 0.986520 -0.162972 0.778206 0.670364 0.130720 0.730428 12.721066
0.738816 -0.101108 -0.666279 3.802712 -0.014524 0.986062 -0.165741 0.895043 0.673751 0.132129 0.727050 12.715132
0.733064 -0.095476 -0.673425 3.544432 -0.016386 0.987332 -0.157818 0.680453 0.679962 0.126725 0.722214 12.990805
0.725855 -0.097937 -0.680840 3.493150 -0.021093 0.986177 -0.164347 0.857813 0.687524 0.133652 0.713756 13.150019
0.718646 -0.096970 -0.688582 3.279952 -0.022883 0.986395 -0.162792 0.870188 0.694999 0.132746 0.706650 13.404109
0.705768 -0.089055 -0.702824 3.262536 -0.025142 0.988294 -0.150474 0.694193 0.707997 0.123870 0.695267 13.668696
0.705663 -0.077194 -0.704330 3.108948 -0.029136 0.990045 -0.137700 0.509961 0.707948 0.117691 0.696390 13.583603
0.700185 -0.077806 -0.709710 3.036025 -0.030858 0.989817 -0.138958 0.566066 0.713295 0.119197 0.690654 13.635045
0.695193 -0.079488 -0.714415 2.866418 -0.023508 0.990821 -0.133117 0.473222 0.718439 0.109336 0.686943 13.654506
0.686649 -0.082749 -0.722265 2.471248 -0.032000 0.989098 -0.143742 0.576698 0.726285 0.121813 0.676515 14.106869
0.675232 -0.083829 -0.732826 2.304294 -0.037125 0.988399 -0.147272 0.622730 0.736671 0.126649 0.664287 14.438320
0.667259 -0.079556 -0.740565 2.190628 -0.033659 0.990043 -0.136684 0.443914 0.744065 0.116130 0.657937 14.555760
0.658633 -0.081996 -0.747984 2.049066 -0.033336 0.989889 -0.137868 0.516447 0.751726 0.115739 0.649240 14.754586
0.658888 -0.080247 -0.747949 1.904295 -0.029710 0.990742 -0.132468 0.541939 0.751655 0.109502 0.650403 14.652092
0.654726 -0.074503 -0.752186 1.636275 -0.029512 0.991852 -0.123930 0.411104 0.755290 0.103339 0.647193 14.795625
0.650379 -0.072882 -0.756105 1.522167 -0.031951 0.991881 -0.123092 0.407763 0.758938 0.104215 0.642770 14.849194
0.648535 -0.075112 -0.757470 1.375601 -0.030205 0.991796 -0.124210 0.446830 0.760586 0.103433 0.640945 14.867543
0.644495 -0.071013 -0.761303 1.199279 -0.021109 0.993646 -0.110556 0.220604 0.764317 0.087324 0.638901 14.920936
0.633476 -0.074992 -0.770120 0.874065 -0.016606 0.993745 -0.110428 0.154094 0.773584 0.082743 0.628269 15.341043
0.630669 -0.077455 -0.772177 0.619867 -0.018901 0.993179 -0.115060 0.198673 0.775822 0.087160 0.624903 15.517679
0.628388 -0.079173 -0.773861 0.438612 -0.018755 0.992976 -0.116820 0.194068 0.777674 0.087922 0.622489 15.625740
0.628684 -0.082265 -0.773298 0.274237 -0.011621 0.993284 -0.115115 0.167619 0.777574 0.081357 0.623506 15.657179
0.629634 -0.083333 -0.772409 0.004469 -0.016093 0.992618 -0.120209 0.218247 0.776725 0.088118 0.623645 15.838031
0.631442 -0.081386 -0.771140 -0.094922 -0.016406 0.992852 -0.118219 0.216437 0.775250 0.087300 0.625593 15.890325
0.631621 -0.083748 -0.770740 -0.296565 -0.017479 0.992357 -0.122153 0.260876 0.775080 0.090626 0.625330 16.030264
0.636198 -0.088044 -0.766486 -0.498513 -0.008148 0.992645 -0.120786 0.222017 0.771483 0.083089 0.630801 16.014536
0.637656 -0.090258 -0.765015 -0.797880 -0.008826 0.992191 -0.124417 0.248735 0.770270 0.086087 0.631880 16.165945
0.633031 -0.084627 -0.769487 -0.893008 -0.011496 0.992869 -0.118652 0.147541 0.774041 0.083956 0.627544 16.328869
0.611770 -0.084840 -0.786473 -1.267286 -0.010490 0.993274 -0.115308 0.028270 0.790966 0.078792 0.606766 17.033895
0.618949 -0.084323 -0.780892 -1.378781 -0.005190 0.993760 -0.111423 0.070377 0.785414 0.073018 0.614649 16.837706
0.605188 -0.082381 -0.791808 -1.510706 -0.004128 0.994293 -0.106603 -0.012613 0.796072 0.067784 0.601395 17.123188
0.601518 -0.087288 -0.794076 -1.737197 -0.004453 0.993631 -0.112597 0.021848 0.798847 0.071265 0.597298 17.191118
0.596642 -0.099230 -0.796349 -2.001585 0.014493 0.993496 -0.112938 -0.011424 0.802377 0.055842 0.594200 17.196671
0.586556 -0.095554 -0.804252 -2.108689 0.015681 0.994170 -0.106681 -0.120507 0.809757 0.049963 0.584635 17.320051
0.582653 -0.088530 -0.807885 -2.515675 0.001441 0.994160 -0.107903 -0.115755 0.812719 0.061706 0.579379 17.531675
0.570211 -0.083781 -0.817215 -2.769190 0.003253 0.995008 -0.099738 -0.212221 0.821492 0.054213 0.567638 17.802155
0.567211 -0.082987 -0.819381 -2.912740 0.001006 0.994979 -0.100076 -0.235830 0.823572 0.055940 0.564446 17.841394
0.559354 -0.087594 -0.824287 -3.188027 0.003145 0.994618 -0.103561 -0.285348 0.828923 0.055335 0.556620 18.076050
0.554707 -0.092921 -0.826841 -3.502620 -0.001720 0.993614 -0.112816 -0.314916 0.832044 0.064002 0.551005 18.288687
0.552609 -0.091784 -0.828371 -3.735387 -0.010665 0.993057 -0.117146 -0.327429 0.833373 0.073571 0.547793 18.429480
0.543988 -0.094562 -0.833748 -4.047694 0.002337 0.993796 -0.111190 -0.407780 0.839090 0.058537 0.540834 18.650534
0.539894 -0.089405 -0.836972 -4.340359 -0.004620 0.994013 -0.109160 -0.426922 0.841721 0.062802 0.536248 18.855484
0.534520 -0.083851 -0.840986 -4.492935 -0.007627 0.994547 -0.104009 -0.466636 0.845122 0.062009 0.530965 18.978895
0.532345 -0.084243 -0.842326 -4.652444 -0.008800 0.994431 -0.105017 -0.463615 0.846482 0.063318 0.528639 19.032440
0.527470 -0.085841 -0.845226 -4.888305 -0.009517 0.994223 -0.106912 -0.493604 0.849520 0.064437 0.523606 19.173693
0.521483 -0.088965 -0.848611 -5.148682 -0.009211 0.993905 -0.109857 -0.528085 0.853212 0.065105 0.517485 19.333870
0.515332 -0.090239 -0.852226 -5.379091 -0.009365 0.993788 -0.110891 -0.559112 0.856940 0.065127 0.511286 19.468790
0.508304 -0.090309 -0.856430 -5.652569 -0.009177 0.993862 -0.110247 -0.597301 0.861129 0.063898 0.504355 19.646755
0.502536 -0.089060 -0.859957 -5.890612 -0.010566 0.993973 -0.109114 -0.628834 0.864492 0.063920 0.498566 19.759800
0.492373 -0.091292 -0.865583 -6.162540 -0.009560 0.993857 -0.110259 -0.680449 0.870332 0.062564 0.488475 19.958982
0.487286 -0.093475 -0.868225 -6.311220 -0.006525 0.993837 -0.110660 -0.694670 0.873218 0.059588 0.483673 19.995104
0.479014 -0.094814 -0.872671 -6.562196 -0.005589 0.993800 -0.111042 -0.730385 0.877789 0.058068 0.475515 20.132368
0.471954 -0.096121 -0.876367 -6.794553 -0.006436 0.993637 -0.112449 -0.762818 0.881599 0.058711 0.468333 20.251162
0.463163 -0.097996 -0.880839 -7.028149 -0.005957 0.993502 -0.113662 -0.796343 0.886253 0.057892 0.459570 20.376667
0.453794 -0.099501 -0.885534 -7.253798 -0.002606 0.993594 -0.112979 -0.831468 0.891103 0.053577 0.450628 20.496130
0.444968 -0.098981 -0.890060 -7.534708 -0.001574 0.993785 -0.111302 -0.870540 0.895545 0.050927 0.442046 20.637781
0.437010 -0.098212 -0.894079 -7.789418 -0.004415 0.993775 -0.111321 -0.905890 0.899446 0.052596 0.433855 20.759468
0.428012 -0.100340 -0.898185 -8.040732 -0.003065 0.993651 -0.112466 -0.936240 0.903768 0.050889 0.424987 20.878551
0.422017 -0.100731 -0.900975 -8.238475 -0.006198 0.993464 -0.113974 -0.963334 0.906567 0.053683 0.418634 20.945011
