1548339465.425730 0.000000000 0.000000000 0.000000000 0.000000000 0.000000000 0.000000000 1.000000000
1548339465.457930 -0.005991396 0.002543609 0.002701608 0.001893793 -0.006014212 0.000094775 0.999980092
1548339465.491440 -0.012196979 0.000775738 0.000318637 0.003399755 -0.014785018 -0.000758260 0.999884605
1548339465.524880 -0.006016478 -0.003373273 -0.002076190 0.004207446 -0.024168596 -0.001962668 0.999697089
1548339465.558400 -0.001492385 -0.010762455 -0.004357877 0.003930225 -0.027886720 -0.002664640 0.999599814
1548339465.591910 -0.003904249 -0.007432314 -0.003919394 0.005498568 -0.030171465 -0.002010770 0.999527574
1548339465.625420 -0.008481911 -0.006716898 -0.003659094 0.005971269 -0.032009199 -0.003189084 0.999464631
1548339465.658890 -0.012301676 -0.004031076 -0.001603149 0.006263077 -0.033263057 -0.003128024 0.999422073
1548339465.692400 -0.018356523 -0.002876356 -0.002921158 0.005936740 -0.037352245 -0.004552050 0.999274135
1548339465.725700 -0.014193463 -0.006072575 -0.003892747 0.004143570 -0.042728182 -0.006520879 0.999056876
1548339465.759430 -0.012327640 -0.010635684 -0.005992706 0.001907664 -0.044681594 -0.009648062 0.998952866
1548339465.792960 -0.013698669 -0.006950873 -0.005489867 0.000927536 -0.044273857 -0.010617841 0.998962581
1548339465.826520 -0.025017217 0.003253801 -0.003332869 0.001309850 -0.046167623 -0.010720070 0.998875320
1548339465.860030 -0.017130893 -0.002224138 -0.008907227 -0.001203768 -0.051671680 -0.014168932 0.998562872
1548339465.893550 -0.026020017 0.003814474 -0.006295014 -0.001431745 -0.051609080 -0.015556464 0.998545170
1548339465.927020 -0.027176788 0.007401589 -0.006503800 -0.001889583 -0.056344945 -0.016808376 0.998268068
1548339465.960160 -0.021886779 0.001835971 -0.011757581 -0.004245774 -0.060479924 -0.019384572 0.997972131
1548339465.993670 -0.027704101 0.007887881 -0.009966844 -0.004456875 -0.060942471 -0.020283710 0.997925222
1548339466.027190 -0.027999833 0.011701351 -0.012549871 -0.005271634 -0.064049013 -0.020671835 0.997718692
1548339466.060710 -0.030251313 0.014346051 -0.013991689 -0.006383369 -0.066670999 -0.021340879 0.997526348
1548339466.094220 -0.033987954 0.015304045 -0.014802282 -0.007860142 -0.070520498 -0.021147966 0.997255147
1548339466.127740 -0.029776538 0.016235946 -0.020103965 -0.009895410 -0.076990120 -0.021396147 0.996753156
1548339466.161250 -0.030186936 0.013605379 -0.020752857 -0.012838209 -0.079828776 -0.022929998 0.996462107
1548339466.194770 -0.028085340 0.018177798 -0.022258941 -0.014624471 -0.081564471 -0.020785052 0.996343970
1548339466.228290 -0.033011470 0.025845516 -0.021200614 -0.015758546 -0.084872909 -0.018874610 0.996088386
1548339466.261630 -0.025674054 0.018192269 -0.028770238 -0.019914538 -0.089568570 -0.020857686 0.995563090
1548339466.295130 -0.025914028 0.023078043 -0.028848082 -0.021735178 -0.089201592 -0.019049201 0.995594203
1548339466.328650 -0.026038567 0.026858050 -0.030099977 -0.023466399 -0.092161916 -0.017639827 0.995311141
1548339466.362180 -0.024787683 0.026004769 -0.030608501 -0.026064955 -0.094385073 -0.017581834 0.995039165
1548339466.395870 -0.021759523 0.027785338 -0.030956617 -0.028030857 -0.095678195 -0.016606973 0.994878948
1548339466.429700 -0.022378584 0.030940928 -0.031914938 -0.029593119 -0.096310809 -0.015095590 0.994796753
1548339466.463210 -0.020281732 0.031965777 -0.032925963 -0.031262260 -0.098428331 -0.014806495 0.994542778
1548339466.496250 -0.020872088 0.033837445 -0.033440769 -0.032693479 -0.097910911 -0.014475546 0.994552672
1548339466.529740 -0.019804986 0.035665102 -0.034678727 -0.034296636 -0.097445078 -0.013668485 0.994555831
1548339466.563260 -0.017761484 0.038309943 -0.035918936 -0.035376158 -0.097791925 -0.013039477 0.994492471
1548339466.596770 -0.011486247 0.041344721 -0.036936708 -0.036223877 -0.097641706 -0.012383785 0.994485080
1548339466.630290 -0.013345805 0.042151131 -0.037764471 -0.037494201 -0.095148787 -0.011520426 0.994690001
1548339466.663830 -0.012524518 0.046598330 -0.037885338 -0.038015962 -0.094667070 -0.010819049 0.994724035
1548339466.697340 -0.011759505 0.050597735 -0.037062723 -0.038951825 -0.093525812 -0.010345061 0.994800806
1548339466.730860 -0.010617821 0.054867327 -0.040191717 -0.039789937 -0.092739299 -0.009536237 0.994849324
1548339466.764390 -0.012029931 0.058614716 -0.041728128 -0.041282445 -0.093945131 -0.009612930 0.994674623
1548339466.797950 -0.010993142 0.057519104 -0.041973796 -0.044022836 -0.094110958 -0.011228544 0.994524539
1548339466.831420 -0.011236691 0.062665157 -0.042738061 -0.045423388 -0.093155347 -0.011714168 0.994545877
1548339466.864920 -0.012188778 0.069034636 -0.045341663 -0.046296701 -0.094245687 -0.012248289 0.994396448
1548339466.898440 -0.013118019 0.070252642 -0.044558678 -0.048053581 -0.095980451 -0.014154681 0.994121850
1548339466.931950 -0.012601892 0.073855236 -0.047602020 -0.048837956 -0.097984709 -0.015122747 0.993873835
1548339466.965490 -0.013519926 0.076050438 -0.047916476 -0.049690295 -0.099871986 -0.015669741 0.993635237
1548339466.999050 -0.011818075 0.078342438 -0.048521172 -0.050052870 -0.102677017 -0.017165363 0.993306339
1548339467.032570 -0.009221390 0.080577619 -0.049015861 -0.050872762 -0.103084117 -0.017421536 0.993218064
1548339467.066090 -0.010139179 0.087695993 -0.051160932 -0.051266201 -0.103352681 -0.016309371 0.993188798
1548339467.099600 -0.007678289 0.091347419 -0.051867396 -0.052986108 -0.105294771 -0.016082874 0.992898226
1548339467.133120 -0.002210254 0.094416656 -0.050127365 -0.055308040 -0.105450317 -0.016191058 0.992753267
1548339467.166630 -0.003488318 0.097815104 -0.052517600 -0.058239169 -0.103818275 -0.014697645 0.992780924
1548339467.200360 -0.004681574 0.101476662 -0.049803514 -0.061274387 -0.103637867 -0.014272259 0.992623270
1548339467.233920 -0.004739028 0.107392244 -0.049189087 -0.063771926 -0.103365600 -0.013425711 0.992506146
1548339467.267500 -0.002547719 0.108254850 -0.046568088 -0.067012936 -0.103773542 -0.013525449 0.992248654
1548339467.301030 -0.003415409 0.108386487 -0.044770904 -0.069777317 -0.103107668 -0.012770828 0.992137492
1548339467.334550 0.000030593 0.111232929 -0.044714887 -0.070814759 -0.103053130 -0.011612692 0.992083907
1548339467.368080 0.002779927 0.114985369 -0.044008482 -0.070631810 -0.103706315 -0.009324868 0.992053032
1548339467.401600 0.010709493 0.113610372 -0.043226484 -0.070785105 -0.103583515 -0.008909505 0.992058754
1548339467.435110 0.011148143 0.115196988 -0.042197693 -0.070731908 -0.100842021 -0.007910486 0.992353439
1548339467.468630 0.010138205 0.121169314 -0.041084897 -0.069472305 -0.098641321 -0.006811691 0.992671669
1548339467.502220 0.018324679 0.121428199 -0.041499488 -0.069940202 -0.097330138 -0.007805386 0.992760956
1548339467.535740 0.014651029 0.129442826 -0.039919812 -0.069300897 -0.093912564 -0.007425617 0.993137777
1548339467.569250 0.019449411 0.131085038 -0.038552415 -0.070159629 -0.093034416 -0.008676982 0.993149996
1548339467.602770 0.019436426 0.134784073 -0.036510386 -0.070876703 -0.088963836 -0.009690416 0.993462622
1548339467.636290 0.018125979 0.139377490 -0.035436012 -0.071790561 -0.086158924 -0.009125120 0.993649542
1548339467.669800 0.017896438 0.142950475 -0.033094537 -0.073108561 -0.086792104 -0.009772384 0.993492186
1548339467.703290 0.022922868 0.138553515 -0.031921715 -0.076201975 -0.085310049 -0.011390457 0.993370891
1548339467.736760 0.016812732 0.140532404 -0.021519154 -0.078291439 -0.079953775 -0.011527935 0.993652284
1548339467.770270 0.017585959 0.141067371 -0.017965008 -0.080063693 -0.075781822 -0.010435678 0.993850112
1548339467.803790 0.015886849 0.138608694 -0.013875737 -0.081710212 -0.072298147 -0.008428365 0.993994653
1548339467.837310 0.018139677 0.131883010 -0.011160400 -0.082529597 -0.070695087 -0.007182535 0.994052052
1548339467.870740 0.022141522 0.129471257 -0.007368623 -0.081625193 -0.067802116 -0.005347983 0.994339764
1548339467.904110 0.022520117 0.126138970 -0.006611501 -0.079977542 -0.064902492 -0.002383970 0.994678617
1548339467.937470 0.026679467 0.121293738 -0.005283352 -0.077998452 -0.063511059 0.000016758 0.994928420
1548339467.970920 0.028059563 0.116248384 -0.003322290 -0.076181524 -0.060174678 0.001398574 0.995275557
1548339468.004440 0.026118265 0.121496990 -0.002394130 -0.072307445 -0.058149952 0.004786860 0.995674253
1548339468.037950 0.030725004 0.115814887 -0.002823925 -0.070864148 -0.058868263 0.004658416 0.995736420
1548339468.071470 0.035108134 0.112489849 -0.002353058 -0.069299445 -0.058688048 0.004817353 0.995856464
1548339468.105040 0.031727642 0.110770993 -0.000880744 -0.067481309 -0.057451837 0.004619014 0.996054292
1548339468.138550 0.033643641 0.107909910 -0.000212770 -0.066120900 -0.057968259 0.004330093 0.996116936
1548339468.172080 0.034865368 0.108364686 -0.000195561 -0.064050026 -0.057951596 0.003932477 0.996254861
1548339468.205610 0.033945866 0.106205560 0.001326365 -0.063009627 -0.058114935 0.003742018 0.996312439
1548339468.239120 0.035553236 0.100844584 0.003889610 -0.062635630 -0.058600832 0.002919671 0.996310294
1548339468.272650 0.037305675 0.097363584 0.004617044 -0.062424578 -0.057766739 0.002609037 0.996373117
1548339468.306150 0.035194051 0.097002774 0.005538299 -0.061812568 -0.056802154 0.003567366 0.996463716
1548339468.339660 0.038460117 0.093712993 0.006040185 -0.061410282 -0.057925224 0.004274489 0.996421158
1548339468.373180 0.037991926 0.088434167 0.010656337 -0.061908219 -0.056621529 0.003712396 0.996467531
1548339468.406700 0.036461912 0.090682209 0.011756079 -0.060844168 -0.055204347 0.005852037 0.996602356
1548339468.440230 0.033560537 0.084645092 0.014837057 -0.061517376 -0.054594424 0.005935515 0.996594131
1548339468.473740 0.038687851 0.084061570 0.016407607 -0.060696308 -0.055450093 0.006936569 0.996590734
1548339468.507280 0.039012000 0.075590968 0.013988107 -0.061965302 -0.055041477 0.007873194 0.996528327
1548339468.540800 0.039498318 0.074177220 0.017925611 -0.061168596 -0.055325720 0.007430723 0.996565223
1548339468.574310 0.039554782 0.066059887 0.019706029 -0.061839487 -0.053480677 0.006621583 0.996630251
1548339468.607830 0.038336512 0.065531306 0.020599248 -0.060599465 -0.052064117 0.007412475 0.996775866
1548339468.641420 0.039418384 0.061460368 0.022521723 -0.059893504 -0.051916916 0.007084615 0.996828556
1548339468.674960 0.041075047 0.055524267 0.025127195 -0.059792925 -0.050795268 0.005528776 0.996902227
1548339468.708470 0.040741153 0.052862819 0.026083963 -0.058742553 -0.047841754 0.005074767 0.997113168
1548339468.742180 0.035615433 0.053214785 0.030095808 -0.057170250 -0.045547914 0.004986400 0.997312427
1548339468.775680 0.038610056 0.048845578 0.032034356 -0.056392524 -0.044860709 0.003026331 0.997395694
1548339468.809210 0.041824434 0.044382822 0.035082702 -0.056147344 -0.041197255 0.002092108 0.997569978
1548339468.842740 0.037204362 0.046576440 0.034026913 -0.054889914 -0.037742086 0.003352658 0.997773230
1548339468.876260 0.037297744 0.041955076 0.036563531 -0.054512650 -0.038030371 0.002901618 0.997784376
1548339468.909790 0.040593058 0.036050335 0.039963037 -0.054572754 -0.036980759 0.001416657 0.997823775
1548339468.943300 0.033809751 0.037136782 0.044868611 -0.053335052 -0.033153363 0.002080726 0.998023987
1548339468.976810 0.034795646 0.027775384 0.046265580 -0.053660903 -0.032287303 0.001471151 0.998036027
1548339469.010320 0.035949778 0.023179406 0.049602635 -0.052496970 -0.030097885 0.001266721 0.998166621
1548339469.043840 0.035157446 0.024493376 0.050589856 -0.049666308 -0.026931554 0.002658973 0.998399138
1548339469.077370 0.036533706 0.022264337 0.051319070 -0.048064701 -0.025605060 0.001975065 0.998514056
1548339469.110870 0.040236771 0.013393612 0.051263291 -0.047990669 -0.022593725 -0.000549577 0.998592079
1548339469.144400 0.033612072 0.014030514 0.056169748 -0.046717431 -0.017031522 -0.000306584 0.998762906
1548339469.177920 0.034846608 0.014365324 0.057052899 -0.045619640 -0.015752008 -0.000488508 0.998834550
1548339469.211480 0.045799222 0.006749071 0.052977268 -0.046851162 -0.014873566 -0.002536131 0.998787880
1548339469.245020 0.038516335 0.009375589 0.061207008 -0.045648940 -0.008155840 -0.001933259 0.998922348
1548339469.278570 0.036964536 0.006351621 0.063553013 -0.045681614 -0.006359217 -0.001426668 0.998934805
1548339469.312550 0.039933696 -0.001201490 0.067688227 -0.046455942 -0.002874979 -0.001962054 0.998914242
1548339469.346070 0.043160986 -0.007373902 0.071223393 -0.046656482 0.002547255 -0.001232489 0.998906970
1548339469.379580 0.039799623 -0.006916299 0.074726969 -0.045478515 0.007956458 0.002024882 0.998931587
1548339469.413100 0.049253106 -0.014676453 0.074990377 -0.046050142 0.011355819 0.002482891 0.998871505
1548339469.446620 0.047297027 -0.016516814 0.081655979 -0.045385409 0.020421639 0.005171328 0.998747408
1548339469.480130 0.037725810 -0.014040544 0.084919915 -0.043280587 0.026971260 0.009512900 0.998653531
1548339469.513390 0.043446388 -0.017125668 0.087521404 -0.042205829 0.028360620 0.010490839 0.998651206
1548339469.546910 0.042875830 -0.020967213 0.090583235 -0.041417252 0.033685464 0.012047720 0.998501241
1548339469.580430 0.042473767 -0.022625752 0.092092797 -0.040347211 0.036890149 0.015143331 0.998389661
1548339469.613990 0.043196928 -0.027310384 0.092491344 -0.039432291 0.039480422 0.015096037 0.998327851
1548339469.647460 0.042329419 -0.026916629 0.093661793 -0.037744422 0.043938037 0.015388508 0.998202384
1548339469.680710 0.039986692 -0.029065628 0.094936423 -0.036687832 0.047781080 0.016035512 0.998055041
1548339469.714170 0.044918280 -0.031052001 0.097443931 -0.035869882 0.050557699 0.014333522 0.997973859
1548339469.747660 0.042255022 -0.039376650 0.095438614 -0.035954222 0.056019280 0.014598764 0.997675300
1548339469.781170 0.035771955 -0.035270691 0.100883648 -0.033668559 0.059270807 0.016071264 0.997544527
1548339469.814690 0.049229350 -0.047788821 0.100639619 -0.034609914 0.058592726 0.014136191 0.997581661
1548339469.848230 0.054516573 -0.054585278 0.101592489 -0.035149939 0.063986316 0.013546442 0.997239590
1548339469.881750 0.040522482 -0.052646015 0.103556462 -0.033427302 0.072353043 0.016562620 0.996681154
1548339469.915270 0.047400407 -0.051609106 0.110539824 -0.032277487 0.074144371 0.017400136 0.996573150
1548339469.948780 0.055263814 -0.057970162 0.111186549 -0.032422595 0.078596391 0.020290866 0.996172488
1548339469.982270 0.040611971 -0.061511658 0.106261760 -0.031891018 0.085766390 0.023052707 0.995537877
1548339470.015790 0.042701822 -0.066942513 0.109500617 -0.032491498 0.087331221 0.023997419 0.995360076
1548339470.049290 0.047948334 -0.067051604 0.113011487 -0.032209259 0.090288691 0.026223589 0.995049179
1548339470.082810 0.044592045 -0.071887061 0.114300497 -0.032977898 0.094770245 0.027341923 0.994577050
1548339470.116330 0.047857411 -0.070756130 0.120071165 -0.032771513 0.097255640 0.029753350 0.994274676
1548339470.149740 0.047921102 -0.077839576 0.126331344 -0.033964854 0.101991259 0.031841833 0.993695259
1548339470.183240 0.045542065 -0.082179710 0.129343912 -0.034030881 0.105721846 0.034733169 0.993206143
1548339470.216750 0.053027380 -0.089583889 0.131653577 -0.034579709 0.108375527 0.036600076 0.992834032
1548339470.250270 0.045941528 -0.090212330 0.133590445 -0.032649904 0.115059868 0.040852424 0.991980970
1548339470.283780 0.044413105 -0.097217485 0.137377515 -0.031449754 0.117369086 0.044841744 0.991576850
1548339470.317290 0.052547518 -0.104179017 0.135615617 -0.030550227 0.117754653 0.046327319 0.991490960
1548339470.350810 0.053038444 -0.107067719 0.137238130 -0.028356368 0.122095615 0.050105289 0.990847170
1548339470.384320 0.055667896 -0.110922068 0.139246821 -0.026530378 0.124233894 0.052030459 0.990532637
1548339470.417840 0.053464212 -0.109027863 0.142966032 -0.023915360 0.128896981 0.052905943 0.989956856
1548339470.451350 0.051080853 -0.111996651 0.144130453 -0.022179393 0.132651940 0.054069754 0.989438236
1548339470.484870 0.052672364 -0.117883839 0.144851983 -0.021375677 0.135006398 0.055243991 0.989072502
1548339470.518370 0.053326786 -0.119479842 0.146729976 -0.020152625 0.138353631 0.055680819 0.988611042
1548339470.551890 0.055094227 -0.121621020 0.149904832 -0.019196082 0.140568003 0.056555089 0.988268018
1548339470.585380 0.050821997 -0.123867258 0.151149377 -0.018535966 0.143635198 0.056620333 0.987835765
1548339470.618780 0.054937772 -0.120175757 0.155478105 -0.017436741 0.146730691 0.056561928 0.987404108
1548339470.652300 0.051514551 -0.124015927 0.158469975 -0.017365143 0.151233852 0.058757581 0.986597359
1548339470.685780 0.049894162 -0.124156825 0.160690665 -0.016847117 0.153619483 0.060018245 0.986161768
1548339470.719290 0.050796721 -0.130334616 0.162461936 -0.017115917 0.154938728 0.061778247 0.985841990
1548339470.752810 0.070410714 -0.122918770 0.158034742 -0.015681271 0.154311806 0.061039664 0.986010194
1548339470.786310 0.057243213 -0.125841707 0.164237350 -0.015261222 0.163267940 0.064152502 0.984375477
1548339470.819820 0.053456545 -0.131491870 0.170221150 -0.015426644 0.166223630 0.067207448 0.983674169
1548339470.853320 0.059713740 -0.134995654 0.165736809 -0.015518809 0.166313872 0.067197949 0.983658135
1548339470.886860 0.055023797 -0.130877286 0.166611269 -0.014256507 0.174136788 0.066871673 0.982344806
1548339470.920370 0.059318613 -0.146428332 0.173467278 -0.016035425 0.177789733 0.072465874 0.981265724
1548339470.953870 0.062854268 -0.151789501 0.172609583 -0.016174495 0.177576125 0.073602282 0.981217504
1548339470.987380 0.065021925 -0.152094081 0.172863245 -0.015281430 0.179019123 0.073881328 0.980948627
1548339471.020920 0.064657360 -0.153298482 0.175230086 -0.014266930 0.181467101 0.075541757 0.980387449
1548339471.054440 0.053114280 -0.154847950 0.180358618 -0.013030631 0.184716374 0.075598881 0.979793310
1548339471.088070 0.061129168 -0.154511064 0.175595254 -0.011998901 0.185544893 0.076472610 0.979582071
1548339471.121620 0.051429670 -0.165261805 0.180613607 -0.012781053 0.189857587 0.080319442 0.978437304
1548339471.155100 0.052868471 -0.165178239 0.180097565 -0.012932087 0.187843099 0.081387341 0.978735805
1548339471.188620 0.064907894 -0.159946606 0.177534670 -0.013564650 0.186872780 0.080277525 0.979004622
1548339471.222130 0.054320525 -0.163067997 0.181704447 -0.016166404 0.191771328 0.082719728 0.977813840
1548339471.255680 0.049456589 -0.163963854 0.186530963 -0.018659852 0.192276329 0.085010000 0.977473736
1548339471.289200 0.054595966 -0.159363359 0.184272155 -0.021155646 0.191158205 0.084846921 0.977656364
1548339471.322720 0.043862812 -0.165710524 0.188129365 -0.025429623 0.193645447 0.087096632 0.976866901
1548339471.356230 0.035139222 -0.172629610 0.194324806 -0.029671023 0.191513747 0.087835982 0.977101326
1548339471.389510 0.050854452 -0.157482550 0.194264337 -0.030683713 0.186732218 0.086309843 0.978130996
1548339471.423020 0.048077255 -0.157584667 0.196068481 -0.034103926 0.188152105 0.088085510 0.977587163
1548339471.456780 0.044254959 -0.158675134 0.200096413 -0.037474863 0.188300431 0.089186512 0.977335334
1548339471.490060 0.039191697 -0.150216907 0.200937450 -0.039238546 0.187702984 0.087996140 0.977488935
1548339471.523480 0.046349645 -0.137920722 0.202534214 -0.042040411 0.186792403 0.085956037 0.977728367
1548339471.556970 0.046800841 -0.139715359 0.206425726 -0.047778398 0.188053176 0.086270049 0.977195323
1548339471.590480 0.035562329 -0.135702580 0.208819941 -0.051045023 0.190065220 0.087226003 0.976555824
1548339471.624000 0.038163956 -0.132526413 0.210960165 -0.054074153 0.189152017 0.088126436 0.976489246
1548339471.657510 0.034902874 -0.138529733 0.212709397 -0.057866693 0.187621891 0.090725668 0.976329029
1548339471.690990 0.040460788 -0.130522728 0.210257664 -0.059070110 0.183333889 0.090402991 0.977101207
1548339471.724440 0.046856083 -0.125019148 0.208754987 -0.060758926 0.183431849 0.089435555 0.977068245
1548339471.757930 0.043587152 -0.120496824 0.210563838 -0.062770978 0.186472788 0.090006262 0.976312757
1548339471.791440 0.039830882 -0.122736439 0.209960833 -0.064849950 0.188110486 0.091346890 0.975738049
1548339471.824930 0.035085686 -0.122291170 0.209414646 -0.065474205 0.188035905 0.093543902 0.975502551
1548339471.858450 0.039702412 -0.117231436 0.205827877 -0.065638043 0.185097456 0.092441991 0.976158321
1548339471.891950 0.043626137 -0.110522851 0.203647628 -0.066317417 0.185442105 0.091460891 0.976139426
1548339471.925450 0.043662280 -0.103660598 0.199471056 -0.067857824 0.189142644 0.091406599 0.975328267
1548339471.958960 0.042577587 -0.099445097 0.199570328 -0.069688372 0.192457333 0.092566863 0.974440932
1548339471.992480 0.045365926 -0.097916625 0.198013991 -0.071682550 0.194436952 0.095152527 0.973653853
1548339472.025990 0.050211325 -0.095639750 0.196108967 -0.073592544 0.196404576 0.096463621 0.972987235
1548339472.059510 0.050760992 -0.093671843 0.192263082 -0.075268023 0.200188696 0.098003343 0.971933424
1548339472.093020 0.052763090 -0.090601236 0.190423682 -0.076800533 0.203750551 0.098200209 0.971053064
1548339472.126520 0.052929770 -0.083822221 0.191251248 -0.077351555 0.208451912 0.098163031 0.970014751
1548339472.160030 0.061918192 -0.082933284 0.187761784 -0.078666173 0.211565942 0.099129997 0.969136059
1548339472.193550 0.056197993 -0.086722203 0.188412607 -0.080330573 0.216885716 0.098749049 0.967861712
1548339472.227090 0.059421040 -0.086562313 0.183483362 -0.080322005 0.220057786 0.098430648 0.967178583
1548339472.260610 0.063948415 -0.086420216 0.180652887 -0.079814412 0.223267883 0.098181903 0.966509938
1548339472.294120 0.071221113 -0.082643695 0.175442457 -0.077915177 0.227008939 0.097540103 0.965858221
1548339472.327600 0.068737179 -0.084786043 0.172335982 -0.077056579 0.233943298 0.097151428 0.964310348
1548339472.361190 0.074387737 -0.089718156 0.170985043 -0.075964816 0.237920746 0.098763101 0.963259518
1548339472.394710 0.071657665 -0.086732581 0.167314276 -0.072335109 0.242986366 0.100277252 0.962117314
1548339472.428220 0.067483664 -0.095220186 0.165245876 -0.070392244 0.247383699 0.102802597 0.960873485
1548339472.461740 0.075050369 -0.096919701 0.159765363 -0.067401372 0.248444438 0.103502691 0.960739136
1548339472.495170 0.081176035 -0.097034648 0.153275073 -0.064596072 0.251365244 0.103441894 0.960178435
1548339472.528680 0.072388403 -0.095069595 0.150913700 -0.060905531 0.257554680 0.103620380 0.958759069
1548339472.562210 0.077722825 -0.100689039 0.147157639 -0.058877781 0.260492533 0.104384735 0.958008826
1548339472.595800 0.078866109 -0.102926157 0.144695953 -0.056172583 0.263813734 0.104590617 0.957239687
1548339472.629360 0.075356111 -0.099597313 0.142997101 -0.053056892 0.268169910 0.102982491 0.956380963
1548339472.662870 0.079743929 -0.102558099 0.136938125 -0.051966153 0.272349089 0.101947770 0.955370188
1548339472.696390 0.077542946 -0.106269047 0.139945850 -0.050832644 0.276763141 0.102675624 0.954083800
1548339472.729910 0.069819666 -0.120161973 0.137946695 -0.051174223 0.279902607 0.102904804 0.953124523
1548339472.763420 0.070010841 -0.115408957 0.137483045 -0.048531905 0.281451285 0.101657748 0.952940464
1548339472.797180 0.072165363 -0.110300735 0.135311276 -0.046759244 0.283447236 0.101230621 0.952482879
1548339472.830700 0.070244886 -0.109667145 0.136414036 -0.045862775 0.285720855 0.100026213 0.951974273
1548339472.864210 0.074685656 -0.116956465 0.133584559 -0.046440121 0.287108272 0.101051942 0.951420367
1548339472.897800 0.068098336 -0.117545918 0.133975744 -0.046152603 0.291020125 0.100685209 0.950284004
1548339472.931380 0.075011864 -0.126030296 0.131808877 -0.047583111 0.292052746 0.101277299 0.949833632
1548339472.964920 0.075645454 -0.122626372 0.128137678 -0.046869900 0.293951154 0.100981124 0.949314892
1548339472.998440 0.081211239 -0.120228156 0.132029578 -0.046347622 0.296999604 0.100287028 0.948464870
1548339473.031950 0.081684671 -0.131322473 0.132107601 -0.047752667 0.300388098 0.102072209 0.947136700
1548339473.065470 0.082903713 -0.138234794 0.130659431 -0.048627365 0.302042365 0.102713771 0.946496487
1548339473.098960 0.084657528 -0.142864853 0.128891855 -0.049384546 0.303904325 0.103662573 0.945757568
1548339473.132470 0.085575469 -0.146790907 0.128570259 -0.049881026 0.306446731 0.104975350 0.944765806
1548339473.165990 0.086909309 -0.148892224 0.129471913 -0.049900331 0.309260577 0.106126279 0.943718731
1548339473.199470 0.090271443 -0.154443637 0.128947914 -0.050197504 0.311556667 0.107431874 0.942799568
1548339473.232410 0.091810614 -0.157344013 0.127686918 -0.049525671 0.314009845 0.108355425 0.941915154
1548339473.265790 0.092402659 -0.162043363 0.129751191 -0.048662912 0.316617966 0.109162353 0.940993369
1548339473.299290 0.095883183 -0.162537843 0.123384960 -0.046612397 0.318216056 0.108919218 0.940586209
1548339473.332800 0.093503900 -0.162077487 0.122762449 -0.044600107 0.322977006 0.109383479 0.939005792
1548339473.366340 0.095622346 -0.165414765 0.121775493 -0.043343846 0.326392800 0.110677667 0.937731028
1548339473.399850 0.101533093 -0.171720788 0.118664987 -0.042471264 0.328512609 0.112221405 0.936846852
1548339473.433370 0.102248825 -0.174592271 0.115956388 -0.040485181 0.331543475 0.114380956 0.935605049
1548339473.466890 0.099776872 -0.175739333 0.116589241 -0.038726632 0.334026307 0.115118213 0.934705555
1548339473.500440 0.103980407 -0.187191203 0.114353791 -0.039829355 0.337200910 0.116234936 0.933380187
1548339473.533960 0.104268402 -0.186112508 0.113336153 -0.037902076 0.341278851 0.118533693 0.931687653
1548339473.567630 0.104043759 -0.183587044 0.112470508 -0.036119584 0.343742609 0.120061532 0.930656552
1548339473.601140 0.108030289 -0.188219458 0.108768873 -0.035772882 0.345033288 0.121843204 0.929960489
1548339473.634660 0.105723999 -0.186435074 0.109579794 -0.034365952 0.348108768 0.123453803 0.928654075
1548339473.668300 0.112057127 -0.186982021 0.102426305 -0.033715665 0.348441124 0.124877647 0.928362846
1548339473.702320 0.107500657 -0.186042175 0.105811216 -0.033354849 0.352956414 0.125630751 0.926566839
1548339473.735880 0.112646289 -0.190419585 0.106104106 -0.034231674 0.355865806 0.127545133 0.925159395
1548339473.769390 0.116534755 -0.191128492 0.101084873 -0.034468617 0.358611733 0.129282579 0.923848212
1548339473.802910 0.121457651 -0.193861201 0.098004133 -0.035094593 0.361278862 0.130817920 0.922568500
1548339473.836430 0.128658921 -0.199706003 0.096917182 -0.036054078 0.363835335 0.132341877 0.921308637
1548339473.869940 0.130783677 -0.199241653 0.095840558 -0.035527717 0.367504209 0.133830607 0.919656336
1548339473.903480 0.129648000 -0.203411698 0.098054402 -0.035257056 0.370868534 0.135389715 0.918086648
1548339473.936990 0.129270032 -0.204507485 0.098035730 -0.035352532 0.373516977 0.134389535 0.917155802
1548339473.970510 0.132938847 -0.208002627 0.097239085 -0.035942495 0.376231641 0.135131732 0.915913343
1548339474.004010 0.137793958 -0.211195424 0.092986919 -0.036322735 0.379090101 0.135960519 0.914596140
1548339474.037480 0.135299027 -0.205650017 0.098331928 -0.033982921 0.381711930 0.137261271 0.913400531
1548339474.070640 0.133900136 -0.210113034 0.094527043 -0.034893636 0.381781161 0.135783806 0.913558066
1548339474.104150 0.134464368 -0.210919157 0.092118233 -0.035464045 0.385039389 0.134790838 0.912314892
1548339474.137670 0.136534512 -0.216553584 0.092153832 -0.036127090 0.388934135 0.135949999 0.910462856
1548339474.170900 0.134518236 -0.209972695 0.095991790 -0.034053605 0.392310053 0.136087567 0.909072816
1548339474.204390 0.141254976 -0.220192760 0.090475440 -0.035771959 0.393145919 0.136616290 0.908566236
1548339474.237910 0.141369089 -0.218559057 0.088879175 -0.034785707 0.396255136 0.136862010 0.907215834
1548339474.271420 0.141216710 -0.224130616 0.093499005 -0.035053153 0.398807198 0.137991965 0.905915201
1548339474.304990 0.141724989 -0.216618106 0.091096804 -0.032906353 0.400226533 0.138229698 0.905333340
1548339474.338510 0.145214245 -0.215528011 0.082225092 -0.032759648 0.401942879 0.138055295 0.904604554
1548339474.372030 0.143865600 -0.215294540 0.087533116 -0.032558318 0.406389475 0.138190866 0.902602255
1548339474.405540 0.149887383 -0.222864777 0.078910649 -0.033413183 0.408168226 0.139889568 0.901506066
1548339474.439060 0.149959862 -0.216065377 0.082086757 -0.031555478 0.411207885 0.140690789 0.900065780
1548339474.472650 0.154739097 -0.221858531 0.079094566 -0.032372210 0.412597090 0.141717851 0.899239480
1548339474.506330 0.153377235 -0.221413359 0.073240496 -0.032026447 0.414652735 0.140878484 0.898437917
1548339474.539890 0.152000397 -0.226708889 0.068686128 -0.033053376 0.418772042 0.140375823 0.896566868
1548339474.573400 0.165203497 -0.224251866 0.069311067 -0.032852553 0.421573579 0.142200872 0.894972205
1548339474.606880 0.160114855 -0.223964646 0.070903838 -0.031330854 0.423485786 0.142845616 0.894020855
1548339474.640400 0.158863932 -0.225686669 0.071271718 -0.032096270 0.425624907 0.139963537 0.893433571
1548339474.673910 0.160276935 -0.225807056 0.065980442 -0.032589387 0.428673565 0.140320107 0.891900897
1548339474.707430 0.171053305 -0.228185818 0.062815651 -0.034072135 0.429472595 0.140258014 0.891470730
1548339474.740940 0.166894302 -0.224566132 0.059181772 -0.034592647 0.432471097 0.139889255 0.890057921
1548339474.774410 0.167429373 -0.224980041 0.059072793 -0.036122452 0.435268670 0.141547307 0.888369679
1548339474.807960 0.166159436 -0.222927809 0.058701865 -0.037034888 0.436883122 0.142582864 0.887373447
1548339474.841470 0.167356342 -0.224268675 0.057040509 -0.039028227 0.439066350 0.142751098 0.886182606
1548339474.874980 0.167844534 -0.224397600 0.060610369 -0.040847521 0.441765577 0.143162265 0.884691536
1548339474.908480 0.169537246 -0.213899463 0.052692004 -0.041066863 0.442934901 0.140992627 0.884445190
1548339474.942010 0.168948084 -0.212972492 0.050037272 -0.042821031 0.446416408 0.142233998 0.882410467
1548339474.975530 0.194786847 -0.237259358 0.026587179 -0.050530635 0.443977833 0.141696319 0.883319020
1548339475.009020 0.193896711 -0.230574280 0.025749590 -0.051207084 0.447086185 0.142540529 0.881574690
1548339475.042540 0.193568125 -0.227322429 0.027081398 -0.052376758 0.448851556 0.142874897 0.880554199
1548339475.076060 0.196185723 -0.229153991 0.024662767 -0.055215888 0.451013476 0.142936215 0.879265189
1548339475.109590 0.196461320 -0.224731833 0.019794546 -0.057277512 0.453790069 0.142411143 0.877788663
1548339475.143110 0.194048196 -0.223170087 0.027711434 -0.059323687 0.457925647 0.143287823 0.875358999
1548339475.176630 0.195101351 -0.223219931 0.028942470 -0.061386574 0.459222913 0.143280596 0.874538004
1548339475.210150 0.200124741 -0.222392946 0.023559518 -0.062843315 0.460503697 0.143915266 0.873656392
1548339475.243720 0.199428007 -0.220960036 0.025602685 -0.064505763 0.463345528 0.143721163 0.872063160
1548339475.277240 0.198559120 -0.214413777 0.022440299 -0.064775437 0.465412527 0.143470749 0.870983064
1548339475.310760 0.194914117 -0.217552260 0.029056510 -0.066617273 0.468212068 0.143743545 0.869297087
1548339475.344270 0.195806846 -0.211524606 0.028060125 -0.067313485 0.469113261 0.142820150 0.868909657
1548339475.377790 0.193381444 -0.212296844 0.025683152 -0.068658292 0.470293134 0.142722681 0.868182361
1548339475.411300 0.191759706 -0.206847161 0.028943723 -0.069132730 0.471539497 0.141353190 0.867692590
1548339475.444820 0.192159206 -0.205201775 0.025433790 -0.070396490 0.472800761 0.140900657 0.866977990
1548339475.478340 0.190263689 -0.204107076 0.028003072 -0.071783617 0.474940658 0.140238270 0.865801215
1548339475.511850 0.188490987 -0.200891003 0.026306484 -0.072399892 0.475952804 0.139757797 0.865271628
1548339475.545370 0.191008106 -0.195627198 0.024106685 -0.072850227 0.476911783 0.138798192 0.864860117
1548339475.578950 0.188343495 -0.195041001 0.024598576 -0.073177099 0.478992462 0.138527811 0.863725305
1548339475.612760 0.183536291 -0.197269559 0.030288141 -0.074110381 0.480874330 0.137997761 0.862684250
1548339475.646270 0.183156401 -0.186670989 0.023264570 -0.072983086 0.480992407 0.136681348 0.862924099
1548339475.679790 0.183138698 -0.192636639 0.020020369 -0.075194977 0.482458174 0.136692852 0.861913502
1548339475.713310 0.181923255 -0.185534582 0.023111539 -0.075169608 0.484040082 0.135535076 0.861211360
1548339475.746820 0.179594010 -0.185072482 0.021916004 -0.076701596 0.484903127 0.133951858 0.860838413
1548339475.780560 0.179610878 -0.180512190 0.017678911 -0.077653460 0.485547125 0.133834004 0.860408306
1548339475.814110 0.177225277 -0.175856873 0.019325659 -0.079088427 0.486559540 0.133571997 0.859746099
1548339475.847620 0.172411576 -0.183451608 0.031265404 -0.082999364 0.488085032 0.133786067 0.858478546
1548339475.881140 0.174725741 -0.171283677 0.022091039 -0.083346546 0.486238152 0.133460760 0.859542966
1548339475.914660 0.177036598 -0.169321299 0.023690017 -0.085841514 0.486609370 0.133760303 0.859040558
1548339475.948140 0.176588297 -0.164256960 0.023754729 -0.087481156 0.487033844 0.133705273 0.858643115
1548339475.981660 0.180558696 -0.164917082 0.023080414 -0.090491436 0.487178236 0.134714812 0.858091235
1548339476.015180 0.182585970 -0.154851109 0.021385763 -0.091455333 0.487318069 0.135787725 0.857740462
1548339476.048690 0.182781443 -0.148063838 0.022125190 -0.093233421 0.488592178 0.136503220 0.856710017
1548339476.082200 0.182114258 -0.158297881 0.030828882 -0.096767925 0.489541024 0.140204668 0.855177283
1548339476.115400 0.188457236 -0.150622606 0.023849389 -0.097739801 0.487145692 0.140517101 0.856382489
1548339476.148910 0.187334239 -0.139185384 0.024597313 -0.097908095 0.487444162 0.140980259 0.856117249
1548339476.182430 0.186626241 -0.134683758 0.029633023 -0.098772205 0.487290561 0.142283008 0.855889916
1548339476.215900 0.193999261 -0.134612456 0.023310663 -0.101576105 0.484927565 0.141499683 0.857032895
1548339476.249350 0.192814827 -0.129639074 0.024142088 -0.103245400 0.485126227 0.141740710 0.856681108
1548339476.282590 0.194602445 -0.131631821 0.020401089 -0.106493160 0.483281583 0.141269520 0.857403696
1548339476.315990 0.192866832 -0.127013594 0.022620251 -0.108585313 0.483569205 0.140237987 0.857148349
1548339476.349620 0.192886874 -0.119760245 0.025943613 -0.109582782 0.483389080 0.139903754 0.857177675
1548339476.383410 0.190105125 -0.120160066 0.033169180 -0.111557879 0.483564138 0.140084684 0.856794536
1548339476.416930 0.189201429 -0.112514809 0.034978695 -0.111132264 0.482486457 0.139753848 0.857511103
1548339476.450440 0.198177591 -0.123289846 0.023357438 -0.114477605 0.479825139 0.139183700 0.858656287
1548339476.483960 0.199660182 -0.120615855 0.020260699 -0.114443399 0.479253322 0.139335439 0.858955503
1548339476.517480 0.204401851 -0.124521114 0.017019933 -0.115376525 0.478398740 0.138817087 0.859390914
1548339476.550940 0.200417370 -0.119449899 0.023163637 -0.114078455 0.480147839 0.138381124 0.858658731
1548339476.584360 0.201695159 -0.118965328 0.016366985 -0.112387165 0.479937851 0.139490381 0.858819664
1548339476.617880 0.205179125 -0.121995181 0.005105162 -0.110742927 0.478153944 0.139770120 0.859982014
1548339476.651350 0.209009871 -0.125022203 0.002974441 -0.109861813 0.477638483 0.139367044 0.860446811
1548339476.684860 0.206887588 -0.120734215 0.002233134 -0.107654542 0.478911936 0.140039116 0.859908700
1548339476.718380 0.209658846 -0.124600209 -0.006603263 -0.107168414 0.478700876 0.140051916 0.860084832
1548339476.751890 0.210203394 -0.123788536 -0.009519543 -0.105867364 0.479504049 0.139559597 0.859878540
1548339476.785410 0.208396927 -0.117799267 -0.009950874 -0.103925124 0.480978936 0.138889611 0.859400094
1548339476.818970 0.212653831 -0.113804534 -0.022219723 -0.103186063 0.480903357 0.138796076 0.859546542
1548339476.852490 0.214292407 -0.123099186 -0.020354958 -0.104417913 0.483532935 0.139611959 0.857788622
1548339476.886010 0.208138362 -0.106355213 -0.027105819 -0.099995814 0.484283179 0.141774192 0.857537627
1548339476.919470 0.215855315 -0.114737310 -0.034558900 -0.101598389 0.483048141 0.142541513 0.857918501
1548339476.953130 0.213969857 -0.120570377 -0.025376361 -0.102195747 0.485243857 0.143795684 0.856397808
1548339476.986510 0.220254049 -0.126752093 -0.039208949 -0.102499045 0.483483702 0.145230904 0.857114613
1548339477.019980 0.223429352 -0.116669841 -0.042129803 -0.101050071 0.483875841 0.144438997 0.857199192
1548339477.053460 0.224595532 -0.120846972 -0.046486653 -0.102067307 0.484456092 0.145015717 0.856653333
1548339477.086920 0.223127797 -0.122734852 -0.050989438 -0.102150857 0.484589696 0.144755289 0.856611907
1548339477.120430 0.220769867 -0.124506734 -0.051269043 -0.102243677 0.484307677 0.143561468 0.856961131
1548339477.154150 0.215712398 -0.109444357 -0.043563820 -0.098219782 0.485460967 0.141634032 0.857099950
1548339477.187670 0.217109159 -0.127454281 -0.053157788 -0.100232251 0.482460737 0.140616372 0.858727098
1548339477.221180 0.216582268 -0.127150789 -0.069542453 -0.098102227 0.479045242 0.139808327 0.861014068
1548339477.255580 0.213989496 -0.141703188 -0.059139531 -0.098695830 0.480210453 0.138949841 0.860435963
1548339477.289100 0.210268468 -0.136140704 -0.067881912 -0.094654910 0.478032380 0.137906998 0.862268567
1548339477.322610 0.208115727 -0.125782073 -0.077385470 -0.091019355 0.474921852 0.135047853 0.864827633
1548339477.355250 0.208950385 -0.133284107 -0.072383910 -0.092372313 0.474807233 0.132578790 0.865129054
1548339477.388760 0.201231644 -0.132683337 -0.076737531 -0.091359228 0.475074202 0.131999969 0.865178585
1548339477.422640 0.203015283 -0.128294393 -0.086035699 -0.090375610 0.472411126 0.130818099 0.866917849
1548339477.456160 0.201137304 -0.132616386 -0.085593887 -0.091578729 0.473272264 0.130242005 0.866408527
1548339477.489670 0.198211655 -0.150992513 -0.092465460 -0.094360933 0.473030329 0.132110953 0.865958989
1548339477.523190 0.197191522 -0.145372942 -0.089189932 -0.093320221 0.473030388 0.130595326 0.866301596
1548339477.556750 0.193756521 -0.142360866 -0.089536324 -0.092342719 0.473465621 0.129883483 0.866275609
1548339477.590270 0.189854220 -0.143918082 -0.089034162 -0.092693590 0.474271208 0.128949985 0.865936875
1548339477.623790 0.184148148 -0.152221829 -0.082497820 -0.093969002 0.475517035 0.128834665 0.865132928
1548339477.657250 0.181547880 -0.156113282 -0.086329713 -0.094471589 0.475189596 0.129195526 0.865204334
1548339477.690760 0.173959106 -0.162946865 -0.071500808 -0.095353298 0.476895899 0.129337549 0.864146888
1548339477.724070 0.176292256 -0.154322222 -0.088599443 -0.092267729 0.473454207 0.130133480 0.866252303
1548339477.757590 0.162438303 -0.173544317 -0.075244196 -0.093539394 0.473252565 0.132379755 0.865885675
1548339477.791050 0.168822601 -0.167161882 -0.089988343 -0.091133028 0.468532234 0.132242516 0.868725657
1548339477.824620 0.166905031 -0.168018878 -0.095287979 -0.090018302 0.467703104 0.133428171 0.869107246
1548339477.858130 0.161711201 -0.179303676 -0.087660149 -0.091054350 0.467776895 0.134103283 0.868855655
1548339477.891600 0.159562930 -0.167236224 -0.085664630 -0.087689199 0.467617273 0.133175433 0.869430304
1548339477.925100 0.157273740 -0.184880152 -0.093562216 -0.089632742 0.467195302 0.134993002 0.869178593
1548339477.958590 0.151475787 -0.183299378 -0.087668516 -0.088672087 0.466667593 0.134970769 0.869563997
1548339477.992130 0.142318055 -0.195534691 -0.082441419 -0.089745164 0.466463059 0.136339277 0.869350135
1548339478.025650 0.139739856 -0.185438126 -0.079756588 -0.086864665 0.464194328 0.135862291 0.870930314
1548339478.059140 0.140347615 -0.189879671 -0.086591847 -0.086876988 0.460385025 0.136009887 0.872925699
1548339478.092650 0.142610744 -0.191980630 -0.092771403 -0.087752961 0.457109332 0.135488361 0.874639034
1548339478.126170 0.134418219 -0.199518114 -0.079502225 -0.088758387 0.457715869 0.135379925 0.874237061
1548339478.159690 0.133592382 -0.207017794 -0.079217330 -0.089729756 0.455185562 0.135327622 0.875466228
1548339478.193180 0.129646599 -0.203169674 -0.074190885 -0.088794917 0.453394651 0.134374306 0.876636922
1548339478.226700 0.126660287 -0.201796979 -0.072149508 -0.087491713 0.450276345 0.133680880 0.878479302
1548339478.260210 0.124593370 -0.207071841 -0.074569121 -0.086977474 0.446892858 0.133003414 0.880358934
1548339478.293730 0.123245791 -0.205590382 -0.077395961 -0.085063308 0.445074320 0.133236170 0.881431341
1548339478.327220 0.119596757 -0.200220019 -0.073431179 -0.082602277 0.444676876 0.133255571 0.881862998
1548339478.360720 0.122590646 -0.206913337 -0.078142166 -0.082129106 0.441978425 0.133810446 0.883178711
1548339478.394220 0.117801689 -0.207058534 -0.083965257 -0.080630869 0.439834088 0.133397147 0.884448886
1548339478.427730 0.118588686 -0.209899619 -0.086670421 -0.080353163 0.439571530 0.131873310 0.884833097
1548339478.461140 0.112774700 -0.211774394 -0.089073703 -0.079817429 0.440796673 0.131876066 0.884271562
1548339478.494430 0.108181231 -0.209771886 -0.082692087 -0.079022087 0.440467477 0.130281895 0.884743214
1548339478.527940 0.110457860 -0.201025665 -0.094557188 -0.077544920 0.439428300 0.128621250 0.885633171
1548339478.561450 0.105330683 -0.214621082 -0.092311703 -0.079356484 0.440610468 0.129617289 0.884739697
1548339478.594970 0.097447820 -0.196566597 -0.083326802 -0.075176917 0.439828843 0.129287511 0.885541499
1548339478.628440 0.105553783 -0.196744740 -0.096457779 -0.074360967 0.437583417 0.129043847 0.886757493
1548339478.661950 0.104433790 -0.208803833 -0.101461835 -0.075325228 0.439785242 0.132038355 0.885144591
1548339478.695470 0.092598431 -0.189812228 -0.096492961 -0.070698164 0.440136135 0.133311033 0.885161102
1548339478.729030 0.108313039 -0.199219093 -0.108099163 -0.072211444 0.437461525 0.133891851 0.886276424
1548339478.762500 0.103771165 -0.197452530 -0.114662543 -0.071254477 0.440076679 0.133884937 0.885059416
1548339478.796020 0.097303502 -0.205375120 -0.105739646 -0.072043560 0.441934615 0.134125486 0.884032726
1548339478.829580 0.103145733 -0.203698739 -0.113008492 -0.071479268 0.440979242 0.131150350 0.885001481
1548339478.863100 0.095043547 -0.199140444 -0.110967748 -0.069878556 0.443825841 0.129501581 0.883948505
1548339478.896630 0.088792659 -0.204938918 -0.111997575 -0.070663467 0.445041895 0.128130957 0.883474290
1548339478.930140 0.085757025 -0.198715732 -0.114331506 -0.069505721 0.444705635 0.126669526 0.883946061
1548339478.963660 0.080711551 -0.206925362 -0.114079803 -0.070544422 0.444666386 0.125976339 0.883982599
1548339478.997170 0.081835240 -0.198789403 -0.112774298 -0.069560930 0.443235070 0.124390744 0.885003328
1548339479.030690 0.084867872 -0.205025017 -0.121003717 -0.070486858 0.443200558 0.125761449 0.884753585
1548339479.064360 0.073275760 -0.209395796 -0.107153796 -0.069820330 0.444596142 0.128042787 0.883778512
1548339479.097720 0.078876518 -0.194066420 -0.125213206 -0.066541061 0.439472616 0.127139255 0.886719644
1548339479.131240 0.080683082 -0.189534903 -0.130988091 -0.065722972 0.439738154 0.128628805 0.886434138
1548339479.164750 0.078798965 -0.190716535 -0.132258847 -0.065634251 0.440789163 0.129860461 0.885738850
1548339479.198120 0.079678833 -0.188804388 -0.141231030 -0.065888643 0.441168606 0.130174711 0.885484874
1548339479.231580 0.076966189 -0.181400031 -0.141265184 -0.065592304 0.443131924 0.131328672 0.884355426
1548339479.265100 0.076351091 -0.184406027 -0.145502880 -0.067489304 0.444237381 0.131839424 0.883581758
1548339479.298570 0.077929370 -0.173213154 -0.150901720 -0.068227939 0.446188331 0.130032063 0.882809520
1548339479.332090 0.077931613 -0.172936037 -0.155722708 -0.069924474 0.448165178 0.131723002 0.881423593
1548339479.365600 0.070093296 -0.179309905 -0.142479539 -0.073163919 0.450696379 0.131859571 0.879848242
1548339479.399120 0.065400444 -0.180395573 -0.135135457 -0.074927650 0.452250659 0.132198229 0.878850877
1548339479.432640 0.057759196 -0.180433497 -0.125192448 -0.076511323 0.454139233 0.131818935 0.877796829
1548339479.466150 0.059832979 -0.174008369 -0.135661766 -0.076141804 0.451542467 0.132303014 0.879094839
1548339479.499950 0.060066026 -0.183064163 -0.137723073 -0.078301303 0.449183613 0.132219866 0.880125463
1548339479.533470 0.055397298 -0.174749061 -0.132721797 -0.076641113 0.448837996 0.131304771 0.880584836
1548339479.566930 0.053919747 -0.165994972 -0.135675386 -0.073743038 0.446592212 0.132002383 0.881868899
1548339479.600500 0.050897431 -0.167455748 -0.138125986 -0.072727010 0.443866551 0.130289197 0.883582473
1548339479.634070 0.051300935 -0.160739079 -0.137377024 -0.069996536 0.442548126 0.128309593 0.884753227
1548339479.667650 0.053847957 -0.154700905 -0.143717617 -0.067293711 0.441370279 0.127698854 0.885639250
1548339479.701230 0.046096019 -0.161948577 -0.147910342 -0.066132888 0.439676255 0.128030762 0.886520922
1548339479.734740 0.050535280 -0.163389519 -0.147921517 -0.064189881 0.436235338 0.127481833 0.888440669
1548339479.768260 0.051242895 -0.160872430 -0.153328776 -0.062450215 0.434990495 0.126456931 0.889321029
1548339479.801770 0.044630341 -0.146424294 -0.156627879 -0.059376311 0.433121055 0.124791332 0.890678227
1548339479.835230 0.048510566 -0.139991105 -0.166214034 -0.058864102 0.429904312 0.123072281 0.892507970
1548339479.868740 0.056889962 -0.133400396 -0.180168524 -0.059066214 0.427406937 0.121736258 0.893876255
1548339479.902400 0.051043529 -0.137167811 -0.175057903 -0.060858957 0.427361131 0.121695913 0.893783391
1548339479.935910 0.053199537 -0.132870615 -0.176874265 -0.062067837 0.423698306 0.119438492 0.895746469
1548339479.969360 0.056786023 -0.128031790 -0.183908299 -0.063486762 0.421695411 0.118067771 0.896773338
1548339480.002950 0.056196012 -0.120429434 -0.187797815 -0.064492799 0.420890898 0.117201298 0.897193074
1548339480.036470 0.054194275 -0.124168269 -0.190959617 -0.067375481 0.420512110 0.116086990 0.897303700
1548339480.069990 0.059152827 -0.124446817 -0.195887044 -0.069110416 0.420444041 0.116123900 0.897198856
1548339480.103510 0.053470142 -0.117520384 -0.189879119 -0.068649828 0.422019958 0.116817854 0.896403909
1548339480.136940 0.067004614 -0.124548271 -0.202323854 -0.070473343 0.419343203 0.118896738 0.897244871
1548339480.170460 0.066602439 -0.124101333 -0.206519857 -0.070419915 0.420474321 0.119718276 0.896610200
1548339480.203970 0.065502137 -0.126511917 -0.199830890 -0.069962591 0.423141360 0.121472582 0.895154178
1548339480.237570 0.062292408 -0.129247576 -0.203498274 -0.068570592 0.424436003 0.122780673 0.894470274
1548339480.271090 0.072099380 -0.145208836 -0.216188446 -0.069029249 0.424196750 0.124238759 0.894347131
1548339480.304600 0.068854682 -0.142617404 -0.220956191 -0.064941376 0.426825732 0.125644252 0.893205464
1548339480.338120 0.062777229 -0.150149196 -0.210503548 -0.062561505 0.431057274 0.125514865 0.891359448
1548339480.371660 0.077430867 -0.142267406 -0.233990371 -0.058326956 0.429308295 0.125848487 0.892443001
1548339480.405290 0.058602296 -0.144963473 -0.231734410 -0.055473067 0.435723156 0.125627354 0.889542520
1548339480.438800 0.057838887 -0.143919870 -0.232465729 -0.053226866 0.438377917 0.126149476 0.888300657
1548339480.472350 0.046789311 -0.149858445 -0.241555959 -0.052216563 0.440944552 0.127384678 0.886912882
1548339480.505860 0.052861147 -0.142736375 -0.250256121 -0.049615026 0.441739947 0.127675459 0.886624575
1548339480.539410 0.038883995 -0.138610646 -0.245756432 -0.047343384 0.446129203 0.130319908 0.884162903
1548339480.572930 0.036240671 -0.150909215 -0.247213706 -0.048176520 0.446511924 0.132733345 0.883565485
1548339480.606480 0.039768353 -0.149129078 -0.253197700 -0.047163855 0.445887238 0.132540151 0.883964479
1548339480.640030 0.036567472 -0.154688910 -0.261012286 -0.047703099 0.447789699 0.132241249 0.883018136
1548339480.673540 0.020532403 -0.154527247 -0.257492244 -0.046742249 0.451530367 0.133122414 0.881030023
1548339480.707030 0.017039603 -0.165989846 -0.255891025 -0.047662761 0.452548534 0.132720575 0.880518794
1548339480.740510 0.028425634 -0.154788345 -0.268694639 -0.044666354 0.451602340 0.131304085 0.881373644
1548339480.774020 0.019067271 -0.153688535 -0.276624203 -0.042898979 0.454297423 0.130695149 0.880166054
1548339480.807540 0.008100946 -0.149304956 -0.268650532 -0.040223558 0.457695037 0.130400732 0.878574431
1548339480.841060 0.008077375 -0.159489736 -0.280161738 -0.040505122 0.458391368 0.128542185 0.878472328
1548339480.874570 0.006632792 -0.142979339 -0.268195808 -0.037049830 0.461783797 0.128613532 0.876836121
1548339480.908050 0.015219457 -0.154732361 -0.277560860 -0.038218789 0.461826146 0.130120948 0.876541197
1548339480.940940 0.005415807 -0.166433647 -0.293365955 -0.039155055 0.464099526 0.130096257 0.875301898
1548339480.974400 0.021153133 -0.149818569 -0.299701780 -0.036045529 0.463707894 0.131328046 0.875459135
1548339481.007900 0.032611001 -0.140109107 -0.325280219 -0.034475427 0.462916970 0.132010415 0.875838220
1548339481.041420 0.041479997 -0.139152527 -0.344849557 -0.034156606 0.463747233 0.135076314 0.874943554
1548339481.074940 0.059896521 -0.128425404 -0.369133800 -0.032477152 0.462232620 0.137393951 0.875447989
1548339481.108450 0.067927025 -0.119197175 -0.386848718 -0.031376190 0.462725282 0.136719286 0.875333488
1548339481.141920 0.070483699 -0.106201246 -0.400656581 -0.029632134 0.465819359 0.136465296 0.873791456
1548339481.175400 0.074486315 -0.108349621 -0.418435037 -0.030261410 0.468731284 0.138427213 0.871901989
1548339481.208730 0.087323919 -0.102417551 -0.441175461 -0.028800068 0.467266589 0.140522733 0.872402370
1548339481.242250 0.099912457 -0.090229817 -0.455053180 -0.027073074 0.466812998 0.138185859 0.873073518
1548339481.275760 0.097933367 -0.091299966 -0.475285202 -0.025864303 0.468727887 0.141181618 0.871603668
1548339481.309280 0.113417894 -0.087795347 -0.495921135 -0.025131455 0.467531741 0.140951350 0.872304559
1548339481.342790 0.116598666 -0.076723449 -0.517785370 -0.023969546 0.468201131 0.137813196 0.872479618
1548339481.376880 0.134500965 -0.091784820 -0.546180367 -0.026419889 0.466453284 0.142178997 0.872644544
1548339481.410400 0.133700892 -0.081336111 -0.556743503 -0.024271253 0.466639280 0.141087607 0.872784615
1548339481.443920 0.186817288 -0.046714157 -0.564681649 -0.019900879 0.461071223 0.143833622 0.875402272
1548339481.477460 0.164075211 -0.047925755 -0.586719155 -0.019091595 0.463749856 0.138119027 0.874925554
1548339481.510980 0.172611967 -0.043472726 -0.600530088 -0.018463515 0.462803125 0.137867570 0.875479817
1548339481.544490 0.196368873 -0.041662563 -0.608017266 -0.018778058 0.460841298 0.140490443 0.876090825
1548339481.578010 0.217108816 -0.046138410 -0.635823429 -0.019924292 0.455484360 0.147249296 0.877755463
1548339481.611530 0.213257343 -0.050079063 -0.656043053 -0.021169139 0.455416769 0.145767346 0.878008723
1548339481.645120 0.251447380 -0.049935374 -0.683705091 -0.023446066 0.449066907 0.153157160 0.879961431
1548339481.678630 0.280862540 -0.042700134 -0.700000525 -0.022404790 0.444659293 0.164461538 0.880186677
