1.000000 0.000000 0.000000 0.000000 0.000000 1.000000 0.000000 0.000000 0.000000 0.000000 1.000000 0.000000
1.000000 -0.000241 0.000311 -0.044787 0.000241 0.999999 0.001239 -0.018502 -0.000311 -0.001239 0.999999 1.442361
0.999998 -0.001405 -0.001506 0.052598 0.001407 0.999997 0.001730 -0.047597 0.001504 -0.001732 0.999997 2.798380
0.999972 -0.002655 -0.007009 0.344274 0.002658 0.999996 0.000444 -0.038940 0.007008 -0.000463 0.999975 4.356339
0.999992 -0.003158 -0.002605 0.163316 0.003156 0.999995 -0.000596 -0.011279 0.002607 0.000588 0.999996 5.478772
0.999994 -0.000993 -0.003415 0.320385 0.000998 0.999998 0.001580 -0.128730 0.003413 -0.001584 0.999993 6.744768
0.999972 -0.004077 -0.006252 0.460660 0.004079 0.999992 0.000308 -0.020903 0.006251 -0.000334 0.999980 8.277265
0.999970 -0.002017 -0.007429 0.614735 0.002031 0.999996 0.001859 -0.122486 0.007425 -0.001874 0.999971 9.526546
0.999933 -0.001308 -0.011487 0.878448 0.001273 0.999994 -0.003110 -0.020878 0.011491 0.003095 0.999929 10.932584
0.999927 0.004150 -0.011362 0.885083 -0.004174 0.999989 -0.002077 -0.227746 0.011353 0.002124 0.999933 12.401790
0.999965 0.003807 -0.007452 0.578742 -0.003830 0.999988 -0.003091 -0.149713 0.007441 0.003119 0.999967 13.535774
0.999931 0.004045 -0.011009 0.915048 -0.004109 0.999975 -0.005721 -0.008770 0.010986 0.005766 0.999923 15.209575
0.999945 0.005782 -0.008720 0.695057 -0.005816 0.999976 -0.003901 -0.119580 0.008697 0.003952 0.999954 16.450533
0.999954 0.006975 -0.006511 0.526458 -0.006971 0.999976 0.000593 -0.321985 0.006515 -0.000548 0.999979 18.010355
0.999930 0.006026 -0.010159 0.856969 -0.006012 0.999981 0.001420 -0.368866 0.010168 -0.001358 0.999947 19.313778
0.999854 -0.000805 -0.017085 1.293489 0.000832 0.999998 0.001564 -0.408172 0.017084 -0.001578 0.999853 20.791145
0.999925 0.002595 -0.011975 0.967140 -0.002610 0.999996 -0.001193 -0.467701 0.011972 0.001225 0.999928 21.848410
0.999851 0.007707 -0.015451 1.351100 -0.007760 0.999964 -0.003388 -0.515075 0.015424 0.003507 0.999875 23.127390
0.999833 0.013746 -0.012054 1.033274 -0.013781 0.999901 -0.002849 -0.567200 0.012014 0.003015 0.999923 25.014515
0.999849 0.014506 -0.009584 0.834569 -0.014519 0.999894 -0.001314 -0.409824 0.009564 0.001453 0.999953 26.605911
0.999868 0.013428 -0.009136 0.882319 -0.013427 0.999910 0.000175 -0.398770 0.009138 -0.000052 0.999958 27.695566
0.999880 0.011164 -0.010745 0.941949 -0.011164 0.999938 0.000056 -0.622688 0.010744 0.000064 0.999942 29.620707
0.999819 0.005515 -0.018217 1.542803 -0.005591 0.999976 -0.004142 -0.420182 0.018193 0.004243 0.999825 30.768301
0.999893 0.007774 -0.012354 1.115464 -0.007826 0.999961 -0.004168 -0.614130 0.012321 0.004264 0.999915 31.852495
0.999853 0.010615 -0.013448 1.187292 -0.010684 0.999930 -0.005040 -0.637153 0.013394 0.005183 0.999897 33.413364
0.999807 0.013998 -0.013821 1.238562 -0.014109 0.999869 -0.007984 -0.699038 0.013707 0.008178 0.999873 34.965321
0.999764 0.015092 -0.015608 1.294381 -0.015209 0.999857 -0.007397 -0.751009 0.015494 0.007633 0.999851 36.595325
0.999730 0.017214 -0.015622 1.327123 -0.017311 0.999832 -0.006064 -0.822577 0.015515 0.006333 0.999860 38.063297
0.999652 0.019333 -0.017921 1.402077 -0.019424 0.999799 -0.004923 -0.883227 0.017822 0.005269 0.999827 39.756458
0.999526 0.024746 -0.018302 1.456091 -0.024832 0.999681 -0.004494 -0.986334 0.018185 0.004946 0.999822 41.305103
0.999508 0.026850 -0.016189 1.342213 -0.026940 0.999622 -0.005397 -0.936874 0.016038 0.005831 0.999854 42.195580
0.999332 0.032178 -0.017344 1.412445 -0.032273 0.999465 -0.005271 -0.995351 0.017166 0.005827 0.999836 43.756599
0.999193 0.034828 -0.020016 1.531989 -0.034936 0.999377 -0.005033 -1.080019 0.019828 0.005729 0.999787 45.331104
0.999060 0.038038 -0.020776 1.622765 -0.038172 0.999253 -0.006084 -1.147794 0.020529 0.006872 0.999766 46.844402
0.998930 0.040198 -0.022886 1.714130 -0.040352 0.999166 -0.006307 -1.249700 0.022614 0.007224 0.999718 48.321102
0.998824 0.040988 -0.025906 1.852385 -0.041164 0.999133 -0.006318 -1.335092 0.025625 0.007377 0.999644 49.923901
0.998519 0.045280 -0.030142 2.014061 -0.045482 0.998947 -0.006045 -1.406052 0.029836 0.007407 0.999527 51.557152
0.998117 0.051031 -0.034041 2.186521 -0.051251 0.998670 -0.005629 -1.556441 0.033709 0.007363 0.999405 53.153942
0.998560 0.043906 -0.030814 1.820784 -0.044084 0.999015 -0.005119 -1.400766 0.030559 0.006470 0.999512 53.521473
0.998182 0.049704 -0.034088 1.993179 -0.049872 0.998747 -0.004108 -1.514844 0.033842 0.005801 0.999410 54.982204
0.997962 0.051563 -0.037597 2.164355 -0.051692 0.998660 -0.002479 -1.621861 0.037419 0.004417 0.999290 56.297005
0.998740 0.037196 -0.033683 1.736416 -0.037266 0.999304 -0.001441 -1.508984 0.033606 0.002695 0.999432 56.179623
0.999056 0.030833 -0.030608 1.448526 -0.030964 0.999513 -0.003819 -1.262766 0.030476 0.004763 0.999524 56.211327
0.999159 0.025963 -0.031723 1.447518 -0.026037 0.999659 -0.001928 -1.361968 0.031662 0.002752 0.999495 56.995258
0.999207 0.026328 -0.029865 1.373456 -0.026424 0.999647 -0.002831 -1.154559 0.029780 0.003618 0.999550 57.151165
0.999570 0.009865 -0.027597 1.104637 -0.009872 0.999951 -0.000104 -1.176052 0.027595 0.000376 0.999619 57.350521
0.999471 0.016551 -0.027986 1.185600 -0.016631 0.999858 -0.002628 -1.112826 0.027938 0.003092 0.999605 58.457394
0.999356 0.021794 -0.028501 1.291950 -0.022049 0.999720 -0.008649 -0.795225 0.028305 0.009271 0.999556 59.442669
0.999503 0.014966 -0.027748 1.185447 -0.015192 0.999853 -0.007948 -0.820490 0.027625 0.008366 0.999583 60.122875
0.999498 0.015400 -0.027680 1.182150 -0.015624 0.999847 -0.007898 -0.864574 0.027554 0.008326 0.999586 61.262947
0.999525 0.015697 -0.026541 1.077721 -0.015889 0.999849 -0.007023 -0.890893 0.026427 0.007442 0.999623 62.370483
0.999558 0.012991 -0.026760 1.052540 -0.013084 0.999909 -0.003316 -1.046263 0.026714 0.003664 0.999636 63.443100
0.999587 0.010481 -0.026750 1.015994 -0.010576 0.999938 -0.003411 -0.959808 0.026712 0.003692 0.999636 63.999561
0.999308 0.028902 -0.023410 0.940923 -0.029015 0.999569 -0.004475 -1.042983 0.023271 0.005151 0.999716 65.597733
0.999457 0.019600 -0.026483 0.989885 -0.019724 0.999796 -0.004446 -1.112917 0.026390 0.004966 0.999639 66.801605
0.999211 0.030939 -0.024919 0.996068 -0.031092 0.999500 -0.005794 -1.054743 0.024727 0.006564 0.999673 67.645332
0.998976 0.037792 -0.024861 1.021873 -0.038009 0.999243 -0.008319 -0.913600 0.024527 0.009255 0.999656 68.599174
0.999101 0.035177 -0.023645 0.926758 -0.035383 0.999339 -0.008341 -0.954436 0.023336 0.009170 0.999686 69.614441
0.999099 0.034106 -0.025257 0.977864 -0.034343 0.999369 -0.009019 -0.978722 0.024933 0.009878 0.999640 70.598099
0.999156 0.032933 -0.024555 0.885758 -0.033176 0.999404 -0.009554 -0.980297 0.024226 0.010361 0.999653 71.566345
0.999174 0.032440 -0.024472 0.815217 -0.032694 0.999415 -0.010059 -0.985738 0.024131 0.010850 0.999650 72.645187
0.999230 0.030222 -0.025016 0.783300 -0.030487 0.999482 -0.010303 -1.002427 0.024691 0.011058 0.999634 73.610794
0.999234 0.029344 -0.025870 0.716598 -0.029595 0.999518 -0.009382 -1.049932 0.025582 0.010141 0.999621 74.690857
0.999247 0.027433 -0.027443 0.716652 -0.027677 0.999580 -0.008560 -1.057828 0.027197 0.009313 0.999587 75.634003
0.999294 0.024444 -0.028529 0.663956 -0.024653 0.999671 -0.007016 -1.070493 0.028349 0.007714 0.999568 76.594490
0.999083 0.028035 -0.032348 0.805934 -0.028285 0.999573 -0.007293 -1.122333 0.032130 0.008202 0.999450 77.505173
0.999051 0.027814 -0.033507 0.789536 -0.028090 0.999575 -0.007796 -1.139255 0.033276 0.008730 0.999408 78.487816
0.999011 0.027552 -0.034890 0.788566 -0.027856 0.999578 -0.008265 -1.179430 0.034647 0.009229 0.999357 79.463150
0.999130 0.023573 -0.034405 0.701017 -0.023866 0.999682 -0.008147 -1.208505 0.034202 0.008961 0.999375 80.402306
0.998954 0.026462 -0.037288 0.747630 -0.026845 0.999592 -0.009796 -1.217290 0.037014 0.010786 0.999257 81.644806
0.999029 0.022724 -0.037732 0.727034 -0.023120 0.999682 -0.010075 -1.242039 0.037491 0.010938 0.999237 82.555672
0.999091 0.022168 -0.036407 0.657834 -0.022622 0.999671 -0.012114 -1.159980 0.036127 0.012927 0.999264 83.259125
0.999061 0.024481 -0.035743 0.569254 -0.024893 0.999628 -0.011139 -1.223869 0.035457 0.012018 0.999299 84.419441
0.998970 0.025049 -0.037841 0.607404 -0.025495 0.999611 -0.011338 -1.218004 0.037543 0.012291 0.999219 85.507057
0.998867 0.027761 -0.038645 0.569243 -0.028211 0.999540 -0.011141 -1.223562 0.038318 0.012219 0.999191 86.710983
0.999084 0.023950 -0.035454 0.444089 -0.024326 0.999652 -0.010229 -1.260024 0.035197 0.011082 0.999319 87.095238
0.999088 0.023407 -0.035698 0.399113 -0.023869 0.999636 -0.012569 -1.301076 0.035391 0.013410 0.999284 88.084244
0.998981 0.027776 -0.035580 0.407834 -0.028292 0.999500 -0.014082 -1.381376 0.035171 0.015075 0.999268 88.922974
0.999051 0.025699 -0.035156 0.333966 -0.026203 0.999560 -0.013940 -1.364733 0.034782 0.014848 0.999285 89.948212
0.999211 0.019482 -0.034598 0.273297 -0.019895 0.999734 -0.011655 -1.352655 0.034361 0.012334 0.999333 90.821724
0.999154 0.024113 -0.033303 0.167321 -0.024532 0.999624 -0.012234 -1.382921 0.032996 0.013041 0.999370 91.948128
0.999128 0.024543 -0.033764 0.164189 -0.025009 0.999596 -0.013469 -1.499190 0.033420 0.014301 0.999339 92.892487
0.998871 0.037504 -0.029144 -0.053147 -0.038070 0.999092 -0.019115 -1.409892 0.028401 0.020203 0.999392 93.622566
0.998975 0.033453 -0.030492 -0.069473 -0.034082 0.999212 -0.020362 -1.505525 0.029787 0.021380 0.999328 94.968834
0.999017 0.033215 -0.029357 -0.002355 -0.033754 0.999267 -0.018073 -1.591105 0.028735 0.019047 0.999406 95.331345
0.999054 0.033392 -0.027856 -0.164407 -0.033942 0.999233 -0.019532 -1.455972 0.027183 0.020459 0.999421 96.924065
0.999198 0.028213 -0.028428 -0.092026 -0.028663 0.999469 -0.015527 -1.542970 0.027975 0.016329 0.999475 97.718056
0.999284 0.027035 -0.026467 -0.268608 -0.027471 0.999491 -0.016248 -1.515482 0.026015 0.016964 0.999518 98.810738
0.999236 0.027580 -0.027701 -0.221222 -0.028088 0.999441 -0.018115 -1.500591 0.027186 0.018879 0.999452 99.841660
0.999167 0.032268 -0.024975 -0.312948 -0.032717 0.999306 -0.017796 -1.594386 0.024384 0.018598 0.999530 100.607521
0.999145 0.035119 -0.021811 -0.509322 -0.035550 0.999174 -0.019666 -1.578351 0.021103 0.020424 0.999569 101.662697
0.999084 0.036116 -0.022957 -0.384906 -0.036614 0.999095 -0.021648 -1.563306 0.022154 0.022469 0.999502 102.592079
0.998811 0.044359 -0.020234 -0.527559 -0.044869 0.998667 -0.025533 -1.543780 0.019074 0.026411 0.999469 103.599770
0.998953 0.041380 -0.019497 -0.518652 -0.041820 0.998867 -0.022719 -1.705437 0.018535 0.023511 0.999552 104.443108
0.999061 0.039613 -0.017577 -0.607217 -0.040001 0.998951 -0.022273 -1.718674 0.016676 0.022955 0.999597 105.422722
0.999110 0.038477 -0.017293 -0.631507 -0.038839 0.999022 -0.021142 -1.763954 0.016462 0.021795 0.999627 106.317924
0.999079 0.039016 -0.017857 -0.586660 -0.039390 0.999001 -0.021103 -1.788570 0.017016 0.021787 0.999618 107.142830
0.999123 0.037789 -0.018019 -0.594574 -0.038169 0.999047 -0.021185 -1.829228 0.017201 0.021854 0.999613 107.996872
0.998962 0.042370 -0.016746 -0.723844 -0.042739 0.998837 -0.022294 -1.894324 0.015782 0.022987 0.999611 109.001366
0.999104 0.039911 -0.014054 -1.070730 -0.040235 0.998912 -0.023581 -1.931250 0.013097 0.024125 0.999623 110.230698
