0.312504 0.0000000 0.0000000 0.0000000 0.0000000 0.0000000 0.0000000 1.0000000
0.416625 -0.0103625 -0.0244312 1.5127463 0.0000127 0.0000214 0.0000708 1.0000000
0.520755 0.0182239 -0.0607515 2.9176564 -0.0005695 -0.0000713 0.0002149 0.9999998
0.729128 0.0126550 -0.0893471 5.8696237 -0.0012813 -0.0001161 0.0009333 0.9999987
1.041630 0.0180041 -0.1678132 10.2563782 0.0011127 -0.0004015 -0.0027131 0.9999956
1.458401 0.0601020 -0.2839276 16.1958008 -0.0014366 -0.0004001 -0.0016296 0.9999976
1.979377 0.1432179 -0.4311727 23.6673317 -0.0012727 -0.0002840 -0.0028596 0.9999951
2.604383 0.2340915 -0.5843031 32.6710205 0.0026240 0.0001539 -0.0023454 0.9999938
3.229379 0.3407933 -0.7914147 41.8556900 0.0009203 -0.0007697 -0.0081410 0.9999661
3.854131 0.5662573 -1.0161582 51.0488281 0.0009151 -0.0044653 -0.0092528 0.9999468
4.583132 0.5839444 -1.0534772 61.4586525 0.0005525 -0.0074301 -0.0053406 0.9999580
5.311998 0.6386709 -1.1628460 71.7522125 0.0007340 -0.0071132 -0.0083804 0.9999393
6.040889 0.5437286 -1.3992326 81.8545456 0.0019804 -0.0064289 -0.0154143 0.9998586
6.769636 0.5494506 -1.6160780 91.8103333 0.0019047 -0.0108062 -0.0147063 0.9998317
7.602386 0.3993734 -1.9242723 102.6656952 0.0034665 -0.0125768 -0.0182493 0.9997483
8.435138 -0.3926072 -2.1732693 112.2123032 0.0074123 -0.0081431 -0.0301150 0.9994858
9.268135 0.4028062 -2.5431745 124.2723846 0.0092839 -0.0115123 -0.0329838 0.9993464
10.309390 -0.8798148 -3.5020845 137.4775848 0.0108473 -0.0051517 -0.0401529 0.9991214
