1548265158.741470 0.034327811 0.024301165 -0.038279052 -0.014827750 -0.027052652 0.014810490 0.999414299
1548265158.774300 0.044419041 0.023514393 -0.041600379 -0.010095357 -0.023240328 0.015450508 0.999559529
1548265158.807780 0.020990355 0.015531135 -0.026170172 -0.005803083 -0.015461322 0.015718187 0.999740071
1548265159.309300 0.049714577 0.092707795 -0.014271247 -0.036179253 -0.000504001 0.001265138 0.999344389
1548265159.443360 0.051852040 0.091320582 0.000911591 -0.042054998 0.019877188 0.007399389 0.998890146
1548265159.812620 0.073687396 0.106398355 0.026444958 -0.062145086 0.082224997 0.016175262 0.994542809
1548265159.946680 0.072246448 0.092724191 0.039296229 -0.050566738 0.106282319 0.022527315 0.992793832
1548265160.181260 0.088698093 0.063260445 0.036840882 -0.008188200 0.127237120 0.042687372 0.990919501
1548265160.482970 0.112791588 0.026938695 0.020186204 0.016362968 0.140346223 0.049918746 0.988707899
1548265160.650440 0.130914774 -0.001750466 -0.005029581 0.035040589 0.164026063 0.061869045 0.983890151
1548265160.784500 0.160043128 -0.016438886 -0.025465654 0.042877782 0.189945528 0.068756528 0.978445058
1548265160.851530 0.177134551 -0.011210904 -0.042313864 0.039734070 0.203364747 0.065751521 0.976084382
1548265161.153020 0.189311620 -0.017480696 -0.029550781 0.030646923 0.265278591 0.087836618 0.959673259
1548265161.354030 0.216809134 -0.004050539 -0.032410325 0.024231085 0.293900637 0.103794063 0.949874762
1548265161.890040 0.207136915 0.035160504 0.028439022 -0.010268961 0.304353637 0.112374472 0.945851674
1548265161.990590 0.194522212 0.037342963 0.039200072 -0.023574228 0.302134937 0.112732006 0.946282321
1548265162.593820 0.185719526 0.106478885 0.050215961 -0.063975855 0.293610166 0.126690708 0.945330432
1548265162.694350 0.199572685 0.101210898 0.049534713 -0.075659079 0.299031014 0.137878035 0.941193818
1548265162.794890 0.199898831 0.111452111 0.048250189 -0.078491068 0.305980521 0.136348974 0.938948364
1548265162.895450 0.205598702 0.112161042 0.051786360 -0.087130303 0.307184749 0.136664884 0.937746527
1548265163.499260 0.212523050 0.052970296 0.072961505 -0.068301857 0.291646528 0.146895119 0.942708323
1548265163.599820 0.208700955 0.035812429 0.089661362 -0.066235577 0.285101014 0.143128905 0.945433433
1548265163.700380 0.225236952 0.011816915 0.089395906 -0.064555663 0.277113185 0.143968272 0.947794274
1548265164.169390 0.311351079 -0.055434290 0.080623840 -0.041822694 0.286007492 0.158413487 0.944116383
1548265164.604960 0.375737700 -0.106899488 0.041503497 -0.053416825 0.320099462 0.135794933 0.936078369
1548265164.738730 0.364543269 -0.104755995 0.057341454 -0.042421520 0.359524811 0.134767343 0.922377411
1548265165.040310 0.368201557 0.002022568 0.024825163 -0.027701880 0.389990651 0.155501169 0.907171034
1548265165.174400 0.359567088 0.014523721 0.059993839 -0.051206231 0.406397057 0.157468854 0.898567145
1548265165.308470 0.344943266 0.021642384 0.066453104 -0.066566123 0.408016228 0.160773629 0.896238556
1548265165.443020 0.340596240 0.030277297 0.068538478 -0.073039433 0.400359829 0.154171587 0.900337920
1548265165.778270 0.322160593 -0.003402468 0.068638273 -0.047574789 0.420321336 0.137354629 0.895656363
1548265165.911790 0.318650563 -0.006672856 0.045242409 -0.027628247 0.429292804 0.136946282 0.892294842
1548265166.313810 0.323772032 -0.027954691 0.002871785 0.011328973 0.457467695 0.141638168 0.877800428
1548265166.649000 0.304776310 -0.048810611 -0.020021481 0.029234824 0.473166245 0.147305751 0.868078363
1548265166.817150 0.300778701 -0.059173877 -0.035908164 0.034253171 0.473143492 0.148583758 0.867689359
1548265166.951250 0.279907626 -0.068213080 -0.022568723 0.040249095 0.475340080 0.142059706 0.867323964
1548265167.085130 0.229662211 -0.048060124 0.020491183 0.040032768 0.481682078 0.134894173 0.864975904
1548265167.118620 0.281935698 -0.040241573 -0.029348038 0.039226917 0.473703806 0.131264185 0.869963026
1548265167.219140 0.426783592 -0.047887402 -0.186013346 0.023803283 0.439067301 0.127259447 0.889077242
1548265167.286170 0.539760317 -0.078947580 -0.264506069 0.006164991 0.405346123 0.131709945 0.904604335
1548265167.386700 0.695076309 -0.160111739 -0.372357631 -0.029774848 0.364859019 0.149804187 0.918449814
1548265167.420220 0.754328100 -0.180503933 -0.406925531 -0.040028109 0.357895792 0.154957002 0.919943846
1548265167.453740 0.787751650 -0.211438107 -0.439639777 -0.046543491 0.349525166 0.163549505 0.921367148
1548265167.487250 0.836291643 -0.249618242 -0.466602283 -0.048863757 0.341784803 0.169492079 0.923075250
1548265167.520730 0.881913746 -0.284670833 -0.482456340 -0.062709509 0.334543688 0.179452174 0.923008643
1548265167.554250 0.775199393 -0.192035996 -0.418341912 -0.049840919 0.349988804 0.170009513 0.919848077
1548265167.621380 0.764568405 -0.177499453 -0.425090340 -0.054256892 0.351777895 0.170939122 0.918742793
1548265167.755420 0.741149621 -0.160248532 -0.421299134 -0.057362215 0.350845611 0.165926622 0.919828946
1548265167.923000 0.655307799 -0.068944020 -0.411532576 -0.055903409 0.347303431 0.148311197 0.924261286
1548265168.124100 0.686422884 -0.098480717 -0.430979441 -0.067872097 0.334156313 0.158267879 0.926652154
1548265168.258530 0.688750263 -0.081449116 -0.425383190 -0.082932391 0.316779957 0.157325437 0.931676652
1548265168.459390 0.684248053 -0.070650690 -0.417326712 -0.102312528 0.301394132 0.155423397 0.935166986
1548265168.593420 0.675229442 -0.064534327 -0.411753867 -0.111241409 0.284723511 0.156461696 0.939189868
1548265168.760890 0.658832929 -0.038786082 -0.389695315 -0.115545148 0.276009888 0.155281394 0.941464577
1548265168.928470 0.671165984 -0.028407859 -0.392498397 -0.130822707 0.270679633 0.145728541 0.942539733
1548265169.163370 0.660628781 -0.008010162 -0.371764217 -0.152751310 0.255686087 0.152072263 0.942425429
1548265169.330560 0.665726754 0.023989829 -0.381351862 -0.154033365 0.226235528 0.153645300 0.949465286
1548265169.531610 0.647664387 0.048157617 -0.370336874 -0.159949135 0.200081911 0.148315373 0.955189014
1548265169.732710 0.654472871 0.048250493 -0.365702146 -0.156527132 0.180440275 0.144460477 0.960245664
1548265169.967260 0.659070678 0.022271844 -0.366275126 -0.129566605 0.179310046 0.127694587 0.966827024
1548265170.201770 0.664905465 -0.001357028 -0.368894405 -0.110030899 0.176424882 0.123619757 0.970301818
1548265170.436390 0.679572118 -0.026962026 -0.374730604 -0.097691763 0.180215953 0.115555622 0.971918427
1548265170.671020 0.694126096 -0.047026495 -0.377147120 -0.095063433 0.189706842 0.116775010 0.970225672
1548265170.939110 0.696329402 -0.092703272 -0.384063723 -0.086157795 0.204371920 0.118890158 0.967819241
1548265171.207110 0.710528606 -0.122128882 -0.410607877 -0.068886416 0.222567509 0.122419016 0.964744500
1548265171.476220 0.722685316 -0.137247408 -0.418472272 -0.068607908 0.244312612 0.127567122 0.958817465
1548265171.744100 0.748578293 -0.159571439 -0.428906057 -0.073125443 0.266302533 0.125208986 0.952920952
1548265172.011410 0.761316285 -0.189899144 -0.441364276 -0.062924119 0.289936405 0.128565630 0.946281308
1548265172.312550 0.781549367 -0.207430430 -0.455080866 -0.052634187 0.325351737 0.131961143 0.934859426
1548265172.614700 0.814124284 -0.214236240 -0.471498092 -0.040332585 0.356686955 0.146835901 0.921730393
1548265172.916620 0.848128622 -0.206899794 -0.511593942 -0.027373287 0.395576127 0.147086444 0.906165442
1548265173.184790 0.831134448 -0.197669867 -0.496147368 -0.050763721 0.425986727 0.162925604 0.888489505
1548265173.486270 0.819498060 -0.159272638 -0.493584108 -0.068293798 0.435150024 0.169397097 0.881637702
1548265173.787670 0.830637830 -0.120760863 -0.487231204 -0.085589218 0.401413684 0.171882187 0.895543441
1548265174.089860 0.829088325 -0.070597204 -0.493006398 -0.096812379 0.358546965 0.154823295 0.915478664
1548265174.424640 0.811648271 -0.009888866 -0.501458803 -0.100955675 0.315453358 0.147956409 0.931883057
1548265174.759760 0.793266291 0.014607607 -0.524692916 -0.093687342 0.248170368 0.145668632 0.953107969
1548265175.095000 0.768257849 0.023950852 -0.532854246 -0.089865182 0.192521388 0.136553776 0.967580917
1548265175.463570 0.751712709 0.045161088 -0.563485768 -0.091159675 0.134831939 0.130265507 0.978029222
1548265175.832580 0.699187104 0.094534789 -0.588846420 -0.101185908 0.079607873 0.113610408 0.985148047
1548265176.134640 0.672393639 0.081616322 -0.598667659 -0.107152796 0.044163987 0.078944433 0.990118981
1548265176.436120 0.673922440 0.021327410 -0.629439081 -0.059028430 0.054566997 0.100990777 0.991634484
1548265176.670610 0.657401013 0.007823803 -0.674234515 -0.037715385 0.060735800 0.101487938 0.992264537
1548265177.038730 0.613918250 0.015566122 -0.718477159 -0.037145089 0.028110567 0.075617972 0.996048172
1548265177.441050 0.592698828 0.035931783 -0.729571756 -0.048097516 0.009046753 0.061006600 0.996936798
1548265177.809870 0.593898138 0.037790809 -0.739421294 -0.038809486 0.004961131 0.067177408 0.996973624
1548265178.580330 0.611804368 0.039945701 -0.753385487 -0.051423920 0.013740075 0.066030639 0.996396881
1548265178.982520 0.607435606 0.062960508 -0.739839976 -0.066041168 0.020544555 0.064405310 0.995524204
1548265179.384790 0.593923300 0.095075809 -0.753035207 -0.069750725 0.020681453 0.061311164 0.995463739
1548265179.754280 0.594083128 0.090349412 -0.754961105 -0.066287075 0.030985938 0.066008395 0.995132548
1548265181.697520 0.627431448 0.089766495 -0.756670736 -0.059341231 0.049905829 0.089189696 0.992992057
