2.592012 0.0000000 0.0000000 0.0000000 0.0000000 0.0000000 0.0000000 1.0000000
2.695755 -0.0097998 -0.0264940 1.5094299 0.0004661 0.0004620 -0.0003593 0.9999997
2.799368 -0.0210031 -0.0472289 3.0095897 -0.0000009 0.0012698 -0.0006253 0.9999990
3.006750 -0.0266504 -0.0983002 5.9419532 -0.0015891 0.0030810 -0.0006917 0.9999937
3.110482 -0.0242532 -0.1166141 7.3795953 -0.0019079 0.0042025 -0.0010093 0.9999889
3.421685 0.0095915 -0.1817872 11.5558233 0.0001607 0.0097313 -0.0005617 0.9999525
3.732909 0.0985186 -0.2439469 15.5973024 0.0004604 0.0179133 -0.0016553 0.9998381
4.044264 0.2568687 -0.3224522 19.4400330 -0.0006843 0.0312151 -0.0041545 0.9995038
4.355725 0.5414524 -0.3784632 23.1406822 -0.0016995 0.0533967 -0.0072910 0.9985453
4.771058 1.2651995 -0.4415719 27.8449059 -0.0011512 0.0922348 -0.0055235 0.9957213
4.978668 1.7404764 -0.4723939 30.0735283 -0.0025403 0.1150845 -0.0004628 0.9933524
5.290138 2.6957200 -0.5117435 33.2759972 -0.0005695 0.1532578 0.0069215 0.9881619
5.497872 3.4435987 -0.5341346 35.3038101 -0.0023932 0.1817054 0.0101306 0.9832979
5.809345 4.7634716 -0.5656070 38.2015305 0.0037048 0.2274504 0.0132358 0.9736927
6.224565 6.9380527 -0.6143516 41.7798958 -0.0005998 0.2935901 0.0134049 0.9558372
6.743256 10.2114677 -0.6860711 45.6666603 0.0042372 0.3798912 0.0091652 0.9249761
7.261837 14.0983219 -0.7839860 48.9104691 0.0101361 0.4622873 0.0044579 0.8866611
7.676672 17.6241207 -0.8932109 50.9215393 0.0169945 0.5260548 -0.0034650 0.8502738
8.091556 21.5363789 -1.0133406 52.4899101 0.0090466 0.5885059 -0.0114691 0.8083609
8.506356 25.7474403 -1.1462697 53.4485588 0.0076338 0.6468959 -0.0109827 0.7624609
8.817441 29.0095997 -1.2890011 53.7410240 0.0134772 0.6847706 -0.0101923 0.7285628
9.128182 32.3732986 -1.4194549 53.7497101 0.0165535 0.7121654 -0.0065120 0.7017863
9.438799 35.7674522 -1.5533636 53.5824432 0.0193420 0.7295850 -0.0068914 0.6835819
9.646095 38.0274086 -1.6611524 53.3927155 0.0254719 0.7367120 -0.0064448 0.6756960
9.956711 41.4369316 -1.8537053 53.0634842 0.0325149 0.7409361 -0.0092533 0.6707242
10.267680 44.6285706 -2.1647358 52.5452919 0.0349796 0.7427654 -0.0124309 0.6685219
