1.000000 0.000000 0.000000 0.000000 0.000000 1.000000 0.000000 0.000000 0.000000 0.000000 1.000000 0.000000
0.998552 -0.010318 0.052788 0.103354 0.010416 0.999945 -0.001569 -0.035697 -0.052769 0.002117 0.998604 2.293076
0.996629 -0.012652 0.081057 0.199106 0.012638 0.999920 0.000680 -0.056025 -0.081059 0.000346 0.996709 3.418288
0.993786 -0.016622 0.110057 0.326132 0.016330 0.999860 0.003551 -0.073786 -0.110101 -0.001732 0.993919 4.528741
0.989907 -0.020174 0.140276 0.488041 0.019953 0.999796 0.002985 -0.085512 -0.140308 -0.000156 0.990108 5.623213
0.985046 -0.020827 0.171027 0.685953 0.021354 0.999771 -0.001243 -0.096945 -0.170962 0.004877 0.985265 6.688460
0.979097 -0.023357 0.202049 0.903868 0.025210 0.999660 -0.006601 -0.112918 -0.201826 0.011556 0.979353 7.764737
0.972095 -0.026530 0.233081 1.165416 0.029394 0.999529 -0.008821 -0.138629 -0.232737 0.015426 0.972417 8.813876
0.963872 -0.026793 0.265017 1.461355 0.029321 0.999554 -0.005586 -0.158172 -0.264749 0.013155 0.964228 9.866693
0.953904 -0.024059 0.299146 1.790608 0.025247 0.999681 -0.000105 -0.172594 -0.299049 0.007653 0.954207 10.919692
0.942324 -0.023532 0.333875 2.142292 0.023663 0.999713 0.003673 -0.199554 -0.333866 0.004439 0.942610 11.919447
0.929022 -0.018479 0.369563 2.512062 0.020138 0.999797 -0.000632 -0.234633 -0.369476 0.008030 0.929206 12.901150
0.914627 -0.012928 0.404091 2.931484 0.017819 0.999806 -0.008346 -0.231824 -0.403905 0.014834 0.914681 13.884817
0.899700 -0.010474 0.436382 3.398472 0.016937 0.999797 -0.010922 -0.228811 -0.436179 0.017218 0.899695 14.833802
0.883385 -0.012670 0.468476 3.898913 0.018159 0.999809 -0.007202 -0.269133 -0.468296 0.014870 0.883447 15.773746
0.866244 -0.013420 0.499441 4.428094 0.019550 0.999784 -0.007044 -0.278910 -0.499239 0.015866 0.866319 16.659372
0.847810 -0.012451 0.530155 4.984093 0.020661 0.999741 -0.009562 -0.311833 -0.529898 0.019060 0.847847 17.544815
0.828062 -0.010295 0.560542 5.564526 0.020215 0.999730 -0.011501 -0.341737 -0.560273 0.020855 0.828046 18.415861
0.807184 -0.007793 0.590248 6.167467 0.018736 0.999747 -0.012423 -0.362556 -0.590003 0.021086 0.807126 19.265873
0.785720 -0.006510 0.618548 6.838704 0.018912 0.999730 -0.013501 -0.391665 -0.618293 0.022306 0.785631 20.092817
0.763065 -0.001272 0.646321 7.511306 0.018256 0.999641 -0.019586 -0.418344 -0.646065 0.026745 0.762814 20.881598
0.738612 0.006977 0.674094 8.206429 0.017256 0.999423 -0.029251 -0.447373 -0.673909 0.033237 0.738066 21.673258
0.713477 0.014286 0.700533 8.942336 0.016598 0.999167 -0.037281 -0.489038 -0.700482 0.038227 0.712646 22.416779
0.687334 0.019710 0.726074 9.733129 0.014203 0.999076 -0.040566 -0.520440 -0.726202 0.038194 0.686419 23.174814
0.660258 0.019466 0.750787 10.540946 0.013366 0.999201 -0.037661 -0.572543 -0.750920 0.034901 0.659470 23.893454
0.632109 0.019991 0.774622 11.386439 0.009351 0.999398 -0.033422 -0.610285 -0.774823 0.028370 0.631541 24.574339
0.601523 0.022679 0.798533 12.263498 0.004431 0.999487 -0.031724 -0.676004 -0.798843 0.022621 0.601114 25.287024
0.570244 0.027581 0.821012 13.148280 -0.002840 0.999496 -0.031604 -0.721925 -0.821470 0.015690 0.570036 25.940817
0.538412 0.030773 0.842120 14.079226 -0.007049 0.999462 -0.032016 -0.751352 -0.842653 0.011302 0.538339 26.563816
0.505852 0.030743 0.862072 15.034885 -0.009880 0.999506 -0.029847 -0.816229 -0.862563 0.006581 0.505906 27.153625
0.473700 0.030924 0.880143 16.040768 -0.010343 0.999510 -0.029551 -0.855067 -0.880625 0.004894 0.473788 27.683416
0.441060 0.030542 0.896958 17.061720 -0.009794 0.999525 -0.029218 -0.898676 -0.897424 0.004102 0.441149 28.180733
0.406075 0.029031 0.913378 18.067738 -0.008154 0.999571 -0.028145 -0.956305 -0.913803 0.003981 0.406138 28.728704
0.377270 0.025583 0.925750 19.071718 0.001258 0.999603 -0.028137 -0.988330 -0.926103 0.011780 0.377088 28.957237
0.344137 0.028838 0.938477 20.170475 0.005162 0.999455 -0.032605 -1.015868 -0.938905 0.016065 0.343800 29.421005
0.313026 0.034273 0.949126 21.291294 0.004810 0.999279 -0.037671 -1.076695 -0.949732 0.016358 0.312636 29.808142
0.284876 0.036310 0.957876 22.380733 0.011683 0.999077 -0.041346 -1.126970 -0.958493 0.022970 0.284189 30.119165
0.260730 0.033062 0.964845 23.473270 0.014840 0.999158 -0.038249 -1.202743 -0.965298 0.024291 0.260020 30.404305
0.240103 0.029544 0.970298 24.628052 0.016337 0.999272 -0.034469 -1.269224 -0.970610 0.024127 0.239445 30.659824
0.221146 0.027498 0.974853 25.797577 0.016619 0.999351 -0.031959 -1.314163 -0.975099 0.023269 0.220545 30.946445
0.204620 0.031199 0.978344 26.908569 0.016706 0.999235 -0.035360 -1.355117 -0.978699 0.023580 0.203942 31.182180
0.189380 0.034131 0.981310 28.184042 0.020415 0.999043 -0.038687 -1.407273 -0.981692 0.027360 0.188502 31.471720
0.178462 0.038721 0.983185 29.404757 0.026416 0.998677 -0.044126 -1.447946 -0.983592 0.033846 0.177203 31.682184
0.169768 0.041501 0.984610 30.515722 0.029808 0.998439 -0.047223 -1.506645 -0.985033 0.037366 0.168266 31.852266
0.163540 0.045787 0.985474 31.600096 0.031835 0.998157 -0.051659 -1.595812 -0.986023 0.039821 0.161781 31.981773
0.160636 0.049976 0.985748 32.769543 0.035835 0.997764 -0.056425 -1.639801 -0.986363 0.044388 0.158486 32.146366
0.155975 0.054697 0.986245 33.921391 0.036119 0.997482 -0.061032 -1.685612 -0.987100 0.045142 0.153607 32.403221
0.154335 0.056334 0.986411 35.144272 0.037809 0.997305 -0.062872 -1.803204 -0.987295 0.046998 0.151790 32.561924
0.153107 0.059079 0.986442 36.339317 0.041214 0.996961 -0.066105 -1.891199 -0.987350 0.050776 0.150207 32.708309
0.150825 0.061963 0.986617 37.532734 0.041225 0.996771 -0.068903 -2.006938 -0.987700 0.051066 0.147784 32.861156
