5.082534 0.0000000 0.0000000 0.0000000 0.0000000 0.0000000 0.0000000 1.0000000
5.290138 0.1020104 -0.0335613 2.3059330 0.0009131 0.0264915 0.0051106 0.9996356
5.394003 0.1940971 -0.0545205 3.4373848 -0.0000804 0.0407349 0.0062704 0.9991503
5.601734 0.4830031 -0.0805562 5.6227360 -0.0007620 0.0704414 0.0099487 0.9974660
5.809345 0.8985310 -0.1142454 7.7643209 0.0044959 0.1016197 0.0120651 0.9947400
5.913083 1.1634457 -0.1425387 8.8078394 0.0059841 0.1173410 0.0140221 0.9929746
6.224565 2.1401293 -0.1927643 11.9219961 0.0002499 0.1694946 0.0118626 0.9854597
6.535919 3.3946898 -0.2281069 14.8380423 0.0072441 0.2239819 0.0069517 0.9745416
6.743256 4.4238505 -0.2853147 16.6853714 0.0058186 0.2587317 0.0084602 0.9658946
6.950676 5.5604095 -0.3301303 18.4281235 0.0086816 0.2933309 0.0080311 0.9559378
7.158126 6.8292327 -0.3790419 20.1068535 0.0097059 0.3275661 0.0067896 0.9447540
7.365577 8.2047663 -0.4336710 21.6966648 0.0170384 0.3618457 0.0028493 0.9320779
7.572928 9.7245941 -0.5183648 23.2111149 0.0215589 0.3959772 -0.0014508 0.9180061
7.780431 11.3893270 -0.6106464 24.6232300 0.0171588 0.4295593 -0.0031285 0.9028702
8.091556 14.0714788 -0.7546082 26.5682449 0.0125331 0.4805184 -0.0104736 0.8768325
8.921074 22.4466648 -1.1177220 30.1365051 0.0206191 0.5976762 -0.0070379 0.8014415
9.335267 27.0432358 -1.3505089 31.2235603 0.0195833 0.6304982 -0.0038686 0.7759340
9.646095 30.5251637 -1.5251913 31.8570099 0.0278358 0.6443269 -0.0027409 0.7642385
10.164070 36.3690948 -1.8994921 32.6020088 0.0384443 0.6498680 -0.0052758 0.7590559
