1548266187.119290 0.000000000 0.000000000 0.000000000 -0.000000000 -0.000000000 -0.000000000 1.000000000
1548266187.152060 0.000896407 0.005870204 0.000874488 0.000055024 0.001710071 -0.000864479 0.999998152
1548266187.185580 0.000895948 0.008324604 0.000835849 -0.000288938 0.004389695 -0.000432856 0.999990225
1548266187.218520 0.004649552 0.010573048 0.000915946 -0.000923564 0.006956419 -0.000437204 0.999975264
1548266187.252040 0.000248417 0.018944921 0.004542960 -0.000379440 0.012571343 0.001007168 0.999920428
1548266187.285550 -0.000693720 0.020953452 0.005713987 -0.001347259 0.015558817 0.003371046 0.999872386
1548266187.319050 -0.006287475 0.027605457 0.008919294 -0.000866382 0.016895317 0.004253013 0.999847889
1548266187.352560 0.016215164 0.033216953 0.006338154 -0.000756546 0.015416697 0.004303440 0.999871671
1548266187.385160 0.015189918 0.033499084 0.007946520 -0.001990521 0.023829589 0.006854026 0.999690533
1548266187.418680 0.014548720 0.037497051 0.011041838 -0.002143953 0.032178517 0.009982651 0.999430001
1548266187.452190 0.001106358 0.035954874 0.015696405 -0.002985754 0.040308688 0.015250479 0.999066412
1548266187.485710 0.008880231 0.041589752 0.015922097 -0.001626382 0.041014388 0.017861111 0.998997569
1548266187.519230 0.017547278 0.044195324 0.019308092 -0.001525908 0.045786947 0.022153528 0.998704433
1548266187.552890 0.017964445 0.045663703 0.018921815 -0.001285789 0.051632721 0.027088987 0.998297870
1548266187.586410 0.030346172 0.045920406 0.021264533 -0.000609969 0.054596324 0.029610476 0.998069167
1548266187.619920 0.036004949 0.042935409 0.023249213 -0.000354736 0.061451230 0.031362619 0.997617245
1548266187.653390 0.038802646 0.046636179 0.027343590 0.002254860 0.069056980 0.033458106 0.997048974
1548266187.686910 0.036199287 0.041921664 0.028533751 0.003792646 0.077989988 0.035343260 0.996320307
1548266187.720470 0.048104290 0.037411496 0.027933845 0.006192593 0.084355630 0.036217760 0.995758057
1548266187.754230 0.039989330 0.033137165 0.026610052 0.008830478 0.094079979 0.037755571 0.994809330
1548266187.787750 0.035905518 0.032852408 0.028983811 0.012583351 0.100182585 0.038807586 0.994132400
1548266187.821340 0.045644276 0.029458556 0.028853513 0.015586141 0.103925936 0.038960610 0.993699491
1548266187.854930 0.054085553 0.029006926 0.023797220 0.018718706 0.109777518 0.041179772 0.992926359
1548266187.888450 0.045314584 0.029184015 0.027071375 0.021505712 0.117688045 0.044151489 0.991835594
1548266187.921890 0.045498040 0.026997879 0.025707452 0.023088096 0.119831972 0.045912761 0.991463244
1548266187.955330 0.056958757 0.025428317 0.026942931 0.024308927 0.121014081 0.047553230 0.991213083
1548266187.988830 0.057996634 0.019778376 0.024931148 0.024094425 0.125302956 0.049402110 0.990594864
1548266188.022290 0.069806971 0.020623235 0.030293349 0.024782177 0.126222685 0.051638838 0.990347028
1548266188.055850 0.073928185 0.012314922 0.034461603 0.024119867 0.129630446 0.053439558 0.989827514
1548266188.089380 0.079420209 0.004786031 0.038742341 0.024584459 0.132878631 0.053749822 0.989368439
1548266188.122910 0.084435262 -0.016695650 0.031701446 0.023502193 0.136234194 0.053605225 0.988946080
1548266188.156460 0.079898849 -0.016167697 0.045327611 0.028991690 0.138318792 0.055249270 0.988420427
1548266188.189970 0.087206021 -0.029132426 0.045750655 0.031146457 0.137096584 0.053383388 0.988627672
1548266188.223490 0.091215454 -0.036852345 0.047694713 0.035579249 0.138179615 0.053876948 0.988300443
1548266188.257010 0.093433559 -0.043157578 0.052436385 0.041280329 0.138466984 0.055595133 0.987943351
1548266188.290520 0.101999760 -0.051390477 0.050134201 0.045673680 0.135448202 0.055983879 0.988146544
1548266188.324040 0.114571698 -0.061757226 0.047366876 0.049072638 0.134075224 0.056215167 0.988157690
1548266188.357550 0.115999922 -0.069272250 0.054331679 0.053243961 0.134937912 0.057925534 0.987725377
1548266188.391070 0.125276461 -0.073149227 0.053820007 0.057331726 0.131404102 0.058812059 0.987920642
1548266188.424590 0.141413748 -0.083624490 0.048774697 0.059218455 0.127139598 0.058220670 0.988402247
1548266188.458100 0.145897165 -0.099059157 0.052748397 0.059597690 0.127481341 0.059142198 0.988280773
1548266188.491620 0.149179086 -0.103976846 0.059948124 0.063239940 0.125891522 0.061857216 0.988091946
1548266188.525130 0.165707886 -0.110993132 0.057817914 0.065654032 0.121112756 0.064201772 0.988382220
1548266188.558650 0.172810420 -0.123078927 0.057616632 0.066252738 0.120700479 0.064121269 0.988397956
1548266188.592170 0.176505387 -0.132625699 0.060209744 0.068402037 0.120371856 0.065679833 0.988189220
1548266188.625710 0.184370652 -0.140725955 0.060700055 0.071021117 0.118156597 0.066200204 0.988237143
1548266188.659220 0.195507079 -0.147735983 0.059028167 0.073055811 0.117219545 0.066281468 0.988194942
1548266188.692740 0.201596990 -0.152038619 0.060216725 0.075765394 0.117931224 0.067402184 0.987830341
1548266188.726250 0.204341620 -0.158887476 0.059752692 0.077708624 0.118216529 0.067119844 0.987664521
1548266188.759770 0.218598425 -0.164987877 0.049988434 0.079149075 0.116176464 0.066828862 0.987811923
1548266188.793290 0.217769638 -0.170487255 0.054533187 0.080561295 0.118711159 0.066775538 0.987399936
1548266188.827110 0.220565066 -0.174306497 0.053482559 0.081976429 0.119248427 0.066956103 0.987206519
1548266188.860700 0.220352784 -0.188654125 0.051710397 0.081339590 0.119735785 0.066997714 0.987197340
1548266188.894240 0.242391855 -0.188164413 0.049765989 0.083005153 0.117340364 0.065435149 0.987451136
1548266188.927750 0.230205089 -0.192225948 0.055475868 0.083215535 0.122307621 0.064941734 0.986863017
1548266188.961270 0.229558200 -0.195683300 0.058089212 0.083632961 0.123435028 0.064147733 0.986739278
1548266188.994780 0.235718668 -0.202822253 0.058821596 0.083726287 0.123980582 0.062686019 0.986756921
1548266189.028300 0.243568152 -0.209558681 0.056674182 0.084153213 0.126683444 0.063568950 0.986320734
1548266189.061860 0.232434303 -0.213335648 0.065552540 0.085568137 0.131979302 0.064655982 0.985433519
1548266189.095330 0.238233045 -0.224368662 0.061388936 0.085703187 0.131559297 0.065091990 0.985449195
1548266189.128820 0.246206507 -0.233582601 0.060062733 0.086045854 0.133204907 0.066257209 0.985120595
1548266189.162270 0.240156472 -0.229695603 0.069671392 0.088558063 0.138096243 0.067624427 0.984131038
1548266189.195510 0.243215799 -0.235798150 0.071765140 0.089070410 0.138618305 0.067854129 0.983995557
1548266189.228860 0.243826881 -0.242218524 0.073080756 0.089123204 0.141432196 0.067926355 0.983585298
1548266189.262380 0.249231607 -0.257685572 0.075878061 0.087949395 0.143926486 0.070472397 0.983149946
1548266189.295890 0.255904943 -0.253484428 0.079607770 0.090353839 0.145542562 0.071074113 0.982650518
1548266189.329410 0.252114385 -0.256025583 0.085652038 0.091577403 0.150258183 0.071447767 0.981800020
1548266189.362930 0.251863927 -0.265076160 0.088434286 0.091094285 0.153582886 0.073049769 0.981212497
1548266189.396440 0.262748420 -0.266856581 0.090444624 0.092074268 0.155391589 0.073822774 0.980778277
1548266189.430100 0.258625835 -0.270927429 0.093833268 0.092048995 0.162092417 0.073076770 0.979751468
1548266189.463630 0.271776408 -0.274359107 0.099737488 0.093350455 0.166400686 0.074813820 0.978774428
1548266189.497150 0.272027850 -0.277212173 0.100435413 0.095098145 0.170672774 0.074565046 0.977889240
1548266189.530670 0.283308208 -0.283062458 0.097639464 0.095215306 0.174725741 0.074423701 0.977172494
1548266189.564160 0.282391250 -0.280546486 0.107566088 0.096724518 0.182835430 0.074362755 0.975543916
1548266189.597700 0.290185690 -0.277966112 0.107238911 0.097650088 0.186809629 0.074767552 0.974667370
1548266189.631270 0.286637604 -0.268518001 0.110809460 0.098254681 0.193133011 0.074033320 0.973429382
1548266189.664780 0.295229942 -0.268599510 0.111379236 0.096480168 0.197165966 0.075901821 0.972654223
1548266189.698320 0.291540414 -0.267975986 0.112927869 0.094022006 0.202660382 0.077415481 0.971645832
1548266189.731830 0.300837874 -0.260192096 0.113319740 0.091071814 0.207290679 0.079439096 0.970786273
1548266189.765330 0.299752414 -0.265437782 0.119224429 0.086874589 0.214020416 0.084016383 0.969324231
1548266189.798850 0.304808378 -0.267158777 0.125194162 0.084785588 0.216692209 0.088416889 0.968523800
1548266189.832340 0.308479965 -0.251674682 0.129985109 0.085217588 0.218889222 0.090081900 0.967838228
1548266189.865830 0.312026888 -0.254474014 0.127547294 0.082317621 0.220686853 0.095559709 0.967155397
1548266189.899340 0.321183234 -0.250339895 0.129584238 0.080415949 0.221898824 0.098443888 0.966748714
1548266189.932820 0.324083149 -0.248281747 0.131598994 0.077717915 0.224936217 0.100903243 0.966013610
1548266189.966330 0.333355188 -0.243734777 0.134979293 0.075562283 0.227502629 0.103293568 0.965330780
1548266189.999860 0.334845394 -0.238468722 0.144333854 0.073819436 0.231688857 0.104676560 0.964320421
1548266190.033370 0.342230111 -0.234370649 0.144068807 0.071487106 0.233433381 0.107807800 0.963730216
1548266190.066950 0.351010114 -0.231466860 0.149180800 0.068681732 0.235413626 0.110245086 0.963176668
1548266190.100400 0.359171718 -0.222760484 0.154596984 0.066620566 0.237415448 0.111386828 0.962698638
1548266190.133550 0.368113309 -0.226722419 0.154678911 0.061567754 0.239953443 0.114766419 0.962008536
1548266190.166860 0.373923481 -0.227724612 0.158181593 0.057966124 0.242285416 0.118549280 0.961188734
1548266190.200370 0.380387783 -0.221120730 0.162926614 0.055871364 0.243741482 0.118468411 0.960954607
1548266190.233890 0.402803779 -0.216548592 0.161840349 0.053461134 0.243867517 0.120329380 0.960828483
1548266190.267410 0.404135674 -0.215907350 0.170066506 0.050867684 0.247818008 0.121546850 0.959804714
1548266190.300920 0.412340462 -0.215225607 0.172783896 0.048687622 0.249057978 0.122370318 0.959492207
1548266190.334440 0.419542581 -0.210005045 0.175098374 0.047000505 0.250615060 0.122018270 0.959215641
1548266190.367940 0.431176960 -0.202545911 0.177858502 0.044636015 0.252455920 0.121034086 0.958970487
1548266190.401680 0.436908990 -0.202826262 0.179391354 0.041295841 0.256209075 0.122477740 0.957940936
1548266190.435250 0.439137816 -0.205410272 0.186091185 0.039256584 0.259079963 0.124441534 0.957000971
1548266190.468880 0.449728459 -0.194674104 0.191072732 0.039012577 0.259461552 0.124440446 0.956907749
1548266190.502390 0.460282117 -0.187920898 0.189832419 0.038010158 0.261406302 0.125430405 0.956289291
1548266190.535840 0.467233181 -0.190190867 0.192740768 0.035854094 0.263919085 0.128347039 0.955294847
1548266190.569350 0.477547020 -0.189173341 0.191588461 0.033612646 0.265128642 0.129912972 0.954829693
1548266190.602870 0.484183699 -0.185046986 0.197653711 0.033151928 0.267963171 0.131966934 0.953772247
1548266190.636450 0.489756703 -0.182932109 0.196793973 0.031812791 0.269919455 0.133192703 0.953095615
1548266190.669970 0.502490878 -0.170145243 0.197391152 0.031842984 0.271714181 0.133236766 0.952578366
1548266190.703480 0.506238580 -0.170262545 0.194193125 0.029939879 0.275685072 0.133902431 0.951405048
1548266190.736950 0.514398932 -0.166777819 0.195460975 0.029197406 0.278753251 0.135292843 0.950336814
1548266190.770460 0.517706931 -0.162045822 0.191657037 0.028256683 0.282105595 0.136160597 0.949251473
1548266190.803990 0.521502197 -0.162382647 0.193690151 0.025986621 0.285906613 0.136824384 0.948082983
1548266190.837550 0.527478695 -0.156247750 0.193041548 0.025906716 0.289181948 0.138831258 0.946799099
1548266190.871070 0.534035563 -0.154251069 0.188157752 0.025566991 0.290503174 0.139861912 0.946252108
1548266190.904600 0.545793653 -0.156605914 0.178524017 0.024571817 0.292043209 0.140557826 0.945701063
1548266190.938120 0.542375445 -0.153691858 0.180191532 0.025352096 0.297498882 0.141208380 0.943881333
1548266190.971640 0.542582393 -0.153114751 0.177476481 0.025746370 0.300483406 0.141158909 0.942932189
1548266191.005200 0.545790434 -0.141420692 0.175401717 0.027969804 0.303740412 0.139844805 0.942020655
1548266191.038750 0.549037814 -0.136819303 0.164595902 0.027260883 0.308277309 0.139850900 0.940565646
1548266191.072270 0.547453344 -0.125864089 0.169494450 0.028273633 0.314487219 0.140714288 0.938348532
1548266191.105740 0.557756960 -0.116054460 0.160198063 0.028078422 0.318088979 0.142187342 0.936917186
1548266191.139260 0.558182538 -0.114958346 0.150488257 0.026126053 0.325113028 0.146695539 0.933862686
1548266191.172820 0.556755126 -0.108794510 0.155713499 0.025276210 0.332359910 0.150610432 0.930706501
1548266191.206370 0.577761889 -0.117425725 0.130656794 0.021414898 0.332811028 0.158975899 0.929249644
1548266191.240000 0.571638823 -0.105756581 0.135420278 0.020631950 0.341909111 0.162651077 0.925320089
1548266191.273620 0.580636263 -0.097055689 0.131227136 0.019264465 0.347642303 0.168339074 0.922190726
1548266191.307270 0.578469336 -0.103418730 0.130384848 0.015697367 0.356338024 0.174567744 0.917770684
1548266191.340790 0.586132824 -0.092627883 0.118623152 0.015480867 0.362191767 0.179400533 0.914545238
1548266191.374300 0.587405205 -0.091403365 0.113327205 0.013760332 0.370511979 0.184512749 0.910212398
1548266191.407890 0.589717627 -0.084892944 0.109678507 0.014426691 0.377671897 0.189460650 0.906234205
1548266191.441340 0.610910416 -0.074718989 0.089705497 0.015221350 0.379821748 0.193698794 0.904425025
1548266191.474850 0.604922056 -0.069046661 0.090374231 0.016387619 0.389274240 0.198768243 0.899271011
1548266191.508370 0.604147434 -0.070980370 0.083195359 0.016429219 0.395573854 0.204587832 0.895206809
1548266191.541860 0.601357579 -0.066627376 0.081334144 0.018066218 0.401664644 0.208103672 0.891645670
1548266191.575370 0.604149044 -0.059259333 0.069457725 0.019696742 0.406537592 0.211539730 0.888588905
1548266191.608890 0.603610694 -0.055988565 0.059242219 0.020472230 0.412189931 0.214831159 0.885171175
1548266191.642400 0.600999951 -0.045325123 0.055515736 0.022511488 0.418118149 0.216577396 0.881909728
1548266191.675910 0.602114677 -0.043683596 0.043852523 0.023134861 0.422226608 0.218807548 0.879382074
1548266191.709400 0.601578772 -0.048059918 0.036002934 0.022186544 0.428255945 0.220187947 0.876140416
1548266191.742920 0.600787759 -0.046752751 0.024227247 0.023175577 0.432660460 0.221984580 0.873493433
1548266191.776210 0.596430898 -0.042131469 0.027155191 0.024930058 0.439284354 0.222812459 0.869920909
1548266191.809670 0.594223976 -0.035059541 0.029967293 0.028281884 0.445592076 0.224728644 0.866109133
1548266191.843180 0.592431724 -0.029859617 0.015081063 0.029790459 0.449920386 0.225058168 0.863732040
1548266191.876690 0.608331740 -0.037740767 -0.017107368 0.027927835 0.449512780 0.227703184 0.863313138
1548266191.910210 0.607366502 -0.045507476 -0.019965440 0.027990954 0.455678940 0.229749054 0.859528184
1548266191.943720 0.606920362 -0.043541789 -0.025832877 0.030903427 0.460057706 0.231732011 0.856558383
1548266191.977240 0.603625536 -0.042469710 -0.036004424 0.032834545 0.464030981 0.232236594 0.854203403
1548266192.010720 0.604342282 -0.045160234 -0.041921288 0.034265194 0.468025059 0.234107181 0.851453066
1548266192.044270 0.599635780 -0.044720545 -0.041079566 0.036806092 0.472810179 0.234693617 0.848536909
1548266192.077800 0.603718042 -0.040217176 -0.051303163 0.039328326 0.475274116 0.234971285 0.846968949
1548266192.111300 0.606080413 -0.044313610 -0.063973024 0.040743712 0.478143245 0.236803725 0.844774008
1548266192.144780 0.602197528 -0.063161343 -0.060576037 0.041014250 0.483101487 0.239944711 0.841045380
1548266192.178300 0.604547918 -0.065910876 -0.070334256 0.043676157 0.484446228 0.239740625 0.840195656
1548266192.211820 0.609230459 -0.061879173 -0.087374344 0.047548495 0.484919786 0.240433231 0.839514077
1548266192.245240 0.604317427 -0.063547373 -0.086045563 0.050712205 0.488852412 0.240449622 0.837039828
1548266192.278800 0.602058530 -0.069267228 -0.089544117 0.053352397 0.491227627 0.240540683 0.835457504
1548266192.312360 0.599736512 -0.068158537 -0.095276177 0.056851085 0.493524730 0.240074649 0.834005773
1548266192.345900 0.599915504 -0.073375344 -0.102375478 0.058403119 0.496619642 0.241090462 0.831765234
1548266192.379350 0.601935089 -0.079387099 -0.105446130 0.060561940 0.498657078 0.242483735 0.829984963
1548266192.412870 0.599805295 -0.079862878 -0.109406263 0.063688368 0.500399768 0.242383674 0.828730404
1548266192.446290 0.600361228 -0.081522375 -0.122334719 0.065006018 0.502138853 0.241315916 0.827887416
1548266192.479770 0.599025488 -0.080424726 -0.126268879 0.067378066 0.506648064 0.241559595 0.824873924
1548266192.513290 0.601897001 -0.086615607 -0.138318285 0.068548605 0.509812891 0.243228614 0.822333157
1548266192.546740 0.598792076 -0.088153243 -0.136433631 0.070766866 0.514984310 0.242358163 0.819173872
1548266192.580250 0.599941194 -0.092359781 -0.152994916 0.072096169 0.518630624 0.241901472 0.816889405
1548266192.613810 0.599076986 -0.093309909 -0.154060185 0.074899495 0.525268376 0.242511570 0.812201619
1548266192.647320 0.601062655 -0.101575166 -0.161887363 0.076186277 0.529648721 0.243427023 0.808956921
1548266192.680840 0.597962737 -0.103177533 -0.163199142 0.078401841 0.535583317 0.242334947 0.805156767
1548266192.714360 0.598343909 -0.104007080 -0.173187882 0.080792539 0.541948736 0.243019193 0.800441027
1548266192.747880 0.610029161 -0.098922461 -0.189722478 0.082688496 0.547387302 0.244994015 0.795931935
1548266192.781390 0.606285930 -0.108036026 -0.193132788 0.082779139 0.555002749 0.247282714 0.789918244
1548266192.814910 0.611538172 -0.113037497 -0.196364045 0.081874147 0.563038290 0.249582916 0.783576965
1548266192.848430 0.604517937 -0.116445124 -0.198435426 0.083039567 0.570526361 0.252991885 0.776916564
1548266192.881970 0.610999823 -0.104532555 -0.218652532 0.085640006 0.571776986 0.254403740 0.775252044
1548266192.915480 0.607764006 -0.105614826 -0.203097776 0.085776061 0.578303576 0.255700976 0.769951046
1548266192.949000 0.609144151 -0.109275863 -0.207546130 0.084168285 0.581694722 0.258455217 0.766647220
1548266192.982530 0.614271164 -0.101249188 -0.215360582 0.084159903 0.583850026 0.261113703 0.764104664
1548266193.016070 0.615280271 -0.098663822 -0.213820443 0.082261689 0.586429536 0.262557089 0.761838078
1548266193.049750 0.616407037 -0.081668958 -0.237877563 0.081323035 0.585837007 0.263418406 0.762097299
1548266193.083330 0.620971859 -0.081394762 -0.234499976 0.079101868 0.589902997 0.265819103 0.758351862
1548266193.117070 0.623561680 -0.075507492 -0.235449880 0.078501172 0.591696322 0.267589837 0.756392002
1548266193.150590 0.622324646 -0.066019148 -0.251717448 0.078540146 0.591356575 0.269073695 0.756127119
1548266193.184110 0.623874724 -0.065411404 -0.255348444 0.077773817 0.592678189 0.270567536 0.754637063
1548266193.217620 0.625776231 -0.069249004 -0.251296312 0.075196810 0.595156670 0.270722508 0.752889991
1548266193.251180 0.621500134 -0.061637998 -0.257768959 0.074619725 0.596899271 0.270782650 0.751545072
1548266193.284700 0.625836015 -0.063137069 -0.249509513 0.073020816 0.599969506 0.271913975 0.748844028
1548266193.318210 0.625556469 -0.040587857 -0.271116734 0.075037085 0.596783221 0.271279991 0.751416266
1548266193.351880 0.626079857 -0.043141484 -0.274903893 0.071150906 0.598452508 0.271018356 0.750560641
1548266193.385250 0.626587749 -0.035704851 -0.274769127 0.069492526 0.600518584 0.271685243 0.748822689
1548266193.418720 0.628133655 -0.040576443 -0.271180809 0.066730902 0.603110611 0.273534358 0.746313334
1548266193.452230 0.626325130 -0.015451267 -0.282574713 0.069084205 0.603020132 0.273407578 0.746218741
1548266193.485680 0.623335123 -0.021387860 -0.276117444 0.065701015 0.607224584 0.274932563 0.742545545
1548266193.519270 0.623721004 -0.007222444 -0.269740641 0.065938726 0.609503627 0.276070654 0.740231335
1548266193.552780 0.624206305 -0.006024688 -0.274648964 0.063710257 0.610508323 0.278584033 0.738655269
1548266193.586230 0.622972012 0.028675005 -0.287419558 0.065506689 0.609720349 0.278564811 0.739156067
1548266193.619380 0.622842848 0.027262926 -0.291333675 0.059823383 0.612417638 0.281437874 0.736314178
1548266193.652900 0.629757762 0.015795067 -0.281646013 0.053585049 0.617024779 0.285896808 0.731212795
1548266193.686410 0.632138491 0.017293081 -0.276525468 0.050912518 0.619512498 0.288554043 0.728250504
1548266193.719930 0.631748557 0.045869067 -0.284181505 0.052992571 0.619966686 0.289405584 0.727377236
1548266193.753440 0.633700311 0.050891757 -0.282191992 0.050995771 0.621854961 0.291713536 0.724982202
1548266193.786960 0.633345723 0.061801016 -0.301000148 0.049398858 0.621156275 0.294872969 0.724413276
1548266193.820450 0.634174705 0.039895922 -0.283364505 0.042760730 0.625593245 0.298329026 0.719586313
1548266193.853960 0.630455732 0.052151769 -0.284534663 0.040187705 0.628300726 0.299483031 0.716891289
1548266193.887480 0.638951182 0.058320001 -0.278695494 0.036868468 0.631077826 0.302059889 0.713541448
1548266193.920990 0.640625358 0.068411246 -0.289082050 0.033352029 0.631125987 0.304539561 0.712617278
1548266193.954510 0.644884109 0.076970562 -0.287377894 0.029708838 0.634598672 0.306121588 0.709007382
1548266193.987970 0.647318006 0.086818397 -0.287811369 0.028153665 0.636751652 0.308691055 0.706020236
1548266194.021490 0.645136416 0.111842409 -0.307977170 0.029205870 0.634610832 0.308735490 0.707883239
1548266194.055060 0.648484826 0.112573251 -0.303555518 0.026742060 0.636065722 0.310328484 0.705975592
1548266194.088570 0.651615143 0.118915722 -0.311331898 0.025330169 0.635804951 0.311043650 0.705947816
1548266194.122190 0.652724743 0.124369755 -0.316497475 0.024759417 0.636295497 0.311191946 0.705460548
1548266194.155710 0.651150703 0.122993499 -0.313609630 0.022599271 0.637640476 0.310261339 0.704728186
1548266194.189270 0.653332949 0.134598389 -0.323132306 0.021730876 0.637276769 0.309201151 0.705550015
1548266194.222940 0.648986459 0.137560651 -0.314456701 0.020894611 0.639304101 0.308313727 0.704128087
1548266194.256460 0.644713879 0.138456076 -0.307402223 0.018526938 0.639773607 0.306645274 0.704496443
1548266194.289810 0.646072149 0.150225639 -0.311685622 0.018093700 0.637381554 0.306031823 0.706938386
1548266194.323330 0.644024193 0.160512179 -0.309713840 0.016901281 0.636453450 0.304944426 0.708272755
1548266194.356850 0.642032862 0.165669501 -0.309993207 0.014640119 0.634722471 0.304767579 0.709950626
1548266194.390360 0.642742038 0.172427863 -0.307673305 0.011982180 0.633125067 0.304323673 0.711615264
1548266194.423880 0.639277220 0.183270156 -0.309895813 0.010624710 0.631575882 0.304023474 0.713140130
1548266194.457390 0.636917949 0.190891013 -0.304917216 0.008326750 0.630533040 0.303489327 0.714319944
1548266194.490910 0.635584593 0.209494188 -0.322012126 0.007684256 0.626818001 0.303696275 0.717501819
1548266194.524300 0.632357240 0.211828843 -0.317861229 0.003647518 0.627268493 0.304681271 0.716721952
1548266194.557820 0.633563161 0.212813765 -0.315826893 0.001522574 0.624344945 0.307543457 0.718058586
1548266194.591380 0.631167054 0.218667239 -0.320463121 -0.000375711 0.621690035 0.307227850 0.720494568
1548266194.624850 0.626689076 0.229966149 -0.322545618 -0.001158510 0.620235085 0.307621479 0.721579015
1548266194.658350 0.625688076 0.232169196 -0.316828638 -0.002471521 0.619890153 0.309866786 0.720911026
1548266194.691840 0.622789562 0.240572929 -0.323707521 -0.003912049 0.615602255 0.307967663 0.725378931
1548266194.725360 0.620232105 0.251554191 -0.325510025 -0.005880775 0.615593612 0.308752775 0.725039124
1548266194.758820 0.619209170 0.260595411 -0.319276899 -0.007108006 0.615399241 0.310102552 0.724616945
1548266194.792330 0.613896966 0.262252629 -0.325015843 -0.011283887 0.609327495 0.309455007 0.729952395
1548266194.825850 0.611404955 0.268356800 -0.325146705 -0.013706456 0.609689772 0.309478849 0.729598105
1548266194.859330 0.604852021 0.273500472 -0.323471755 -0.015192915 0.608418524 0.309980750 0.730416358
1548266194.892840 0.603710651 0.275474995 -0.328751713 -0.016412022 0.603389442 0.309493542 0.734755576
1548266194.926360 0.598140001 0.285004199 -0.332223386 -0.016445607 0.602274477 0.307513714 0.736498773
1548266194.959880 0.593659937 0.286334902 -0.332084119 -0.016920043 0.601172209 0.308951646 0.736786723
1548266194.993390 0.586994886 0.288944840 -0.324735045 -0.016118294 0.598031700 0.308565617 0.739517212
1548266195.026980 0.583006680 0.295726627 -0.331737041 -0.018708894 0.594343781 0.305810869 0.743562520
1548266195.060500 0.580987513 0.300652653 -0.333964288 -0.020345956 0.594440877 0.306942433 0.742975414
1548266195.094010 0.581725419 0.302137077 -0.354789138 -0.019612342 0.589994729 0.311761916 0.744530797
1548266195.127550 0.574404299 0.304445267 -0.353055418 -0.021149525 0.590587437 0.309527695 0.744950891
1548266195.161070 0.574828744 0.310264945 -0.373846382 -0.020574447 0.589180231 0.312031299 0.745036900
1548266195.194580 0.575261593 0.302464485 -0.374892771 -0.021788741 0.590531468 0.312938869 0.743550420
1548266195.228080 0.570399284 0.300735593 -0.380274564 -0.020495372 0.590775430 0.311349362 0.744060397
1548266195.261590 0.568757415 0.303132415 -0.400607556 -0.018466184 0.589865804 0.310493529 0.745192051
1548266195.295110 0.564858258 0.296961665 -0.408219606 -0.016784191 0.592038512 0.309869140 0.743767381
1548266195.328620 0.557214856 0.298085034 -0.412950397 -0.013154563 0.594531357 0.307134688 0.742985785
1548266195.362140 0.552400827 0.292803288 -0.422269344 -0.011441030 0.596718431 0.305309415 0.742012441
1548266195.395620 0.551052988 0.287113965 -0.425252229 -0.009168533 0.598267317 0.303796500 0.741417527
1548266195.429120 0.548357666 0.287290096 -0.437468201 -0.006071898 0.596660674 0.301401943 0.743717730
1548266195.462610 0.544883609 0.292290211 -0.447684526 -0.003098806 0.597240508 0.298880547 0.744288087
1548266195.496130 0.539238155 0.282364249 -0.450345129 -0.002216273 0.599142551 0.298125684 0.743064225
1548266195.529630 0.538543999 0.274864525 -0.456006229 -0.001180144 0.597509921 0.296283901 0.745115101
1548266195.563140 0.536886930 0.273217440 -0.467256278 0.000428150 0.596571028 0.293386847 0.747012079
1548266195.596660 0.534489155 0.265079916 -0.472642183 0.001124011 0.598154724 0.292388022 0.746136069
1548266195.630160 0.530831635 0.259358376 -0.467802227 0.003113563 0.598784447 0.291024417 0.746158421
1548266195.663680 0.528861880 0.252838254 -0.485074937 0.004589813 0.594554603 0.288618088 0.750455439
1548266195.697200 0.527967930 0.245740384 -0.488955051 0.005125599 0.594287753 0.285937488 0.751688540
1548266195.730710 0.525704920 0.236968249 -0.490905374 0.005450638 0.594426572 0.283575743 0.752470791
1548266195.764230 0.523562253 0.222595125 -0.496004343 0.006373293 0.592522323 0.282607883 0.754327238
1548266195.797740 0.525195777 0.226047993 -0.506999671 0.008693461 0.588847101 0.278464019 0.758710384
1548266195.831260 0.526599705 0.215261027 -0.511146426 0.008445890 0.588503063 0.277028441 0.759505153
1548266195.864770 0.523350298 0.205976740 -0.515013814 0.010098305 0.586221695 0.275690407 0.761732876
1548266195.898290 0.528573692 0.210178778 -0.524703503 0.011637589 0.582332492 0.272233963 0.765925765
1548266195.931800 0.529236615 0.199920416 -0.532021999 0.012305992 0.581297934 0.271484315 0.766966522
1548266195.965320 0.530267656 0.196748987 -0.537509680 0.016279912 0.578512669 0.271207809 0.769093215
1548266195.998840 0.535278618 0.193080872 -0.545248449 0.017133417 0.575865269 0.267966449 0.772191465
1548266196.032360 0.535609424 0.195987642 -0.556618631 0.020987852 0.574780643 0.266840309 0.773293674
1548266196.065870 0.536169112 0.193246469 -0.563141823 0.023799587 0.573798716 0.267292321 0.773785233
1548266196.099390 0.539233625 0.190817505 -0.569070816 0.026428541 0.571776927 0.267500371 0.775123417
1548266196.132950 0.542406619 0.197427526 -0.578766167 0.029262532 0.569422901 0.265807152 0.777333856
1548266196.166420 0.542567194 0.200835258 -0.591957331 0.031651970 0.567739427 0.267121911 0.778020620
1548266196.199930 0.539615393 0.199464291 -0.588836193 0.032089859 0.567892790 0.267033696 0.777921021
1548266196.233450 0.543509662 0.201923326 -0.594299912 0.032358982 0.565098166 0.266549647 0.780107856
1548266196.266960 0.545788586 0.200812742 -0.597185433 0.032073528 0.563579440 0.266839355 0.781118512
1548266196.300480 0.549962401 0.196303353 -0.598994970 0.030935220 0.560217500 0.267534137 0.783342183
1548266196.333990 0.561477065 0.207834870 -0.619003415 0.031853534 0.551653087 0.266307116 0.789775133
1548266196.367470 0.562290967 0.210339263 -0.622486830 0.031855747 0.547323704 0.266348839 0.792767465
1548266196.400980 0.557777047 0.186914399 -0.619105458 0.028787773 0.543785691 0.267430604 0.794952393
1548266196.434510 0.578563869 0.216827482 -0.647286952 0.031965695 0.529581130 0.260536253 0.806624413
1548266196.468020 0.582220495 0.220854729 -0.651493490 0.032546572 0.527534127 0.259295076 0.808340609
1548266196.501540 0.578391790 0.215479940 -0.651190221 0.032762054 0.524557590 0.259309649 0.810262024
1548266196.535050 0.575689375 0.206179261 -0.654262781 0.032905538 0.518898904 0.259869874 0.813713014
1548266196.568650 0.584415555 0.233146429 -0.664478540 0.036137383 0.510207117 0.255221546 0.820514977
1548266196.602160 0.585122287 0.248128712 -0.672960639 0.035634708 0.508081198 0.253628165 0.822348118
1548266196.635680 0.581351697 0.243915141 -0.668021917 0.032037996 0.508236706 0.254576355 0.822107077
1548266196.669190 0.588686407 0.252148092 -0.676138043 0.029769864 0.503938258 0.254942477 0.824720800
1548266196.702710 0.597551525 0.263860852 -0.684537768 0.027030600 0.502736628 0.254389971 0.825718522
1548266196.736230 0.601470470 0.264519691 -0.683172166 0.024198342 0.503600180 0.255469680 0.824946463
1548266196.769670 0.606027842 0.269602597 -0.689830065 0.022643046 0.502835035 0.255570441 0.825425982
1548266196.803290 0.612207174 0.281513005 -0.699559212 0.022430437 0.501337707 0.255332619 0.826415539
1548266196.836840 0.616997540 0.285797149 -0.705973506 0.021123368 0.501100302 0.256555200 0.826215327
1548266196.870460 0.618901908 0.293733358 -0.710380733 0.020242585 0.500979364 0.256972432 0.826181114
1548266196.903980 0.619937718 0.301908046 -0.713931203 0.018587817 0.501296222 0.257891059 0.825741410
1548266196.937430 0.621903598 0.311338067 -0.716321349 0.016467007 0.501873314 0.258143604 0.825356901
1548266196.970900 0.626875758 0.317637026 -0.719681382 0.014939353 0.502744496 0.261310577 0.823857725
1548266197.004420 0.629221320 0.328363001 -0.725076318 0.013162576 0.503842950 0.261987001 0.823001742
1548266197.037940 0.631365120 0.326305300 -0.724541962 0.010734904 0.505273163 0.265278459 0.821103632
1548266197.071450 0.632278144 0.331212282 -0.725315213 0.009666946 0.505337596 0.265595973 0.820974648
1548266197.104970 0.635774970 0.338818967 -0.730309069 0.008499695 0.505458951 0.266172051 0.820726216
1548266197.138530 0.633503973 0.348608702 -0.732647181 0.007511172 0.506477237 0.265512437 0.820321679
1548266197.172080 0.633174777 0.349967241 -0.734191597 0.005573642 0.506701708 0.266045272 0.820025802
1548266197.205610 0.638749540 0.360773981 -0.742287159 0.004479111 0.505638719 0.266356647 0.820587337
1548266197.239130 0.630583346 0.364909291 -0.739975572 0.001420352 0.511012912 0.266425639 0.817240059
1548266197.272640 0.629020929 0.375069261 -0.738343239 -0.000131607 0.513150334 0.268015444 0.815379918
1548266197.306160 0.631026566 0.379216373 -0.738928556 -0.003560442 0.513404429 0.267524272 0.815373600
1548266197.339660 0.632891119 0.392509103 -0.747827291 -0.005437622 0.514486074 0.267866433 0.814568639
1548266197.373180 0.629325747 0.391099781 -0.746074080 -0.009588842 0.518160820 0.269976735 0.811498702
1548266197.406710 0.628926039 0.395916820 -0.748304129 -0.012056124 0.520496488 0.270865679 0.809672713
1548266197.440220 0.626709342 0.401427299 -0.755412102 -0.014342592 0.524243534 0.273034275 0.806483328
1548266197.473740 0.625521481 0.404657394 -0.755337954 -0.016051205 0.528574467 0.275356710 0.802826345
1548266197.507240 0.627222478 0.410987705 -0.762505054 -0.016528169 0.530414462 0.277033091 0.801024318
1548266197.540600 0.623856187 0.412304938 -0.775094271 -0.017112169 0.534991801 0.280476063 0.796758592
1548266197.574040 0.619262874 0.409473568 -0.763793588 -0.017924262 0.542221546 0.282856554 0.790990949
1548266197.607550 0.614864886 0.415348768 -0.775038779 -0.016785439 0.544478476 0.284447104 0.788892508
1548266197.641070 0.608011127 0.420201272 -0.793484807 -0.016115822 0.548766613 0.288349926 0.784506202
1548266197.674590 0.601405799 0.419037998 -0.797395349 -0.017675370 0.556458890 0.290974915 0.778058290
1548266197.708100 0.601886511 0.426831365 -0.804656506 -0.015561621 0.561560810 0.295114696 0.772861302
1548266197.741620 0.593577921 0.426827192 -0.804179192 -0.014506096 0.568595707 0.296996444 0.766995251
1548266197.775130 0.585109115 0.430640697 -0.810184479 -0.012102007 0.574591339 0.299789310 0.761462331
1548266197.808650 0.581591189 0.433646232 -0.821821809 -0.010576455 0.579658389 0.303278744 0.756244957
1548266197.842170 0.568936646 0.427210510 -0.822894096 -0.010669842 0.588889837 0.305786431 0.748057306
1548266197.875680 0.567180812 0.433054030 -0.837011099 -0.008713765 0.593564749 0.308130771 0.743411303
1548266197.909200 0.561162233 0.435699880 -0.840007782 -0.007154183 0.601470590 0.309871763 0.736316144
1548266197.942750 0.554650724 0.434981942 -0.843166471 -0.006535440 0.608231306 0.312221289 0.729746521
1548266197.976270 0.549918175 0.438123465 -0.853669047 -0.005539936 0.612789214 0.313897610 0.725208282
1548266198.009790 0.545830429 0.439876854 -0.861636758 -0.004928983 0.619306505 0.315936655 0.718762279
1548266198.043300 0.539954841 0.436991632 -0.862539291 -0.004005209 0.626948893 0.318721414 0.710869789
1548266198.077040 0.540497303 0.436504900 -0.866588712 -0.002338094 0.631141901 0.320470393 0.706366181
1548266198.110510 0.535839200 0.442172378 -0.880565286 0.001062488 0.635116100 0.321572363 0.702294648
1548266198.144020 0.527987242 0.444826007 -0.881466508 0.003411486 0.641258776 0.321850628 0.696554184
1548266198.177540 0.526463151 0.437672824 -0.889677823 0.004312774 0.645413756 0.324336201 0.691540718
1548266198.211050 0.522517085 0.439275831 -0.902472675 0.007507063 0.648820400 0.326219708 0.687427402
1548266198.244570 0.517786980 0.438212007 -0.908166409 0.009638543 0.653494418 0.327583402 0.682305992
1548266198.278120 0.515967727 0.440412194 -0.906823099 0.011920885 0.657344162 0.327341676 0.678678095
1548266198.311640 0.510058045 0.436644524 -0.913232565 0.013555154 0.661164880 0.327291548 0.674950004
1548266198.345150 0.506088257 0.437454134 -0.916000068 0.015313770 0.665568650 0.327401251 0.670516431
1548266198.378640 0.505243182 0.432910174 -0.918830037 0.016150553 0.668858945 0.327996612 0.666922092
1548266198.412150 0.501111269 0.433958232 -0.925464869 0.018138977 0.671763122 0.326574534 0.664646149
1548266198.445670 0.496086478 0.429005831 -0.923166394 0.018951032 0.676911771 0.326170683 0.659578741
1548266198.479180 0.495226383 0.429261237 -0.936888456 0.021485528 0.677258432 0.327088416 0.658690035
1548266198.512700 0.490732789 0.426731527 -0.936824024 0.022587197 0.680795133 0.324534506 0.656266093
1548266198.546220 0.487549305 0.423873007 -0.943816662 0.024964653 0.683516562 0.325272053 0.652977765
1548266198.579730 0.486099482 0.421706885 -0.945096612 0.027681330 0.685678482 0.325769991 0.650348186
1548266198.613280 0.479944587 0.421549797 -0.949506700 0.029868850 0.687308371 0.324012488 0.649408281
1548266198.646760 0.472784042 0.418355465 -0.949052811 0.031572487 0.690503836 0.322818190 0.646526217
1548266198.680250 0.470389366 0.413560569 -0.957108498 0.033152822 0.691412807 0.323918223 0.644923389
1548266198.713760 0.462669492 0.413156778 -0.955914319 0.035129670 0.694161594 0.321744084 0.642951310
1548266198.747270 0.459382534 0.412216008 -0.955613494 0.035212249 0.698586702 0.320215583 0.638904393
1548266198.780790 0.459941506 0.402811378 -0.960020661 0.035415769 0.700184464 0.323689073 0.635384142
1548266198.814310 0.454082608 0.405992806 -0.959618211 0.034886744 0.702753425 0.319199294 0.634848297
1548266198.847830 0.448524833 0.400810480 -0.951743960 0.033422735 0.710004568 0.317919344 0.627458155
1548266198.881410 0.452260137 0.392991662 -0.972250819 0.033706669 0.709160209 0.323069453 0.625764966
1548266198.914940 0.449529886 0.393556237 -0.974110246 0.034451511 0.710064650 0.321368396 0.625574768
1548266198.948460 0.443996906 0.393752217 -0.972224593 0.034822576 0.712749302 0.319635600 0.623385012
1548266198.981970 0.443882823 0.389885098 -0.979196370 0.034358162 0.712904811 0.321277112 0.622388482
1548266199.015520 0.439912796 0.395752758 -0.975856721 0.033433910 0.714626610 0.318409532 0.621937633
1548266199.049050 0.439376116 0.389710963 -0.979359984 0.030846473 0.716545463 0.319548517 0.619273782
1548266199.082820 0.438636661 0.384395540 -0.985641003 0.028931893 0.716644645 0.321739942 0.618115604
1548266199.116330 0.447237730 0.373435616 -0.998758674 0.027907139 0.713558435 0.326954782 0.618996143
1548266199.149850 0.446128368 0.370624423 -0.998011231 0.027275069 0.711513519 0.324881107 0.622460365
1548266199.183360 0.446145177 0.375584126 -1.002501845 0.028040687 0.709724069 0.323269695 0.625301719
1548266199.216880 0.453949451 0.370742828 -1.013341904 0.029064121 0.706284344 0.326138645 0.627655387
1548266199.250400 0.459436774 0.354201615 -1.019038081 0.030838799 0.700973153 0.329773247 0.631613314
1548266199.283830 0.456518054 0.360606998 -1.017645359 0.032566983 0.696753025 0.325319350 0.638468564
1548266199.317210 0.464286923 0.347445637 -1.029654741 0.033819016 0.689022124 0.329739362 0.644497335
1548266199.350710 0.451923132 0.359429747 -1.011372089 0.035178795 0.686525285 0.319814593 0.652046144
1548266199.384150 0.441536665 0.352097332 -1.008766174 0.036413651 0.682635128 0.318863332 0.656513095
1548266199.417660 0.442070603 0.360980958 -1.002702832 0.036809728 0.677311480 0.311501592 0.665477991
1548266199.451170 0.450244069 0.365657926 -1.005614281 0.034240980 0.674041808 0.309525847 0.669842601
1548266199.484700 0.442122340 0.362560809 -1.002561212 0.032813229 0.670811176 0.309894592 0.672979295
1548266199.518210 0.443032026 0.374707699 -0.991857409 0.032007758 0.664733589 0.305400103 0.681054831
1548266199.551670 0.443278193 0.378260851 -0.984932840 0.027942656 0.662845969 0.299268752 0.685778856
1548266199.585170 0.431275725 0.372693479 -0.978083730 0.027019333 0.661998332 0.299922675 0.686348736
1548266199.618710 0.440139294 0.392603695 -0.968585670 0.028274687 0.654603183 0.294558555 0.695651174
1548266199.652220 0.443918705 0.399520040 -0.974580705 0.024521515 0.651610613 0.289569527 0.700679600
1548266199.685710 0.450710535 0.383473128 -0.984523535 0.021173893 0.649775922 0.295983940 0.699811757
1548266199.719230 0.451952696 0.402527362 -0.976730645 0.021128803 0.646678627 0.293130606 0.703871310
1548266199.752750 0.453019261 0.400253475 -0.978345454 0.018788442 0.643776298 0.292780519 0.706738055
1548266199.786260 0.453840256 0.401493013 -0.976789832 0.018903162 0.640233874 0.293225974 0.709761798
1548266199.819730 0.453733683 0.414416432 -0.978962302 0.019114751 0.637466729 0.290960401 0.713171065
1548266199.853150 0.453263998 0.414306879 -0.976468861 0.018957220 0.635960758 0.293067902 0.713656604
1548266199.886670 0.456276417 0.416507006 -0.976961434 0.018927140 0.631319880 0.293634415 0.717534602
1548266199.920200 0.457088828 0.425875723 -0.978728771 0.017065199 0.630179346 0.289235353 0.720364988
1548266199.953790 0.453279495 0.430949271 -0.974532843 0.016587503 0.631999612 0.290562570 0.718244255
1548266199.987310 0.455088139 0.433947265 -0.971888661 0.016962590 0.630689502 0.293112367 0.718351066
1548266200.020820 0.454086304 0.437932014 -0.970715284 0.016026016 0.627572656 0.291916430 0.721581995
1548266200.054380 0.453923464 0.443460703 -0.972293496 0.013900966 0.626904368 0.290154308 0.722916484
1548266200.087900 0.452991128 0.449408829 -0.962997079 0.013227755 0.626781702 0.291495293 0.722495854
1548266200.121410 0.456387758 0.457401097 -0.957813978 0.012213552 0.624150157 0.291099638 0.724947214
1548266200.154880 0.450824618 0.451801062 -0.955014110 0.008675665 0.622819543 0.290533185 0.726368368
1548266200.188350 0.452155232 0.464200348 -0.948777795 0.007730898 0.620825946 0.289985120 0.728302181
1548266200.221910 0.450187087 0.468364030 -0.934436798 0.007372228 0.618911266 0.290338814 0.729793012
1548266200.255430 0.455357909 0.473378181 -0.941223860 0.002905776 0.614033580 0.285732448 0.735738635
1548266200.288950 0.452209175 0.470990598 -0.930608511 0.001900182 0.614887118 0.288184911 0.734070599
1548266200.322480 0.450127184 0.474481165 -0.924190581 0.002525787 0.609619856 0.287863195 0.738574326
1548266200.356000 0.450083137 0.478237361 -0.920056462 -0.000008954 0.604757607 0.283262938 0.744332194
1548266200.389490 0.448345542 0.484852195 -0.912587881 -0.000723023 0.604716897 0.281862944 0.744896173
1548266200.423030 0.448057711 0.484944344 -0.914528608 0.000264077 0.600442946 0.285669118 0.746901274
1548266200.456550 0.452442527 0.487193197 -0.923155844 0.000064733 0.593535066 0.284948677 0.752675474
1548266200.490060 0.452213943 0.490470022 -0.918912351 0.000255566 0.592387736 0.283652097 0.754067838
1548266200.523610 0.449718237 0.486638010 -0.916255593 0.000699743 0.589588344 0.285420090 0.755592883
1548266200.557100 0.445429564 0.486373186 -0.906329989 0.002014130 0.585451007 0.284680367 0.759078503
1548266200.590640 0.449994743 0.489898264 -0.913277984 0.000829754 0.580419064 0.280337989 0.764541507
1548266200.624160 0.447355688 0.488701344 -0.911370099 0.001293828 0.580332756 0.280465871 0.764559507
1548266200.657730 0.447231352 0.492140979 -0.903662443 0.002009624 0.579133689 0.279512435 0.765815198
1548266200.691280 0.447853565 0.483873785 -0.908648133 0.001110701 0.575740814 0.278434634 0.768762290
1548266200.724780 0.447957218 0.482805997 -0.907177210 0.002061839 0.573667526 0.275722623 0.771283627
1548266200.758290 0.439590991 0.480404556 -0.900819659 0.002614085 0.573768198 0.271306813 0.772771597
1548266200.791810 0.437367022 0.476802140 -0.898053825 0.003900677 0.572964251 0.269626528 0.773949802
1548266200.825330 0.435010254 0.463806242 -0.897960722 0.005391094 0.570760846 0.268816978 0.775848269
1548266200.858840 0.432674170 0.467118263 -0.902954876 0.009053477 0.567955196 0.264604092 0.779313624
1548266200.892360 0.428290248 0.460382611 -0.902398288 0.011233986 0.567620516 0.263512999 0.779898524
1548266200.925870 0.420870543 0.454239964 -0.899364650 0.013608237 0.566548467 0.262809694 0.780876815
1548266200.959370 0.420667708 0.457173854 -0.903160095 0.016236292 0.564132512 0.260459244 0.783359349
1548266200.992890 0.418260217 0.447868347 -0.908303738 0.016824804 0.563645959 0.260869950 0.783560514
1548266201.026410 0.412177324 0.447883099 -0.901357055 0.018515410 0.563850045 0.259162754 0.783942044
1548266201.059920 0.411472440 0.445227534 -0.904667497 0.018489983 0.562706172 0.258050054 0.785130620
1548266201.093410 0.411113799 0.437528133 -0.906733394 0.018316751 0.562658489 0.258861929 0.784901619
1548266201.126930 0.404111981 0.430686891 -0.902348638 0.019782856 0.562554181 0.259420097 0.784756422
1548266201.160390 0.403439224 0.435001552 -0.906629205 0.022176292 0.559792817 0.258681297 0.786908090
1548266201.193900 0.401085138 0.429249287 -0.907701850 0.023085471 0.558535814 0.259424299 0.787530243
1548266201.227420 0.399332821 0.425653934 -0.909142852 0.024253836 0.557288647 0.260801643 0.787923634
1548266201.260930 0.398016930 0.426104784 -0.908745885 0.027011838 0.555206001 0.262070328 0.788882673
1548266201.294450 0.397239268 0.420371771 -0.914846599 0.028283218 0.552296281 0.262496322 0.790736735
1548266201.327970 0.396304667 0.420495987 -0.918353856 0.029340744 0.551396310 0.262071669 0.791466892
1548266201.361580 0.394494176 0.416900694 -0.918085873 0.030164804 0.551256120 0.262201309 0.791490555
1548266201.395110 0.390994132 0.410925806 -0.921383500 0.030920245 0.550036132 0.262343973 0.792262554
1548266201.428620 0.391020775 0.411370844 -0.923152268 0.030985964 0.549537599 0.259792238 0.793445826
1548266201.462300 0.387206972 0.407758713 -0.924008727 0.031439543 0.551080644 0.260413557 0.792153120
1548266201.496020 0.380955756 0.396095008 -0.923889458 0.031196682 0.550296068 0.261170715 0.792458832
1548266201.529540 0.380609989 0.393972874 -0.926156223 0.030823136 0.548381865 0.259253949 0.794427335
1548266201.563100 0.378362715 0.395915151 -0.930289626 0.031052569 0.548128247 0.257197052 0.795261502
1548266201.596610 0.376689434 0.394577801 -0.935876131 0.030330148 0.548473060 0.256144792 0.795391262
1548266201.630090 0.373919725 0.389661998 -0.934294581 0.028750593 0.549721718 0.255063564 0.794935226
1548266201.663610 0.376715004 0.385539204 -0.939647853 0.027700240 0.549384832 0.254431248 0.795408010
1548266201.697110 0.372673154 0.377181619 -0.941534758 0.027733009 0.550153613 0.253714740 0.795104265
1548266201.730430 0.370657682 0.377315193 -0.944767535 0.028572692 0.550198972 0.251814306 0.795647144
1548266201.763950 0.367984951 0.372233838 -0.949722290 0.029346744 0.550199986 0.251911074 0.795587599
1548266201.797460 0.367130697 0.370989293 -0.958439112 0.031136952 0.550445616 0.251283318 0.795548201
1548266201.830980 0.364679575 0.368526459 -0.966562271 0.033233602 0.551777184 0.250988871 0.794633329
1548266201.864490 0.357705295 0.368861884 -0.973174393 0.034608569 0.555202901 0.250233620 0.792423666
1548266201.898180 0.359316707 0.365667522 -0.979503274 0.036059260 0.558332145 0.252452403 0.789450884
1548266201.931690 0.350709498 0.357108027 -0.977816403 0.036766868 0.562784553 0.251945436 0.786412954
1548266201.964910 0.348097444 0.355492234 -0.984606266 0.039408553 0.566668093 0.253573537 0.782965243
1548266201.998170 0.339296818 0.342097163 -0.984388053 0.040390011 0.570069015 0.256643295 0.779438376
1548266202.031630 0.338995755 0.337131590 -0.989510298 0.041861888 0.570567846 0.258838862 0.778268874
1548266202.065080 0.334779441 0.331793427 -0.997599065 0.042238206 0.573059797 0.259087384 0.776332498
1548266202.098530 0.329166472 0.315470278 -0.994908690 0.042262908 0.576808155 0.260679364 0.773015261
1548266202.132030 0.325024128 0.299080700 -0.996389091 0.044673923 0.577930331 0.262534708 0.771411896
1548266202.165540 0.322378397 0.306195259 -1.006022692 0.047400076 0.577756107 0.258659333 0.772687793
1548266202.198900 0.312415004 0.295396268 -1.008121967 0.049554583 0.581283748 0.259417802 0.769646645
1548266202.232350 0.303179502 0.283174604 -1.013039947 0.051490512 0.581088603 0.259527624 0.769629955
1548266202.265870 0.297978342 0.280807555 -1.014214158 0.052264214 0.582215846 0.256886125 0.769612074
1548266202.299340 0.296841204 0.274931431 -1.014158845 0.053464722 0.582329869 0.256374031 0.769614100
1548266202.332860 0.289019227 0.274769068 -1.013167739 0.054139946 0.583424509 0.252979577 0.769861042
1548266202.366370 0.278250158 0.273091435 -1.009459734 0.053855762 0.587188244 0.251343191 0.767552078
1548266202.399890 0.267024159 0.267263383 -1.006148934 0.051341720 0.591667295 0.250893742 0.764425397
1548266202.433400 0.272187889 0.249381006 -1.017390609 0.050791208 0.591247320 0.257374793 0.762630403
1548266202.466970 0.254547715 0.243469968 -1.013508797 0.051812913 0.587097824 0.256516427 0.766048908
1548266202.500500 0.257760346 0.234550700 -1.015680432 0.049855340 0.586353958 0.257013261 0.766581833
1548266202.534060 0.243780732 0.214891165 -1.011321306 0.052035417 0.585859716 0.262304127 0.765021086
1548266202.567850 0.248029947 0.229679167 -1.018437028 0.055960227 0.578737855 0.256365180 0.772145033
1548266202.601380 0.245571792 0.221595049 -1.014681697 0.055467874 0.579784751 0.256738663 0.771270514
1548266202.634920 0.239100873 0.206576660 -1.020019650 0.057942905 0.575987697 0.260733098 0.772592425
1548266202.668580 0.243728399 0.216904879 -1.026003122 0.057898667 0.573874295 0.254846960 0.776124418
1548266202.702100 0.236690760 0.209917754 -1.016685009 0.056348268 0.579275310 0.255534232 0.771989167
1548266202.735610 0.236032188 0.196733564 -1.020542383 0.055143837 0.579552293 0.258950055 0.770729005
1548266202.769130 0.229132533 0.185691938 -1.018248200 0.055309676 0.579188585 0.261293501 0.770199418
1548266202.802640 0.230807602 0.182093024 -1.023205519 0.054584038 0.576735854 0.260794610 0.772258103
1548266202.836160 0.228544116 0.191454679 -1.028692484 0.053781416 0.580442607 0.259644955 0.769921064
1548266202.869670 0.229655087 0.179358929 -1.025731206 0.053065822 0.583677113 0.263720065 0.766131043
1548266202.903190 0.224680603 0.184484363 -1.027561188 0.050470088 0.585427165 0.260812014 0.765966713
1548266202.936660 0.223018050 0.170232236 -1.026325583 0.045234375 0.591203094 0.267011374 0.759695828
1548266202.970220 0.226632774 0.153502509 -1.031288385 0.044716220 0.590824366 0.274425238 0.757375598
1548266203.003690 0.217257977 0.144907773 -1.029497743 0.043471683 0.590960562 0.275790781 0.756845593
1548266203.037170 0.218280435 0.140245780 -1.033603907 0.040892217 0.591387272 0.277892917 0.755886614
1548266203.070610 0.220008314 0.146424174 -1.032835484 0.038076628 0.593845665 0.278034002 0.754052162
1548266203.104140 0.215165555 0.119523324 -1.036774039 0.035033166 0.594546795 0.286217988 0.750577211
1548266203.137660 0.203180134 0.091147453 -1.042379856 0.036874808 0.587321520 0.293906540 0.753201604
1548266203.171180 0.216886640 0.119428948 -1.041172862 0.036407460 0.581011295 0.283849359 0.761925220
1548266203.204690 0.218318820 0.116344608 -1.040043116 0.032565631 0.583587527 0.283567727 0.760233164
1548266203.238270 0.213850677 0.109939851 -1.036844969 0.029635843 0.586659729 0.284245253 0.757731378
1548266203.271780 0.209663212 0.094182968 -1.039889216 0.027266271 0.586614251 0.287293941 0.756704986
1548266203.305300 0.208031058 0.096840456 -1.037642837 0.023466768 0.586165667 0.283785522 0.758501828
1548266203.338810 0.208735168 0.097476393 -1.035267949 0.018789595 0.588643312 0.282024264 0.757369339
1548266203.372330 0.206771970 0.083992861 -1.035313725 0.013650372 0.592317581 0.285097569 0.753454089
1548266203.405840 0.207134783 0.079737283 -1.040078521 0.010519753 0.591373801 0.285277039 0.754177392
1548266203.439310 0.202582061 0.082560986 -1.027745366 0.004654785 0.596709549 0.280977100 0.751643479
1548266203.472820 0.200374305 0.063498922 -1.033947945 0.004172755 0.597466111 0.288614452 0.748143375
1548266203.506340 0.203443766 0.058767155 -1.043828964 0.003823611 0.590967000 0.288991690 0.753144860
1548266203.539860 0.196487844 0.071309768 -1.033007264 0.000560813 0.594221473 0.284106106 0.752452195
1548266203.573380 0.196152747 0.050556421 -1.036475658 -0.000973646 0.594094098 0.292358160 0.749385118
1548266203.606900 0.197344065 0.043946534 -1.031954885 -0.000015321 0.586797774 0.294248313 0.754378080
1548266203.640420 0.192124546 0.055720285 -1.031553984 -0.002780307 0.585005939 0.289850563 0.757460892
1548266203.673930 0.190892637 0.040062331 -1.028244019 -0.005619335 0.584598005 0.295002639 0.755769253
1548266203.707440 0.194487870 0.042581737 -1.031589627 -0.004842261 0.575296700 0.295895040 0.762532949
1548266203.740960 0.182550490 0.046666589 -1.021117330 -0.009957189 0.575076222 0.289781958 0.764993250
1548266203.774480 0.184971035 0.030493341 -1.019099116 -0.013615518 0.574329436 0.295282125 0.763393044
1548266203.807990 0.189882994 0.031303409 -1.023738623 -0.015147070 0.566068470 0.295938164 0.769257903
1548266203.841510 0.184323728 0.037636671 -1.013930798 -0.020212211 0.566134334 0.290801466 0.771049917
1548266203.875030 0.181022823 0.020862211 -1.004991412 -0.023839733 0.566104054 0.294236451 0.769664109
1548266203.908550 0.193898499 0.018033277 -1.017168283 -0.025308758 0.556497931 0.294150323 0.776624203
1548266203.942070 0.189560294 0.029168434 -1.017774940 -0.028010342 0.555901706 0.287786394 0.779338062
1548266203.975580 0.196678817 0.001669984 -1.025544405 -0.030536663 0.554300785 0.293514401 0.778246403
1548266204.009100 0.192717135 -0.006412238 -1.024236798 -0.029266056 0.550077498 0.292609751 0.781625152
1548266204.042600 0.189596057 0.006183140 -1.021422744 -0.029130613 0.548130929 0.285265863 0.785701811
1548266204.076120 0.190367222 -0.001111340 -1.021131039 -0.029655147 0.548571885 0.285246730 0.785381377
1548266204.109640 0.186948359 -0.021434011 -1.023006678 -0.028960491 0.546476662 0.288065940 0.785838783
1548266204.143150 0.191728532 -0.006943129 -1.029972196 -0.026588524 0.541048169 0.282427430 0.791703761
1548266204.176670 0.186270654 0.000381626 -1.029814839 -0.027358307 0.543949127 0.278048843 0.791239381
1548266204.210180 0.188707769 -0.013435975 -1.027189612 -0.026297873 0.545863867 0.282205522 0.788480341
1548266204.243680 0.193180680 -0.018637380 -1.032065749 -0.024418553 0.540765643 0.281645745 0.792244852
1548266204.277200 0.188504577 -0.000775423 -1.042806745 -0.024940573 0.540931761 0.274756461 0.794531167
1548266204.310720 0.191093206 -0.025825135 -1.031951666 -0.025873704 0.545524418 0.280872762 0.789204836
1548266204.344250 0.195062637 -0.035832159 -1.033116460 -0.023501338 0.540558159 0.282623440 0.792066097
1548266204.377750 0.195171714 -0.029822385 -1.038766026 -0.022316836 0.537146091 0.279793352 0.795419276
1548266204.411260 0.189197898 -0.038403802 -1.034310460 -0.021512048 0.536907673 0.282210231 0.794748187
1548266204.444770 0.190962434 -0.030467797 -1.024079680 -0.018549498 0.532608449 0.282350898 0.797660410
1548266204.478290 0.194939911 -0.039956719 -1.040808201 -0.020176440 0.528411567 0.283685535 0.799935400
1548266204.511820 0.196852803 -0.039001897 -1.035182476 -0.019802928 0.528181851 0.285829663 0.799332976
1548266204.545350 0.195967972 -0.051825777 -1.017911673 -0.020624369 0.526914299 0.287925780 0.799396455
1548266204.578850 0.202140450 -0.048823491 -1.024178624 -0.020145586 0.522089541 0.288642049 0.802310646
1548266204.612360 0.196509063 -0.074435405 -1.011016488 -0.021175180 0.519773424 0.291793585 0.802647948
1548266204.645870 0.214606643 -0.054798387 -1.029857874 -0.017113438 0.509739637 0.290240675 0.809711754
1548266204.679330 0.218991399 -0.045263868 -1.048764229 -0.018020792 0.508059919 0.288346529 0.811422586
1548266204.712840 0.216771901 -0.064971216 -1.041298747 -0.019430252 0.510622442 0.291469395 0.808661103
1548266204.746430 0.205679774 -0.177977830 -0.988111317 -0.028409306 0.513023496 0.299018949 0.804106653
1548266204.779880 0.228128254 -0.100705475 -1.040777802 -0.017347367 0.497784585 0.289312601 0.817439795
1548266204.813110 0.235020339 -0.067277580 -1.055568099 -0.010257774 0.499368846 0.291405201 0.815848410
1548266204.846310 0.225385427 -0.084093973 -1.041465044 -0.008366787 0.500752270 0.293266594 0.814353645
1548266204.879900 0.243907809 -0.087502807 -1.059931993 -0.006592863 0.494599849 0.290580958 0.819078922
1548266204.913530 0.246904910 -0.078421101 -1.069351196 -0.003359097 0.494664639 0.289610714 0.819402993
1548266204.947180 0.245099247 -0.083241597 -1.070349455 -0.000114089 0.496920049 0.289268941 0.818165004
1548266204.980570 0.228484809 -0.098212980 -1.057902575 0.002865821 0.497546136 0.288144439 0.818176329
1548266205.014080 0.235440433 -0.081536710 -1.074525952 0.006388737 0.492400974 0.283661008 0.822822571
1548266205.047600 0.238128066 -0.098863423 -1.067204118 0.004225258 0.493680269 0.283310771 0.822190344
1548266205.081110 0.227731407 -0.102957882 -1.055953503 0.005434221 0.492321908 0.282552600 0.823257923
1548266205.114760 0.230391979 -0.076341778 -1.065060735 0.007046560 0.487533599 0.277528644 0.827791750
1548266205.148490 0.235937774 -0.090334043 -1.063947797 0.002590477 0.487572521 0.277741194 0.827723503
1548266205.182010 0.242804050 -0.086839780 -1.068290353 -0.000454745 0.486229837 0.275111407 0.829393804
1548266205.215500 0.247495115 -0.080432840 -1.065881848 -0.005215543 0.490348548 0.272184849 0.827916980
1548266205.248960 0.247690618 -0.084253803 -1.059076667 -0.007519407 0.493091047 0.273600310 0.825801194
1548266205.282540 0.247929692 -0.098662764 -1.049337745 -0.010247002 0.489282429 0.271850139 0.828610420
1548266205.316070 0.261115611 -0.099442452 -1.059287310 -0.014969341 0.485193133 0.267735481 0.832274735
1548266205.349600 0.266646862 -0.138445020 -1.042030334 -0.022629960 0.489428908 0.270064086 0.828862309
1548266205.383120 0.213362217 -0.240523443 -0.952156842 -0.031761542 0.497900486 0.274865776 0.821909428
1548266205.416630 0.275150955 -0.111692235 -1.054014325 -0.017253714 0.468279630 0.263433248 0.843219697
1548266205.450150 0.285381317 -0.113896728 -1.048791051 -0.018199518 0.471244752 0.265324831 0.840951800
1548266205.483660 0.228479832 -0.183469579 -0.982355118 -0.021349400 0.478106052 0.270584673 0.835309982
1548266205.517160 0.290742666 -0.102146775 -1.048531294 -0.009928585 0.449377537 0.263962597 0.853396177
1548266205.550670 0.290254891 -0.131007075 -1.036021829 -0.014105147 0.455379069 0.267690808 0.848983347
1548266205.584190 0.255950868 -0.206817865 -0.972791970 -0.018556250 0.464157492 0.274488509 0.841943920
1548266205.617710 0.297322124 -0.127103344 -1.024229288 -0.003636792 0.436352015 0.269051582 0.858600557
1548266205.651220 0.312671065 -0.111897215 -1.038615942 0.001478313 0.430960327 0.269911945 0.861056685
1548266205.684760 0.282623917 -0.177830666 -1.009835362 -0.002095931 0.434166253 0.276098490 0.857475877
1548266205.718300 0.301553369 -0.156293094 -1.026975870 0.006197797 0.416937917 0.273588389 0.866760492
1548266205.751820 0.330324322 -0.128676519 -1.056830168 0.010111473 0.412864834 0.273113966 0.868820548
1548266205.785330 0.312056631 -0.200853646 -1.026393533 0.004170946 0.419775188 0.279245287 0.863593400
1548266205.818830 0.347131670 -0.141940057 -1.070588112 0.019628938 0.395591915 0.273828238 0.876435876
1548266205.852320 0.358429104 -0.129036322 -1.078408837 0.025387455 0.393849760 0.271430969 0.877817214
1548266205.885820 0.356365740 -0.122625075 -1.096400976 0.032658927 0.389266551 0.271990776 0.879446387
1548266205.919340 0.373962343 -0.096155971 -1.105159163 0.043661293 0.378755867 0.266644239 0.885177135
1548266205.952850 0.376648307 -0.103853717 -1.108124375 0.047705118 0.377575129 0.264891505 0.885998726
1548266205.986370 0.387065291 -0.123269364 -1.114611506 0.049489766 0.374418944 0.264767647 0.887276351
1548266206.019830 0.387746900 -0.116999157 -1.112802267 0.054150529 0.373523116 0.262496769 0.888056159
1548266206.052940 0.362503707 -0.166413277 -1.085435987 0.051164318 0.379380286 0.262877673 0.885634303
1548266206.086450 0.353972256 -0.177028596 -1.074879408 0.052528802 0.380332828 0.261242598 0.885629714
1548266206.119970 0.360556543 -0.187694788 -1.075943947 0.053198852 0.378812194 0.260913223 0.886338294
1548266206.153480 0.375647724 -0.150014311 -1.092211843 0.059339494 0.375041634 0.257481039 0.888552845
1548266206.187000 0.372546464 -0.156014845 -1.088744164 0.059381127 0.378342181 0.256188422 0.887523890
1548266206.220520 0.365927994 -0.164524928 -1.089853168 0.060636561 0.378296733 0.254604965 0.887913942
1548266206.254030 0.398245692 -0.176344097 -1.106186986 0.058106150 0.372602314 0.252361864 0.891125500
1548266206.287550 0.366745055 -0.197075844 -1.078835726 0.058294293 0.376874328 0.248564094 0.890383899
1548266206.321290 0.386356711 -0.196412385 -1.089432478 0.058410469 0.373076469 0.244589627 0.893072248
1548266206.354820 0.382645488 -0.186123237 -1.085777164 0.060440060 0.374150544 0.239853069 0.893772244
1548266206.388340 0.374867558 -0.188869849 -1.081886172 0.061937071 0.374182045 0.236663625 0.894506514
1548266206.488960 0.377325118 -0.179187521 -1.071792960 0.067603342 0.370880455 0.221959129 0.899228394
1548266206.522470 0.373051345 -0.185798079 -1.066058636 0.067163765 0.371522784 0.218971372 0.899728537
1548266206.556070 0.387144566 -0.186438739 -1.070945501 0.065910123 0.369285136 0.217019588 0.901214123
1548266206.589580 0.391372174 -0.185976058 -1.068776488 0.064886570 0.369335920 0.213976026 0.901995003
1548266206.623120 0.412223816 -0.180655941 -1.073584080 0.064268105 0.365733743 0.212458327 0.903863847
1548266206.656660 0.416701794 -0.206087440 -1.070618629 0.058931686 0.366871923 0.211195394 0.904062271
1548266206.690190 0.402632862 -0.192937210 -1.053592086 0.060017202 0.370006621 0.209311187 0.903151095
1548266206.723920 0.406994104 -0.176215917 -1.054301620 0.061254520 0.366906554 0.206531182 0.904970944
1548266206.757440 0.412750006 -0.167245224 -1.050355792 0.060386840 0.366783828 0.203371406 0.905794203
1548266206.791070 0.423626840 -0.172118977 -1.050743580 0.057318028 0.368196696 0.204056203 0.905266285
1548266206.824650 0.420226365 -0.170854837 -1.043514609 0.056124359 0.367983699 0.202737927 0.905723691
1548266206.858210 0.422403991 -0.166527674 -1.038625360 0.054818418 0.367235333 0.200094178 0.906694829
1548266206.891790 0.433287293 -0.138338089 -1.044734359 0.056309693 0.367864162 0.198977917 0.906594157
1548266206.925310 0.435799778 -0.174320012 -1.028352022 0.049300391 0.369972646 0.201616660 0.905560851
1548266206.958820 0.440642595 -0.155488595 -1.031028390 0.050999496 0.366007268 0.199882567 0.907460570
1548266206.992340 0.444147497 -0.139536545 -1.029956818 0.051691964 0.365445793 0.198194429 0.908017814
1548266207.025860 0.458957106 -0.153155774 -1.033277631 0.048085451 0.363388389 0.199822098 0.908684671
1548266207.059300 0.457550019 -0.144045353 -1.026983142 0.048531633 0.361359894 0.197863102 0.909897804
1548266207.092820 0.461357743 -0.131597146 -1.023786068 0.048466817 0.361416876 0.195574045 0.910373390
1548266207.126290 0.466572672 -0.139792919 -1.023067951 0.044723153 0.363520592 0.195678443 0.909704626
1548266207.159750 0.479042262 -0.133891702 -1.028439641 0.043752324 0.361183286 0.195677072 0.910682619
1548266207.193200 0.483747900 -0.138541400 -1.025658488 0.040869214 0.361575067 0.194105998 0.910997331
1548266207.226650 0.484880000 -0.132824302 -1.025000691 0.040050980 0.362571418 0.193340346 0.910800457
1548266207.260110 0.498587132 -0.129528925 -1.026096225 0.038512684 0.362138093 0.193464980 0.911012650
1548266207.293620 0.503221750 -0.132764608 -1.026785851 0.036368422 0.362768888 0.192971945 0.910954475
1548266207.327140 0.507345557 -0.126857728 -1.024234056 0.035370573 0.363150060 0.193062320 0.910822690
1548266207.360650 0.509139538 -0.117470801 -1.019288301 0.035860892 0.363050312 0.192485407 0.910965323
1548266207.394170 0.511149406 -0.111390248 -1.014006495 0.036451060 0.362252921 0.191836119 0.911396265
1548266207.427690 0.516238809 -0.103996426 -1.011332631 0.036172997 0.362865001 0.191051915 0.911328554
1548266207.461240 0.516459703 -0.091407128 -1.010239482 0.037291642 0.363905221 0.191414878 0.910792410
1548266207.494780 0.530775607 -0.115151748 -1.017774343 0.033218306 0.361937344 0.194166481 0.911151648
1548266207.528300 0.527630866 -0.111012414 -1.014292002 0.033857007 0.361370236 0.193409830 0.911514103
1548266207.561860 0.526569128 -0.108420789 -1.012118578 0.033864900 0.361644089 0.192981452 0.911495984
1548266207.595380 0.529207289 -0.099259354 -1.003448009 0.034576621 0.360099971 0.193412229 0.911989152
1548266207.628890 0.527914107 -0.092623435 -1.003344774 0.034910049 0.357746035 0.193079934 0.912972748
1548266207.662330 0.531970024 -0.076509871 -1.004308224 0.035379969 0.354669064 0.191463351 0.914494395
1548266207.695850 0.532368660 -0.079035453 -0.998413205 0.032843787 0.354083925 0.191623062 0.914782226
1548266207.729360 0.529531896 -0.078659475 -0.989293814 0.031624299 0.353392184 0.190924555 0.915238619
1548266207.762880 0.529011488 -0.073969558 -0.983930349 0.031298429 0.352451444 0.190132350 0.915777326
1548266207.796400 0.533797860 -0.081106335 -0.986152411 0.029151881 0.350624710 0.191081688 0.916351616
1548266207.829910 0.535520971 -0.066545770 -0.984121680 0.030648841 0.348628044 0.189225376 0.917449117
1548266207.863920 0.529677510 -0.073560052 -0.975349605 0.029544700 0.349002093 0.189298272 0.917328119
1548266207.897640 0.536621332 -0.094155587 -0.979670823 0.026796920 0.346188426 0.190998122 0.918125927
1548266207.931800 0.541432977 -0.069078274 -0.985060990 0.030728661 0.343855679 0.190044045 0.919076860
1548266207.965320 0.542503476 -0.062169272 -0.984746456 0.031888887 0.343595922 0.189502925 0.919246256
1548266207.997370 0.535686553 -0.064171039 -0.982152224 0.032689858 0.345568389 0.189774260 0.918422341
1548266208.031090 0.538494885 -0.072891660 -0.982938766 0.033700902 0.343391597 0.189699948 0.919217348
1548266208.064610 0.538099408 -0.063172929 -0.988677979 0.036718365 0.343075991 0.186889067 0.919795156
1548266208.098120 0.532008350 -0.055562105 -0.986089826 0.039725095 0.346786767 0.186026171 0.918452561
1548266208.131640 0.517571151 -0.089911431 -0.971990645 0.037840523 0.350633323 0.187549993 0.916760266
1548266208.165160 0.520639360 -0.069731817 -0.975230217 0.043672025 0.348914444 0.184722990 0.917730331
1548266208.198670 0.519656301 -0.067693681 -0.979893386 0.046225935 0.350379169 0.183740482 0.917244315
1548266208.232520 0.511596203 -0.068959288 -0.976336300 0.048707701 0.353032231 0.183306903 0.916184723
1548266208.266960 0.507766843 -0.070993118 -0.975085497 0.051171347 0.354164630 0.182854056 0.915703773
1548266208.299560 0.503595591 -0.067390248 -0.976061761 0.053507518 0.354912758 0.182158425 0.915419221
1548266208.333080 0.501972914 -0.057002276 -0.976211846 0.056308232 0.356745541 0.181516439 0.914665997
1548266208.366580 0.491737366 -0.069484532 -0.968045056 0.056211695 0.358798176 0.182710990 0.913630605
1548266208.400100 0.493821383 -0.061991226 -0.970170856 0.057896242 0.357891321 0.182509080 0.913921416
1548266208.433610 0.494487643 -0.054406870 -0.970071375 0.058805231 0.359471470 0.182323515 0.913280070
1548266208.467120 0.492562115 -0.063533343 -0.967014372 0.057816640 0.361346960 0.183930755 0.912280202
1548266208.500640 0.492298752 -0.058754437 -0.966202497 0.059081499 0.362506777 0.184637070 0.911596060
1548266208.534160 0.489359409 -0.067573555 -0.965160429 0.058418222 0.364467859 0.186738327 0.910428107
1548266208.567670 0.489530176 -0.085945979 -0.961610079 0.057103980 0.364964485 0.189777404 0.909683824
1548266208.600520 0.486418128 -0.088917278 -0.960585833 0.058220901 0.365772188 0.190990224 0.909034550
1548266208.634510 0.490737408 -0.081943803 -0.962378561 0.060725227 0.365112007 0.191677526 0.908991456
1548266208.668030 0.486399859 -0.086730927 -0.963257253 0.062019732 0.365707844 0.192160234 0.908562481
1548266208.701540 0.488631815 -0.086650610 -0.963344455 0.064339407 0.365445346 0.192292690 0.908478856
1548266208.734970 0.486105591 -0.090858907 -0.964456141 0.065737039 0.367622703 0.192097798 0.907540977
1548266208.768480 0.477021426 -0.100796223 -0.957098782 0.067160025 0.368962407 0.192654565 0.906774759
1548266208.802000 0.477082640 -0.105646282 -0.958359599 0.068769090 0.367974877 0.191753283 0.907246351
1548266208.835450 0.472228557 -0.091792025 -0.952549756 0.072154053 0.371126324 0.189664453 0.906138241
1548266208.868890 0.461875051 -0.122404143 -0.945468724 0.069384843 0.375351280 0.192983285 0.903910756
1548266208.902170 0.471070737 -0.121350482 -0.943936110 0.071396187 0.371680081 0.193544820 0.905150235
1548266208.935920 0.458572567 -0.115548089 -0.941218793 0.073560499 0.372958034 0.192241788 0.904728830
1548266208.969520 0.463788360 -0.133198395 -0.941771984 0.071504362 0.373813748 0.195040062 0.903941274
1548266209.036610 0.449705899 -0.141434625 -0.928798795 0.072984837 0.372623473 0.194550917 0.904419661
1548266209.070140 0.450829178 -0.148962438 -0.924023330 0.072395690 0.374947339 0.196166858 0.903156698
1548266209.103740 0.444392234 -0.153705135 -0.911231101 0.073098183 0.375341624 0.196597040 0.902842700
1548266209.137270 0.438246459 -0.153549075 -0.909058571 0.075157970 0.374505490 0.196634382 0.903012633
1548266209.170790 0.441223443 -0.149847746 -0.912768006 0.077134311 0.374145716 0.197035000 0.902907789
1548266209.204350 0.439945877 -0.149521828 -0.911051929 0.079720616 0.373572439 0.198151380 0.902676225
1548266209.237860 0.431946307 -0.153559357 -0.906380951 0.081884474 0.373321921 0.198131338 0.902590573
1548266209.271340 0.426493913 -0.153053746 -0.901969433 0.083554164 0.374962956 0.198304847 0.901718795
1548266209.304850 0.428974777 -0.158767968 -0.902562082 0.084364012 0.375384986 0.200625822 0.900954068
1548266209.338410 0.428951025 -0.163462445 -0.903446078 0.085688539 0.374609679 0.202112973 0.900819361
1548266209.371930 0.427186638 -0.160384089 -0.899854481 0.087452374 0.375140995 0.201750532 0.900509953
1548266209.405450 0.424712241 -0.164618477 -0.893161058 0.087081559 0.378751934 0.202306882 0.898908079
1548266209.438960 0.428026676 -0.170790225 -0.894484341 0.086444207 0.381647676 0.204389021 0.897272348
1548266209.472470 0.426500589 -0.170608029 -0.889882088 0.087671049 0.383714199 0.205303952 0.896062255
1548266209.505950 0.429408163 -0.180424839 -0.890022218 0.087698318 0.384173274 0.205821320 0.895744085
1548266209.539460 0.425789654 -0.183761165 -0.888697386 0.087771028 0.387502730 0.205558792 0.894362092
1548266209.572580 0.434488416 -0.180343151 -0.890626431 0.088861279 0.388528377 0.206296667 0.893639266
1548266209.606080 0.428276271 -0.190147579 -0.884435058 0.088004351 0.391912669 0.206420481 0.892216563
1548266209.639580 0.433795273 -0.192099690 -0.883115888 0.087396890 0.397351861 0.207864970 0.889531076
1548266209.673090 0.443883032 -0.192407444 -0.886903882 0.087700032 0.399480969 0.210255533 0.887984455
1548266209.706610 0.442232460 -0.197968066 -0.882970929 0.086867303 0.401005596 0.209914669 0.887459517
1548266209.740140 0.437548518 -0.198575154 -0.878974199 0.086024061 0.405137390 0.210563004 0.885509372
1548266209.773670 0.450527430 -0.197441995 -0.881221354 0.085217632 0.405763328 0.212558731 0.884823680
1548266209.807470 0.478111863 -0.200206339 -0.894996226 0.082387529 0.402189195 0.213663056 0.886456013
1548266209.840990 0.480292737 -0.210950673 -0.890617609 0.078019299 0.405921578 0.213136777 0.885275960
1548266209.874220 0.477692634 -0.219727114 -0.878668666 0.075888254 0.410601825 0.215769783 0.882661104
1548266209.907720 0.502510726 -0.215170473 -0.877222300 0.075840048 0.408396333 0.216108114 0.883605182
1548266209.941250 0.498792052 -0.220282584 -0.876241326 0.073464409 0.409951985 0.214119345 0.883569658
1548266209.974760 0.510796070 -0.214534119 -0.871600032 0.073403277 0.411588848 0.215919420 0.882374883
1548266210.008270 0.521837413 -0.221444905 -0.862889409 0.072761036 0.409638584 0.217030510 0.883062780
1548266210.041640 0.506992519 -0.225574583 -0.852374971 0.070575640 0.411593437 0.213950515 0.883082807
1548266210.075050 0.511270583 -0.222282976 -0.838627756 0.067386530 0.418967128 0.213576421 0.879949331
1548266210.108570 0.526591778 -0.226087227 -0.832920611 0.067147195 0.417192370 0.218589276 0.879579782
1548266210.142630 0.542581439 -0.231851637 -0.827926040 0.064209297 0.409290165 0.216228798 0.884083688
1548266210.176280 0.538257420 -0.217347324 -0.821319163 0.063347489 0.412677377 0.215641871 0.882713437
1548266210.209120 0.548828781 -0.227321252 -0.792678714 0.061932057 0.412417829 0.222944483 0.881119609
1548266210.242550 0.565656662 -0.212599099 -0.807874799 0.061072264 0.401447475 0.221228689 0.886661172
1548266210.276070 0.570337296 -0.212950990 -0.800987422 0.057179864 0.402662277 0.221431658 0.886319160
1548266210.309580 0.585069895 -0.207287624 -0.786004663 0.054127686 0.405493349 0.225011021 0.884316385
1548266210.343100 0.602751493 -0.208933666 -0.779380858 0.052071020 0.399244279 0.226685688 0.886851907
1548266210.376700 0.599382758 -0.204222918 -0.774484456 0.049340367 0.398629814 0.222753242 0.888279676
1548266210.410400 0.607928753 -0.203776598 -0.757485867 0.045561459 0.404318690 0.224652886 0.885427356
1548266210.443920 0.614469767 -0.197703123 -0.750106394 0.045622841 0.400467545 0.223762631 0.887397707
1548266210.477540 0.616771340 -0.192689955 -0.748879671 0.043528356 0.400287926 0.219786108 0.888576925
1548266210.511060 0.597405195 -0.197843552 -0.737349868 0.039481539 0.409940630 0.219806671 0.884350002
1548266210.544570 0.635464787 -0.190310821 -0.741363406 0.038086306 0.408291817 0.223106548 0.884347677
1548266210.578240 0.632836342 -0.188352436 -0.733053327 0.036810234 0.409829617 0.219840810 0.884508193
1548266210.611760 0.622198582 -0.188574165 -0.724407911 0.033301108 0.420520991 0.217950970 0.880085588
1548266210.645150 0.648197770 -0.177694052 -0.716997683 0.032147557 0.423371375 0.219463035 0.878384471
1548266210.678670 0.644656956 -0.175714761 -0.711923957 0.030687975 0.426423669 0.217214927 0.877518535
1548266210.712310 0.632208705 -0.180964023 -0.709768713 0.026056828 0.440207869 0.216677770 0.870970130
1548266210.745820 0.644249678 -0.170547068 -0.693046272 0.026491093 0.445218205 0.218101546 0.868049979
1548266210.779340 0.662830353 -0.142298847 -0.696635187 0.029046912 0.443663150 0.214257881 0.869719982
1548266210.812850 0.635141075 -0.176749960 -0.701154053 0.021129649 0.454083353 0.215478137 0.864251733
1548266210.846330 0.639929652 -0.166752949 -0.671447158 0.021298628 0.466994375 0.218210191 0.856648684
1548266210.879840 0.658460736 -0.170819372 -0.675980091 0.018495705 0.468377650 0.220012084 0.855497003
1548266210.913300 0.660669684 -0.161801085 -0.682585180 0.017894207 0.471902311 0.219642475 0.853665769
1548266210.946800 0.662478387 -0.154886156 -0.662182510 0.016013984 0.479055315 0.219052911 0.849862039
1548266210.980310 0.667626977 -0.164345801 -0.648798287 0.012306351 0.484272182 0.220281541 0.846643507
1548266211.013830 0.669636309 -0.170713484 -0.636170268 0.011061548 0.488299280 0.220793247 0.844210744
1548266211.047360 0.674341440 -0.166087151 -0.641079307 0.010317788 0.490382522 0.219780847 0.843276322
1548266211.080880 0.681071818 -0.160102218 -0.632255554 0.010554290 0.495612651 0.221431434 0.839776695
1548266211.114390 0.671680927 -0.166017622 -0.615368664 0.009394859 0.501198351 0.221750468 0.836384296
1548266211.147910 0.679083705 -0.165026620 -0.617018521 0.010003814 0.502028644 0.223134354 0.835510850
1548266211.181360 0.680435538 -0.167848855 -0.605497003 0.010450799 0.505457878 0.224417791 0.833090544
1548266211.214880 0.685503006 -0.173302472 -0.602162004 0.009938572 0.506998777 0.224712104 0.832080543
1548266211.248400 0.683703780 -0.172555327 -0.595781386 0.010835163 0.511191964 0.224912643 0.829445481
1548266211.281910 0.677651644 -0.182794526 -0.581099868 0.009524295 0.518280983 0.225914478 0.824776769
1548266211.315380 0.682955921 -0.191221178 -0.572021067 0.008875949 0.523852766 0.229439884 0.820278585
1548266211.348900 0.687339425 -0.188273191 -0.567838550 0.012495075 0.523452580 0.230684906 0.820137680
1548266211.382410 0.681906104 -0.194270864 -0.559913754 0.013557505 0.524761140 0.229390994 0.819647372
1548266211.415930 0.675556183 -0.192702353 -0.535746038 0.015726456 0.530046463 0.229156911 0.816266239
1548266211.449450 0.676527262 -0.196514070 -0.535754144 0.017688747 0.530110955 0.231375054 0.815558136
1548266211.482990 0.682238400 -0.210198089 -0.532576442 0.017694561 0.527019262 0.231879577 0.817416430
1548266211.516500 0.683065772 -0.222938508 -0.527509928 0.016274480 0.528570235 0.232701272 0.816209972
1548266211.583540 0.673909187 -0.222613201 -0.500612140 0.019457806 0.527595997 0.230742052 0.817326128
1548266211.617050 0.678354383 -0.228469253 -0.499868333 0.017392259 0.528572261 0.231459200 0.816538751
1548266211.650590 0.673077226 -0.233414277 -0.490135878 0.017682042 0.529859602 0.232586607 0.815377057
1548266211.684100 0.671526015 -0.239838317 -0.477670074 0.017430125 0.529452860 0.231006816 0.816095471
1548266211.717600 0.668895483 -0.239667013 -0.470678985 0.016207907 0.531508625 0.228756011 0.815418065
1548266211.751110 0.661231756 -0.241546854 -0.451170295 0.016214889 0.536095023 0.228999898 0.812341273
1548266211.784630 0.652675986 -0.256080806 -0.424594074 0.016487265 0.535821259 0.229447290 0.812390089
1548266211.818150 0.656479239 -0.276055753 -0.429745197 0.011552460 0.532226384 0.226633623 0.815621793
1548266211.851670 0.652643085 -0.278847039 -0.415325910 0.012194316 0.534736276 0.226714909 0.813946426
1548266211.885220 0.645198405 -0.276905417 -0.401501358 0.016043514 0.533305824 0.226665184 0.814831555
1548266211.918780 0.646740437 -0.286370993 -0.412140846 0.016370514 0.529224098 0.225978792 0.817672014
1548266211.952300 0.651615739 -0.284555733 -0.404385597 0.017826945 0.530797303 0.225375637 0.816787779
1548266211.985810 0.647756338 -0.295559824 -0.397465467 0.019287590 0.532088161 0.226744577 0.815534949
1548266212.019330 0.640356123 -0.294239342 -0.392178833 0.021604359 0.532389641 0.224477679 0.815907121
1548266212.052800 0.649510860 -0.303650647 -0.398246199 0.020182092 0.535057843 0.225450784 0.813927412
1548266212.086300 0.631316602 -0.300813854 -0.378112823 0.023479147 0.540851414 0.225413844 0.810010552
1548266212.119810 0.622841597 -0.299696147 -0.367366999 0.027232705 0.539308190 0.224830553 0.811083436
1548266212.153330 0.636456609 -0.296885133 -0.382911384 0.027967099 0.535225809 0.225182027 0.813661098
1548266212.186840 0.627902865 -0.306675434 -0.358059257 0.027512165 0.539471090 0.226162851 0.810595095
1548266212.220360 0.632517815 -0.298189759 -0.364574671 0.029818755 0.536028981 0.227090403 0.812535346
1548266212.253870 0.632262111 -0.301916033 -0.357602149 0.028775364 0.536260366 0.227158621 0.812401235
1548266212.287390 0.631356120 -0.317476332 -0.339590490 0.025656274 0.539169967 0.228652105 0.810157895
1548266212.320910 0.636746168 -0.320205629 -0.335929304 0.025159460 0.537576437 0.229999527 0.810850680
1548266212.354450 0.642278552 -0.327241272 -0.336825371 0.023958161 0.535900056 0.230776623 0.811775386
1548266212.387960 0.640890360 -0.322172165 -0.332939982 0.024747342 0.536328375 0.230149806 0.811646819
1548266212.421480 0.642119110 -0.319658667 -0.324980736 0.025687667 0.537607253 0.230612457 0.810639560
1548266212.455000 0.643746376 -0.332109898 -0.311763465 0.024554653 0.537918627 0.232257396 0.809998274
1548266212.488710 0.649986029 -0.339779377 -0.310690343 0.025175996 0.536136329 0.234591156 0.810488105
1548266212.522410 0.649738669 -0.352723658 -0.297412723 0.025407128 0.537508309 0.236632183 0.808977365
1548266212.555930 0.645677924 -0.349484026 -0.284883589 0.028705657 0.540544868 0.238751546 0.806216419
1548266212.589440 0.655907750 -0.355702639 -0.288200438 0.031316373 0.539176583 0.243887737 0.805497825
1548266212.622960 0.651964664 -0.369045675 -0.270794272 0.033412669 0.540308595 0.246477112 0.803865194
1548266212.656480 0.655278325 -0.377108872 -0.269065142 0.033367936 0.541172385 0.249379590 0.802389503
1548266212.689990 0.657280982 -0.370423317 -0.265886486 0.035470735 0.542435229 0.252413005 0.800495863
1548266212.723510 0.662587106 -0.380327463 -0.262414873 0.036017317 0.541788220 0.255784303 0.799839199
1548266212.757030 0.663147688 -0.386525452 -0.255825937 0.036149409 0.541901946 0.256160557 0.799635768
1548266212.789860 0.664461613 -0.397167861 -0.247494414 0.035123017 0.543755531 0.258321583 0.797725737
1548266212.823340 0.665062070 -0.405730605 -0.239904568 0.036247529 0.543422997 0.260358065 0.797239780
1548266212.856850 0.669501662 -0.414281070 -0.238032609 0.035841741 0.541177094 0.259169221 0.799170911
1548266212.890360 0.675801873 -0.420846403 -0.244304717 0.036051303 0.540843248 0.259936154 0.799138427
1548266212.923870 0.676537871 -0.426792026 -0.241851330 0.036707103 0.541750073 0.260194331 0.798409998
1548266212.957390 0.676401854 -0.413892448 -0.240764290 0.040874787 0.540324569 0.259066731 0.799539387
1548266212.990900 0.669106543 -0.427511752 -0.225194961 0.039566882 0.543933153 0.257650822 0.797613502
1548266213.024420 0.675404489 -0.432394028 -0.220993087 0.039509565 0.545532465 0.259142637 0.796039164
1548266213.057930 0.674167752 -0.437219620 -0.219825938 0.039265595 0.545221865 0.259043366 0.796296418
1548266213.091460 0.676029563 -0.442056954 -0.211090967 0.038578890 0.546590149 0.259187728 0.795344353
1548266213.124980 0.672297299 -0.442756474 -0.205478311 0.037939593 0.548243642 0.258077770 0.794597685
1548266213.158630 0.670722485 -0.447054148 -0.199111581 0.036175806 0.550373614 0.258406490 0.793099225
1548266213.192450 0.665736973 -0.446162701 -0.191342175 0.035609253 0.552578747 0.258624464 0.791518867
1548266213.226010 0.669916630 -0.458111703 -0.185699075 0.033512142 0.553934276 0.260553420 0.790028989
1548266213.259530 0.667611241 -0.456218541 -0.182520598 0.034562584 0.554916084 0.261371821 0.789023697
1548266213.293070 0.662608147 -0.452872694 -0.172644705 0.035183404 0.557422996 0.261342943 0.787236750
1548266213.326590 0.665904462 -0.462754160 -0.172153205 0.034554541 0.559180021 0.264319658 0.785021603
1548266213.360110 0.657461703 -0.453518391 -0.165129066 0.037861492 0.561766088 0.264702260 0.782890856
1548266213.393620 0.662605822 -0.468066633 -0.164761901 0.036785051 0.561337829 0.266808629 0.782534301
1548266213.427140 0.664420605 -0.470528603 -0.165095896 0.036938448 0.564355552 0.268571794 0.779748440
1548266213.460630 0.646129906 -0.466718286 -0.139935464 0.038927183 0.571165740 0.267635971 0.775000215
1548266213.494150 0.638388336 -0.460674405 -0.131285936 0.041728534 0.572424054 0.267858475 0.773848355
1548266213.527730 0.643056631 -0.467835963 -0.129661411 0.040187038 0.572144568 0.267702878 0.774190485
1548266213.561240 0.636031032 -0.466615438 -0.120858729 0.041027900 0.576312721 0.267202765 0.771221817
1548266213.594760 0.631075025 -0.463706315 -0.115815729 0.042973313 0.578345478 0.268450499 0.769158125
1548266213.628200 0.624794245 -0.462985098 -0.106240422 0.043878261 0.579214275 0.268188268 0.768544495
1548266213.661590 0.619733512 -0.466041327 -0.096915275 0.042818602 0.583164096 0.267347515 0.765905678
1548266213.695110 0.612954259 -0.461849630 -0.090288311 0.043878824 0.586999893 0.267837763 0.762737691
1548266213.728630 0.606261373 -0.462162733 -0.077458292 0.044659667 0.588356256 0.267471105 0.761775374
1548266213.762080 0.607957065 -0.465781450 -0.076236337 0.042638805 0.589379847 0.265664309 0.761732101
1548266213.795600 0.605271161 -0.464390695 -0.065718204 0.042503230 0.595228195 0.265295178 0.757307947
1548266213.829110 0.596577704 -0.454677641 -0.052248865 0.044729296 0.597712576 0.263824791 0.755735099
1548266213.862630 0.591770351 -0.455592632 -0.042688787 0.043910101 0.597511649 0.260981113 0.756928444
1548266213.896140 0.593279362 -0.465274215 -0.053479135 0.040751934 0.599453032 0.260384172 0.755774736
1548266213.929720 0.584346414 -0.455603570 -0.025578618 0.041672207 0.607168615 0.257625669 0.750492334
1548266213.963330 0.581736445 -0.449880362 -0.023338825 0.042385902 0.608884811 0.256932586 0.749298573
1548266213.996850 0.585455477 -0.459064364 -0.021176785 0.040548436 0.611988485 0.258009732 0.746496439
1548266214.030360 0.575850248 -0.449140191 -0.012392044 0.045104288 0.617540181 0.258469135 0.741487384
1548266214.063880 0.570402265 -0.446276248 0.001392007 0.046333108 0.621835232 0.257956892 0.737992227
1548266214.131030 0.567136288 -0.449511915 0.004964590 0.044769086 0.627672136 0.257526606 0.733282745
1548266214.164920 0.559632361 -0.448667049 0.016978741 0.047233511 0.632569909 0.257160336 0.729035616
1548266214.198440 0.557333887 -0.448086679 0.011393726 0.047741443 0.636169314 0.257829785 0.725626111
1548266214.231960 0.549089134 -0.436074436 0.022910953 0.051885679 0.639722824 0.257837921 0.722206473
1548266214.265470 0.548511028 -0.438021958 0.029874086 0.051417049 0.639962792 0.257165730 0.722267091
1548266214.298990 0.548201799 -0.443225503 0.036896706 0.048711009 0.643018126 0.256679922 0.719910026
1548266214.332500 0.543768167 -0.441189885 0.036061525 0.047761995 0.644569099 0.257545322 0.718275666
1548266214.366020 0.538734555 -0.435738802 0.042818069 0.047033422 0.645689964 0.257732153 0.717249334
1548266214.399540 0.537007809 -0.438359201 0.049036384 0.044038683 0.645098984 0.258261323 0.717780650
1548266214.433050 0.538431585 -0.432459533 0.062159538 0.040735129 0.646746993 0.258582979 0.716375530
1548266214.466570 0.542564929 -0.448035598 0.071037292 0.037375908 0.647296667 0.263179451 0.714385569
1548266214.500070 0.544487000 -0.444136381 0.078249991 0.035547391 0.646089137 0.265077382 0.714870036
1548266214.533470 0.540340424 -0.436977834 0.077934682 0.036654264 0.643907011 0.267991662 0.715695977
1548266214.566990 0.554948151 -0.463099778 0.086177945 0.029983979 0.644073009 0.272241563 0.714251697
1548266214.600500 0.550034106 -0.450435400 0.095459282 0.033232104 0.644444108 0.274104416 0.713059843
1548266214.634020 0.553008735 -0.452724874 0.100587666 0.033784073 0.643432140 0.276197642 0.713140011
1548266214.667390 0.555514812 -0.455442905 0.104748368 0.035047416 0.642089427 0.278537095 0.713379323
1548266214.700910 0.560301006 -0.465037346 0.115816116 0.035458624 0.642046154 0.280664384 0.712563694
1548266214.734380 0.565844119 -0.481165230 0.113254428 0.034259841 0.640633762 0.283596367 0.712732613
1548266214.767890 0.567574978 -0.488871247 0.120676696 0.036056511 0.641025066 0.286942005 0.710950911
1548266214.801380 0.570858002 -0.498397171 0.125059605 0.037273161 0.640066504 0.290439904 0.710331142
1548266214.834460 0.573284507 -0.498184383 0.133007765 0.039998017 0.639706969 0.293984920 0.709047258
1548266214.867980 0.573580444 -0.501279712 0.136527002 0.042762574 0.637786388 0.298003197 0.708938718
1548266214.901470 0.578229189 -0.517835319 0.143403053 0.040984076 0.636352301 0.300291508 0.709366739
1548266214.934990 0.584185719 -0.520293057 0.145575643 0.040544752 0.635846376 0.301953822 0.709139943
1548266214.968500 0.583440542 -0.525514722 0.153850973 0.040789571 0.637568057 0.304338634 0.706555903
1548266215.002040 0.573456347 -0.518646121 0.161918759 0.044959944 0.636661410 0.305620074 0.706567228
1548266215.035650 0.587952256 -0.548872650 0.162823677 0.039117388 0.634872496 0.309895664 0.706662238
1548266215.069160 0.588093221 -0.539578557 0.173494279 0.041562736 0.634958863 0.311836004 0.705590606
1548266215.102590 0.583041191 -0.541972399 0.170357883 0.043644905 0.632951677 0.315147072 0.705797195
1548266215.136080 0.591918588 -0.550318480 0.165686965 0.043356683 0.631645381 0.318689615 0.705394387
1548266215.169620 0.592086554 -0.561044812 0.179190755 0.042676102 0.633577943 0.320051312 0.703082502
1548266215.203230 0.597785830 -0.576314211 0.178767383 0.042278782 0.634526670 0.323648185 0.700600028
1548266215.236760 0.593575954 -0.576354742 0.181321204 0.045296766 0.635325551 0.325064629 0.699029863
1548266215.270540 0.596108377 -0.583386064 0.183642030 0.045850143 0.636156738 0.326542735 0.697547317
1548266215.304120 0.591535151 -0.588386238 0.184034050 0.047543742 0.638189077 0.328394383 0.694702446
1548266215.337640 0.585708797 -0.588965118 0.187144399 0.051024418 0.639696598 0.330169618 0.692223191
1548266215.371150 0.583555460 -0.594587207 0.189736903 0.052714817 0.640384972 0.331714123 0.690719962
1548266215.404670 0.579670310 -0.601251245 0.190015614 0.053818617 0.641824543 0.334083110 0.688152194
1548266215.438180 0.571652651 -0.596781254 0.189834118 0.057962291 0.642979622 0.336738557 0.685437620
1548266215.471640 0.563202560 -0.595700443 0.206716359 0.061483495 0.645126283 0.337843925 0.682563782
1548266215.505150 0.561162114 -0.605963230 0.199795067 0.061628651 0.643399954 0.339857608 0.683180273
1548266215.538670 0.552232325 -0.607969344 0.200325191 0.063108720 0.643653810 0.340918720 0.682276785
1548266215.572160 0.548312008 -0.609141409 0.203739822 0.064682700 0.644173682 0.341941714 0.681125879
1548266215.605670 0.539648414 -0.613000751 0.206333280 0.066537693 0.644098043 0.342423111 0.680776656
1548266215.639220 0.535507679 -0.614257693 0.213375747 0.066779196 0.645178795 0.341646582 0.680119455
1548266215.672710 0.529531896 -0.618921697 0.222553670 0.068039507 0.646686852 0.341660202 0.678553700
1548266215.706210 0.522359967 -0.618348420 0.224371433 0.069038607 0.646873832 0.340284348 0.678965807
1548266215.739720 0.514259994 -0.619897306 0.225515842 0.069643788 0.647889256 0.338288426 0.678933144
1548266215.773240 0.509953082 -0.621389985 0.230891168 0.070276260 0.649415314 0.336367846 0.678363979
1548266215.806750 0.506092429 -0.624593616 0.244593203 0.070144087 0.651967287 0.332984507 0.677598655
1548266215.840210 0.497382760 -0.626730680 0.248442292 0.069955215 0.653283477 0.329094559 0.678250551
1548266215.873670 0.492916733 -0.628085434 0.258927464 0.070164077 0.655496299 0.324935794 0.678099155
1548266215.907160 0.489424765 -0.636369467 0.272970051 0.067679688 0.659255385 0.320208997 0.676954925
1548266215.940640 0.476927102 -0.622593701 0.285484046 0.071496688 0.662499607 0.316149265 0.675301552
1548266215.973950 0.470838815 -0.622848153 0.295882970 0.072174482 0.662710071 0.312472403 0.676732779
1548266216.007470 0.470272005 -0.622289479 0.298290074 0.070652284 0.664608181 0.310240328 0.676058531
1548266216.040980 0.460240990 -0.610174239 0.312621683 0.074577726 0.665755630 0.307279289 0.675860226
1548266216.074500 0.459221214 -0.616676390 0.303850085 0.071743250 0.664607167 0.304161519 0.678701699
1548266216.108020 0.453440011 -0.606123269 0.319057345 0.073449530 0.667837501 0.300605386 0.676930368
1548266216.141450 0.451251954 -0.605633497 0.322665304 0.071784288 0.668697417 0.296998560 0.677851498
1548266216.174970 0.448564053 -0.600973010 0.329155684 0.070164472 0.670794129 0.292581111 0.677870631
1548266216.208490 0.445349514 -0.598434031 0.337682337 0.067881763 0.673267603 0.288289666 0.677489400
1548266216.241990 0.442975879 -0.588872135 0.352870345 0.067203842 0.675441921 0.283597261 0.677373230
1548266216.275500 0.440244794 -0.585864842 0.353319317 0.063718379 0.675675273 0.279215276 0.679295123
1548266216.309010 0.439943343 -0.578073084 0.360855758 0.060880087 0.676738560 0.274461269 0.680433393
1548266216.342530 0.440993547 -0.577542305 0.362988323 0.056946725 0.677590191 0.271050364 0.681293249
1548266216.376040 0.439168334 -0.567948699 0.370438337 0.055826437 0.678928137 0.269099683 0.680826962
1548266216.409570 0.439522445 -0.561619520 0.376959503 0.054632232 0.679269135 0.267972469 0.681028366
1548266216.443430 0.444272399 -0.566889882 0.371210426 0.050195247 0.678920627 0.267909408 0.681741774
1548266216.476950 0.441359460 -0.556056440 0.373795271 0.050804395 0.679295123 0.268121243 0.681240082
1548266216.510470 0.446773291 -0.560830832 0.382519037 0.047670484 0.680469155 0.268336654 0.680209339
1548266216.543970 0.454764247 -0.552889407 0.387976646 0.046681084 0.681848705 0.267908841 0.679064155
1548266216.577330 0.454553723 -0.540850639 0.383630335 0.047375321 0.681501389 0.266862333 0.679776430
1548266216.610730 0.456713200 -0.545789182 0.381799698 0.045706533 0.680987716 0.266717762 0.680461824
1548266216.644290 0.464805663 -0.544784486 0.379484653 0.043855935 0.681010187 0.264898747 0.681271315
1548266216.711390 0.469407618 -0.545590580 0.378758162 0.043197080 0.683113754 0.260545850 0.680885851
1548266216.744910 0.469725013 -0.533803761 0.390755594 0.045431882 0.686516523 0.256642282 0.678797305
1548266216.778430 0.469330639 -0.529287457 0.382685184 0.048381895 0.686458528 0.255760759 0.678984821
1548266216.812000 0.472154349 -0.532781363 0.376114905 0.049233969 0.687039316 0.254403651 0.678845942
1548266216.845470 0.470750988 -0.528465390 0.367086887 0.051920623 0.688046634 0.252981514 0.678156734
1548266216.878990 0.477575958 -0.524044216 0.379744709 0.054289252 0.691627204 0.251010507 0.675054312
1548266216.912500 0.470919400 -0.520550907 0.365484387 0.057258990 0.690251648 0.250046581 0.676572800
1548266216.946020 0.473458678 -0.526972115 0.367264479 0.056959175 0.691293895 0.248140007 0.676235855
1548266216.979540 0.478186697 -0.531491339 0.357430696 0.057411499 0.691081405 0.247309402 0.676719010
1548266217.013050 0.476911992 -0.524471462 0.357152045 0.060458094 0.691278279 0.245573029 0.676884890
1548266217.046570 0.480532080 -0.536892712 0.350423217 0.059274413 0.690068185 0.245149344 0.678376257
1548266217.080080 0.478491724 -0.534437597 0.344660789 0.060207907 0.689566374 0.243742779 0.679310501
1548266217.113600 0.474908680 -0.523205280 0.345629901 0.063569680 0.689639330 0.242617071 0.679333210
1548266217.147120 0.479008883 -0.533145070 0.331283629 0.063036576 0.687576532 0.244678944 0.680732787
1548266217.180600 0.478471309 -0.531142473 0.327349514 0.064541474 0.687099338 0.246410921 0.680448771
1548266217.214120 0.480541527 -0.531611919 0.333872586 0.066220105 0.687563300 0.249122024 0.678829849
1548266217.247630 0.480125606 -0.526549757 0.330981821 0.069324225 0.685216725 0.252060413 0.679807186
1548266217.280670 0.486113042 -0.531673431 0.322804511 0.068638869 0.682985902 0.254902244 0.681060851
1548266217.314140 0.493090272 -0.543742299 0.313955307 0.066740409 0.682076454 0.258831322 0.680678964
1548266217.347650 0.490771800 -0.536714196 0.312296212 0.069578111 0.681572974 0.260570228 0.680235505
1548266217.381150 0.492789239 -0.540548325 0.299647748 0.069042265 0.679600418 0.261411786 0.681938648
1548266217.414670 0.496350348 -0.541525424 0.302651286 0.068414792 0.680371106 0.260841280 0.681451738
1548266217.448190 0.498200804 -0.545689166 0.298771739 0.067573480 0.680734992 0.260214955 0.681411684
1548266217.481700 0.498354942 -0.545704722 0.296962380 0.067644052 0.680612147 0.259237587 0.681899786
1548266217.515220 0.502780676 -0.554263651 0.293565929 0.065368839 0.679660976 0.258105427 0.683498025
1548266217.548750 0.503786206 -0.562478185 0.285030484 0.062491890 0.679374099 0.258199185 0.684016645
1548266217.582310 0.500147939 -0.550409079 0.292844832 0.065401278 0.680390179 0.257656336 0.682938576
1548266217.616030 0.501019180 -0.548421502 0.281536520 0.065512717 0.677330911 0.258715600 0.685563505
1548266217.649640 0.502656460 -0.551196694 0.275590062 0.064481214 0.675710797 0.259699166 0.686886787
1548266217.683190 0.501839221 -0.552837312 0.269764423 0.063921697 0.674572766 0.260906965 0.687599659
1548266217.716830 0.505476773 -0.555975020 0.278384924 0.063155808 0.675190270 0.261954188 0.686665535
1548266217.750350 0.506723642 -0.546099722 0.278842270 0.064453214 0.673633516 0.261760473 0.688146174
1548266217.783860 0.509754002 -0.559198022 0.268221319 0.061554965 0.670899451 0.263167351 0.690541685
1548266217.817380 0.509732962 -0.564678431 0.262879908 0.059734557 0.668805957 0.263293713 0.692680895
1548266217.850900 0.510384619 -0.556807995 0.268326700 0.060844254 0.667879343 0.262067854 0.693942070
1548266217.884410 0.515604675 -0.566728532 0.256939411 0.058326654 0.665894747 0.263087392 0.695677578
1548266217.917930 0.518374741 -0.568732977 0.252865016 0.057821400 0.665689111 0.263659418 0.695699930
1548266217.951760 0.518460393 -0.565012515 0.257222056 0.058695413 0.666357219 0.263202608 0.695159912
1548266217.985640 0.518172741 -0.566286922 0.252675176 0.058924999 0.665868938 0.263783455 0.695388138
1548266218.019190 0.517774403 -0.569385946 0.247357965 0.059705302 0.665351450 0.264376342 0.695591807
1548266218.052700 0.519533575 -0.572594821 0.245756567 0.059855212 0.665913463 0.263957322 0.695200205
1548266218.086190 0.521734655 -0.567541182 0.244281888 0.060830414 0.666796625 0.262512177 0.694816113
1548266218.118910 0.521771431 -0.567681193 0.247799933 0.062082537 0.667966425 0.261769235 0.693861365
1548266218.152380 0.519646645 -0.567296088 0.248934090 0.062321052 0.669357896 0.259990215 0.693167508
1548266218.185770 0.518771172 -0.571614742 0.243684411 0.062791847 0.670286238 0.260442197 0.692057371
1548266218.219240 0.518775225 -0.570950031 0.245135128 0.063967973 0.670990467 0.260282040 0.691327095
1548266218.252750 0.516416430 -0.571868539 0.238424063 0.063812062 0.670701325 0.260394841 0.691579521
1548266218.286270 0.516045511 -0.568116963 0.242832005 0.065160424 0.672237456 0.261100382 0.689693809
1548266218.319820 0.518287182 -0.568072438 0.239382863 0.065557264 0.672434568 0.261904180 0.689159095
1548266218.353330 0.517919660 -0.566832602 0.235012114 0.066035554 0.672622740 0.262688905 0.688630879
1548266218.386970 0.517567456 -0.565761805 0.236889899 0.066356465 0.674537122 0.263342142 0.686474741
1548266218.420370 0.518193483 -0.566685081 0.231343329 0.066550732 0.674808204 0.265070349 0.685523629
1548266218.453850 0.518703043 -0.564210713 0.231956840 0.067186192 0.674975693 0.265507340 0.685127616
1548266218.487370 0.520148039 -0.565744936 0.232054293 0.066107333 0.674916565 0.265771717 0.685188234
