1341846092.023798 0.0000000 0.0000000 0.0000000 -0.0000000 -0.0000000 -0.0000000 1.0000000
1341846092.559842 0.0081710 -0.0020152 0.0056010 0.0334688 0.0034189 -0.0179044 0.9992735
1341846092.595783 0.0059861 -0.0023523 0.0049352 0.0381423 0.0047821 -0.0187961 0.9990841
1341846092.760105 0.0087459 -0.0076556 0.0063371 0.0593597 0.0060963 -0.0179234 0.9980571
1341846093.325795 0.0272380 -0.0398154 -0.0067772 0.1422458 0.0131408 -0.0204560 0.9895328
1341846093.561833 0.0314598 -0.0556208 -0.0104612 0.1792085 0.0139525 -0.0083800 0.9836765
1341846093.693938 0.0355307 -0.0627267 -0.0181773 0.1990978 0.0149383 -0.0122472 0.9797893
1341846093.929912 0.0376654 -0.0872256 -0.0342922 0.2428818 0.0042775 -0.0070410 0.9700209
1341846094.129856 0.0666032 -0.0866871 -0.0384385 0.2706521 0.0045577 -0.0027054 0.9626626
1341846094.767923 0.0555721 -0.0358170 -0.0114812 0.1895829 0.0099203 0.0182602 0.9816448
1341846094.901923 0.0578959 -0.0262120 -0.0102532 0.1612041 0.0077703 0.0282893 0.9864850
1341846094.966365 0.0557532 -0.0228193 -0.0102441 0.1449215 0.0045574 0.0342046 0.9888413
1341846095.034722 0.0579720 -0.0108613 -0.0097921 0.1240154 0.0067339 0.0306674 0.9917834
1341846095.269927 0.0630874 -0.0009868 -0.0083704 0.0958472 0.0099588 0.0458712 0.9942887
1341846095.369772 0.0663670 0.0117644 -0.0073287 0.0793127 0.0057781 0.0484238 0.9956562
1341846095.838106 0.0724134 0.0331656 -0.0042686 0.0225161 0.0141374 0.0576230 0.9979843
1341846096.241942 0.0585865 0.0472193 -0.0069535 -0.0288556 0.0157820 0.0548092 0.9979550
1341846096.945914 0.0744515 0.0900834 -0.0008083 -0.1029577 0.0121173 0.0305262 0.9941434
1341846097.381852 0.0814869 0.0939586 0.0005937 -0.1617983 0.0139246 0.0289998 0.9862994
1341846097.481979 0.0777274 0.0912439 0.0002684 -0.1832159 0.0183415 0.0265055 0.9825442
1341846097.949812 0.0653374 0.0954556 0.0032920 -0.2226856 0.0224964 0.0070977 0.9746049
1341846098.217722 0.0703749 0.0883727 0.0014556 -0.1879228 0.0278766 -0.0066846 0.9817654
1341846098.521907 0.0682529 0.0592315 0.0033819 -0.1229201 0.0449736 -0.0190250 0.9912145
1341846098.753828 0.0681212 0.0340339 0.0035707 -0.0654137 0.0417758 0.0005106 0.9969832
1341846098.921923 0.0762761 0.0220306 -0.0030647 -0.0057149 0.0348125 0.0129159 0.9992941
1341846099.121774 0.0851412 0.0219522 -0.0137913 0.0560395 0.0264170 0.0115322 0.9980124
1341846099.432113 0.1047223 0.0347638 -0.0168165 0.0863972 0.0327779 0.0157652 0.9955966
1341846099.499765 0.1167944 0.0343502 -0.0192666 0.0866316 0.0430480 0.0170492 0.9951639
1341846099.564678 0.1348694 0.0297957 -0.0094196 0.0891554 0.0620237 0.0146128 0.9939773
1341846099.657825 0.1447308 0.0327536 -0.0056332 0.0906155 0.0917441 0.0099201 0.9916015
1341846099.693870 0.1400573 0.0294938 -0.0127137 0.0897602 0.1037502 0.0079894 0.9905126
1341846099.725881 0.1441084 0.0292029 -0.0084906 0.0910951 0.1140471 0.0076955 0.9892602
1341846099.761986 0.1443913 0.0280195 -0.0159883 0.0938825 0.1237616 0.0146418 0.9877524
1341846099.793945 0.1481199 0.0252090 -0.0118125 0.0981679 0.1333568 0.0228562 0.9859294
1341846099.825926 0.1524153 0.0283620 -0.0061353 0.0995562 0.1436179 0.0274363 0.9842305
1341846099.862065 0.1496278 0.0271410 -0.0059899 0.0993774 0.1553858 0.0285852 0.9824268
1341846099.961831 0.1567998 0.0274297 -0.0000452 0.1048516 0.1814635 0.0362414 0.9771201
1341846099.993861 0.1548224 0.0260250 -0.0023623 0.1046282 0.1923947 0.0348052 0.9751030
1341846100.029846 0.1609730 0.0237437 0.0078664 0.1050700 0.2016317 0.0359191 0.9731469
1341846100.069920 0.1600238 0.0250323 -0.0107536 0.1065061 0.2131581 0.0368314 0.9704965
1341846100.168188 0.1673320 0.0232106 0.0024305 0.1119918 0.2361655 0.0443586 0.9642178
1341846100.435828 0.1787228 0.0238206 0.0200902 0.1128515 0.2807606 0.0531224 0.9516386
1341846100.672445 0.1840324 0.0263181 0.0563098 0.1217569 0.3297013 0.0457349 0.9350833
1341846100.765776 0.1846830 0.0333936 -0.0231977 0.1218193 0.3388516 0.0474697 0.9317115
1341846100.866041 0.1885034 0.0277204 0.0238787 0.1210209 0.3467160 0.0522709 0.9286602
1341846100.897858 0.1809608 0.0296574 0.0133837 0.1206430 0.3468270 0.0522334 0.9286700
1341846101.001817 0.1907960 0.0235500 0.0161620 0.1217947 0.3436773 0.0553884 0.9295075
1341846107.969943 0.1270884 0.1122273 -0.0637029 -0.0186417 -0.0099846 -0.5415936 0.8403744
1341846108.573967 0.1036236 0.1046799 -0.0654582 -0.0742898 0.0477831 -0.6215546 0.7783751
1341846108.710024 0.1073329 0.1036353 -0.0550256 -0.0608260 0.0701077 -0.6099392 0.7869939
1341846108.941882 0.1351963 0.1034365 -0.0530358 -0.0336826 0.0911888 -0.5959961 0.7970814
1341846109.145865 0.1342787 0.0914193 -0.0438002 -0.0256422 0.0985382 -0.5826581 0.8063140
1341846109.245810 0.1309451 0.0825311 -0.0354817 -0.0069811 0.0924173 -0.5687466 0.8172745
1341846109.613999 0.1281540 0.0716224 -0.0485694 0.0538049 0.0423947 -0.4357736 0.8974459
1341846110.485899 0.1173325 0.0444647 -0.0793183 0.0968337 -0.0147007 -0.2145830 0.9717826
1341846110.953861 0.1230707 0.0391264 -0.0759534 0.0962571 -0.0234062 -0.1033913 0.9896954
1341846111.757957 0.1394785 0.0297884 -0.0744932 0.0763890 -0.0461891 0.0691778 0.9936024
1341846112.061964 0.1403946 0.0114033 -0.0746116 0.0810308 -0.0600527 0.1474006 0.9839211
1341846112.193903 0.1533666 -0.0001774 -0.0850015 0.0904957 -0.0672319 0.2017590 0.9729254
1341846112.293912 0.1521285 0.0014838 -0.0771186 0.0969479 -0.0685610 0.2292396 0.9661003
1341846112.865900 0.1616179 -0.0084782 -0.0873533 0.1077011 -0.0612801 0.3720344 0.9199107
1341846113.366028 0.1935650 -0.0061062 -0.0796670 0.1049639 -0.0327951 0.5073723 0.8546816
1341846113.569800 0.2004359 -0.0128549 -0.0795411 0.1046696 -0.0312282 0.5616514 0.8201322
1341846113.634488 0.1956888 -0.0079328 -0.0844513 0.1054812 -0.0299786 0.5720922 0.8128257
1341846113.701823 0.2141069 -0.0123267 -0.0734794 0.1025086 -0.0326919 0.5954574 0.7961493
1341846113.937955 0.2059401 -0.0104632 -0.0904255 0.0982233 -0.0327682 0.6404268 0.7610072
1341846114.106082 0.2134026 -0.0089929 -0.0928977 0.0894740 -0.0329911 0.6783187 0.7285532
1341846114.305813 0.2086511 -0.0055190 -0.0896580 0.0871485 -0.0372302 0.6929145 0.7147647
1341846114.374059 0.2087714 -0.0044339 -0.0946124 0.0878512 -0.0378710 0.6957228 0.7119114
1341846114.673974 0.1997144 -0.0025526 -0.0863340 0.0867263 -0.0471394 0.7018073 0.7054949
1341846114.873982 0.1901305 -0.0065918 -0.0806955 0.0824925 -0.0465906 0.6527699 0.7516089
1341846116.050272 0.1147108 0.0523907 -0.1061858 0.0214679 -0.0129829 0.2744809 0.9612652
1341846116.417962 0.1134505 0.0602778 -0.1027851 0.0252350 -0.0018585 0.2074391 0.9779207
1341846117.590027 0.0880588 0.0631679 -0.0879173 0.0263511 -0.0158832 0.0274460 0.9991497
1341846118.567808 0.1054406 0.0472074 -0.0860868 0.0438260 -0.0197105 0.0400345 0.9980421
1341846119.171928 0.1336760 0.0319667 -0.0940221 0.0560152 -0.0127006 0.0490795 0.9971420
