1548265882.499630 0.000000000 0.000000000 0.000000000 0.000000000 0.000000000 0.000000000 1.000000000
1548265882.533150 0.006930419 -0.007298399 -0.001744811 -0.002462383 -0.007173554 -0.005399900 0.999956667
1548265882.566560 0.003371126 -0.014618252 0.004771362 -0.004946653 0.000686960 -0.015690606 0.999864399
1548265882.600030 -0.008517036 -0.000150493 -0.006598217 -0.003748267 0.006732018 -0.012824728 0.999888062
1548265882.633440 -0.001342902 -0.002294664 -0.007599047 -0.006204262 0.004730092 -0.019663505 0.999776244
1548265882.665210 -0.004207165 -0.007000081 -0.005561178 -0.010208516 0.014739553 -0.021569973 0.999606550
1548265882.698670 -0.016973626 0.009838847 -0.009268283 -0.010284900 0.016373431 -0.017456532 0.999660671
1548265882.732180 -0.001717830 0.006108846 -0.003327279 -0.013922572 0.009950083 -0.019346634 0.999666393
1548265882.765670 -0.001067707 0.007109785 -0.005147283 -0.016822435 0.010518864 -0.015351802 0.999685287
1548265882.799210 0.000136573 0.004564215 -0.006150474 -0.020714661 0.007993321 -0.011807804 0.999683738
1548265882.832700 0.005797313 0.003054306 -0.006782711 -0.022998469 0.006270246 -0.007885758 0.999684751
1548265882.866180 0.009575142 0.008007246 -0.009969988 -0.024125660 0.004184420 -0.004346777 0.999690711
1548265882.899700 0.013601916 0.004236069 -0.010608556 -0.025784234 0.003303947 -0.002032342 0.999660015
1548265882.933210 0.014701126 0.008701678 -0.017123748 -0.024173981 0.003010755 0.000453491 0.999703109
1548265882.966730 0.015857050 0.006716297 -0.023643181 -0.022810489 0.001805050 0.000089158 0.999738157
1548265883.000250 0.018764757 0.003969915 -0.028438786 -0.020801039 0.002942774 -0.002460216 0.999776244
1548265883.033800 0.016226206 0.015647992 -0.042132761 -0.016772132 0.004985825 -0.001546169 0.999845743
1548265883.067340 0.014140065 0.017804306 -0.047843885 -0.014728493 0.004669976 -0.004330392 0.999871254
1548265883.100860 0.014221269 0.022423139 -0.057397667 -0.013090146 0.006353110 -0.006198135 0.999874949
1548265883.134400 0.012619226 0.025111385 -0.066315643 -0.012953453 0.007119023 -0.007434595 0.999863088
1548265883.167910 0.011249534 0.030350266 -0.071076311 -0.012379120 0.007501952 -0.008428393 0.999859691
1548265883.201430 0.004015047 0.032085828 -0.077568963 -0.012523237 0.008116498 -0.008550158 0.999852061
1548265883.234950 0.013358330 0.036645573 -0.083902739 -0.012778238 0.005811069 -0.008107701 0.999868572
1548265883.268460 0.024513673 0.033169065 -0.092108071 -0.014199913 0.005924731 -0.009108101 0.999840140
1548265883.301800 0.011523242 0.040554427 -0.093882799 -0.013484851 0.008734895 -0.007597993 0.999842048
1548265883.335310 0.011505588 0.036526043 -0.096286274 -0.014318247 0.007188636 -0.009026871 0.999830902
1548265883.368830 0.028483715 0.030658413 -0.103865638 -0.014691072 0.006435620 -0.008638755 0.999834061
1548265883.402280 0.019017044 0.036461171 -0.106181577 -0.012885207 0.010299738 -0.006900917 0.999840140
1548265883.435790 0.018677782 0.038897954 -0.109414577 -0.011109100 0.009504029 -0.005908213 0.999875665
1548265883.469300 0.034485009 0.026905997 -0.116944879 -0.011846054 0.009461423 -0.006664832 0.999862850
1548265883.502820 0.026256839 0.036510557 -0.116241425 -0.009443950 0.013957893 -0.004745480 0.999846756
1548265883.536330 0.041712206 0.027936004 -0.128224388 -0.009864017 0.014170230 -0.004307431 0.999841690
1548265883.569820 0.008360920 0.028390234 -0.118026011 -0.008987307 0.026481746 -0.006344888 0.999588788
1548265883.603340 0.033597495 0.028526712 -0.128111348 -0.007769941 0.028299902 -0.001530188 0.999568105
1548265883.636850 0.060326826 0.020568406 -0.135370061 -0.006982602 0.028905299 0.000469939 0.999557674
1548265883.670370 0.018696193 0.033272326 -0.121861912 -0.002751576 0.043709282 0.001330028 0.999039650
1548265883.703910 0.044170432 0.024075354 -0.136338085 -0.001684375 0.045272350 0.003689948 0.998966455
1548265883.737430 0.077975154 0.018887276 -0.144160777 0.000116336 0.047917631 0.005597666 0.998835623
1548265883.770950 0.042952634 0.030935844 -0.136976093 0.004203146 0.062652916 0.007869310 0.997995496
1548265883.804530 0.049536888 0.020954236 -0.141456127 0.005090891 0.067095891 0.009224427 0.997690916
1548265883.838180 0.027033409 0.033590205 -0.132711351 0.008911450 0.075143211 0.011510325 0.997066498
1548265883.871940 0.033337902 0.028844003 -0.137378171 0.009957129 0.077826798 0.013545171 0.996825159
1548265883.905460 0.036840860 0.025157969 -0.132182136 0.011786976 0.080946885 0.017015366 0.996503472
1548265883.939000 0.046586603 0.019702939 -0.131901041 0.013246639 0.081402406 0.018205717 0.996427000
1548265883.972510 0.058840398 0.014450532 -0.138224810 0.014671448 0.086014457 0.018862648 0.996007264
1548265884.006030 0.030934619 0.016504817 -0.127168342 0.017473985 0.095898874 0.021379646 0.995008051
1548265884.039550 -0.000107230 0.019959943 -0.128273383 0.020350615 0.101335399 0.021341825 0.994415164
1548265884.073060 -0.028711963 0.012941545 -0.124415331 0.020476673 0.109780103 0.021941263 0.993502676
1548265884.106580 0.016127214 0.026577273 -0.116822109 0.023352528 0.106410339 0.020933431 0.993827581
1548265884.140090 0.073819995 0.023110490 -0.119666643 0.023125593 0.101078384 0.021231448 0.994383037
1548265884.173590 0.057228837 0.023221923 -0.115185417 0.023421364 0.109559499 0.022065748 0.993459225
1548265884.206970 0.044502378 0.028145717 -0.109544151 0.025322521 0.111435898 0.021945048 0.993206561
1548265884.240470 0.118597575 0.039681315 -0.122394755 0.026602803 0.104035005 0.020427132 0.994007945
1548265884.273990 0.081043668 0.041464452 -0.117637873 0.026767677 0.114331216 0.020647574 0.992867351
1548265884.307480 0.051739100 0.032832537 -0.111413151 0.025137058 0.119585812 0.019459149 0.992314816
1548265884.340990 0.017218996 0.010247095 -0.088749804 0.018744180 0.130148515 0.017039509 0.991170883
1548265884.374510 0.003474679 0.024540668 -0.093694039 0.019857690 0.135198787 0.018975934 0.990437686
1548265884.408030 -0.019868664 0.024378480 -0.083547138 0.017790522 0.141850129 0.016855998 0.989584744
1548265884.441190 -0.006313245 0.017407442 -0.078481033 0.014458538 0.148942813 0.017363181 0.988587618
1548265884.474710 0.037526041 0.024490470 -0.081763953 0.015088450 0.147348329 0.019556049 0.988776207
1548265884.508230 0.017396573 0.020723600 -0.082910977 0.013814776 0.153525591 0.018145625 0.987881422
1548265884.541970 0.025565153 0.018694593 -0.075693086 0.012612113 0.161906049 0.019645410 0.986530006
1548265884.575610 0.006673753 0.010167105 -0.066636287 0.011228417 0.171096757 0.021632835 0.984952748
1548265884.609120 0.016143443 0.023524372 -0.064083531 0.013319958 0.176504329 0.024626866 0.983901620
1548265884.642640 0.019300548 0.012478263 -0.067628466 0.012663981 0.181465447 0.029128475 0.982884228
1548265884.676150 0.026229741 0.023173273 -0.065025084 0.015297960 0.185973272 0.032243039 0.981906474
1548265884.709670 0.009342531 0.010670155 -0.064621381 0.014654073 0.197306246 0.038612936 0.979471564
1548265884.743190 -0.010194924 0.008719657 -0.054057442 0.016029377 0.207536131 0.043907978 0.977109969
1548265884.776700 -0.035714742 0.002498117 -0.042096488 0.016802805 0.218175650 0.048252936 0.974571049
1548265884.810220 0.002370420 0.012569602 -0.062250488 0.019158257 0.221775174 0.055733595 0.973315179
1548265884.843710 -0.015678465 0.003735081 -0.044743661 0.018505886 0.235011399 0.062081840 0.969831407
1548265884.877190 0.000497161 0.000638186 -0.048040882 0.018003359 0.239713028 0.066858411 0.968371570
1548265884.910640 -0.021443278 -0.007503960 -0.037264273 0.017037308 0.249685958 0.072429419 0.965463936
1548265884.944160 0.002509706 0.007322254 -0.045478743 0.018811503 0.251174718 0.077882074 0.964619994
1548265884.977740 0.011940373 0.008542535 -0.050452899 0.018254017 0.254484236 0.082204014 0.963403881
1548265885.011250 -0.028600719 0.017782997 -0.041164976 0.019072635 0.264956981 0.083746471 0.960427284
1548265885.044770 -0.053736705 0.016492024 -0.030114492 0.017888717 0.271935105 0.083939038 0.958480835
1548265885.078290 -0.039775897 0.020457407 -0.037769653 0.016116019 0.272906780 0.086106688 0.958043754
1548265885.111800 -0.035818115 0.023114976 -0.040412258 0.013523766 0.276098162 0.086418375 0.957140923
1548265885.145320 -0.046425946 0.014945195 -0.036317483 0.010017268 0.283195227 0.088522404 0.954915702
1548265885.178890 -0.056725185 0.015585348 -0.033507511 0.009850834 0.288054466 0.091647007 0.953167617
1548265885.212670 -0.049512915 0.016052634 -0.034960307 0.009371903 0.290686756 0.094892241 0.952055097
1548265885.245870 -0.075555533 0.012072177 -0.022812888 0.008768371 0.298942268 0.096833900 0.949304938
1548265885.279380 -0.071246356 0.006020364 -0.025041288 0.008110462 0.300805748 0.101440571 0.948240459
1548265885.312810 -0.067656875 0.015616673 -0.034844179 0.009671893 0.301370621 0.103243694 0.947851777
1548265885.346410 -0.094232358 0.015761150 -0.008743574 0.009497902 0.311629176 0.105460577 0.944285512
1548265885.380420 -0.076571450 0.014981829 -0.031728823 0.008477006 0.312192649 0.108839855 0.943725467
1548265885.413960 -0.102759100 0.003459149 -0.007679603 0.006777658 0.320514411 0.110621661 0.940737724
1548265885.447470 -0.063381754 0.024458036 -0.045458160 0.007827952 0.320693761 0.113439500 0.940332770
1548265885.480990 -0.073577307 0.021937624 -0.037106555 0.006677514 0.327399284 0.115713470 0.937750280
1548265885.514510 -0.069559261 0.020735689 -0.037315235 0.004725499 0.332482934 0.117177762 0.935789585
1548265885.548020 -0.089002274 0.015445478 -0.018709313 0.003065462 0.341140479 0.118883543 0.932459354
1548265885.581520 -0.078558423 0.019524259 -0.027561953 0.002096814 0.342669219 0.121004492 0.931628287
1548265885.614860 -0.082914658 0.015931383 -0.023869606 0.000379369 0.347856820 0.122997977 0.929444432
1548265885.648370 -0.087848514 0.014686910 -0.012865137 -0.000194254 0.352683395 0.124659836 0.927401900
1548265885.681670 -0.100630112 0.007733066 -0.002900509 -0.001658204 0.358039171 0.125495166 0.925233066
1548265885.715190 -0.091240562 0.011654012 -0.005766680 -0.001297763 0.359594762 0.126839474 0.924446702
1548265885.748850 -0.088076308 0.018117342 -0.010566925 -0.000589737 0.361794412 0.128189534 0.923402369
1548265885.782220 -0.095786951 0.009231886 -0.001046021 -0.002254045 0.368121922 0.130294904 0.920599997
1548265885.815880 -0.089083306 0.018202843 -0.002544401 -0.001089642 0.371555120 0.131628364 0.919031858
1548265885.849400 -0.097465888 0.009219750 0.007951794 -0.002096442 0.377931297 0.135577783 0.915850520
1548265885.882880 -0.105370082 0.009817800 0.017606795 -0.000885639 0.382811159 0.138637915 0.913364291
1548265885.916400 -0.086225048 0.026400864 0.004034533 0.002410408 0.382662594 0.141082585 0.913049400
1548265885.949930 -0.098733433 0.013960415 0.018297810 0.002560563 0.388871640 0.145924836 0.909658313
1548265885.983450 -0.100820348 0.005539296 0.025878521 0.002764978 0.392462283 0.150337443 0.907394230
1548265886.016980 -0.100105941 0.008302455 0.026475027 0.004907017 0.394550800 0.153535932 0.905942798
1548265886.050490 -0.109328292 -0.002017330 0.034199815 0.004712054 0.398420244 0.156695560 0.903706610
1548265886.084010 -0.109165065 -0.004713541 0.038781434 0.005499957 0.400433809 0.159867734 0.902255416
1548265886.117600 -0.111286886 -0.007401470 0.043211803 0.006657161 0.401603788 0.162990347 0.901168227
1548265886.151160 -0.108923204 -0.009361332 0.045799542 0.008993457 0.401966631 0.166248590 0.900390685
1548265886.184730 -0.107639104 -0.010585804 0.041481920 0.010993802 0.401086241 0.167904213 0.900453866
1548265886.218240 -0.121901438 -0.014886589 0.054063689 0.012451340 0.405244470 0.169365883 0.898296773
1548265886.251770 -0.114979960 -0.011120062 0.048431844 0.014958877 0.403404236 0.171359658 0.898708582
1548265886.285280 -0.114221461 -0.011195790 0.047835540 0.016274154 0.404757082 0.171995997 0.897955596
1548265886.318790 -0.115984790 -0.026224501 0.051698819 0.016706783 0.407433778 0.174231216 0.896304667
1548265886.352310 -0.119839147 -0.025739303 0.051685706 0.019503251 0.408406854 0.174630791 0.895727396
1548265886.385830 -0.122769386 -0.029707916 0.053198330 0.021196317 0.409839749 0.174830467 0.894995213
1548265886.419490 -0.127664939 -0.031388927 0.054505754 0.023892604 0.411605895 0.175319999 0.894020498
1548265886.453000 -0.128353044 -0.035721611 0.052003786 0.026132146 0.412447691 0.175664723 0.893502057
1548265886.486520 -0.142401367 -0.026885007 0.056792431 0.029173620 0.417330116 0.174121976 0.891440392
1548265886.520030 -0.160113469 -0.045650814 0.079050049 0.028811481 0.427438796 0.176873654 0.886104763
1548265886.553550 -0.150521532 -0.043461919 0.068654798 0.031528618 0.426851213 0.178313553 0.886006951
1548265886.586910 -0.146564618 -0.040700868 0.047550194 0.032439794 0.429233193 0.177319095 0.885022283
1548265886.620090 -0.156270429 -0.042792879 0.067799464 0.035711259 0.437812328 0.180772513 0.879980922
1548265886.653600 -0.159277365 -0.038343694 0.062667996 0.038223155 0.439644992 0.180496559 0.879017770
1548265886.687120 -0.178442568 -0.040278889 0.083947808 0.039759189 0.450604767 0.181366578 0.873201430
1548265886.720630 -0.179944515 -0.057136439 0.085833162 0.039712764 0.454036176 0.186016530 0.870443463
1548265886.754150 -0.183724776 -0.055110957 0.085308738 0.040334679 0.457090825 0.185758904 0.868869781
1548265886.787670 -0.187882975 -0.045657955 0.090043165 0.041374125 0.464023054 0.187058032 0.864858449
1548265886.821180 -0.184009105 -0.054337129 0.088347897 0.040276479 0.466753304 0.190302059 0.862730682
1548265886.854700 -0.206796542 -0.053834569 0.103041090 0.039537307 0.474005282 0.189729571 0.858928680
1548265886.888210 -0.192418635 -0.063466273 0.090660691 0.036859296 0.477497667 0.194532648 0.856034100
1548265886.921730 -0.198616937 -0.071410879 0.092220090 0.035877977 0.482123286 0.197280720 0.852848291
1548265886.955230 -0.217422292 -0.059241932 0.109680973 0.036949757 0.490472317 0.195966870 0.848332822
1548265886.988750 -0.210739151 -0.075354651 0.104036532 0.034206890 0.494505316 0.200378224 0.845069766
1548265887.022280 -0.236283228 -0.073986232 0.123870254 0.034950860 0.501442015 0.200086445 0.841011167
1548265887.055800 -0.244455159 -0.069548257 0.131066114 0.035220105 0.506531358 0.199252814 0.838143110
1548265887.089320 -0.251541197 -0.081588916 0.139754042 0.034209125 0.511644661 0.201508865 0.834531963
1548265887.122870 -0.260050654 -0.084280834 0.143252239 0.034234006 0.514929414 0.201638907 0.832476735
1548265887.156400 -0.257222772 -0.081685469 0.138804808 0.035083421 0.517473280 0.203109860 0.830504000
1548265887.189910 -0.273155987 -0.091698192 0.150699601 0.036148131 0.520565927 0.204817235 0.828102827
1548265887.223460 -0.282341033 -0.085263476 0.160339057 0.037118189 0.524887919 0.204913214 0.825303257
1548265887.257080 -0.281644613 -0.096743360 0.163410604 0.036923729 0.526885152 0.208759189 0.823072433
1548265887.290490 -0.287814707 -0.091785423 0.161069959 0.039082423 0.526259363 0.210549295 0.822917163
1548265887.324010 -0.289438188 -0.086915530 0.160181046 0.039570969 0.528442383 0.212126404 0.821087778
1548265887.357520 -0.294609636 -0.093242772 0.169127986 0.039154135 0.531172156 0.215484038 0.818467915
1548265887.391040 -0.297980458 -0.095868185 0.173368484 0.039066445 0.531235754 0.217513785 0.817893744
1548265887.424660 -0.290537000 -0.087200403 0.157959282 0.037987143 0.529496968 0.217892960 0.818970442
1548265887.458180 -0.293715775 -0.096149459 0.169398651 0.035726335 0.532313168 0.219386280 0.816845119
1548265887.491690 -0.294736058 -0.100226194 0.173467889 0.035030805 0.533135831 0.219823003 0.816221118
1548265887.525210 -0.291774571 -0.097810619 0.169378668 0.034470476 0.533761024 0.218200266 0.816271782
1548265887.558720 -0.296577573 -0.103411712 0.184113413 0.034359295 0.537776291 0.218428090 0.813575625
1548265887.592200 -0.304451883 -0.099486351 0.198029608 0.035356771 0.539855361 0.216609225 0.812641680
1548265887.625650 -0.303829372 -0.098934777 0.196785480 0.035082117 0.541137278 0.216010481 0.811960101
1548265887.659100 -0.307216614 -0.104226433 0.210658655 0.035194691 0.544817328 0.217187181 0.809175551
1548265887.692610 -0.308462083 -0.108965658 0.219806701 0.036494993 0.546087086 0.219532549 0.807627678
1548265887.726110 -0.303925902 -0.105006777 0.216871917 0.037541941 0.545586050 0.220545441 0.807642341
1548265887.759600 -0.295368999 -0.097480133 0.216787010 0.037897639 0.546841323 0.221659541 0.806470931
1548265887.793080 -0.298651218 -0.112179056 0.231992602 0.036920611 0.550739408 0.225792259 0.802708447
1548265887.826460 -0.290668190 -0.107997410 0.227473393 0.037682179 0.550113559 0.227250710 0.802690625
1548265887.859920 -0.291239530 -0.110770568 0.251700461 0.037349038 0.554395139 0.229267761 0.799179196
1548265887.893440 -0.289176106 -0.120976590 0.273227364 0.036312226 0.557813406 0.231509000 0.796196759
1548265887.926950 -0.277731955 -0.116597943 0.258006930 0.036644343 0.556714177 0.234342217 0.796122015
1548265887.960470 -0.264340788 -0.119968973 0.259352297 0.035967026 0.558475375 0.237200812 0.794070125
1548265887.993980 -0.257106394 -0.133165255 0.269533068 0.035359949 0.561531186 0.240405470 0.790972590
1548265888.027500 -0.253525645 -0.128850415 0.278349638 0.036358636 0.563749015 0.241010904 0.789163411
1548265888.061020 -0.248042554 -0.132413447 0.289789885 0.036732357 0.566055059 0.242863208 0.786924303
1548265888.094560 -0.235959277 -0.133912176 0.285043061 0.036548506 0.566439331 0.244420871 0.786173761
1548265888.128110 -0.234195039 -0.123702012 0.312488616 0.037431229 0.572623372 0.243767887 0.781843066
1548265888.161670 -0.221028939 -0.129516482 0.316584855 0.035402425 0.577228963 0.246254444 0.777760983
1548265888.195670 -0.208619356 -0.135191470 0.324189782 0.034740575 0.581410646 0.249065548 0.773770690
1548265888.229180 -0.199939087 -0.134643853 0.328224957 0.035290308 0.583845019 0.250125259 0.771567822
1548265888.262700 -0.195192009 -0.136843234 0.340666443 0.034998827 0.589190066 0.250923127 0.767246902
1548265888.296210 -0.179271102 -0.147786498 0.340759039 0.034457292 0.591240525 0.253245622 0.764927447
1548265888.329730 -0.173746794 -0.147452995 0.347219914 0.035250407 0.594397545 0.252811611 0.762584567
1548265888.363320 -0.168326855 -0.147935301 0.355363905 0.035693780 0.599048376 0.253805161 0.758584142
1548265888.397010 -0.152982369 -0.165884018 0.355872720 0.034653895 0.601178646 0.257031500 0.755855918
1548265888.430530 -0.151218638 -0.159853712 0.365520686 0.036311459 0.604465485 0.255508065 0.753670096
1548265888.464040 -0.155645266 -0.147572279 0.379232466 0.037707560 0.610475898 0.253801137 0.749321282
1548265888.497380 -0.126957685 -0.183863148 0.371660858 0.033495568 0.611598849 0.260281980 0.746376693
1548265888.530830 -0.123179942 -0.178741798 0.377435029 0.034459904 0.613295317 0.259080499 0.745358109
1548265888.564200 -0.129834682 -0.154058754 0.398046464 0.037185319 0.619163394 0.254959345 0.741788149
1548265888.597340 -0.117578387 -0.175331458 0.393930763 0.034318525 0.622385502 0.258910477 0.737850904
1548265888.630850 -0.112945683 -0.170646340 0.402117431 0.034390882 0.626748025 0.258361816 0.734338701
1548265888.664370 -0.103068881 -0.177083194 0.408511311 0.033421662 0.630993128 0.259735018 0.730252326
1548265888.697880 -0.098883606 -0.171925530 0.423815638 0.033735219 0.636283875 0.259635359 0.725668132
1548265888.731560 -0.075035691 -0.173284367 0.424249470 0.032651357 0.639961243 0.261282116 0.721883059
1548265888.765210 -0.078178167 -0.171469569 0.436629981 0.032842372 0.646379352 0.261664003 0.715993762
1548265888.798810 -0.072964668 -0.207989573 0.471799523 0.027825482 0.656970024 0.266295344 0.704771459
1548265888.832330 -0.063218564 -0.211529955 0.458678097 0.025941717 0.661862493 0.271091133 0.698408663
1548265888.865760 -0.050383911 -0.191337317 0.442712188 0.027694294 0.662948191 0.272297561 0.696840584
1548265888.899140 -0.044926800 -0.197155684 0.474929452 0.024619132 0.672238708 0.272803754 0.687798798
1548265888.932500 -0.017542513 -0.226573765 0.476142704 0.021216135 0.678119481 0.282659143 0.678091228
1548265888.966010 -0.014695034 -0.185514823 0.472091436 0.027270367 0.681165516 0.282946706 0.674693286
1548265888.999530 -0.018295020 -0.216827154 0.524794757 0.022724949 0.693954051 0.285623044 0.660553396
1548265889.033040 -0.002554172 -0.218232870 0.514426529 0.021919342 0.699424624 0.291360140 0.652253032
1548265889.066720 -0.003083304 -0.190141737 0.525301754 0.025462814 0.707021236 0.291579276 0.643781066
1548265889.100280 -0.018654041 -0.169057205 0.526346087 0.026501056 0.715390265 0.292532265 0.633986831
1548265889.133880 0.009777047 -0.193347797 0.553675115 0.025410976 0.725750029 0.300399333 0.618386149
1548265889.167490 0.019114908 -0.174543291 0.504762828 0.028077217 0.724616170 0.303802997 0.617937565
1548265889.200830 0.011235642 -0.168035388 0.495336771 0.029080996 0.728541791 0.304148287 0.613086462
1548265889.234310 0.037350945 -0.194164589 0.502001524 0.029635172 0.733858585 0.310404539 0.603508353
1548265889.267630 0.052354995 -0.206068948 0.524576843 0.030421533 0.741273999 0.310520381 0.594276309
1548265889.301080 0.067394212 -0.233488783 0.530274153 0.028028406 0.747799695 0.313150942 0.584761918
1548265889.334590 0.084617987 -0.240172476 0.558319151 0.028965592 0.756062508 0.311460286 0.574911177
1548265889.368180 0.041761659 -0.209834605 0.510878205 0.034496285 0.756060421 0.307744235 0.576607466
1548265889.401890 0.042092934 -0.199405581 0.483872175 0.039160531 0.756659269 0.310449094 0.574068427
1548265889.435440 0.058983691 -0.222833216 0.513847768 0.038719036 0.761379302 0.310956508 0.567545950
1548265889.468960 0.058096368 -0.225285038 0.516636789 0.039220404 0.763396204 0.310696602 0.564938545
1548265889.502470 0.058202110 -0.216259956 0.517019868 0.041324761 0.764305830 0.310950696 0.563416779
1548265889.535990 0.064939715 -0.225382268 0.514654875 0.038831521 0.765159547 0.311579525 0.562086403
1548265889.569470 0.075492598 -0.225557789 0.524040043 0.037326928 0.768093228 0.311952591 0.557965040
1548265889.602790 0.085364029 -0.233545989 0.519345045 0.033143770 0.769286752 0.312135905 0.556480467
1548265889.636240 0.115244217 -0.273136854 0.536433101 0.024582164 0.774284601 0.315895736 0.547803760
1548265889.669650 0.150175124 -0.293301195 0.551770270 0.018137196 0.778765082 0.319132686 0.539768755
1548265889.703150 0.110049956 -0.239766255 0.520381808 0.022354629 0.776239812 0.313438594 0.546542048
1548265889.736660 0.116700031 -0.240513057 0.517460167 0.019283405 0.777781487 0.314055353 0.544107795
1548265889.770170 0.135010645 -0.247781560 0.512650192 0.016769387 0.778549433 0.316772729 0.541511297
1548265889.803680 0.137800872 -0.237147510 0.533897221 0.015558424 0.782461643 0.313950390 0.537537694
1548265889.837200 0.165316626 -0.244698822 0.545982242 0.012663694 0.785840154 0.317036748 0.530831993
1548265889.870680 0.200665593 -0.257584333 0.575421572 0.009197132 0.790496051 0.319652885 0.522353768
1548265889.904200 0.202252671 -0.266008943 0.541143596 0.006622836 0.788514912 0.323696464 0.522896767
1548265889.937710 0.211336702 -0.255376637 0.549656749 0.007032287 0.792006016 0.324085265 0.517345011
1548265889.971260 0.222508818 -0.237912223 0.533684552 0.010426148 0.791289330 0.326373935 0.516945481
1548265890.004790 0.239752993 -0.244693324 0.568102837 0.007471972 0.797846079 0.324690163 0.507899761
1548265890.038340 0.254089892 -0.240732968 0.560061514 0.006800949 0.801677585 0.327181429 0.500219166
1548265890.071860 0.247617945 -0.210122854 0.516667843 0.012363397 0.799541354 0.329102248 0.502267420
1548265890.105380 0.266116798 -0.225537181 0.541081607 0.009699537 0.804731071 0.330733389 0.492878616
1548265890.138920 0.285661459 -0.226194665 0.544509172 0.006918552 0.809004068 0.332422644 0.484726459
1548265890.172490 0.302507520 -0.218017071 0.536339819 0.007261634 0.811844289 0.335059345 0.478112251
1548265890.206090 0.311322778 -0.208266288 0.530513585 0.007721371 0.815495908 0.336796880 0.470611036
1548265890.239610 0.320470273 -0.189913124 0.525935531 0.008037392 0.819953084 0.337071836 0.462595850
1548265890.273280 0.336907238 -0.200638697 0.504126251 0.006104978 0.821336389 0.343286574 0.455547571
1548265890.307030 0.364953339 -0.225826472 0.491515607 0.002820156 0.822990060 0.350942463 0.446675330
1548265890.340580 0.365189761 -0.210725740 0.482486784 0.004177615 0.824891627 0.351956218 0.442338258
1548265890.374130 0.386028856 -0.210081339 0.489523411 0.001517701 0.829430699 0.353560984 0.432477742
1548265890.407670 0.398791373 -0.204980940 0.484758735 0.001806706 0.832798481 0.356486917 0.423509777
1548265890.441260 0.412622780 -0.205320299 0.477057755 0.001372472 0.835323215 0.359443784 0.415972829
1548265890.474700 0.429216236 -0.210046515 0.460239798 0.000085307 0.836352110 0.364201099 0.409722716
1548265890.508220 0.432411194 -0.199905381 0.453254521 0.001035944 0.838545263 0.366096884 0.403502017
1548265890.541740 0.443201393 -0.206582606 0.451681644 -0.000267803 0.840809822 0.370019764 0.395125508
1548265890.575280 0.446528077 -0.195157066 0.443758190 -0.002503103 0.843357444 0.370577425 0.389119893
1548265890.608840 0.458227932 -0.185512275 0.435211658 -0.001095825 0.845905006 0.374609351 0.379620045
1548265890.642360 0.470671058 -0.183851972 0.435226649 -0.003032124 0.848377943 0.375826985 0.372826636
1548265890.675870 0.463819981 -0.173235953 0.401448250 -0.005327896 0.848466814 0.377820730 0.370576799
1548265890.709400 0.526334047 -0.213636115 0.385063201 -0.015389318 0.850244284 0.389498502 0.353749424
1548265890.742920 0.534802020 -0.207718551 0.383061796 -0.017577145 0.853798687 0.391278207 0.342958063
1548265890.776420 0.536491096 -0.203896746 0.379250824 -0.018924074 0.856953323 0.393897235 0.331840008
1548265890.809910 0.548094392 -0.198072731 0.367038906 -0.021396138 0.860087454 0.397808582 0.318653554
1548265890.843410 0.555012524 -0.188817129 0.366851330 -0.022372775 0.863206089 0.399709523 0.307582617
1548265890.876930 0.575512946 -0.185368657 0.351316541 -0.025164548 0.864544272 0.404221505 0.297548145
1548265890.910430 0.584268987 -0.179910347 0.352322310 -0.024401385 0.867580473 0.407386869 0.284155905
1548265890.943930 0.588188589 -0.171457127 0.342393965 -0.022745585 0.869529963 0.410249054 0.274036467
1548265890.977410 0.591775835 -0.159467325 0.341271043 -0.018828744 0.871844292 0.412144750 0.263950139
1548265891.010920 0.608365119 -0.166755661 0.324630022 -0.020235423 0.872849405 0.416178167 0.254008234
1548265891.044310 0.594757617 -0.145286724 0.316301048 -0.012918302 0.874412894 0.417654365 0.246576548
1548265891.077790 0.624984324 -0.160519943 0.314588964 -0.014395605 0.875280142 0.422375083 0.235110015
1548265891.111210 0.617318094 -0.152109489 0.309000760 -0.013019123 0.876318276 0.422562957 0.230948836
1548265891.144720 0.629452050 -0.146942586 0.309458822 -0.009911836 0.876872003 0.423985928 0.226347432
1548265891.178180 0.631629884 -0.160753518 0.283705056 -0.014706392 0.875358582 0.426519275 0.227183640
1548265891.211530 0.641603529 -0.149790376 0.294801325 -0.013874564 0.878149211 0.425301522 0.218586445
1548265891.245000 0.654522121 -0.144750699 0.295856416 -0.012109341 0.879354179 0.424728513 0.214930952
1548265891.278480 0.658146679 -0.153549582 0.279820740 -0.016249280 0.879331946 0.425318420 0.213577971
1548265891.312000 0.666085839 -0.139408275 0.283424377 -0.012575857 0.880872011 0.425750792 0.206500992
1548265891.345540 0.669035316 -0.145961732 0.274109095 -0.014141747 0.880647838 0.426362544 0.206092969
1548265891.379110 0.669600606 -0.139264688 0.267976582 -0.015373741 0.881915390 0.426419795 0.200387195
1548265891.412580 0.681062520 -0.129843295 0.273572445 -0.011256260 0.883318245 0.427299976 0.192449823
1548265891.446060 0.687290609 -0.132164344 0.258125126 -0.013333848 0.882953048 0.427941054 0.192568511
1548265891.479570 0.683072865 -0.128768384 0.249986634 -0.012313074 0.883277297 0.429490447 0.187636778
1548265891.513080 0.688740611 -0.121970497 0.251069069 -0.009679766 0.883663297 0.430438012 0.183762372
1548265891.546610 0.697980165 -0.114728428 0.247311965 -0.010501487 0.883687913 0.431198657 0.181805044
1548265891.580130 0.702963054 -0.110559016 0.234491706 -0.012528611 0.883470356 0.433783352 0.176508188
1548265891.613670 0.696464002 -0.090316720 0.259045452 -0.002399173 0.884906232 0.433714807 0.169784307
1548265891.647190 0.706345260 -0.084794305 0.242223009 -0.001723925 0.882832885 0.435772777 0.175229013
1548265891.680700 0.723981977 -0.087513275 0.228341445 -0.004796062 0.881682277 0.438259155 0.174763441
1548265891.714190 0.713988185 -0.075706787 0.234123796 0.002386488 0.881024361 0.438210100 0.178219691
1548265891.747690 0.738147855 -0.065772608 0.228812173 0.000595189 0.880328596 0.437690794 0.182887867
1548265891.781220 0.751228333 -0.059620939 0.216323659 -0.000199730 0.878901184 0.439313978 0.185838208
1548265891.814810 0.747786462 -0.044636454 0.223423824 0.006304236 0.877883375 0.438743472 0.191794634
1548265891.848320 0.768886924 -0.046062723 0.198398650 -0.000053318 0.875251234 0.440378726 0.200004593
1548265891.881840 0.775898278 -0.035958637 0.196001843 0.000431517 0.874498427 0.440115452 0.203839779
1548265891.915370 0.787091315 -0.029542888 0.189710349 -0.001194856 0.873275876 0.440725029 0.207724035
1548265891.948950 0.792350411 -0.027860900 0.171852991 -0.004227347 0.870947599 0.442122340 0.214383468
1548265891.982480 0.807082117 -0.021182418 0.160504550 -0.008429836 0.870032609 0.442663521 0.216843724
1548265892.016020 0.820122898 -0.011420894 0.153479025 -0.008760842 0.869248271 0.443294108 0.218680099
1548265892.049560 0.827917099 -0.007780311 0.140019849 -0.013032611 0.868146896 0.442925781 0.223534912
1548265892.083090 0.839573801 -0.000616920 0.133582368 -0.014358191 0.867777467 0.443355083 0.224036574
1548265892.116610 0.851953983 0.005984927 0.121726677 -0.016863067 0.866778612 0.443380684 0.227648869
1548265892.150120 0.858171999 0.009516939 0.111225247 -0.019748693 0.866451800 0.443735868 0.227968782
1548265892.183650 0.864245653 0.020966543 0.108478807 -0.017987674 0.866453052 0.443259209 0.229034543
1548265892.217160 0.873563111 0.022959249 0.093516566 -0.021830637 0.865345895 0.443792731 0.231836006
1548265892.250680 0.880765975 0.036713224 0.093349971 -0.020418433 0.866095364 0.443270326 0.230159432
1548265892.284700 0.884641528 0.045413096 0.084629148 -0.017965721 0.864889979 0.443672359 0.234088570
1548265892.318240 0.900061309 0.046234574 0.072111540 -0.022208132 0.863996506 0.443586022 0.237167224
1548265892.351750 0.893996179 0.058479648 0.072613806 -0.016824435 0.864372075 0.442593932 0.238093317
1548265892.385270 0.906760871 0.066094562 0.070161283 -0.016316460 0.863971710 0.441481501 0.241620943
1548265892.418790 0.905689836 0.067299441 0.054772399 -0.017997874 0.862215340 0.441736430 0.247244224
1548265892.452280 0.924877644 0.075662099 0.053313747 -0.017819162 0.862002432 0.442085445 0.247375816
1548265892.485800 0.923978448 0.078022197 0.041867655 -0.017606914 0.859807789 0.442541748 0.254120648
1548265892.519220 0.927789271 0.085161760 0.039745130 -0.017029418 0.859185219 0.442651838 0.256066561
1548265892.552740 0.930500627 0.094782129 0.035998505 -0.013194785 0.857533097 0.443659365 0.260056138
1548265892.586340 0.933133543 0.094956912 0.022472266 -0.013621807 0.854321361 0.445530385 0.267305285
1548265892.619770 0.942085922 0.099189080 0.018014595 -0.014293615 0.852811098 0.447635919 0.268572181
1548265892.653290 0.936965585 0.114174061 0.023156954 -0.007455644 0.851243019 0.448252767 0.272762209
1548265892.686800 0.944004595 0.112808265 0.006447896 -0.011642891 0.847312927 0.450944901 0.280310333
1548265892.720320 0.945160866 0.117535934 -0.002545786 -0.008719875 0.844600797 0.454657078 0.282595694
1548265892.753840 0.951259315 0.123009294 -0.004926061 -0.008373171 0.841902852 0.456532449 0.287589341
1548265892.787340 0.959456921 0.123142071 -0.016923944 -0.012299380 0.838548183 0.459318310 0.292766809
1548265892.820710 0.967968881 0.136479273 -0.011040377 -0.010922024 0.837727368 0.460005075 0.294090033
1548265892.854220 0.976615131 0.136712685 -0.017211819 -0.012724631 0.834827662 0.461348176 0.300097853
1548265892.887740 0.974995911 0.141781405 -0.022904012 -0.013592130 0.832096219 0.462092757 0.306433499
1548265892.921260 0.985431671 0.154728010 -0.016148353 -0.013022442 0.830848277 0.462060362 0.309873849
1548265892.954790 0.983123064 0.150312737 -0.028411055 -0.016908221 0.825574636 0.464698344 0.319681227
1548265892.988290 0.995789647 0.158646584 -0.027055148 -0.020292163 0.823376179 0.466508418 0.322505474
1548265893.021750 1.001795411 0.171966508 -0.023396760 -0.020370301 0.820032001 0.468039006 0.328743160
1548265893.055180 1.010895491 0.173918694 -0.027407385 -0.025157882 0.815499723 0.470583200 0.335974306
1548265893.088680 1.013523340 0.184812322 -0.019292533 -0.026694316 0.812254369 0.471312672 0.342628986
1548265893.122210 1.007711530 0.186344326 -0.027214738 -0.029341858 0.805783391 0.474642783 0.352939695
1548265893.155710 1.032205820 0.191128418 -0.026573788 -0.036409698 0.802217901 0.477162689 0.356982529
1548265893.189220 1.046237707 0.205619216 -0.001944481 -0.037126590 0.800899565 0.475227922 0.362408429
1548265893.222720 1.046785355 0.208338469 -0.015054544 -0.041057497 0.794030190 0.477130085 0.374402463
1548265893.256230 1.053513527 0.212254375 -0.007107979 -0.044567022 0.791219771 0.478006959 0.378806502
1548265893.289750 1.060341954 0.220246777 0.003846345 -0.042868081 0.787278295 0.477450818 0.387809187
1548265893.323280 1.086331487 0.219569653 -0.003884585 -0.051690321 0.782062531 0.479203463 0.395057380
1548265893.356810 1.088903666 0.222579092 0.002542750 -0.051878907 0.779972017 0.479748458 0.398489237
1548265893.390310 1.073573828 0.234407738 0.022546791 -0.043967001 0.777405262 0.475535005 0.409358561
1548265893.423830 1.090062499 0.230178699 0.010619057 -0.051661804 0.770916939 0.475793809 0.420283675
1548265893.457350 1.089986324 0.235827610 0.017439438 -0.051322963 0.769224524 0.474892735 0.424424857
1548265893.490860 1.094069481 0.234834269 0.026849834 -0.049765594 0.764761329 0.473318428 0.434319228
1548265893.524340 1.115329266 0.233918473 0.029270994 -0.055198394 0.760644376 0.472507864 0.441712081
1548265893.557850 1.114273787 0.236397058 0.040887073 -0.054996084 0.759182334 0.470287144 0.446595639
1548265893.591400 1.112505078 0.240497679 0.052438267 -0.050868068 0.755133569 0.466984212 0.457287103
1548265893.624890 1.127340198 0.238773555 0.058773138 -0.055471268 0.752270877 0.464973062 0.463477612
1548265893.658400 1.114148021 0.234993219 0.064029753 -0.051469736 0.747945607 0.462165594 0.473636180
1548265893.691890 1.130640984 0.231909066 0.075978503 -0.053257149 0.743562579 0.458887815 0.483425587
1548265893.725430 1.135152578 0.232296482 0.079106748 -0.054470088 0.740801692 0.456140727 0.490083218
1548265893.758920 1.121044159 0.231989041 0.083255395 -0.047498967 0.735902786 0.452637166 0.501308858
1548265893.792430 1.135492682 0.230812445 0.094388284 -0.051024821 0.733203590 0.447709799 0.509278953
1548265893.825950 1.136137605 0.226308331 0.106941544 -0.053476200 0.733345211 0.442791104 0.513109267
1548265893.859450 1.131353021 0.223488510 0.114428788 -0.053173203 0.731450975 0.438065529 0.519856393
1548265893.892940 1.129613638 0.221521735 0.119226806 -0.053204376 0.728916824 0.433696300 0.527026653
1548265893.926460 1.134842277 0.213118985 0.122042179 -0.055346008 0.727748752 0.431475163 0.530233681
1548265893.959970 1.144640326 0.203727677 0.127317175 -0.056988731 0.725597322 0.429544538 0.534558058
1548265893.993490 1.149178267 0.198305964 0.131041586 -0.058725845 0.725115836 0.426644415 0.537338674
1548265894.027010 1.144322395 0.191767931 0.137712792 -0.058509219 0.725580752 0.422991723 0.539617717
1548265894.060510 1.142896652 0.187958822 0.140484691 -0.056601610 0.724116743 0.420380145 0.543812156
1548265894.094000 1.140271544 0.183602437 0.146089971 -0.056307375 0.725096405 0.416951448 0.545175314
1548265894.127430 1.141284943 0.176912650 0.148402378 -0.053050764 0.723362029 0.416494668 0.548146963
1548265894.160950 1.134614587 0.173073351 0.148962408 -0.051777765 0.720738173 0.413597554 0.553888679
1548265894.194190 1.136810184 0.166117817 0.151739761 -0.051925942 0.721207201 0.413957655 0.552994549
1548265894.227710 1.135549903 0.161902755 0.152266085 -0.049280588 0.718675733 0.413993597 0.556494296
1548265894.261220 1.141138554 0.154987186 0.154742077 -0.050394416 0.715959549 0.413840413 0.559998631
1548265894.294740 1.141180515 0.150527954 0.161872268 -0.051133204 0.716636717 0.412433386 0.560103416
1548265894.328360 1.132732987 0.154372945 0.162028491 -0.046808634 0.714060009 0.410561204 0.565125465
1548265894.361920 1.135052204 0.148400322 0.167055070 -0.048522685 0.712252676 0.408444524 0.568783522
1548265894.395560 1.140328526 0.139039338 0.171083421 -0.051276233 0.712592483 0.408209205 0.568285048
1548265894.429080 1.138925314 0.136873975 0.165840805 -0.048557267 0.709020436 0.407967985 0.573144257
1548265894.462460 1.136279225 0.132096738 0.170581207 -0.048713923 0.707181931 0.404465169 0.577865541
1548265894.495940 1.142424464 0.125746503 0.175584689 -0.050253205 0.707774520 0.402992308 0.578037143
1548265894.529350 1.139030814 0.123512834 0.171318009 -0.046309289 0.704361141 0.401484072 0.583559155
1548265894.562970 1.144468784 0.112603791 0.175439686 -0.046404686 0.701272428 0.399128437 0.588863313
1548265894.596530 1.142674327 0.106000058 0.186640143 -0.046721891 0.702940822 0.395270467 0.589451015
1548265894.630040 1.144141316 0.098809220 0.174847350 -0.044064339 0.699084222 0.396064520 0.593693972
1548265894.663670 1.145373225 0.090974815 0.178565741 -0.043178838 0.695715427 0.392836213 0.599829495
1548265894.697250 1.144258022 0.087025158 0.182481885 -0.043003656 0.695171416 0.389190793 0.602841556
1548265894.730770 1.145980835 0.079693459 0.174529597 -0.039256424 0.691156030 0.389000803 0.607816219
1548265894.764280 1.141471982 0.077092074 0.182489067 -0.037493583 0.688411176 0.383112133 0.614743352
1548265894.797780 1.140236855 0.070514135 0.191075921 -0.038552348 0.690207243 0.378645569 0.615430951
1548265894.831250 1.151978374 0.056463864 0.177970633 -0.035728686 0.685800731 0.381131053 0.618982971
1548265894.864670 1.148493290 0.057043046 0.180323571 -0.033679128 0.682952464 0.375557810 0.625618100
1548265894.898180 1.144498825 0.048290797 0.194961399 -0.033018392 0.685419142 0.370372683 0.626046717
1548265894.931800 1.152143359 0.043937664 0.181441054 -0.028688807 0.681620240 0.370926142 0.630067170
1548265894.965360 1.148003221 0.038465846 0.185590521 -0.024692046 0.678114712 0.366072983 0.636821270
1548265894.998900 1.147339702 0.029621489 0.191797718 -0.023893211 0.678590775 0.362924814 0.638145149
1548265895.032410 1.144959807 0.035501175 0.179154560 -0.017567083 0.674525321 0.361471772 0.643463433
1548265895.065910 1.152916431 0.020826614 0.176932544 -0.015705295 0.668958604 0.360906899 0.649610579
1548265895.099380 1.138177156 0.022415007 0.203524783 -0.015824553 0.672620296 0.352249324 0.650578141
1548265895.132890 1.152450323 0.012625356 0.186607614 -0.014405525 0.668612301 0.356882870 0.652215183
1548265895.166460 1.157147288 0.011829101 0.179769680 -0.011558092 0.662643135 0.356162220 0.658725202
1548265895.199970 1.161145091 -0.005526031 0.211791724 -0.015553515 0.665628493 0.352393895 0.657658994
1548265895.233600 1.161211252 0.001161929 0.195423290 -0.011423852 0.661104679 0.352624297 0.662167788
1548265895.267120 1.169221640 0.005800647 0.170945406 -0.004341838 0.651640952 0.354589164 0.670530975
1548265895.300640 1.172119498 -0.005459711 0.193943068 -0.004573287 0.650587559 0.347985834 0.674996853
1548265895.334150 1.175133944 -0.008108327 0.197811604 -0.001289916 0.651172698 0.344682753 0.676140666
1548265895.367700 1.168078303 0.000620113 0.176446706 0.008063485 0.645323992 0.340878040 0.683589160
1548265895.401220 1.169747591 -0.010237406 0.191001713 0.012464158 0.644467115 0.335075647 0.687190771
1548265895.434700 1.171688318 -0.027912470 0.200597569 0.014571247 0.646165967 0.330913037 0.687570930
1548265895.467870 1.162287951 -0.013801212 0.176589534 0.024431597 0.639372289 0.324444503 0.696664870
1548265895.501390 1.173877478 -0.047762107 0.197300822 0.022977209 0.639806628 0.319438130 0.698626399
1548265895.534900 1.175138712 -0.067530774 0.202011883 0.023893075 0.640153766 0.315628558 0.700007796
1548265895.568420 1.170210361 -0.063451521 0.190823168 0.028248714 0.635368228 0.309473127 0.706919789
1548265895.601970 1.170598745 -0.076991022 0.193138406 0.029662957 0.631888926 0.304494977 0.712123096
1548265895.635440 1.182095289 -0.100088656 0.204513118 0.027341703 0.631307483 0.301787257 0.713882208
1548265895.668930 1.189415216 -0.114470601 0.211094752 0.027096622 0.631234646 0.299786627 0.714798272
1548265895.702450 1.188720942 -0.121766411 0.208717167 0.028818216 0.629583538 0.296898305 0.717387915
1548265895.735960 1.189684749 -0.130640015 0.205788806 0.031454187 0.626521528 0.295890987 0.720367908
1548265895.769480 1.193230391 -0.142163411 0.211140066 0.032061845 0.625414789 0.295499742 0.721462607
1548265895.803020 1.193382978 -0.142494798 0.211745992 0.037375145 0.622560918 0.294099867 0.724241912
1548265895.836560 1.197661519 -0.150606766 0.204944491 0.040179208 0.616933763 0.294125378 0.728881776
1548265895.870050 1.200245738 -0.161762863 0.207366481 0.040902711 0.614369810 0.293074101 0.731426179
1548265895.903560 1.201157570 -0.165938064 0.205126658 0.043881923 0.611299336 0.292478234 0.734059930
1548265895.937080 1.205581665 -0.173976049 0.197714686 0.045900337 0.604583681 0.292580396 0.739437938
1548265895.970620 1.210872650 -0.179516107 0.204937026 0.048480228 0.601417243 0.292198777 0.742001951
1548265896.004140 1.209417462 -0.192685917 0.190794244 0.048358351 0.591622651 0.292767763 0.749620676
1548265896.037650 1.215763450 -0.203933835 0.194959894 0.048608039 0.584734976 0.291814059 0.755358696
1548265896.071170 1.218983293 -0.210388348 0.195869163 0.047286622 0.579468906 0.289537847 0.760360181
1548265896.104690 1.227266192 -0.209469557 0.191641450 0.049471918 0.569816887 0.287215441 0.768354416
1548265896.138210 1.230821967 -0.217389539 0.195863843 0.049406551 0.560940564 0.283655196 0.776172936
1548265896.171800 1.247825265 -0.234418809 0.188133135 0.043915737 0.548978686 0.281980276 0.785608649
1548265896.205310 1.255060315 -0.232720017 0.189805895 0.043090004 0.538782001 0.275242865 0.795046329
1548265896.238830 1.264333606 -0.254298776 0.213851109 0.039252713 0.534387231 0.272816151 0.799037457
1548265896.272350 1.265409470 -0.244880602 0.199263915 0.039079770 0.518824041 0.262554109 0.812625229
1548265896.306000 1.275380969 -0.266955495 0.220943168 0.031815186 0.515085042 0.258627832 0.816570163
1548265896.339380 1.273524642 -0.270148456 0.233632073 0.028152291 0.509432495 0.250167698 0.822862148
1548265896.372900 1.277724504 -0.271676928 0.243653655 0.023854701 0.502843320 0.241578430 0.829589844
1548265896.406410 1.278503418 -0.276068062 0.251473814 0.021192292 0.495477557 0.234666899 0.836052835
1548265896.439920 1.260910988 -0.289896697 0.271396071 0.017738819 0.492362052 0.230660379 0.839083254
1548265896.473440 1.283144474 -0.284222722 0.276071668 0.014117547 0.483915120 0.222860023 0.846144319
1548265896.506960 1.294123173 -0.288409680 0.274975389 0.010588406 0.474983305 0.219837040 0.852027237
1548265896.540470 1.283319473 -0.288881600 0.290449858 0.007750100 0.468437731 0.213168770 0.857359409
1548265896.573990 1.260887265 -0.272979021 0.306512386 0.005703728 0.466608375 0.201562971 0.861171544
1548265896.607390 1.267237067 -0.287744761 0.314797103 -0.000582122 0.460465431 0.203667894 0.863996923
1548265896.640900 1.271889329 -0.282828242 0.317523152 -0.003818479 0.451322407 0.199727684 0.869713962
1548265896.674410 1.251245022 -0.277462691 0.332462758 -0.006665702 0.447515070 0.194366738 0.872873068
1548265896.707930 1.257455707 -0.276762128 0.339963317 -0.011162855 0.440724760 0.191622570 0.876879573
1548265896.741440 1.267739177 -0.277588993 0.349326968 -0.015482129 0.433474839 0.190153569 0.880739152
1548265896.774970 1.270427585 -0.274605721 0.352269143 -0.018203137 0.426757246 0.188236356 0.884372056
1548265896.808290 1.252071142 -0.261491925 0.366284639 -0.018871004 0.425084412 0.182997301 0.886261284
1548265896.841960 1.264956594 -0.268764883 0.367630213 -0.022647012 0.418119818 0.183919415 0.889289916
1548265896.875480 1.269957900 -0.257862210 0.375984490 -0.023820234 0.411616325 0.178927571 0.893302619
1548265896.908990 1.270569086 -0.256851673 0.384782404 -0.025909739 0.407636017 0.176853225 0.895480037
1548265896.942440 1.268855691 -0.261318147 0.382440418 -0.027770394 0.401594847 0.178007185 0.897921920
1548265896.975870 1.284030199 -0.242605701 0.383776397 -0.028111944 0.394225329 0.171460807 0.902439654
1548265897.009390 1.262618065 -0.249111265 0.397046953 -0.030207051 0.395189643 0.171050310 0.902027965
1548265897.042990 1.261338711 -0.252555162 0.396440238 -0.032224517 0.389955759 0.170117348 0.904409289
1548265897.076510 1.253505588 -0.238288388 0.408635587 -0.031829976 0.387468755 0.165142447 0.906412005
1548265897.110030 1.253878951 -0.239744931 0.411997139 -0.033775181 0.384638071 0.164001003 0.907753527
1548265897.143540 1.262753606 -0.237888440 0.412082553 -0.035050239 0.379200310 0.163061112 0.910159111
1548265897.177060 1.254115105 -0.235111684 0.422429025 -0.035798207 0.378375053 0.160333291 0.910957754
1548265897.210570 1.248998404 -0.232234210 0.427523077 -0.037050392 0.377140313 0.159375414 0.911587596
1548265897.244020 1.250264168 -0.232251361 0.430146217 -0.039333794 0.374441773 0.158405945 0.912772596
1548265897.277540 1.248969674 -0.227290750 0.434341878 -0.039933003 0.372294754 0.157940134 0.913705051
1548265897.311050 1.249696374 -0.223669618 0.435100108 -0.041288547 0.369239300 0.157120556 0.915024996
1548265897.344550 1.246471405 -0.215548560 0.439856708 -0.042096753 0.368068218 0.156060174 0.915641248
1548265897.377990 1.242483020 -0.215877235 0.447433889 -0.044230748 0.367147565 0.155645519 0.915980756
1548265897.411500 1.247874498 -0.218634278 0.446210682 -0.046661142 0.363389224 0.155291349 0.917417884
1548265897.445020 1.254012823 -0.216854766 0.446399897 -0.047510494 0.359732807 0.154680520 0.918917298
1548265897.478530 1.248453259 -0.215193331 0.449006647 -0.047681194 0.358432263 0.153796881 0.919564784
1548265897.512050 1.243712187 -0.217902377 0.450099915 -0.048354950 0.355890989 0.154833645 0.920342326
1548265897.545570 1.239048481 -0.215253428 0.453123927 -0.047965050 0.350560069 0.152920499 0.922725499
1548265897.579080 1.235637307 -0.213689089 0.456622809 -0.048563749 0.347180545 0.151457861 0.924211979
1548265897.612600 1.234603763 -0.212922171 0.458236754 -0.049029149 0.342835516 0.152323112 0.925666034
1548265897.646100 1.228769064 -0.209262416 0.460347295 -0.049496956 0.337430686 0.149533525 0.928078830
1548265897.679600 1.232988477 -0.210503057 0.461138457 -0.051238619 0.332297862 0.148632735 0.929979026
1548265897.713120 1.230459571 -0.221982539 0.458438098 -0.053922690 0.327799082 0.149433315 0.931294680
1548265897.746640 1.210163236 -0.197752655 0.466625124 -0.049491774 0.322137862 0.146191686 0.934026599
1548265897.780160 1.218887925 -0.201179609 0.463455498 -0.051337555 0.313725024 0.143566146 0.937192559
1548265897.813760 1.212373614 -0.198557302 0.465882719 -0.051240910 0.309349269 0.143050358 0.938730001
1548265897.847450 1.199223876 -0.198720366 0.468727142 -0.051144794 0.302049965 0.140748397 0.941456258
1548265897.880960 1.213352919 -0.196801424 0.472081989 -0.052191630 0.292692184 0.137476444 0.944832027
1548265897.914480 1.207890511 -0.192350492 0.471942484 -0.052927211 0.289400667 0.134988397 0.946162820
1548265897.948000 1.188047886 -0.194276348 0.472253084 -0.054175258 0.285035402 0.132862240 0.947717011
1548265897.981670 1.188155532 -0.188951850 0.488178670 -0.055094939 0.278126687 0.127768576 0.950413227
1548265898.015030 1.182984233 -0.193667039 0.492830217 -0.057438202 0.274189323 0.126605749 0.951573431
1548265898.048540 1.178911090 -0.189111143 0.489813507 -0.059057903 0.268236637 0.123530693 0.953572989
1548265898.082030 1.183478594 -0.179864794 0.484954774 -0.059444096 0.260452896 0.121141896 0.956010103
1548265898.115480 1.166418552 -0.176367104 0.497137964 -0.061066698 0.261057019 0.118387580 0.956088066
1548265898.149000 1.158634782 -0.182383224 0.504951119 -0.063701458 0.256568313 0.118052393 0.957172096
1548265898.182520 1.140954852 -0.176566765 0.519186795 -0.063192226 0.250879556 0.114072464 0.959194243
1548265898.216030 1.140259862 -0.179545209 0.518852949 -0.064786173 0.245489314 0.109834433 0.960975647
1548265898.249230 1.121087909 -0.182109654 0.531666160 -0.065072834 0.244015262 0.106676169 0.961687207
1548265898.282750 1.124059081 -0.185243875 0.527580559 -0.065346852 0.235049859 0.102220558 0.964381814
1548265898.316260 1.105146050 -0.185919061 0.530920029 -0.064570770 0.229419753 0.098293617 0.966196418
1548265898.349780 1.104015470 -0.186210021 0.539379060 -0.063367598 0.220122293 0.092113756 0.969043732
1548265898.383300 1.109440923 -0.192414850 0.532237649 -0.064456388 0.214953348 0.089038767 0.970418751
1548265898.416810 1.091490388 -0.187988594 0.531833529 -0.063100159 0.210740343 0.085568905 0.971743226
1548265898.450300 1.085603476 -0.188390881 0.535046160 -0.063657887 0.203110203 0.081287906 0.973697186
1548265898.483760 1.077993989 -0.182693496 0.534186721 -0.064611010 0.198276430 0.078427784 0.974864602
1548265898.517280 1.064689517 -0.188269511 0.547259390 -0.069298349 0.194818616 0.076796286 0.975369513
1548265898.550790 1.054990649 -0.189766735 0.557372093 -0.074382246 0.190146834 0.076867349 0.975911319
1548265898.584310 1.059050202 -0.194983482 0.557757378 -0.081424154 0.181201831 0.074054413 0.977267563
1548265898.617910 1.048367143 -0.200110376 0.564931095 -0.087300278 0.177425548 0.072467007 0.977572203
1548265898.651420 1.054466367 -0.209185123 0.568627059 -0.093966670 0.166947588 0.069909580 0.978984892
1548265898.684960 1.047460556 -0.205980688 0.573704243 -0.096971072 0.166866288 0.068994455 0.978770673
1548265898.718670 1.042916298 -0.210404217 0.584423721 -0.100612432 0.162959918 0.069469102 0.979027689
1548265898.752330 1.041825652 -0.211170405 0.589647651 -0.103180714 0.156681702 0.067305967 0.979935944
1548265898.785730 1.031216741 -0.213649839 0.598282635 -0.104853421 0.156359255 0.066583291 0.979859293
1548265898.819220 1.027897835 -0.215242654 0.606703579 -0.105785556 0.151973382 0.065524727 0.980520248
1548265898.852680 1.023946524 -0.226923615 0.609142184 -0.107708804 0.146087781 0.062160727 0.981424093
1548265898.886190 1.026294589 -0.226963177 0.608064294 -0.105931759 0.142759070 0.060857862 0.982188702
1548265898.919610 1.021420002 -0.220839173 0.605596125 -0.102039777 0.138054624 0.059262760 0.983370066
1548265898.953120 1.015862226 -0.234168291 0.608800650 -0.100655578 0.130702913 0.056702726 0.984667420
1548265898.986740 1.001061559 -0.224595815 0.609895647 -0.094433330 0.131415501 0.053518862 0.985366940
1548265899.020320 1.005524635 -0.228105187 0.604736269 -0.090353839 0.126643911 0.052033372 0.986453235
1548265899.053860 0.999290884 -0.232283905 0.604549408 -0.085895747 0.121150777 0.048008941 0.987744689
1548265899.087370 0.994581699 -0.231792137 0.602537692 -0.080644540 0.118315950 0.043423921 0.988742709
1548265899.120890 0.987733483 -0.227650568 0.597750545 -0.074376598 0.116375566 0.039855503 0.989614248
1548265899.154430 0.976816118 -0.234979153 0.594583392 -0.070532344 0.113216676 0.036022630 0.990408778
1548265899.188040 0.974052906 -0.235521704 0.596094668 -0.065719023 0.109431058 0.029942088 0.991367400
1548265899.221550 0.969824612 -0.238877356 0.592136025 -0.061552599 0.110240690 0.026486827 0.991643429
1548265899.255070 0.956729472 -0.238554478 0.579355180 -0.057281364 0.107957162 0.024628814 0.992198288
1548265899.288680 0.953119278 -0.225555643 0.577131093 -0.051022373 0.101739623 0.019666946 0.993307114
1548265899.322260 0.940368414 -0.233507335 0.573649764 -0.049739491 0.100409530 0.018116236 0.993536949
1548265899.355980 0.941251278 -0.231365785 0.572915852 -0.047483560 0.094451226 0.014045668 0.994297206
1548265899.389500 0.929732859 -0.241552919 0.569842219 -0.048138253 0.090605713 0.011926653 0.994651198
1548265899.423020 0.924058437 -0.236574173 0.566049874 -0.046183612 0.088364743 0.009599408 0.994970620
1548265899.456530 0.908157945 -0.244417593 0.558783233 -0.047181796 0.086745694 0.009560271 0.995066702
1548265899.490050 0.909585357 -0.244450882 0.556838989 -0.047078844 0.077887461 0.006157982 0.995830894
1548265899.523570 0.910075366 -0.248658597 0.557771504 -0.048062589 0.073559299 0.003410825 0.996126175
1548265899.557080 0.897569478 -0.246145591 0.556185722 -0.047332078 0.071624920 0.001738353 0.996306419
1548265899.590600 0.900269508 -0.244631648 0.555810630 -0.046639260 0.065426484 -0.001077913 0.996766269
1548265899.624110 0.902235508 -0.246178761 0.552545726 -0.046355374 0.062075969 -0.003691932 0.996987522
1548265899.657630 0.885560811 -0.240189329 0.556298018 -0.044478945 0.062487014 -0.006889447 0.997030377
1548265899.691140 0.877887011 -0.238181323 0.554047525 -0.043583062 0.060759034 -0.010210272 0.997148216
1548265899.724660 0.873559058 -0.237986013 0.552658200 -0.043493979 0.058589187 -0.013781290 0.997239053
1548265899.758200 0.866990328 -0.237441376 0.551659942 -0.043424502 0.055542536 -0.017118063 0.997364700
1548265899.791710 0.865913212 -0.233190864 0.550144672 -0.042515382 0.052405242 -0.021573395 0.997487187
1548265899.825230 0.858588815 -0.233203202 0.551883101 -0.042318393 0.051365584 -0.023753021 0.997500122
1548265899.858740 0.857258916 -0.236052588 0.551316082 -0.043011110 0.048039276 -0.026113639 0.997577250
1548265899.892260 0.849353611 -0.226652607 0.549971759 -0.041601762 0.046654530 -0.029355522 0.997612596
1548265899.925780 0.844095528 -0.221435234 0.550392330 -0.041271459 0.045813140 -0.030993303 0.997615755
1548265899.959310 0.843317330 -0.229137778 0.548599005 -0.044375356 0.041858181 -0.032209806 0.997617781
1548265899.992880 0.840582490 -0.220516443 0.548653901 -0.044996049 0.039411295 -0.036743622 0.997532964
1548265900.026390 0.835917056 -0.223574162 0.552332640 -0.048335783 0.037604019 -0.039075755 0.997357845
1548265900.059910 0.830242634 -0.218351245 0.551926553 -0.050371096 0.034516577 -0.043917701 0.997167289
1548265900.093510 0.826950967 -0.213825226 0.556065917 -0.052267674 0.032109305 -0.048382949 0.996943414
1548265900.127030 0.820811212 -0.204681605 0.557980716 -0.052772950 0.031172458 -0.052484177 0.996739030
1548265900.160500 0.814702451 -0.209241152 0.560848296 -0.055487592 0.030839633 -0.055726860 0.996425927
1548265900.194060 0.815039098 -0.211943805 0.560419738 -0.056735359 0.028333399 -0.056964751 0.996360064
1548265900.227530 0.819961429 -0.208143413 0.562617838 -0.056430135 0.025765734 -0.059842575 0.996278405
1548265900.261040 0.812465131 -0.199191049 0.561502755 -0.054380119 0.027425475 -0.060538184 0.996306062
1548265900.294560 0.804674566 -0.208190307 0.561696768 -0.055400878 0.028016379 -0.060361914 0.996244073
1548265900.328090 0.804592252 -0.201333374 0.560905933 -0.052812260 0.028804202 -0.060884383 0.996330380
1548265900.361720 0.805462837 -0.205594629 0.558701158 -0.051893275 0.029035429 -0.060866252 0.996373057
1548265900.395240 0.804660499 -0.206245214 0.557104170 -0.050609492 0.029197784 -0.061802194 0.996376753
1548265900.428750 0.809189558 -0.205333814 0.556802332 -0.048566990 0.029219659 -0.062381528 0.996441662
1548265900.462150 0.805008709 -0.203182504 0.554826558 -0.046530582 0.030513449 -0.063346565 0.996439219
1548265900.495660 0.802155256 -0.207343295 0.554122031 -0.046150468 0.030832725 -0.063592046 0.996431410
1548265900.529170 0.797571361 -0.199241653 0.550909162 -0.043285292 0.031376284 -0.065133810 0.996443450
1548265900.562690 0.797990978 -0.208356008 0.549326241 -0.043966614 0.031082086 -0.064224519 0.996481836
1548265900.596200 0.800314009 -0.198325366 0.547252715 -0.041090991 0.029123636 -0.064619802 0.996638179
1548265900.629720 0.799581587 -0.196247876 0.546426117 -0.040075883 0.030012218 -0.065973997 0.996564388
1548265900.663230 0.797392130 -0.204146773 0.544770181 -0.041185856 0.030250456 -0.064258806 0.996623993
1548265900.696750 0.799037516 -0.199249968 0.541945696 -0.040047012 0.028598504 -0.066352636 0.996581972
1548265900.730270 0.796548307 -0.196269512 0.543229640 -0.039471764 0.029386392 -0.067297831 0.996518672
1548265900.763720 0.797894001 -0.196761250 0.542010427 -0.039548997 0.028667716 -0.067361176 0.996532202
1548265900.796880 0.795238078 -0.192714632 0.543031633 -0.038922854 0.028963277 -0.068795457 0.996450365
1548265900.830110 0.796783566 -0.199855044 0.541315436 -0.040491723 0.028249947 -0.068602584 0.996421635
1548265900.863620 0.796370924 -0.194936126 0.542343795 -0.039678581 0.028797243 -0.069073588 0.996406138
1548265900.897140 0.794152558 -0.197645366 0.542307317 -0.040256403 0.028264159 -0.068545915 0.996434629
1548265900.930650 0.798549056 -0.194389910 0.540693700 -0.039333880 0.027243249 -0.069574386 0.996428668
1548265900.964170 0.797391176 -0.193887889 0.541712582 -0.039120667 0.028510613 -0.068982229 0.996442735
1548265900.997830 0.795632124 -0.198193252 0.541478693 -0.040166833 0.028089566 -0.068522073 0.996444821
1548265901.031360 0.794488430 -0.193729877 0.541280746 -0.039542876 0.028609369 -0.069352791 0.996397555
1548265901.064950 0.792960525 -0.193958521 0.540833414 -0.039994724 0.029191945 -0.068565384 0.996417105
1548265901.098530 0.792284191 -0.192579776 0.540310264 -0.040557679 0.028957393 -0.068270303 0.996421456
1548265901.132110 0.792193770 -0.195180878 0.541015387 -0.042156912 0.027821446 -0.067775384 0.996421218
1548265901.165500 0.794666708 -0.184798464 0.542110860 -0.041171886 0.026611436 -0.068494603 0.996446252
1548265901.199020 0.790867329 -0.191009760 0.542739570 -0.043665245 0.026828270 -0.067445897 0.996405840
1548265901.232660 0.794991136 -0.193288282 0.543215632 -0.045256224 0.024665749 -0.067368045 0.996396005
1548265901.266190 0.797959268 -0.182420120 0.545011878 -0.044508651 0.024612498 -0.068550162 0.996350408
1548265901.299730 0.793788195 -0.184844762 0.546149135 -0.046082243 0.025713913 -0.068050526 0.996285260
1548265901.333310 0.798439264 -0.188827932 0.546948969 -0.047595765 0.024156477 -0.069137499 0.996178269
1548265901.366830 0.795141041 -0.186214298 0.546228766 -0.047853742 0.025849383 -0.069276281 0.996113777
1548265901.400280 0.796808243 -0.184887275 0.547625780 -0.048428014 0.025106488 -0.069105297 0.996116877
1548265901.433860 0.797607958 -0.186452195 0.549096942 -0.049446322 0.025271716 -0.070339076 0.995976329
1548265901.467480 0.798491657 -0.186580941 0.549202502 -0.049763773 0.025692917 -0.070239216 0.995956779
1548265901.501120 0.800556481 -0.186125740 0.550116837 -0.050006289 0.025688792 -0.071112104 0.995882809
1548265901.534660 0.800582349 -0.186243549 0.551819742 -0.050327629 0.026528431 -0.070733301 0.995871544
1548265901.568360 0.799090624 -0.185850665 0.552378297 -0.050608058 0.026339088 -0.070706069 0.995864332
1548265901.601880 0.795634031 -0.184567764 0.552304864 -0.050570864 0.027057344 -0.071209729 0.995811045
1548265901.635400 0.802623272 -0.190434545 0.553896844 -0.051624302 0.025158273 -0.069932379 0.995897293
1548265901.668910 0.803358853 -0.191389024 0.551721632 -0.051384002 0.025463970 -0.070039779 0.995894432
1548265901.702430 0.803957820 -0.191768020 0.553918481 -0.050903078 0.026348805 -0.068042539 0.996034563
1548265901.735940 0.807763636 -0.193344086 0.553040028 -0.050499320 0.026136389 -0.066639327 0.996155560
1548265901.769460 0.808396637 -0.189911544 0.554327011 -0.049168602 0.027053963 -0.065581746 0.996267796
1548265901.802970 0.813211977 -0.190523282 0.552793860 -0.048575837 0.027648753 -0.063911766 0.996389091
1548265901.836380 0.809327066 -0.191060200 0.551653624 -0.048592068 0.029206401 -0.061959833 0.996467113
1548265901.869840 0.816124380 -0.193647295 0.551754296 -0.049124710 0.027726676 -0.061263017 0.996526361
1548265901.903350 0.817755163 -0.189969152 0.552078664 -0.048294421 0.028954674 -0.060419239 0.996583521
