0.000000 0.0000000 0.0000000 0.0000000 0.0000000 0.0000000 0.0000000 1.0000000
0.103992 -0.0075486 -0.0209484 0.8832055 -0.0008223 0.0000769 -0.0012264 0.9999989
0.207866 -0.0198735 -0.0396726 1.7580905 -0.0010417 0.0002328 -0.0026579 0.9999959
0.623604 0.0084758 -0.0890359 5.1086712 -0.0008117 0.0001596 -0.0044754 0.9999896
1.247351 0.0067806 -0.1565698 9.3806887 -0.0058176 0.0033767 -0.0049740 0.9999650
1.975354 0.0793661 -0.2246652 12.8825388 -0.0013591 0.0101791 -0.0056178 0.9999315
2.807134 0.1767621 -0.2761759 14.9638071 -0.0009281 0.0192968 -0.0025034 0.9998102
3.638730 0.2453322 -0.3087238 16.2075138 0.0059153 0.0244283 -0.0018263 0.9996824
4.574104 0.2364729 -0.3461787 17.5242004 0.0107140 0.0005509 -0.0007928 0.9999421
5.611107 -0.1840391 -0.3147155 19.7163906 0.0058542 -0.1322922 -0.0035596 0.9911871
6.751478 -2.9874723 -0.3061428 23.1622353 -0.0133828 -0.3955357 -0.0182288 0.9181722
