1548265158.741470 0.0000000 0.0000000 0.0000000 0.0000000 0.0000000 0.0000000 1.0000000
1548265159.208950 0.0110473 0.0536295 -0.0059261 -0.0205449 0.0055096 -0.0154000 0.9996551
1548265159.242470 0.0211832 0.0560177 -0.0053291 -0.0246786 0.0083239 -0.0154682 0.9995411
1548265159.879650 0.0461268 0.1013094 0.0319304 -0.0631376 0.1037809 0.0049629 0.9925817
1548265160.717470 0.1315453 -0.0102967 -0.0154488 0.0266414 0.1724669 0.0526592 0.9832458
1548265161.722380 0.1900914 0.0212295 -0.0120491 -0.0023129 0.2898418 0.0954718 0.9522980
1548265165.073830 0.3406649 -0.0210780 0.0150066 -0.0419259 0.3859140 0.1477689 0.9096576
1548265166.447880 0.3392502 -0.0677188 -0.0216918 0.0070165 0.4626332 0.1577232 0.8723788
1548265166.884220 0.3191178 -0.0718983 -0.0238032 0.0294638 0.4760028 0.1558339 0.8650255
1548265167.051760 0.4317124 -0.0512252 -0.2064909 0.0310709 0.4432584 0.1585579 0.8817120
1548265167.252660 0.6003264 -0.0522428 -0.3354216 0.0099648 0.4015571 0.1454898 0.9041489
1548265167.386700 0.7322246 -0.1537240 -0.4420395 -0.0294078 0.3634442 0.1542388 0.9182885
1548265167.755420 0.4230645 0.1522928 -0.2427131 -0.0014338 0.4020973 0.1297750 0.9063522
1548265167.956520 0.5646325 -0.0466056 -0.3750131 -0.0420115 0.3611177 0.1546106 0.9186537
1548265168.593420 0.5747122 -0.0205889 -0.3638888 -0.0932187 0.3100176 0.1508864 0.9340410
1548265169.598610 0.5591995 0.0938463 -0.3168915 -0.1463956 0.2079540 0.1630576 0.9532763
1548265170.570470 0.5569474 0.0134194 -0.3362846 -0.0853081 0.2051579 0.1345451 0.9656761
1548265171.576620 0.6011166 -0.0802006 -0.3810843 -0.0596687 0.2712587 0.1309783 0.9516843
1548265172.581190 0.6720138 -0.1063825 -0.4399433 -0.0317983 0.3712077 0.1531370 0.9152829
1548265173.586810 0.6844299 -0.0354506 -0.4655533 -0.0686884 0.4461683 0.1727949 0.8754185
1548265174.592160 0.6932091 0.0741209 -0.4876129 -0.0844835 0.3016037 0.1422258 0.9389726
1548265175.597660 0.6103875 0.1450948 -0.5387064 -0.0758938 0.1530953 0.1183642 0.9781574
1548265176.603590 0.5414432 0.0897236 -0.6354632 -0.0241700 0.0893576 0.1083307 0.9897957
1548265177.642230 0.4734741 0.1192721 -0.6972330 -0.0315416 0.0373308 0.0672572 0.9965380
1548265178.680880 0.4830804 0.1218690 -0.7143884 -0.0452328 0.0465919 0.0649187 0.9957755
1548265179.687250 0.4607373 0.1575782 -0.7118546 -0.0618474 0.0622625 0.0516115 0.9948038
1548265180.893140 0.4793783 0.1629194 -0.7226237 -0.0536362 0.0811399 0.0660466 0.9930646
1548265181.898790 0.4928208 0.1586273 -0.7141630 -0.0560566 0.0919983 0.0790978 0.9910285
