1341845948.747856 0.0000000 0.0000000 0.0000000 0.0000000 0.0000000 0.0000000 1.0000000
1341845948.879918 0.0033106 -0.0101806 -0.0026481 0.0036110 0.0153973 0.0022475 0.9998724
1341845948.911866 0.0048044 -0.0157018 -0.0020053 -0.0017057 0.0181994 0.0030597 0.9998282
1341845949.047774 0.0121844 -0.0422764 0.0168086 -0.0243103 0.0226361 0.0073024 0.9994215
1341845949.283892 0.0197132 -0.0843078 0.0433798 -0.0377862 0.0417582 0.0171075 0.9982664
1341845949.451907 0.0246918 -0.1127560 0.0660249 -0.0422540 0.0536011 0.0140027 0.9975698
1341845950.055847 0.0111637 -0.1735078 0.1308776 -0.1362059 0.0325017 -0.0035066 0.9901410
1341845950.655770 -0.5786685 -0.1777402 0.5545334 -0.1978460 0.1978902 0.0375923 0.9593139
1341845950.756034 -0.6264228 0.1831416 0.3692292 -0.1368066 0.1894982 -0.0036808 0.9722967
1341845950.853851 -1.1464201 -0.1191553 -2.0634656 -0.1084982 0.0061467 0.1778286 0.9780426
1341845950.885881 -0.6789619 -0.4683665 -3.7563066 -0.1001540 -0.1553106 0.4453928 0.8760554
1341845950.917771 0.2188021 -0.3016212 -5.3540268 -0.0714256 -0.2892103 0.6626118 0.6871691
1341845950.953822 15.8055649 5.3987789 -7.7240806 -0.3397270 -0.4857807 0.7629927 0.2577688
1341845950.985908 22.7802410 19.2335320 -1.5326834 -0.4980812 -0.4941985 0.6727674 -0.2346636
1341845957.821762 23.1111031 17.3394375 -1.9264081 -0.4997255 0.1934044 0.8389949 -0.0946402
1341845957.858271 22.5035744 16.0138206 -1.1781865 -0.4019899 0.5969399 0.6917580 0.0594790
1341845957.890302 22.4860840 16.0303345 -1.1817193 -0.3983637 0.6024224 0.6890029 0.0605686
1341845958.936045 22.3170414 16.0113640 -1.0037196 -0.3513523 0.7103477 0.6052076 0.0753749
1341845959.440061 22.2646675 16.0076103 -0.9262016 -0.3512104 0.7290808 0.5800848 0.0927036
1341845959.707824 22.2589817 16.0204983 -0.8870506 -0.3429837 0.7480212 0.5598275 0.0970549
1341845959.975710 22.2104969 16.0245266 -0.8292701 -0.3253550 0.7688258 0.5423655 0.0942901
1341845960.039963 22.2118149 16.0229015 -0.8277963 -0.3262050 0.7667971 0.5450803 0.0921954
1341845960.107770 22.1973877 16.0234947 -0.8106868 -0.3247339 0.7712373 0.5400613 0.0898594
1341845960.407669 22.1617241 16.0503788 -0.7890383 -0.3237270 0.7762116 0.5339680 0.0870316
1341845960.543808 22.1492214 16.0645313 -0.7830681 -0.3235433 0.7819364 0.5256413 0.0871579
1341845960.773767 22.1380482 16.0618610 -0.7766128 -0.3214506 0.7799466 0.5274145 0.1009295
1341845960.941780 22.1347847 16.0599289 -0.7811710 -0.3206459 0.7807882 0.5274637 0.0966337
1341845961.110987 22.1600990 16.0576324 -0.8047318 -0.3210018 0.7820806 0.5246660 0.1001671
1341845961.273933 22.1900043 16.0277615 -0.8280451 -0.3278632 0.7829053 0.5166451 0.1124407
1341845961.745888 22.3168335 16.0708179 -0.9333237 -0.3406141 0.7278904 0.5881006 0.0910785
1341845962.313944 22.5024624 16.0415077 -1.1192745 -0.3553213 0.6840904 0.6335128 0.0665486
1341845962.849755 22.6496410 16.0147095 -1.2607459 -0.3735215 0.6542042 0.6555248 0.0527797
1341845964.325751 22.4653378 16.4740372 -1.1845973 -0.5117052 0.5796884 0.6223322 -0.1217447
1341845964.525868 22.9236450 16.5607605 -0.9975927 -0.5325612 0.5772407 0.5999517 -0.1524130
1341845964.625703 22.9436092 16.5680771 -0.9786559 -0.5423334 0.5752040 0.5895298 -0.1657391
1341845965.398649 23.0415783 16.7207756 -0.9152425 0.6026632 -0.5611246 -0.5171281 0.2334839
1341845968.413829 22.7374325 16.7517204 -1.0483344 -0.4560720 0.5109771 0.7261820 -0.0596689
1341845969.521785 22.7842808 16.5850048 -0.1941925 -0.5218289 0.5867166 0.6188036 -0.0232466
1341845971.335818 21.6227589 16.4581528 -0.9064199 -0.2246588 0.5582297 0.7306213 0.3226460
1341845973.777893 21.2380428 16.5783272 -0.4013028 -0.1213207 0.7908023 0.5430149 0.2550448
1341845974.177833 21.3452320 16.5172653 -0.3272364 -0.1602140 0.8047614 0.5388849 0.1905093
1341845975.553830 21.5611362 16.5114822 -0.2332548 -0.4050727 0.6892428 0.4969676 0.3374664
1341845976.625785 21.5839577 16.4911423 -0.2000225 -0.6297248 0.4636359 0.3570115 0.5109121
1341845978.602229 21.5752239 16.5243893 -0.2641969 -0.2155361 0.8335406 0.4845921 0.1546766
1341845978.871942 21.5885506 16.5343304 -0.2709771 -0.1287023 0.8609053 0.4851381 0.0831793
1341845979.138100 21.5798645 16.5379009 -0.2828885 -0.0171410 0.8863444 0.4622412 -0.0208039
1341845979.341682 21.5698681 16.5037651 -0.2686943 0.0512327 0.8889828 0.4447503 -0.0963428
1341845979.405940 21.5741196 16.5349960 -0.2734314 0.0840393 0.8906630 0.4286090 -0.1262976
1341845979.506448 21.5688362 16.5199013 -0.2737794 0.1276698 0.8855857 0.4153646 -0.1640444
1341845979.673902 21.5669880 16.5155487 -0.2767296 0.1863096 0.8662230 0.4126812 -0.2112832
1341845979.809735 21.5646191 16.5186577 -0.2720667 0.2444743 0.8460649 0.3979127 -0.2570448
1341845980.246566 21.5670586 16.5127506 -0.2562638 0.3523494 0.7795289 0.3946483 -0.3353169
1341845981.049727 21.5702286 16.5243492 -0.2677007 0.1686823 0.8667184 0.4199004 -0.2098314
1341845981.249922 21.5857430 16.5276527 -0.2662576 0.0420441 0.8836444 0.4545565 -0.1038429
1341845981.349932 21.5973034 16.5088558 -0.2375410 -0.0346732 0.8798614 0.4718833 -0.0443600
1341845981.585866 21.5717182 16.5282555 -0.2313035 -0.1631542 0.8547383 0.4903899 0.0481763
1341845981.922032 21.5950375 16.5327396 -0.2770356 -0.2212996 0.8416642 0.4818875 0.1020410
1341845984.203755 21.3398952 16.1526947 -0.0212648 -0.2175282 0.7567897 0.6002163 0.1403254
