1.000000 0.000000 0.000000 0.000000 0.000000 1.000000 0.000000 0.000000 0.000000 0.000000 1.000000 0.000000
0.999999 -0.001493 -0.000083 -0.000701 0.001493 0.999999 -0.000859 -0.018044 0.000084 0.000859 1.000000 0.984744
0.999998 -0.001745 0.000218 -0.005975 0.001745 0.999998 -0.000777 -0.033591 -0.000217 0.000778 1.000000 1.964587
0.999997 -0.002304 -0.001269 0.008648 0.002304 0.999997 -0.000190 -0.048431 0.001270 0.000187 0.999999 3.039941
0.999994 -0.003485 0.000401 -0.013941 0.003485 0.999994 0.000976 -0.061849 -0.000405 -0.000975 0.999999 3.951383
0.999996 -0.002918 -0.000170 -0.016243 0.002918 0.999995 0.001265 -0.075949 0.000166 -0.001265 0.999999 4.980196
0.999998 -0.002056 -0.000066 -0.022515 0.002056 0.999998 -0.000324 -0.093869 0.000066 0.000324 1.000000 5.945929
0.999999 0.000307 -0.001170 -0.013260 -0.000310 0.999997 -0.002584 -0.110004 0.001170 0.002585 0.999996 6.975059
0.999992 0.003876 -0.001047 -0.033670 -0.003880 0.999987 -0.003330 -0.132437 0.001034 0.003334 0.999994 7.977703
0.999980 0.006303 -0.000055 -0.045944 -0.006304 0.999974 -0.003497 -0.151065 0.000033 0.003497 0.999994 8.943012
0.999973 0.007318 -0.000441 -0.042639 -0.007319 0.999971 -0.002303 -0.174663 0.000424 0.002306 0.999997 9.962891
0.999989 0.004698 0.000031 -0.063786 -0.004698 0.999989 -0.000079 -0.177478 -0.000032 0.000079 1.000000 10.998211
1.000000 0.000716 0.000420 -0.048286 -0.000716 0.999998 0.001875 -0.203395 -0.000418 -0.001875 0.999998 12.000541
0.999999 -0.001335 -0.000549 -0.044155 0.001334 0.999998 -0.001367 -0.206755 0.000551 0.001366 0.999999 13.044766
0.999996 -0.002889 0.000261 -0.056364 0.002889 0.999993 -0.002480 -0.235597 -0.000254 0.002480 0.999997 14.030649
1.000000 -0.000309 0.000849 -0.062732 0.000312 0.999991 -0.004199 -0.253248 -0.000848 0.004199 0.999991 15.085844
0.999999 0.001490 0.000041 -0.051481 -0.001490 0.999997 -0.001748 -0.281609 -0.000043 0.001748 0.999998 16.123091
0.999998 0.001741 0.001107 -0.078261 -0.001744 0.999995 0.002544 -0.303520 -0.001103 -0.002546 0.999996 17.137632
0.999997 0.000361 0.002169 -0.061508 -0.000369 0.999994 0.003565 -0.307301 -0.002167 -0.003566 0.999991 18.154062
0.999994 -0.003233 0.001612 -0.063839 0.003230 0.999994 0.001324 -0.317210 -0.001617 -0.001319 0.999998 19.224981
0.999989 -0.004441 0.001134 -0.054875 0.004442 0.999989 -0.001319 -0.326924 -0.001128 0.001324 0.999998 20.276556
0.999985 -0.005535 -0.000612 -0.069016 0.005533 0.999979 -0.003434 -0.362450 0.000631 0.003431 0.999994 21.441631
0.999996 -0.000384 0.002840 -0.057678 0.000395 0.999992 -0.003870 -0.373560 -0.002839 0.003871 0.999988 22.314966
0.999996 -0.000078 0.002684 -0.052449 0.000094 0.999982 -0.005934 -0.384445 -0.002683 0.005934 0.999979 23.361010
0.999991 0.001946 0.003772 -0.090770 -0.001922 0.999979 -0.006222 -0.395711 -0.003784 0.006215 0.999974 24.405664
0.999995 0.001829 0.002663 -0.070231 -0.001819 0.999991 -0.003784 -0.446800 -0.002670 0.003779 0.999989 25.471935
0.999991 0.003225 0.002863 -0.071255 -0.003217 0.999991 -0.002761 -0.458623 -0.002871 0.002752 0.999992 26.522078
0.999985 0.005119 0.001912 -0.057100 -0.005114 0.999983 -0.002657 -0.477514 -0.001926 0.002647 0.999995 27.584604
0.999967 0.007814 0.002200 -0.066247 -0.007811 0.999969 -0.001280 -0.532163 -0.002210 0.001263 0.999997 28.657465
0.999954 0.009193 0.002693 -0.095522 -0.009190 0.999957 -0.001092 -0.539497 -0.002703 0.001068 0.999996 29.723370
0.999941 0.010501 0.002803 -0.090126 -0.010495 0.999943 -0.002097 -0.540730 -0.002825 0.002068 0.999994 30.748091
0.999952 0.009719 0.001571 -0.074326 -0.009714 0.999949 -0.002871 -0.558789 -0.001598 0.002855 0.999995 31.857662
0.999960 0.008855 0.001115 -0.072129 -0.008852 0.999956 -0.003009 -0.579938 -0.001141 0.002999 0.999995 32.887917
0.999965 0.008316 0.001185 -0.117224 -0.008312 0.999960 -0.003214 -0.592302 -0.001212 0.003204 0.999994 33.930550
0.999965 0.008384 -0.000391 -0.094009 -0.008384 0.999964 -0.001147 -0.631728 0.000381 0.001150 0.999999 35.023598
0.999961 0.008840 -0.000570 -0.136698 -0.008841 0.999958 -0.002316 -0.627287 0.000549 0.002321 0.999997 36.068707
0.999964 0.008243 -0.002253 -0.123205 -0.008245 0.999966 -0.000898 -0.672976 0.002246 0.000917 0.999997 37.199898
0.999957 0.009030 -0.002051 -0.170881 -0.009031 0.999959 -0.000472 -0.675467 0.002046 0.000490 0.999998 38.340603
0.999964 0.007348 -0.004261 -0.131123 -0.007345 0.999973 0.000670 -0.707470 0.004266 -0.000639 0.999991 39.327667
0.999969 0.006215 -0.004773 -0.141097 -0.006214 0.999981 0.000067 -0.708892 0.004774 -0.000037 0.999989 40.414021
0.999973 0.004391 -0.005809 -0.147725 -0.004391 0.999990 -0.000009 -0.735814 0.005809 0.000035 0.999983 41.521255
0.999980 0.002680 -0.005667 -0.143437 -0.002677 0.999996 0.000563 -0.765631 0.005669 -0.000548 0.999984 42.567493
0.999985 0.000146 -0.005425 -0.151500 -0.000139 0.999999 0.001257 -0.781961 0.005425 -0.001256 0.999985 43.659363
0.999990 -0.000360 -0.004554 -0.162004 0.000367 0.999999 0.001700 -0.796340 0.004554 -0.001702 0.999988 44.708645
0.999990 -0.001205 -0.004231 -0.167731 0.001211 0.999998 0.001465 -0.815431 0.004230 -0.001470 0.999990 45.776939
0.999991 -0.002782 -0.003330 -0.184343 0.002784 0.999996 0.000665 -0.829337 0.003328 -0.000674 0.999994 46.891418
0.999989 -0.003199 -0.003350 -0.178067 0.003200 0.999995 0.000461 -0.857951 0.003348 -0.000472 0.999994 47.938374
0.999994 -0.001048 -0.003309 -0.147263 0.001051 0.999999 0.000820 -0.894238 0.003308 -0.000823 0.999994 49.052311
0.999995 0.001744 -0.002761 -0.164495 -0.001739 0.999997 0.001726 -0.912771 0.002764 -0.001721 0.999995 50.153572
0.999989 0.004403 -0.001407 -0.203779 -0.004399 0.999986 0.002877 -0.913977 0.001420 -0.002870 0.999995 51.125084
0.999947 0.010343 0.000187 -0.235010 -0.010343 0.999942 0.003107 -0.939908 -0.000155 -0.003108 0.999995 52.164848
0.999874 0.015818 0.001070 -0.256166 -0.015821 0.999872 0.002575 -0.958213 -0.001029 -0.002591 0.999996 53.274902
0.999879 0.015495 0.000983 -0.252574 -0.015497 0.999878 0.001679 -0.950455 -0.000957 -0.001694 0.999998 54.344334
0.999826 0.018577 0.001952 -0.265350 -0.018580 0.999826 0.001525 -0.980142 -0.001923 -0.001561 0.999997 55.408474
0.999826 0.018603 0.001632 -0.252769 -0.018606 0.999825 0.001703 -0.987243 -0.001600 -0.001733 0.999997 56.497253
0.999848 0.017284 0.002392 -0.273832 -0.017289 0.999848 0.002084 -1.023058 -0.002355 -0.002125 0.999995 57.512959
0.999866 0.016335 0.001105 -0.250199 -0.016335 0.999867 -0.000161 -1.011073 -0.001108 0.000142 0.999999 58.665150
0.999885 0.015011 0.002065 -0.296591 -0.015014 0.999886 0.001288 -1.066347 -0.002045 -0.001318 0.999997 59.624157
0.999886 0.015060 0.001103 -0.262267 -0.015061 0.999886 0.001073 -1.073388 -0.001086 -0.001090 0.999999 60.625816
0.999890 0.014683 0.002170 -0.322029 -0.014684 0.999892 0.000691 -1.095273 -0.002160 -0.000723 0.999997 61.686195
0.999881 0.015377 0.000892 -0.314147 -0.015377 0.999882 0.000430 -1.104723 -0.000885 -0.000443 0.999999 62.765652
0.999874 0.015892 0.000061 -0.292762 -0.015892 0.999873 0.001071 -1.121490 -0.000044 -0.001072 0.999999 63.796345
0.999921 0.012321 -0.002309 -0.289227 -0.012314 0.999920 0.002901 -1.156345 0.002344 -0.002872 0.999993 64.820892
0.999933 0.011111 -0.003248 -0.304662 -0.011099 0.999931 0.003767 -1.174098 0.003290 -0.003731 0.999988 65.863358
0.999954 0.008835 -0.003672 -0.321911 -0.008824 0.999956 0.003118 -1.177908 0.003700 -0.003085 0.999988 66.924362
0.999953 0.008415 -0.004828 -0.308433 -0.008399 0.999959 0.003271 -1.231918 0.004856 -0.003230 0.999983 68.024879
0.999973 0.005307 -0.005147 -0.324120 -0.005295 0.999983 0.002467 -1.224939 0.005160 -0.002439 0.999984 68.974586
0.999965 0.006211 -0.005549 -0.318395 -0.006203 0.999979 0.001589 -1.242543 0.005559 -0.001554 0.999983 69.986122
0.999963 0.006412 -0.005817 -0.324800 -0.006403 0.999978 0.001573 -1.277611 0.005827 -0.001536 0.999982 71.029160
0.999968 0.006026 -0.005299 -0.343424 -0.006019 0.999981 0.001328 -1.287265 0.005307 -0.001296 0.999985 72.023003
0.999960 0.006868 -0.005683 -0.327226 -0.006864 0.999976 0.000701 -1.295659 0.005688 -0.000662 0.999984 73.091011
0.999963 0.006684 -0.005343 -0.344468 -0.006670 0.999974 0.002590 -1.310791 0.005360 -0.002554 0.999982 74.076126
0.999940 0.009940 -0.004507 -0.349902 -0.009923 0.999943 0.003882 -1.326578 0.004545 -0.003837 0.999982 74.949631
0.999956 0.008177 -0.004604 -0.382158 -0.008164 0.999963 0.002831 -1.349485 0.004627 -0.002794 0.999985 76.028091
0.999961 0.007899 -0.004057 -0.387383 -0.007897 0.999969 0.000675 -1.359716 0.004062 -0.000643 0.999992 76.990608
0.999955 0.008397 -0.004419 -0.384371 -0.008401 0.999964 -0.000762 -1.389903 0.004412 0.000799 0.999990 78.011642
0.999962 0.007544 -0.004299 -0.399007 -0.007543 0.999972 0.000266 -1.412118 0.004301 -0.000234 0.999991 79.041306
0.999987 0.003074 -0.004183 -0.406010 -0.003065 0.999993 0.002173 -1.414249 0.004190 -0.002161 0.999989 79.996414
0.999992 0.002199 -0.003422 -0.393467 -0.002191 0.999994 0.002507 -1.428547 0.003428 -0.002499 0.999991 80.963219
0.999996 0.000644 -0.002664 -0.389641 -0.000640 0.999999 0.001458 -1.451414 0.002664 -0.001457 0.999995 81.983826
0.999985 0.005302 -0.001606 -0.401557 -0.005304 0.999985 -0.000979 -1.478704 0.001601 0.000987 0.999998 83.000404
0.999987 0.005116 -0.000534 -0.455325 -0.005118 0.999982 -0.003010 -1.478656 0.000518 0.003013 0.999995 84.004150
0.999969 0.007793 0.000770 -0.461506 -0.007790 0.999963 -0.003585 -1.494379 -0.000798 0.003579 0.999993 85.014473
0.999940 0.010799 0.001816 -0.423365 -0.010797 0.999941 -0.001007 -1.545452 -0.001826 0.000988 0.999998 86.000732
0.999830 0.017879 0.004596 -0.505128 -0.017884 0.999839 0.001155 -1.672355 -0.004574 -0.001237 0.999989 87.052795
0.999949 0.009413 0.003755 -0.447857 -0.009419 0.999954 0.001601 -1.555131 -0.003740 -0.001637 0.999992 87.969429
0.999913 0.012049 0.005415 -0.481687 -0.012052 0.999927 0.000605 -1.583505 -0.005408 -0.000671 0.999985 89.009445
0.999921 0.010848 0.006355 -0.488239 -0.010847 0.999941 -0.000198 -1.555890 -0.006357 0.000129 0.999980 90.049210
0.999817 0.017644 0.007405 -0.457631 -0.017644 0.999844 0.000020 -1.648898 -0.007404 -0.000151 0.999973 91.012505
0.999857 0.014510 0.008629 -0.463447 -0.014498 0.999894 -0.001428 -1.598204 -0.008649 0.001303 0.999962 91.966263
0.999833 0.015294 0.009990 -0.462849 -0.015269 0.999880 -0.002583 -1.609869 -0.010028 0.002430 0.999947 92.940720
0.999845 0.014409 0.010152 -0.430295 -0.014386 0.999894 -0.002311 -1.636903 -0.010184 0.002165 0.999946 93.971161
0.999828 0.014670 0.011325 -0.408224 -0.014652 0.999891 -0.001739 -1.651188 -0.011350 0.001573 0.999934 94.953178
0.999845 0.012922 0.011946 -0.425140 -0.012919 0.999916 -0.000329 -1.677598 -0.011950 0.000175 0.999929 95.955826
0.999840 0.012725 0.012545 -0.407072 -0.012732 0.999919 0.000482 -1.710141 -0.012538 -0.000642 0.999921 96.944794
0.999865 0.011517 0.011715 -0.360632 -0.011510 0.999934 -0.000696 -1.695348 -0.011722 0.000561 0.999931 97.948212
0.999901 0.009324 0.010505 -0.300196 -0.009327 0.999956 0.000219 -1.710645 -0.010502 -0.000317 0.999945 98.947105
0.999911 0.007234 0.011217 -0.380084 -0.007235 0.999974 0.000041 -1.737580 -0.011216 -0.000123 0.999937 99.928497
0.999932 0.006449 0.009744 -0.348091 -0.006443 0.999979 -0.000681 -1.739865 -0.009748 0.000619 0.999952 100.917183
0.999948 0.006014 0.008205 -0.340475 -0.006019 0.999982 0.000578 -1.787971 -0.008201 -0.000627 0.999966 101.947922
0.999965 0.002831 0.007851 -0.361362 -0.002840 0.999995 0.001187 -1.794756 -0.007847 -0.001209 0.999968 102.901649
0.999973 0.002814 0.006782 -0.364036 -0.002819 0.999996 0.000686 -1.798778 -0.006780 -0.000705 0.999977 103.910179
0.999980 0.003024 0.005496 -0.360181 -0.003026 0.999995 0.000499 -1.821698 -0.005494 -0.000516 0.999985 104.894417
0.999985 0.002852 0.004624 -0.356820 -0.002854 0.999996 0.000461 -1.849051 -0.004623 -0.000475 0.999989 105.867805
0.999995 -0.000765 0.003185 -0.347398 0.000771 0.999998 -0.001940 -1.863389 -0.003183 0.001942 0.999993 106.869835
0.999984 -0.005299 0.001864 -0.333057 0.005304 0.999982 -0.002831 -1.876970 -0.001849 0.002841 0.999994 107.877068
0.999929 -0.011870 0.000976 -0.340494 0.011871 0.999929 -0.000929 -1.889526 -0.000965 0.000941 0.999999 108.886581
0.999809 -0.019538 -0.000617 -0.326138 0.019539 0.999809 0.000812 -1.911939 0.000601 -0.000824 0.999999 109.860809
0.999747 -0.022435 -0.001884 -0.322372 0.022429 0.999744 -0.003104 -1.916930 0.001953 0.003061 0.999993 110.850510
0.999733 -0.023085 -0.001374 -0.330208 0.023077 0.999721 -0.005105 -1.962533 0.001491 0.005072 0.999986 111.855698
0.999847 -0.017461 -0.001440 -0.298168 0.017448 0.999809 -0.008811 -1.963134 0.001594 0.008784 0.999960 112.926651
0.999827 -0.018618 0.000297 -0.337913 0.018620 0.999796 -0.007790 -2.004253 -0.000152 0.007794 0.999970 113.785248
0.999749 -0.022400 0.000644 -0.336946 0.022402 0.999740 -0.004241 -2.023942 -0.000549 0.004255 0.999991 114.783150
0.999626 -0.027294 0.001790 -0.353496 0.027297 0.999626 -0.001605 -2.035573 -0.001745 0.001653 0.999997 115.777870
0.999541 -0.030295 0.000325 -0.295454 0.030295 0.999541 -0.000534 -2.057504 -0.000309 0.000544 1.000000 116.836273
0.999484 -0.032108 0.001263 -0.312407 0.032109 0.999484 -0.000532 -2.080198 -0.001245 0.000572 0.999999 117.751411
0.999559 -0.029565 0.002928 -0.324714 0.029565 0.999563 -0.000107 -2.091722 -0.002924 0.000194 0.999996 118.724106
0.999663 -0.025678 0.003893 -0.314164 0.025682 0.999670 -0.001023 -2.103385 -0.003865 0.001123 0.999992 119.699966
0.999758 -0.021450 0.004931 -0.326412 0.021464 0.999766 -0.002830 -2.137559 -0.004869 0.002936 0.999984 120.736092
0.999806 -0.018918 0.005425 -0.330382 0.018936 0.999815 -0.003317 -2.165261 -0.005361 0.003419 0.999980 121.699738
0.999844 -0.016785 0.005506 -0.339161 0.016798 0.999856 -0.002293 -2.191115 -0.005466 0.002385 0.999982 122.736557
0.999870 -0.015107 0.005607 -0.340730 0.015125 0.999880 -0.003211 -2.199381 -0.005558 0.003295 0.999979 123.710464
0.999945 -0.009812 0.003645 -0.227781 0.009833 0.999935 -0.005761 -2.236547 -0.003589 0.005797 0.999977 124.615982
0.999981 -0.004462 0.004228 -0.372401 0.004501 0.999949 -0.009081 -2.276368 -0.004187 0.009100 0.999950 125.799889
0.999981 0.004560 0.004046 -0.301847 -0.004518 0.999936 -0.010381 -2.339397 -0.004093 0.010362 0.999938 126.687500
0.999987 0.003527 0.003585 -0.281893 -0.003496 0.999957 -0.008627 -2.304372 -0.003616 0.008615 0.999956 127.622383
0.999962 0.005631 0.006700 -0.500988 -0.005579 0.999954 -0.007751 -2.325177 -0.006743 0.007713 0.999948 128.891159
0.999967 0.005171 0.006216 -0.496451 -0.005133 0.999968 -0.006130 -2.270944 -0.006248 0.006098 0.999962 129.930893
0.999972 0.003387 0.006620 -0.585228 -0.003360 0.999986 -0.004032 -2.396165 -0.006633 0.004009 0.999970 130.962326
0.999976 0.006274 0.002901 -0.443432 -0.006262 0.999972 -0.004183 -2.464356 -0.002927 0.004165 0.999987 131.999146
0.999993 0.003432 0.001178 -0.408259 -0.003423 0.999966 -0.007553 -2.468593 -0.001204 0.007549 0.999971 132.793655
0.999996 0.001643 0.002275 -0.622796 -0.001615 0.999927 -0.011979 -2.425347 -0.002295 0.011975 0.999926 134.073685
0.999972 0.007064 -0.002570 -0.364176 -0.007092 0.999911 -0.011258 -2.504265 0.002490 0.011276 0.999933 134.857986
0.999866 0.016356 -0.000347 -0.465848 -0.016359 0.999785 -0.012764 -2.536365 0.000138 0.012768 0.999919 135.954651
0.999874 0.015815 -0.001569 -0.414492 -0.015827 0.999843 -0.008019 -2.576322 0.001442 0.008043 0.999967 137.010330
0.999841 0.017841 -0.000265 -0.443412 -0.017843 0.999821 -0.006291 -2.579595 0.000152 0.006295 0.999980 137.724640
0.999880 0.015483 -0.000811 -0.439868 -0.015487 0.999868 -0.004992 -2.590518 0.000733 0.005004 0.999987 138.767731
0.999867 0.016149 -0.002452 -0.423800 -0.016162 0.999856 -0.005180 -2.606808 0.002368 0.005218 0.999984 139.885925
0.999890 0.014841 -0.000360 -0.478406 -0.014842 0.999880 -0.004492 -2.645313 0.000293 0.004497 0.999990 140.951218
0.999952 0.009801 0.000044 -0.505390 -0.009801 0.999944 -0.003984 -2.671848 -0.000083 0.003983 0.999992 141.941437
0.999977 0.006731 0.000051 -0.431099 -0.006731 0.999973 -0.003029 -2.693937 -0.000071 0.003028 0.999995 142.750412
0.999997 0.002071 0.000785 -0.450841 -0.002071 0.999997 -0.001113 -2.729031 -0.000787 0.001111 0.999999 143.829147
1.000000 -0.000905 0.000010 -0.367766 0.000905 0.999999 -0.001313 -2.730314 -0.000009 0.001313 0.999999 144.727036
0.999993 0.003479 -0.001269 -0.245519 -0.003485 0.999981 -0.005018 -2.785565 0.001252 0.005023 0.999987 145.553711
0.999972 0.007076 -0.002253 -0.236551 -0.007100 0.999915 -0.010965 -2.731954 0.002175 0.010981 0.999937 146.719696
0.999796 0.020033 0.002738 -0.448346 -0.019999 0.999728 -0.012026 -2.772472 -0.002978 0.011969 0.999924 147.864151
0.999618 0.027298 0.004345 -0.448881 -0.027261 0.999593 -0.008414 -2.801913 -0.004573 0.008293 0.999955 148.896988
0.999599 0.028069 0.003809 -0.402268 -0.028044 0.999586 -0.006426 -2.807688 -0.003987 0.006316 0.999972 149.946960
0.999663 0.025751 0.003316 -0.416005 -0.025734 0.999656 -0.005090 -2.859821 -0.003446 0.005003 0.999982 150.956299
0.999736 0.022932 0.001230 -0.376211 -0.022925 0.999722 -0.005560 -2.878056 -0.001358 0.005530 0.999984 151.994537
0.999792 0.020406 -0.000519 -0.333387 -0.020409 0.999775 -0.005695 -2.903971 0.000402 0.005704 0.999984 153.029282
0.999708 0.024179 -0.000092 -0.341604 -0.024179 0.999682 -0.007123 -2.928909 -0.000080 0.007123 0.999975 154.034454
0.999737 0.022918 0.000306 -0.407221 -0.022915 0.999719 -0.006126 -2.952403 -0.000447 0.006118 0.999981 155.107864
0.999677 0.025401 0.001050 -0.425399 -0.025394 0.999659 -0.006099 -2.957474 -0.001204 0.006071 0.999981 156.161926
0.999689 0.024915 -0.001027 -0.364014 -0.024921 0.999667 -0.006656 -2.987650 0.000861 0.006679 0.999977 157.212997
0.999722 0.023512 -0.001892 -0.369239 -0.023524 0.999700 -0.006781 -3.024780 0.001732 0.006824 0.999975 158.269043
0.999732 0.023140 -0.000623 -0.431500 -0.023145 0.999703 -0.007655 -3.029314 0.000445 0.007667 0.999970 159.314529
0.999712 0.023966 -0.000740 -0.426125 -0.023971 0.999684 -0.007608 -3.062043 0.000557 0.007624 0.999971 160.341263
0.999722 0.023529 -0.001362 -0.443661 -0.023539 0.999692 -0.007797 -3.083941 0.001178 0.007827 0.999969 161.457306
0.999714 0.023871 -0.001339 -0.448270 -0.023882 0.999681 -0.008219 -3.107330 0.001142 0.008248 0.999965 162.516617
0.999691 0.024774 -0.002224 -0.448918 -0.024793 0.999654 -0.008731 -3.127398 0.002007 0.008783 0.999959 163.571671
0.999707 0.024107 -0.002393 -0.464679 -0.024126 0.999672 -0.008562 -3.157305 0.002186 0.008617 0.999960 164.649231
0.999706 0.023964 -0.003672 -0.452633 -0.023993 0.999680 -0.007995 -3.192071 0.003480 0.008081 0.999961 165.729614
0.999732 0.022989 -0.002595 -0.477807 -0.023011 0.999698 -0.008650 -3.207139 0.002396 0.008707 0.999959 166.764420
0.999737 0.022681 -0.003318 -0.444151 -0.022709 0.999703 -0.008873 -3.234269 0.003115 0.008946 0.999955 167.829666
0.999804 0.019580 -0.002916 -0.499290 -0.019605 0.999769 -0.008786 -3.247579 0.002744 0.008842 0.999957 168.928741
0.999835 0.018031 -0.002333 -0.512098 -0.018052 0.999797 -0.008952 -3.263725 0.002171 0.008992 0.999957 170.005554
0.999803 0.019594 -0.003200 -0.499838 -0.019618 0.999776 -0.007900 -3.312765 0.003045 0.007961 0.999964 171.082916
0.999788 0.019904 -0.005270 -0.437380 -0.019950 0.999761 -0.008968 -3.310246 0.005090 0.009071 0.999946 172.109314
0.999816 0.019039 -0.002434 -0.542554 -0.019060 0.999780 -0.008786 -3.352887 0.002266 0.008830 0.999958 173.251511
0.999778 0.020913 -0.002465 -0.530012 -0.020933 0.999747 -0.008270 -3.375726 0.002291 0.008319 0.999963 174.335220
0.999762 0.021790 0.000407 -0.598023 -0.021788 0.999747 -0.005597 -3.425675 -0.000529 0.005587 0.999984 175.408417
0.999758 0.021978 -0.001292 -0.543004 -0.021985 0.999744 -0.005368 -3.449018 0.001174 0.005395 0.999985 176.505356
0.999774 0.021236 -0.000241 -0.572252 -0.021237 0.999743 -0.007922 -3.444090 0.000072 0.007925 0.999969 177.634949
0.999750 0.022332 -0.001063 -0.539619 -0.022341 0.999707 -0.009315 -3.474824 0.000855 0.009336 0.999956 178.706894
0.999780 0.020944 -0.000542 -0.561422 -0.020948 0.999747 -0.008246 -3.502932 0.000369 0.008256 0.999966 179.807648
0.999761 0.021884 0.000300 -0.589913 -0.021881 0.999732 -0.007559 -3.525999 -0.000466 0.007551 0.999971 180.920944
0.999776 0.021185 -0.000119 -0.600191 -0.021185 0.999750 -0.007127 -3.555451 -0.000032 0.007128 0.999975 182.042465
0.999754 0.022168 -0.000007 -0.607750 -0.022167 0.999730 -0.007019 -3.582943 -0.000149 0.007018 0.999975 183.129425
0.999728 0.023259 -0.001738 -0.583220 -0.023272 0.999694 -0.008405 -3.592324 0.001542 0.008443 0.999963 184.264008
0.999704 0.024328 -0.000384 -0.612187 -0.024330 0.999677 -0.007284 -3.631557 0.000206 0.007291 0.999973 185.306351
0.999705 0.024293 0.000143 -0.632045 -0.024292 0.999682 -0.006762 -3.651174 -0.000307 0.006757 0.999977 186.379700
0.999722 0.023564 -0.000609 -0.628235 -0.023568 0.999704 -0.006021 -3.691958 0.000466 0.006034 0.999982 187.492081
0.999770 0.021446 -0.000360 -0.636940 -0.021447 0.999756 -0.005241 -3.716407 0.000248 0.005247 0.999986 188.604095
0.999781 0.020851 -0.001637 -0.607867 -0.020859 0.999770 -0.004995 -3.740691 0.001532 0.005028 0.999986 189.731400
0.999837 0.018044 -0.000331 -0.660207 -0.018046 0.999818 -0.006169 -3.752598 0.000219 0.006174 0.999981 190.854568
0.999856 0.016983 -0.000371 -0.665813 -0.016985 0.999838 -0.005974 -3.792376 0.000269 0.005980 0.999982 191.922440
0.999896 0.014382 -0.000590 -0.656172 -0.014385 0.999883 -0.005293 -3.800007 0.000514 0.005301 0.999986 193.047928
0.999927 0.012105 0.000291 -0.660281 -0.012104 0.999916 -0.004619 -3.797693 -0.000347 0.004615 0.999989 194.137466
0.999930 0.011827 0.000280 -0.673183 -0.011826 0.999918 -0.004909 -3.837503 -0.000338 0.004906 0.999988 195.282486
0.999940 0.010987 0.000187 -0.677697 -0.010985 0.999923 -0.005835 -3.864089 -0.000251 0.005832 0.999983 196.395111
0.999949 0.010072 -0.000533 -0.627502 -0.010075 0.999934 -0.005438 -3.882064 0.000478 0.005443 0.999985 197.488770
0.999896 0.014176 0.002678 -0.681361 -0.014159 0.999882 -0.005985 -3.916705 -0.002762 0.005947 0.999978 198.598648
0.999858 0.016554 0.003091 -0.666438 -0.016534 0.999844 -0.006249 -3.947862 -0.003194 0.006197 0.999976 199.630127
0.999681 0.024752 0.005083 -0.727677 -0.024716 0.999670 -0.007016 -4.036325 -0.005255 0.006888 0.999962 200.867050
0.999827 0.018004 0.004745 -0.669870 -0.017972 0.999817 -0.006620 -3.999534 -0.004863 0.006534 0.999967 201.838242
0.999783 0.020047 0.005721 -0.669733 -0.020000 0.999766 -0.008227 -4.021395 -0.005884 0.008111 0.999950 202.955551
0.999791 0.019076 0.007373 -0.680162 -0.019009 0.999779 -0.009025 -4.041352 -0.007544 0.008883 0.999932 204.062592
0.999762 0.020354 0.007846 -0.668532 -0.020292 0.999763 -0.007904 -4.088807 -0.008005 0.007742 0.999938 205.204895
0.999801 0.017984 0.008642 -0.680182 -0.017924 0.999815 -0.006919 -4.110806 -0.008765 0.006763 0.999939 206.234818
0.999831 0.016126 0.008819 -0.653005 -0.016058 0.999841 -0.007707 -4.109498 -0.008942 0.007564 0.999931 207.378922
0.999828 0.017073 0.007201 -0.605436 -0.017003 0.999809 -0.009666 -4.158654 -0.007364 0.009542 0.999927 208.377899
0.999859 0.015252 0.006970 -0.629576 -0.015163 0.999805 -0.012625 -4.172535 -0.007161 0.012517 0.999896 209.608582
0.999854 0.015821 0.006399 -0.622542 -0.015741 0.999800 -0.012325 -4.207361 -0.006593 0.012223 0.999904 210.705399
0.999923 0.011355 0.004912 -0.598603 -0.011299 0.999870 -0.011473 -4.241701 -0.005041 0.011416 0.999922 211.775864
0.999936 0.010761 0.003429 -0.591043 -0.010718 0.999869 -0.012145 -4.258931 -0.003559 0.012107 0.999920 212.920624
0.999917 0.012447 0.003368 -0.621422 -0.012402 0.999841 -0.012793 -4.280733 -0.003527 0.012750 0.999912 213.997391
0.999916 0.012561 0.003113 -0.625545 -0.012524 0.999851 -0.011856 -4.326904 -0.003261 0.011816 0.999925 215.041122
0.999912 0.013058 0.002463 -0.632863 -0.013026 0.999834 -0.012719 -4.333153 -0.002628 0.012685 0.999916 216.183731
0.999943 0.010621 0.000728 -0.619677 -0.010613 0.999891 -0.010250 -4.381276 -0.000837 0.010241 0.999947 217.175156
0.999898 0.014248 -0.000429 -0.582104 -0.014251 0.999851 -0.009725 -4.406182 0.000290 0.009730 0.999953 218.410339
0.999849 0.017295 0.001477 -0.616554 -0.017278 0.999790 -0.011005 -4.372557 -0.001667 0.010978 0.999938 219.616196
0.999890 0.014806 0.001093 -0.593498 -0.014794 0.999842 -0.009877 -4.459792 -0.001239 0.009860 0.999951 220.622009
0.999926 0.012082 0.001287 -0.597380 -0.012068 0.999878 -0.009942 -4.491433 -0.001407 0.009925 0.999950 221.675232
0.999923 0.012276 0.002010 -0.606439 -0.012253 0.999864 -0.011072 -4.519234 -0.002145 0.011046 0.999937 222.832428
0.999941 0.010610 0.002376 -0.604955 -0.010578 0.999856 -0.013242 -4.547908 -0.002516 0.013216 0.999909 223.982559
0.999954 0.009418 0.001741 -0.591158 -0.009393 0.999859 -0.013922 -4.590630 -0.001872 0.013905 0.999902 225.139969
0.999940 0.010993 0.000337 -0.620392 -0.010986 0.999822 -0.015352 -4.607181 -0.000505 0.015347 0.999882 226.186295
0.999925 0.011922 -0.002670 -0.599811 -0.011959 0.999824 -0.014450 -4.645626 0.002497 0.014481 0.999892 227.373322
0.999922 0.012298 -0.002280 -0.629948 -0.012323 0.999860 -0.011310 -4.668181 0.002141 0.011337 0.999933 228.441299
0.999942 0.010671 -0.001480 -0.645233 -0.010683 0.999909 -0.008256 -4.700897 0.001391 0.008272 0.999965 229.604736
0.999943 0.010550 -0.001537 -0.642161 -0.010561 0.999913 -0.007877 -4.722579 0.001454 0.007893 0.999968 230.710327
0.999945 0.010400 -0.001449 -0.640123 -0.010412 0.999906 -0.008877 -4.750830 0.001357 0.008892 0.999960 231.858490
0.999961 0.008811 -0.000618 -0.664892 -0.008816 0.999920 -0.009105 -4.774901 0.000538 0.009110 0.999958 232.949829
0.999961 0.008791 -0.000187 -0.671864 -0.008793 0.999920 -0.009143 -4.800786 0.000107 0.009144 0.999958 234.115189
0.999964 0.008520 -0.000012 -0.674835 -0.008520 0.999926 -0.008640 -4.835434 -0.000061 0.008639 0.999963 235.238159
0.999948 0.010238 0.000285 -0.678901 -0.010235 0.999899 -0.009825 -4.866060 -0.000386 0.009821 0.999952 236.374451
0.999924 0.012319 0.001107 -0.702992 -0.012306 0.999868 -0.010622 -4.900038 -0.001237 0.010608 0.999943 237.551102
0.999945 0.010442 0.001370 -0.684853 -0.010430 0.999911 -0.008358 -4.932508 -0.001457 0.008344 0.999964 238.677261
0.999957 0.009072 0.001792 -0.673708 -0.009059 0.999932 -0.007341 -4.965394 -0.001858 0.007325 0.999971 239.731415
0.999971 0.007536 0.001352 -0.677208 -0.007524 0.999934 -0.008712 -5.004701 -0.001418 0.008702 0.999961 240.913803
0.999968 0.007749 0.001719 -0.700421 -0.007736 0.999942 -0.007450 -5.050725 -0.001777 0.007436 0.999971 242.015594
0.999945 0.010405 0.001142 -0.680270 -0.010393 0.999896 -0.009963 -5.067969 -0.001246 0.009951 0.999950 243.075272
0.999905 0.013754 0.000859 -0.684444 -0.013741 0.999811 -0.013753 -5.094276 -0.001048 0.013740 0.999905 244.208710
0.999890 0.014827 -0.000262 -0.689544 -0.014829 0.999796 -0.013700 -5.111240 0.000059 0.013703 0.999906 245.351334
0.999871 0.016041 -0.000791 -0.697500 -0.016048 0.999823 -0.009847 -5.162197 0.000632 0.009858 0.999951 246.448929
0.999855 0.016927 -0.001733 -0.700625 -0.016938 0.999834 -0.006729 -5.198033 0.001619 0.006757 0.999976 247.572266
0.999842 0.017517 -0.003025 -0.715072 -0.017541 0.999814 -0.008060 -5.222716 0.002884 0.008112 0.999963 248.682114
0.999840 0.017151 -0.005022 -0.712934 -0.017198 0.999807 -0.009519 -5.252825 0.004858 0.009603 0.999942 249.774551
0.999862 0.015119 -0.006928 -0.726879 -0.015176 0.999851 -0.008218 -5.278164 0.006803 0.008322 0.999942 250.903473
0.999875 0.014019 -0.007254 -0.752947 -0.014077 0.999869 -0.008002 -5.307369 0.007141 0.008103 0.999942 252.023254
0.999862 0.014132 -0.008759 -0.732801 -0.014202 0.999867 -0.007961 -5.351695 0.008645 0.008084 0.999930 253.136261
0.999876 0.013071 -0.008790 -0.750405 -0.013157 0.999865 -0.009815 -5.361067 0.008661 0.009929 0.999913 254.257126
0.999867 0.013598 -0.008952 -0.773892 -0.013684 0.999860 -0.009606 -5.394664 0.008820 0.009727 0.999914 255.347214
0.999880 0.012497 -0.009125 -0.783827 -0.012586 0.999874 -0.009706 -5.427275 0.009003 0.009820 0.999911 256.456085
0.999871 0.013417 -0.008809 -0.798414 -0.013510 0.999853 -0.010536 -5.454107 0.008667 0.010654 0.999906 257.554352
0.999884 0.012447 -0.008746 -0.810066 -0.012539 0.999866 -0.010535 -5.494403 0.008614 0.010643 0.999906 258.653442
0.999891 0.012301 -0.008226 -0.838386 -0.012391 0.999863 -0.010996 -5.517602 0.008090 0.011097 0.999906 259.777679
0.999889 0.011746 -0.009199 -0.818847 -0.011849 0.999867 -0.011238 -5.559612 0.009065 0.011346 0.999894 260.890167
0.999868 0.013224 -0.009395 -0.816844 -0.013344 0.999828 -0.012839 -5.604611 0.009224 0.012962 0.999873 261.974182
0.999912 0.010294 -0.008353 -0.883108 -0.010389 0.999880 -0.011497 -5.610549 0.008234 0.011582 0.999899 263.097137
0.999926 0.006495 -0.010333 -0.845872 -0.006600 0.999927 -0.010154 -5.651617 0.010266 0.010222 0.999895 264.263519
0.999950 0.005419 -0.008365 -0.917609 -0.005510 0.999925 -0.010916 -5.671432 0.008306 0.010962 0.999905 265.304047
0.999928 0.009431 -0.007375 -0.944625 -0.009525 0.999873 -0.012780 -5.688645 0.007254 0.012850 0.999891 266.429291
0.999932 0.008332 -0.008144 -0.935287 -0.008415 0.999913 -0.010194 -5.743968 0.008058 0.010262 0.999915 267.451263
0.999915 0.009921 -0.008461 -0.947210 -0.009995 0.999912 -0.008743 -5.784113 0.008373 0.008827 0.999926 268.527802
0.999923 0.009001 -0.008541 -0.959084 -0.009089 0.999905 -0.010347 -5.796054 0.008447 0.010424 0.999910 269.757965
0.999924 0.009427 -0.007956 -0.987766 -0.009512 0.999897 -0.010722 -5.839176 0.007854 0.010797 0.999911 270.908875
0.999915 0.010993 -0.007078 -0.996501 -0.011071 0.999876 -0.011148 -5.876879 0.006955 0.011225 0.999913 271.954407
0.999943 -0.003538 -0.010096 -0.967552 0.003430 0.999937 -0.010687 -5.793881 0.010133 0.010652 0.999892 273.049591
0.999915 0.011265 -0.006545 -1.043387 -0.011341 0.999868 -0.011609 -5.912856 0.006414 0.011683 0.999911 274.152740
0.999926 0.010906 -0.005323 -1.098463 -0.010965 0.999877 -0.011208 -5.933889 0.005200 0.011266 0.999923 275.307617
0.999889 0.013884 -0.005491 -1.076971 -0.013949 0.999831 -0.011979 -5.972045 0.005324 0.012055 0.999913 276.368469
0.999917 0.000655 -0.012851 -0.741127 -0.000754 0.999970 -0.007711 -5.921297 0.012846 0.007720 0.999888 276.901703
0.999881 0.014394 -0.005618 -1.083727 -0.014463 0.999819 -0.012388 -6.032218 0.005439 0.012468 0.999907 278.516205
0.999863 0.015770 -0.005022 -1.101757 -0.015828 0.999806 -0.011750 -6.061656 0.004836 0.011828 0.999918 279.606934
0.999833 0.017946 -0.003493 -1.131368 -0.017986 0.999769 -0.011792 -6.093230 0.003280 0.011853 0.999924 280.666656
0.999842 0.017271 -0.004169 -1.127971 -0.017319 0.999782 -0.011681 -6.122831 0.003966 0.011751 0.999923 281.789276
0.999822 0.018314 -0.004454 -1.131384 -0.018364 0.999765 -0.011550 -6.158758 0.004242 0.011630 0.999923 282.891693
0.999822 0.018314 -0.004454 -1.131384 -0.018364 0.999765 -0.011550 -6.158758 0.004242 0.011630 0.999923 282.891693
0.999822 0.018314 -0.004454 -1.131384 -0.018364 0.999765 -0.011550 -6.158758 0.004242 0.011630 0.999923 282.891693
