1341845688.561749 0.000000000 0.000000000 0.000000000 0.000000000 0.000000000 0.000000000 1.000000000
1341845688.593654 -0.003733789 -0.003410145 -0.001041134 0.000195716 -0.002689132 0.003694816 0.999989510
1341845688.629688 -0.010072474 0.001822396 -0.008549537 0.002436935 -0.006951117 0.007480127 0.999944866
1341845688.663680 -0.016410787 -0.000720824 -0.008816659 0.003978256 -0.011137043 0.012445826 0.999852598
1341845688.697719 -0.018569922 -0.003965322 -0.016442781 0.006672131 -0.016469410 0.018434916 0.999672174
1341845688.729899 -0.015258465 0.001903101 -0.017970400 0.011808214 -0.023393767 0.021694798 0.999421179
1341845688.761762 0.001116045 0.008328037 -0.010335432 0.015154050 -0.029110888 0.021572959 0.999228477
1341845688.797687 0.003093732 0.021081166 -0.013909380 0.018342454 -0.028291114 0.020423252 0.999222755
1341845688.829892 0.000448396 0.022157514 -0.015016640 0.017888712 -0.025914611 0.018969297 0.999324083
1341845688.865774 -0.005307345 0.023036839 -0.017596779 0.017519912 -0.024829181 0.019354934 0.999350786
1341845688.929779 -0.015199066 0.014759537 -0.032815360 0.015907781 -0.029760584 0.022482529 0.999177575
1341845688.965631 -0.015430287 0.033945039 -0.026157508 0.019239865 -0.032813706 0.020274863 0.999070585
1341845688.997750 0.006448361 0.041041210 -0.031002980 0.018713912 -0.036022242 0.017273083 0.999026418
1341845689.029751 -0.001673404 0.043268826 -0.041696209 0.014581180 -0.031985831 0.011133968 0.999319911
1341845689.065755 -0.016497934 0.061272573 -0.030062782 0.014104088 -0.027999735 0.008887746 0.999468923
1341845689.097725 0.004465583 0.042764373 -0.030439751 0.006670444 -0.031047599 0.012463312 0.999417961
1341845689.133718 0.002513534 0.048690420 -0.031308398 0.005359346 -0.029552005 0.015135967 0.999434292
1341845689.165884 -0.015979532 0.066852435 -0.030320952 0.005482262 -0.025886720 0.017859263 0.999490321
1341845689.198264 -0.018279867 0.072142474 -0.028933920 0.002931434 -0.025333453 0.020152889 0.999471605
1341845689.234322 -0.005003300 0.056085814 -0.032317013 -0.002375500 -0.026458999 0.021804892 0.999409199
1341845689.265745 -0.018134365 0.068703011 -0.029954273 -0.001371582 -0.024108978 0.024118189 0.999417424
1341845689.297769 -0.016808743 0.074546792 -0.028277941 -0.001662327 -0.024840558 0.025061931 0.999375820
1341845689.333650 -0.014879884 0.069478638 -0.029278854 -0.003634515 -0.024006112 0.024241365 0.999411225
1341845689.365881 -0.021187149 0.070071891 -0.032021511 -0.002995770 -0.022637436 0.024250975 0.999445081
1341845689.401592 -0.018583303 0.067662857 -0.033997942 -0.002499971 -0.023951592 0.023650244 0.999430180
1341845689.433744 -0.012102997 0.054934967 -0.040020309 -0.004208919 -0.025778079 0.022953816 0.999395251
1341845689.465651 -0.023211427 0.036413770 -0.049164817 -0.004392804 -0.024881683 0.021952819 0.999439657
1341845689.501840 -0.027072655 0.045364700 -0.047479801 0.000912390 -0.027814437 0.020091629 0.999410748
1341845689.533687 -0.025008159 0.046141066 -0.049935553 0.003068748 -0.029918488 0.015368169 0.999429464
1341845689.565814 -0.023559200 0.041560471 -0.051207606 0.004638652 -0.030088965 0.011952240 0.999464989
1341845689.601682 -0.035278182 0.037229680 -0.053342499 0.006815334 -0.029983893 0.009118266 0.999485552
1341845689.633591 -0.027341019 0.046476316 -0.052022193 0.010313711 -0.034286547 0.004587508 0.999348283
1341845689.669672 -0.026491160 0.053401653 -0.050301418 0.012333035 -0.036184628 0.003706437 0.999262154
1341845689.701700 -0.032794848 0.057152443 -0.054312661 0.014027429 -0.037637480 0.003502223 0.999186873
1341845689.733773 -0.031671315 0.059784029 -0.053426642 0.014667689 -0.040568847 0.001957627 0.999067187
1341845689.769822 -0.027563499 0.061087899 -0.052488316 0.015149923 -0.042873614 0.000648391 0.998965442
1341845689.802003 -0.036339700 0.059456814 -0.053370349 0.015112362 -0.043168157 -0.000184818 0.998953462
1341845689.833757 -0.036148258 0.060381424 -0.053316850 0.016150678 -0.046167407 -0.001524116 0.998802006
1341845689.869861 -0.032266553 0.062714137 -0.053027913 0.017297110 -0.049115904 -0.002551835 0.998640060
1341845689.901825 -0.035389714 0.060798854 -0.053488594 0.017223224 -0.050047074 -0.002342140 0.998595595
1341845689.937674 -0.037781414 0.062594354 -0.054933257 0.018511109 -0.052067596 -0.001687161 0.998470604
1341845689.969679 -0.030349353 0.063830242 -0.055030242 0.018798793 -0.054506723 -0.001632034 0.998335123
1341845690.003830 -0.033378471 0.068593010 -0.054001372 0.019405628 -0.054029915 -0.002114654 0.998348475
1341845690.037686 -0.035748191 0.059276361 -0.056943286 0.017921079 -0.053807516 -0.004039512 0.998382330
1341845690.069636 -0.034262765 0.066880442 -0.055797454 0.019667452 -0.053908490 -0.003286439 0.998346806
1341845690.106587 -0.037994742 0.067313761 -0.055822983 0.019559383 -0.053548522 -0.003340060 0.998368084
1341845690.138859 -0.032718204 0.066531442 -0.055297814 0.019312412 -0.054889638 -0.004505915 0.998295486
1341845690.169919 -0.032029659 0.065674342 -0.054759834 0.019275930 -0.054359380 -0.003379222 0.998329639
1341845690.206103 -0.035428327 0.068776906 -0.057156201 0.019196499 -0.053818334 -0.003594120 0.998359740
1341845690.237700 -0.033623148 0.062484290 -0.056013778 0.017481631 -0.054790035 -0.003613754 0.998338342
1341845690.269981 -0.035019260 0.065007046 -0.055782188 0.018670423 -0.055882029 -0.004063747 0.998254538
1341845690.306143 -0.031189678 0.064425819 -0.057568476 0.018920405 -0.057630390 -0.005097618 0.998145700
1341845690.338646 -0.033613294 0.066735700 -0.057473119 0.018430632 -0.057315983 -0.004017237 0.998177886
1341845690.373833 -0.030729132 0.068875015 -0.055235401 0.017674847 -0.058450844 -0.004313666 0.998124480
1341845690.405976 -0.032728545 0.070889682 -0.053284336 0.018275857 -0.058062904 -0.005895907 0.998128235
1341845690.437908 -0.027448876 0.068896592 -0.052480470 0.018034140 -0.058620762 -0.005318673 0.998103261
1341845690.473654 -0.033573598 0.068125650 -0.053031966 0.017811198 -0.058245476 -0.004323137 0.998134017
1341845690.505978 -0.036044590 0.066030480 -0.053099871 0.018142760 -0.059340838 -0.004953682 0.998060584
1341845690.537884 -0.030973287 0.068081930 -0.053615604 0.018688954 -0.060260829 -0.006490312 0.997986615
1341845690.573708 -0.030295562 0.071646102 -0.054402892 0.018601201 -0.058953274 -0.005763701 0.998070776
1341845690.605848 -0.031158656 0.067367263 -0.051634599 0.017699899 -0.058474608 -0.003965775 0.998124123
1341845690.641747 -0.032860778 0.066084132 -0.053336643 0.018503530 -0.058698189 -0.004952387 0.998091996
1341845690.673751 -0.026570886 0.068737224 -0.048774831 0.018841738 -0.058763176 -0.004974775 0.998081744
1341845690.706003 -0.030069383 0.065717891 -0.051777672 0.018581377 -0.056950919 -0.005206169 0.998190463
1341845690.741684 -0.030300235 0.067048639 -0.050011117 0.019736152 -0.056440391 -0.006015408 0.998192787
1341845690.773770 -0.025288878 0.065244280 -0.049710099 0.019573420 -0.056575403 -0.005221449 0.998192787
1341845690.805715 -0.027310694 0.064606383 -0.050425440 0.019872004 -0.055062093 -0.004982961 0.998272717
1341845690.841674 -0.027974658 0.066672906 -0.049993139 0.020431992 -0.054339528 -0.004638127 0.998302698
1341845690.873770 -0.025960233 0.069421746 -0.050727919 0.020568464 -0.053892434 -0.004917098 0.998322785
1341845690.909837 -0.028007792 0.065364450 -0.050150514 0.019548630 -0.052701022 -0.003703321 0.998412132
1341845690.941576 -0.027800420 0.066282645 -0.049583126 0.019480394 -0.052626669 -0.003683975 0.998417437
1341845690.973879 -0.028010635 0.067680657 -0.051372059 0.019835696 -0.052033354 -0.003638176 0.998441696
1341845691.011558 -0.027553895 0.072068483 -0.049331333 0.020403484 -0.051296245 -0.002428869 0.998472095
1341845691.077986 -0.027055336 0.069950797 -0.048256300 0.020556144 -0.051526677 -0.003975647 0.998452127
1341845691.109685 -0.024412818 0.070060499 -0.047714721 0.020927293 -0.051129192 -0.004364333 0.998463213
1341845691.141759 -0.024153516 0.068852894 -0.050065853 0.021330932 -0.050112542 -0.003582547 0.998509347
1341845691.177729 -0.026571006 0.069849424 -0.048302699 0.022350926 -0.050059576 -0.004594216 0.998485565
1341845691.209644 -0.023806022 0.072038904 -0.049324591 0.022623956 -0.050606281 -0.006330443 0.998442352
1341845691.241757 -0.019259647 0.072360456 -0.048438113 0.022560379 -0.049989909 -0.006215265 0.998475552
1341845691.277595 -0.028274156 0.065052785 -0.049997229 0.022239070 -0.048763137 -0.005312484 0.998548627
1341845691.310138 -0.028171960 0.067369491 -0.054484613 0.022888107 -0.050556496 -0.006504263 0.998437703
1341845691.345620 -0.016516492 0.070536658 -0.049641527 0.023442343 -0.051748220 -0.007958648 0.998353302
1341845691.378062 -0.021171633 0.067956805 -0.051518857 0.023535749 -0.048778832 -0.009238348 0.998489559
1341845691.451922 -0.019617010 0.078173421 -0.051327292 0.025671471 -0.048723258 -0.009791939 0.998434365
1341845691.509739 -0.022533024 0.066926777 -0.052120537 0.023025751 -0.046759259 -0.010105335 0.998589635
1341845691.545833 -0.016779419 0.068349704 -0.054466859 0.023275163 -0.048043754 -0.011191223 0.998511314
1341845691.578399 -0.017428495 0.071053885 -0.055140469 0.022825649 -0.046480887 -0.013820109 0.998562753
1341845691.613857 -0.006294661 0.068215534 -0.053098358 0.022696456 -0.045245469 -0.018081617 0.998554349
1341845691.645632 -0.019187715 0.068561979 -0.054781605 0.024032228 -0.040149312 -0.020924168 0.998685479
1341845691.677793 -0.020062288 0.067991897 -0.052976135 0.024598844 -0.040184870 -0.018216481 0.998723328
1341845691.713727 -0.021548713 0.066741854 -0.053470034 0.024801938 -0.041697983 -0.015757876 0.998698115
1341845691.746050 -0.011906338 0.076430991 -0.049292523 0.027073458 -0.043148227 -0.017487662 0.998548687
1341845691.778411 -0.008988663 0.078754619 -0.052544948 0.026169751 -0.040970754 -0.018433783 0.998647451
1341845691.813646 -0.010409138 0.072574474 -0.047555234 0.023755714 -0.039867684 -0.016283233 0.998789847
1341845691.845603 -0.017685287 0.069550097 -0.050505951 0.023399042 -0.039767463 -0.015604347 0.998813033
1341845691.881595 -0.010658097 0.074656896 -0.049216751 0.024614876 -0.041742511 -0.017323213 0.998674929
1341845691.913600 -0.007580377 0.074434064 -0.048163507 0.024559198 -0.041267287 -0.016837964 0.998704314
1341845691.945997 -0.017394364 0.068058625 -0.052256964 0.023970120 -0.040210694 -0.014521647 0.998798132
1341845691.981657 -0.020648126 0.065979369 -0.051623121 0.025524218 -0.044443421 -0.011691776 0.998617351
1341845692.013904 -0.012542797 0.068145081 -0.051145680 0.027765729 -0.049623549 -0.009485991 0.998336911
1341845692.049676 -0.006685580 0.072616324 -0.047224294 0.029047607 -0.051358812 -0.008894051 0.998218119
1341845692.081862 -0.010696010 0.066303827 -0.050371472 0.028456688 -0.051457260 -0.008513766 0.998233378
1341845692.113695 -0.003573934 0.071343862 -0.049045261 0.029829022 -0.053724643 -0.009148609 0.998068213
1341845692.149736 0.002201040 0.067949049 -0.050520014 0.028968794 -0.053668834 -0.009739985 0.998090982
1341845692.182123 -0.006243090 0.068302639 -0.052732505 0.030255487 -0.051265333 -0.010049481 0.998176098
1341845692.213661 -0.000900658 0.068098597 -0.050579444 0.030906102 -0.052781809 -0.008391432 0.998092413
1341845692.249828 -0.002600322 0.071236528 -0.053821992 0.031278100 -0.052105740 -0.008998812 0.998111069
1341845692.282146 -0.002436384 0.067837186 -0.054420166 0.030142363 -0.051272407 -0.009568003 0.998183846
1341845692.317711 -0.000907990 0.062284037 -0.053496845 0.028941933 -0.052318573 -0.009595910 0.998164833
1341845692.349688 0.000505421 0.065153211 -0.054128718 0.030139871 -0.053748272 -0.010264382 0.998046756
1341845692.381560 0.004708489 0.061987478 -0.057465907 0.030936580 -0.054224160 -0.011142915 0.997987270
1341845692.417776 0.004351520 0.062347032 -0.055210318 0.031901743 -0.053903732 -0.012209917 0.997961760
1341845692.449672 0.003268016 0.052350353 -0.060307562 0.030845620 -0.053659763 -0.013910870 0.997985840
1341845692.481594 0.000011423 0.054902326 -0.061345056 0.032281734 -0.053509772 -0.014447862 0.997940779
1341845692.517778 0.006235913 0.048052508 -0.062745467 0.032355327 -0.054815870 -0.014854615 0.997861564
1341845692.549744 0.001699371 0.062101081 -0.062352430 0.036160801 -0.054019041 -0.015210912 0.997768998
1341845692.585822 0.003997867 0.060388662 -0.065005451 0.035894707 -0.054350391 -0.015981255 0.997748554
1341845692.617836 0.002776284 0.057037987 -0.065937340 0.035841566 -0.053246360 -0.015209503 0.997822046
1341845692.649770 -0.000477330 0.059308346 -0.067140095 0.036992639 -0.052611548 -0.014987649 0.997817099
1341845692.685749 0.001794868 0.059986372 -0.067975156 0.037237030 -0.054170463 -0.015030487 0.997723937
1341845692.717676 0.005434595 0.061946202 -0.066495486 0.037887953 -0.054372452 -0.015511282 0.997681081
1341845692.749897 0.001155839 0.057309438 -0.067733757 0.037226900 -0.052141264 -0.014630239 0.997838378
1341845692.785833 -0.007151283 0.055838250 -0.071811385 0.037904438 -0.051564764 -0.015770858 0.997825444
1341845692.817657 0.000962724 0.058488864 -0.070515446 0.039554838 -0.053795360 -0.018988753 0.997587562
1341845692.853833 0.000045883 0.053546336 -0.075604521 0.039586484 -0.052026682 -0.020131931 0.997657716
1341845692.885614 -0.002767534 0.052673317 -0.074048266 0.041031025 -0.051634610 -0.020598849 0.997610152
1341845692.917728 0.002441700 0.054963496 -0.071986683 0.042292401 -0.053319361 -0.021109788 0.997458160
1341845692.953573 0.002140743 0.055064805 -0.072861172 0.043138806 -0.052324675 -0.022042550 0.997454405
1341845692.985667 -0.001339867 0.052482631 -0.077503100 0.043887533 -0.051298924 -0.022093080 0.997473896
1341845693.017585 -0.001342336 0.057104040 -0.077988230 0.044510707 -0.051438969 -0.022276701 0.997434974
1341845693.053684 0.001142008 0.053758599 -0.074051172 0.044057976 -0.051257093 -0.022277541 0.997464418
1341845693.086059 -0.002382051 0.054616794 -0.076474756 0.045086484 -0.050685655 -0.021576250 0.997463107
1341845693.121690 -0.004310386 0.056044944 -0.077137187 0.045376096 -0.051519297 -0.019815980 0.997443795
1341845693.153852 0.000414287 0.063320592 -0.077613614 0.045726731 -0.053151730 -0.020295696 0.997332454
1341845693.185655 0.002703186 0.061577149 -0.077698201 0.044720214 -0.051582139 -0.021082973 0.997444153
1341845693.221687 -0.007048223 0.054303695 -0.080300875 0.043557353 -0.049706221 -0.018783227 0.997636855
1341845693.254518 -0.007463234 0.056348182 -0.077506647 0.044580251 -0.052919891 -0.016470188 0.997467220
1341845693.289735 0.007100206 0.064994521 -0.075480931 0.046082821 -0.055389598 -0.017725291 0.997243285
1341845693.321741 0.014017971 0.068576440 -0.067069761 0.046075523 -0.051790461 -0.017807921 0.997435570
1341845693.353715 0.012578388 0.066047214 -0.068633720 0.045928590 -0.048586432 -0.015532682 0.997641563
1341845693.421993 0.010848150 0.066348225 -0.068930775 0.046406765 -0.045059483 -0.016570507 0.997768283
1341845693.453700 0.011364835 0.067034096 -0.068743192 0.046844844 -0.043480247 -0.019135507 0.997771978
1341845693.489783 0.012157288 0.063161485 -0.069858842 0.047199685 -0.042039271 -0.019119790 0.997817278
1341845693.522084 0.003665419 0.059845213 -0.069556743 0.048580702 -0.041507877 -0.018484645 0.997785211
1341845693.557666 0.006695625 0.062106520 -0.070139177 0.050717484 -0.043413837 -0.019185062 0.997584522
1341845693.589792 0.011197045 0.063577175 -0.071097329 0.051795579 -0.044643153 -0.020644249 0.997445762
1341845693.622158 0.009895339 0.067725174 -0.069785401 0.052578054 -0.043229256 -0.021383887 0.997451484
1341845693.689929 0.014284980 0.072150417 -0.068554021 0.052114762 -0.042638186 -0.020053856 0.997528911
1341845693.721602 0.012954001 0.072058372 -0.070359595 0.049701363 -0.040898379 -0.021670498 0.997691095
1341845693.757636 0.011412443 0.066290602 -0.072430775 0.046857711 -0.039998718 -0.021204730 0.997875154
1341845693.789776 0.007864495 0.067406915 -0.070899844 0.046292827 -0.040441815 -0.020448305 0.997899413
1341845693.825637 0.006764850 0.071144126 -0.072385117 0.045357782 -0.040501654 -0.020627944 0.997936249
1341845693.857724 0.008400801 0.064512454 -0.069414005 0.043550014 -0.040799342 -0.019690467 0.998023570
1341845693.889741 0.009162589 0.069067784 -0.068023615 0.044774454 -0.040697426 -0.018159186 0.998002648
1341845693.925573 0.010450500 0.067192942 -0.068238400 0.043900669 -0.040722691 -0.017011968 0.998060644
1341845693.957722 0.011148342 0.067247733 -0.065613978 0.044700947 -0.040410634 -0.016455745 0.998047113
1341845693.990410 0.013026685 0.066078372 -0.067107387 0.045225892 -0.039639398 -0.016494181 0.998053730
1341845694.025740 0.012833266 0.066069417 -0.067944720 0.045618840 -0.038072940 -0.017642597 0.998077214
1341845694.057728 0.013837454 0.062619999 -0.067004137 0.045638833 -0.037499223 -0.017172404 0.998106182
1341845694.093631 0.013393347 0.060660768 -0.065736763 0.047005791 -0.037662748 -0.016958032 0.998040259
1341845694.125598 0.014798710 0.062349696 -0.068452470 0.048613705 -0.037961423 -0.017127456 0.997949064
1341845694.157890 0.009916559 0.065566786 -0.069117263 0.049740322 -0.036341466 -0.018383693 0.997931480
1341845694.193528 0.009998190 0.063143790 -0.067265294 0.050462503 -0.035908375 -0.018378137 0.997911036
1341845694.226254 0.015267857 0.063093312 -0.069295801 0.051502846 -0.036928568 -0.017932218 0.997828722
1341845694.261793 0.014787802 0.063972004 -0.067855127 0.052184220 -0.036491312 -0.016941553 0.997826755
1341845694.293655 0.007808039 0.065000065 -0.068057269 0.053038642 -0.035338592 -0.015855942 0.997841001
1341845694.325844 0.005785343 0.059963841 -0.069875821 0.053489652 -0.036771506 -0.013133548 0.997804701
1341845694.361761 0.007876211 0.063764788 -0.067872621 0.055542052 -0.039408479 -0.011584401 0.997611105
1341845694.393754 0.007180554 0.062909439 -0.069413818 0.056246918 -0.041089598 -0.011198577 0.997508168
1341845694.425809 0.004916170 0.063941360 -0.071684204 0.056307543 -0.042233944 -0.011726850 0.997450888
1341845694.461731 0.010541516 0.070241794 -0.067267522 0.057048142 -0.044359159 -0.011990755 0.997313380
1341845694.493931 0.010344747 0.071463011 -0.068115935 0.055888396 -0.043978915 -0.013573960 0.997375607
1341845694.529694 0.006491694 0.066765606 -0.069783501 0.053797685 -0.043084286 -0.014217769 0.997520626
1341845694.561652 0.008482992 0.062887371 -0.070120133 0.053011645 -0.044715792 -0.014058011 0.997493207
1341845694.595586 0.009772815 0.065995105 -0.070830986 0.054439627 -0.046255846 -0.012687858 0.997364402
1341845694.629850 0.006963688 0.062072456 -0.072127946 0.055184178 -0.047625907 -0.011900817 0.997268677
1341845694.661659 0.015819866 0.067578845 -0.069155440 0.057697408 -0.049496654 -0.010626148 0.997049749
1341845694.693720 0.030312281 0.073866270 -0.070361018 0.057773124 -0.047389835 -0.009124621 0.997162580
1341845694.735664 0.028781425 0.071997240 -0.070027187 0.055612270 -0.040250115 -0.008355804 0.997605860
1341845694.767988 0.027332587 0.073727600 -0.071361385 0.054109499 -0.034264088 -0.006606724 0.997925103
1341845694.803611 0.026946459 0.073140293 -0.064983130 0.052102093 -0.028943114 -0.005176303 0.998208821
1341845694.835585 0.020428570 0.069661707 -0.067370512 0.050679866 -0.023866670 -0.005042890 0.998417020
1341845694.867728 0.021031851 0.072194532 -0.066644825 0.050147761 -0.021214880 -0.003902853 0.998508871
1341845694.903566 0.021753835 0.074462086 -0.063594542 0.048989855 -0.018745841 -0.003542484 0.998617053
1341845694.935679 0.018985648 0.067880258 -0.062902473 0.047800466 -0.016431706 -0.002770389 0.998717904
1341845694.967669 0.019114774 0.072801806 -0.063446321 0.049041081 -0.015281910 -0.001699259 0.998678386
1341845695.003730 0.024608031 0.075942591 -0.059224498 0.049618568 -0.014046670 -0.000322731 0.998669446
1341845695.035689 0.029413272 0.073667727 -0.056340624 0.049302537 -0.011521594 0.000324606 0.998717368
1341845695.072465 0.022497211 0.068612099 -0.061415736 0.048399601 -0.008679538 0.000776796 0.998790026
1341845695.103895 0.017674420 0.070939280 -0.058061015 0.049088448 -0.009623238 0.001705733 0.998746634
1341845695.135680 0.014488848 0.062767826 -0.059834909 0.049003776 -0.012445603 0.001596659 0.998719811
1341845695.172193 0.010513430 0.061317533 -0.056441195 0.051780336 -0.017556816 0.002046731 0.998502076
1341845695.203618 0.017357918 0.063624814 -0.056767672 0.055172682 -0.026833512 0.003258168 0.998110890
1341845695.235612 0.019931693 0.040314112 -0.078264385 0.054519180 -0.033967339 0.003192850 0.997929692
1341845695.271738 0.019298678 0.049218871 -0.071278207 0.058978047 -0.039545674 0.001802460 0.997474074
1341845695.303569 0.029057717 0.052829910 -0.068407506 0.061088193 -0.045271751 0.000911566 0.997104764
1341845695.335657 0.012997940 0.068702661 -0.064407036 0.064410664 -0.045987312 -0.001866417 0.996861577
1341845695.371706 0.018300725 0.068026431 -0.058768049 0.064648740 -0.050158545 -0.004990603 0.996634245
1341845695.403745 0.018070310 0.067822814 -0.059471190 0.064975843 -0.053053718 -0.007021399 0.996450782
1341845695.435657 0.014902356 0.062027667 -0.062878497 0.065507866 -0.056063879 -0.007350283 0.996248722
1341845695.471720 0.012808725 0.064728290 -0.064800732 0.067349292 -0.059876032 -0.007413884 0.995903611
1341845695.503710 0.011789279 0.064877912 -0.068232648 0.067182526 -0.062857628 -0.008491985 0.995722532
1341845695.539693 0.014480240 0.063222349 -0.065418653 0.066682391 -0.065754779 -0.009728465 0.995557666
1341845695.603908 0.021388479 0.060962979 -0.062181991 0.067005880 -0.069360726 -0.012225418 0.995263696
1341845695.665980 0.022615323 0.058477893 -0.065417148 0.065860003 -0.072458282 -0.013381035 0.995104611
1341845695.701693 0.020717246 0.061899949 -0.064985625 0.066455774 -0.073246084 -0.012765693 0.995015383
1341845695.733686 0.027526539 0.063921966 -0.063863456 0.066591009 -0.075155720 -0.011719002 0.994876862
1341845695.769679 0.029286241 0.063810691 -0.064198859 0.066041939 -0.075599216 -0.011613769 0.994881034
1341845695.801697 0.025322912 0.065647818 -0.065874644 0.064903751 -0.074481092 -0.011577328 0.995040715
1341845695.833635 0.024622181 0.062808260 -0.066217214 0.063577123 -0.074139200 -0.011093684 0.995157421
1341845695.869766 0.027059469 0.062739842 -0.064068615 0.063301615 -0.074253283 -0.009533639 0.995182633
1341845695.901827 0.022872496 0.062732279 -0.069147907 0.062204506 -0.073357545 -0.009221843 0.995321155
1341845695.933900 0.025279436 0.063021973 -0.066083141 0.060828026 -0.073873840 -0.008134351 0.995377541
1341845695.969774 0.028454859 0.062413272 -0.063122667 0.059954450 -0.073676638 -0.007599888 0.995449364
1341845696.001940 0.029573463 0.063100033 -0.063010491 0.059384484 -0.072966643 -0.006915158 0.995540857
1341845696.037778 0.026725944 0.063232891 -0.059700683 0.058418117 -0.071780793 -0.005074061 0.995695293
1341845696.069962 0.025379317 0.061017949 -0.061520595 0.057187833 -0.071815141 -0.003204663 0.995772004
1341845696.102048 0.024094278 0.062153798 -0.062973455 0.057343543 -0.072277062 -0.001803521 0.995733142
1341845696.137759 0.021631990 0.066939175 -0.063062854 0.057528619 -0.072278939 -0.001769255 0.995722413
1341845696.169934 0.025912598 0.066416949 -0.059401538 0.056697000 -0.073553555 -0.001517205 0.995677173
1341845696.201602 0.024190757 0.066149034 -0.065945394 0.055774059 -0.073105365 -0.002710865 0.995759785
1341845696.237582 0.020128371 0.067656189 -0.066060394 0.054190718 -0.072281308 -0.003791172 0.995903790
1341845696.269654 0.023700727 0.063753784 -0.062390465 0.052348852 -0.073782675 -0.004128543 0.995890915
1341845696.305713 0.027652578 0.064098053 -0.061881319 0.052057218 -0.075416476 -0.003163381 0.995787323
1341845696.337790 0.025434049 0.064341649 -0.061485350 0.051738594 -0.075537607 -0.001968414 0.995797813
1341845696.369780 0.021552753 0.064251684 -0.064055376 0.051374920 -0.075570270 -0.001681648 0.995814681
1341845696.406019 0.025243336 0.068557151 -0.063551173 0.050704509 -0.076544568 -0.001892712 0.995774269
1341845696.437910 0.028316032 0.067477077 -0.062695637 0.048802573 -0.077224173 -0.001258237 0.995817840
1341845696.473667 0.027293228 0.068446651 -0.062020879 0.047736652 -0.076108970 -0.001977974 0.995954156
1341845696.505801 0.028155493 0.068606243 -0.057684485 0.046064470 -0.075556390 -0.001556610 0.996075749
1341845696.537879 0.025448598 0.065813348 -0.060749698 0.044850584 -0.075163618 -0.000155293 0.996162057
1341845696.573790 0.024158292 0.068238355 -0.063356161 0.045069613 -0.075812697 0.000474947 0.996102870
1341845696.611644 0.028235462 0.068238027 -0.063799426 0.044810440 -0.077277839 0.000416956 0.996002018
1341845696.648592 0.027853806 0.068890557 -0.063486695 0.044330746 -0.077541187 0.000961190 0.996002614
1341845696.705640 0.028322889 0.069117911 -0.065006509 0.041872911 -0.076455235 0.001246383 0.996192575
1341845696.741801 0.031964697 0.068406664 -0.062363353 0.041231822 -0.075996406 0.001842420 0.996253550
1341845696.773765 0.030432137 0.070754349 -0.061912213 0.041433387 -0.074703164 0.002139000 0.996342361
1341845696.805698 0.030562865 0.071151756 -0.061751761 0.040073399 -0.074486874 0.003314122 0.996411026
1341845696.841908 0.034195274 0.070175685 -0.056926396 0.039523326 -0.074832223 0.004362142 0.996403039
1341845696.873637 0.033841174 0.073006496 -0.058275606 0.039233789 -0.073413588 0.004276737 0.996520400
1341845696.905693 0.035020810 0.071744911 -0.057974692 0.037643198 -0.072891600 0.005080704 0.996616244
1341845696.941841 0.029136663 0.072550386 -0.058712341 0.036420219 -0.071109138 0.005988113 0.996785462
1341845696.973560 0.032378949 0.070199840 -0.056561090 0.035187908 -0.071348883 0.008620474 0.996793270
1341845697.009723 0.032881279 0.076457500 -0.055502880 0.035230186 -0.071076795 0.008027947 0.996816158
1341845697.041678 0.033994019 0.070921198 -0.057468314 0.033151824 -0.069863617 0.008047486 0.996973097
1341845697.073636 0.034996182 0.065101884 -0.063610993 0.032448817 -0.068714403 0.007277894 0.997081995
1341845697.109770 0.032369711 0.074098565 -0.057901330 0.034383390 -0.067864217 0.006509775 0.997080684
1341845697.141787 0.031302907 0.073608391 -0.058846742 0.033458985 -0.067227304 0.006440199 0.997155726
1341845697.173791 0.037085406 0.068699181 -0.057714801 0.032635279 -0.068050377 0.007809674 0.997117400
1341845697.209803 0.038498517 0.073642738 -0.056349006 0.033815689 -0.068287827 0.008387317 0.997057140
1341845697.241685 0.038353782 0.075087778 -0.056620549 0.033509925 -0.067700125 0.008459760 0.997106969
1341845697.277780 0.039067116 0.071799807 -0.055978507 0.032571029 -0.067541078 0.008473219 0.997148752
1341845697.309575 0.034016550 0.073232412 -0.056561165 0.032664426 -0.067073062 0.008604704 0.997176111
1341845697.342252 0.033821642 0.072494566 -0.055772237 0.032339092 -0.067317471 0.008968561 0.997167051
1341845697.377604 0.033982329 0.073135063 -0.055159926 0.032813996 -0.067525946 0.008323742 0.997143030
1341845697.409528 0.030862579 0.073518582 -0.054333314 0.032676280 -0.066596478 0.007825691 0.997214079
1341845697.441666 0.033285107 0.072824098 -0.049569365 0.032714009 -0.066906899 0.007955800 0.997191072
1341845697.477718 0.032384679 0.072931916 -0.049214106 0.033808134 -0.066943161 0.008188173 0.997150242
1341845697.509822 0.030482326 0.075665608 -0.054459658 0.034147475 -0.066338859 0.007119457 0.997187257
1341845697.545892 0.027547905 0.073044553 -0.058248024 0.033751026 -0.066289365 0.007253080 0.997203052
1341845697.577742 0.034106355 0.075996809 -0.054470293 0.034891963 -0.068270154 0.007864104 0.997025549
1341845697.609653 0.031480026 0.077638589 -0.056648467 0.035135277 -0.068350606 0.007995413 0.997010410
1341845697.645769 0.037551779 0.078826874 -0.054209430 0.034730684 -0.069885209 0.009328667 0.996906638
1341845697.677795 0.036773670 0.076872684 -0.053125449 0.034251481 -0.069562145 0.008928444 0.996949494
1341845697.713520 0.035195857 0.080254301 -0.051326793 0.034232825 -0.069192827 0.008889918 0.996976137
1341845697.745975 0.035669994 0.076113462 -0.051918633 0.032937091 -0.069567040 0.009445793 0.996988654
1341845697.777683 0.035825387 0.079570636 -0.053935718 0.033403721 -0.069920257 0.009326840 0.996949553
1341845697.813673 0.034257125 0.083187990 -0.050162479 0.033305135 -0.069538593 0.009606238 0.996976852
1341845697.845793 0.033357527 0.084159136 -0.049874939 0.032118704 -0.068912819 0.009298568 0.997062147
1341845697.877887 0.035340600 0.079239130 -0.051346127 0.030255064 -0.069505118 0.009447910 0.997077942
1341845697.913637 0.036384534 0.080651455 -0.049490772 0.030352287 -0.069882840 0.009211653 0.997050762
1341845697.945734 0.036805913 0.083498999 -0.048249699 0.030191248 -0.069911368 0.008334463 0.997061372
1341845697.981763 0.033465952 0.082457326 -0.047128700 0.029653346 -0.069291279 0.008057167 0.997123122
1341845698.013639 0.035359796 0.082457386 -0.049031354 0.029849788 -0.069372244 0.007854818 0.997113228
1341845698.045700 0.033513267 0.082984276 -0.048437852 0.030402793 -0.069020763 0.006965997 0.997127533
1341845698.081804 0.035700466 0.081207342 -0.050061055 0.029843990 -0.070147224 0.007389493 0.997062743
1341845698.113733 0.035788883 0.081585459 -0.049515788 0.030065641 -0.070657484 0.007237841 0.997021139
1341845698.145605 0.033974875 0.082352817 -0.050108075 0.030602049 -0.070507295 0.006578617 0.997020066
1341845698.181637 0.034451816 0.080809958 -0.051584605 0.030392919 -0.070515670 0.006025249 0.997029364
1341845698.213981 0.030439848 0.081289358 -0.051952880 0.030825429 -0.070635863 0.005589077 0.997010112
1341845698.249641 0.035711654 0.083641738 -0.050067864 0.031737469 -0.072826453 0.005873857 0.996822238
1341845698.281737 0.034262195 0.085026883 -0.051034451 0.030710990 -0.072807394 0.005128123 0.996859908
1341845698.313940 0.036033895 0.081378125 -0.050592285 0.029921725 -0.073229715 0.004736412 0.996854901
1341845698.349629 0.035858393 0.081790097 -0.049976900 0.030322447 -0.073109403 0.003574857 0.996856451
1341845698.381667 0.033485275 0.083298549 -0.047855102 0.030608380 -0.073425263 0.003639362 0.996824265
1341845698.413724 0.036187954 0.082221068 -0.048852589 0.030787947 -0.075243495 0.004633492 0.996679008
1341845698.449543 0.031234279 0.082526505 -0.052111790 0.031235576 -0.075685568 0.004870968 0.996630490
1341845698.481693 0.038422599 0.082878977 -0.051411521 0.031022608 -0.078027584 0.005088414 0.996455431
1341845698.517644 0.040928692 0.082084440 -0.051264115 0.031098748 -0.079084180 0.004177795 0.996374011
1341845698.549633 0.039893955 0.082013927 -0.051869065 0.031754229 -0.079534635 0.003206357 0.996321082
1341845698.581773 0.039487734 0.082718566 -0.051703673 0.032693315 -0.080072299 0.001418633 0.996251762
1341845698.617608 0.041053254 0.084165066 -0.051976226 0.033075675 -0.080577046 0.000988395 0.996198952
1341845698.649887 0.041161120 0.080561072 -0.051511873 0.033010162 -0.080995038 0.000532222 0.996167600
1341845698.685838 0.042625308 0.084708825 -0.051978774 0.034772325 -0.081427790 0.000607490 0.996072292
1341845698.717744 0.043139100 0.085337907 -0.053554755 0.034424733 -0.081318565 0.000433533 0.996093392
1341845698.749680 0.043743327 0.081806280 -0.051529232 0.033367589 -0.081279583 0.000811727 0.996132314
1341845698.785826 0.044378221 0.083144799 -0.052911401 0.033450995 -0.081273541 0.001656856 0.996128976
1341845698.817603 0.044308472 0.083212160 -0.053540058 0.032848787 -0.081000544 0.001002316 0.996172130
1341845698.849705 0.041001651 0.084253117 -0.053047318 0.032062903 -0.080444872 0.000925288 0.996242821
1341845698.885714 0.041338287 0.083801195 -0.051620964 0.031760234 -0.080620363 0.000653433 0.996238530
1341845698.917723 0.043831144 0.084829696 -0.051587891 0.031131206 -0.080718413 0.000439495 0.996250570
1341845698.953706 0.041495577 0.084139623 -0.051839128 0.030367786 -0.079789490 -0.000070412 0.996349037
1341845698.985694 0.041791007 0.085083254 -0.050836474 0.030048059 -0.079803161 0.000300178 0.996357620
1341845699.017571 0.038663693 0.083602361 -0.053172875 0.028854806 -0.079716951 0.000717500 0.996399581
1341845699.053593 0.040520795 0.083692983 -0.053755593 0.027587365 -0.080167882 0.000778024 0.996399224
1341845699.086340 0.040128648 0.084205247 -0.054899067 0.025744589 -0.079847619 0.000724100 0.996474326
1341845699.117688 0.041411918 0.083284147 -0.055135924 0.023866877 -0.079886273 0.000296136 0.996518195
1341845699.153695 0.040421784 0.085131533 -0.052497625 0.022778684 -0.079625957 0.000219416 0.996564507
1341845699.185845 0.039599586 0.087873951 -0.051124018 0.022247028 -0.078985147 -0.000506702 0.996627390
1341845699.221973 0.036233865 0.086346447 -0.050596058 0.020851810 -0.078050323 -0.000706214 0.996731102
1341845699.253571 0.036203410 0.083558530 -0.050867416 0.020222409 -0.078575060 -0.000207180 0.996703088
1341845699.285622 0.040339042 0.081998847 -0.052044835 0.021025034 -0.080471985 0.000821371 0.996534765
1341845699.321906 0.043161802 0.085072480 -0.051791608 0.021962045 -0.081984162 0.002096331 0.996389449
1341845699.354916 0.045009792 0.083485946 -0.054757193 0.021754196 -0.082887702 0.002059458 0.996319294
1341845699.385859 0.042129412 0.084887296 -0.053407770 0.022355096 -0.082422711 0.001412707 0.996345699
1341845699.421535 0.043051541 0.084991030 -0.051814239 0.023010243 -0.082031310 0.000720354 0.996363819
1341845699.454093 0.043095756 0.087464876 -0.052751534 0.023221133 -0.081313759 -0.000484121 0.996417880
1341845699.489836 0.043212667 0.084724411 -0.052391853 0.022481315 -0.080619566 -0.000538505 0.996491253
1341845699.522001 0.041861948 0.083110556 -0.051906180 0.022471828 -0.081231527 0.000235613 0.996441901
1341845699.556281 0.042712562 0.081570119 -0.051869661 0.023030344 -0.081594579 0.000994090 0.996398985
1341845699.595416 0.042838067 0.083351761 -0.053157691 0.023754105 -0.081236571 0.000637288 0.996411562
1341845699.628631 0.047331043 0.084362887 -0.052149896 0.023519766 -0.080882490 0.000433230 0.996446013
1341845699.663810 0.045727119 0.079761848 -0.052277882 0.022749798 -0.079739057 0.001150851 0.996555448
1341845699.696113 0.043922182 0.081555784 -0.052424360 0.023883661 -0.079312049 0.002184899 0.996561289
1341845699.727683 0.040240552 0.086432420 -0.056297135 0.023249384 -0.078240186 0.001696640 0.996661961
1341845699.789808 0.042604797 0.085069828 -0.052572854 0.021496192 -0.077546805 0.000550264 0.996756792
1341845699.821737 0.043803222 0.083865345 -0.052755676 0.021210177 -0.077115536 0.000835788 0.996796191
1341845699.857825 0.042997412 0.083626732 -0.055170923 0.020884547 -0.077219777 0.000905058 0.996794939
1341845699.889686 0.044175126 0.084188864 -0.054451358 0.021242954 -0.077674203 0.000951262 0.996752024
1341845699.925749 0.047354434 0.083549105 -0.051920645 0.021475323 -0.077830382 0.001078975 0.996734738
1341845699.957536 0.045154463 0.082835644 -0.052955456 0.021986069 -0.077035628 0.001405695 0.996784925
1341845699.989671 0.046418965 0.082451940 -0.049499340 0.023008229 -0.077678397 0.003035307 0.996708333
1341845700.025810 0.048742149 0.083099201 -0.049819130 0.024190400 -0.078117974 0.003078318 0.996645808
1341845700.058133 0.051812105 0.082185723 -0.049618971 0.024652291 -0.078128286 0.002129406 0.996636212
1341845700.090754 0.051261064 0.084277324 -0.049604267 0.025169900 -0.077573180 0.001630832 0.996667564
1341845700.125852 0.052711271 0.083576463 -0.049034987 0.025203833 -0.077931389 0.001587128 0.996638834
1341845700.157773 0.053086959 0.082808726 -0.048501335 0.025655119 -0.077986918 0.001048819 0.996623695
1341845700.193533 0.052359547 0.085621573 -0.050089333 0.026429584 -0.077009879 0.000516855 0.996679842
1341845700.225771 0.051139846 0.082112625 -0.051078536 0.025785724 -0.076041758 0.000317418 0.996771097
1341845700.257669 0.052301202 0.082490593 -0.051798336 0.025966683 -0.075835414 0.000786360 0.996781886
1341845700.293641 0.052490648 0.081080474 -0.052912131 0.025624830 -0.075536042 0.002191439 0.996811330
1341845700.325714 0.051876236 0.081948511 -0.052022338 0.026122082 -0.075393401 0.002431056 0.996808708
1341845700.357742 0.052078292 0.084544495 -0.051179014 0.026632624 -0.074834839 0.001733877 0.996838748
1341845700.393681 0.053221241 0.086277381 -0.048982225 0.026423434 -0.074104153 0.000761180 0.996900082
1341845700.425997 0.054877374 0.083003305 -0.050065614 0.025567552 -0.073994674 0.000640977 0.996930599
1341845700.461682 0.055247508 0.083633572 -0.049103942 0.025601497 -0.073928513 0.000106990 0.996934891
1341845700.493808 0.053610932 0.084923469 -0.048938680 0.025612265 -0.073345758 -0.000089391 0.996977627
1341845700.526106 0.055868797 0.084103413 -0.047808763 0.025094545 -0.073746957 0.000122571 0.996961236
1341845700.562458 0.052462943 0.086285487 -0.048639882 0.025308490 -0.072922677 0.000338518 0.997016370
1341845700.626137 0.054155461 0.087630287 -0.049526103 0.025130993 -0.073333509 0.000844873 0.996990442
1341845700.661872 0.052088745 0.087924600 -0.050827708 0.024829460 -0.072242364 -0.000485106 0.997077882
1341845700.693861 0.049404707 0.087385610 -0.050068457 0.024236137 -0.071299054 -0.001144958 0.997159839
1341845700.732394 0.051136129 0.083015144 -0.049690694 0.023564471 -0.072461911 0.000461733 0.997092664
1341845700.767794 0.051461127 0.084310278 -0.049681667 0.024170032 -0.072757386 0.000637221 0.997056544
1341845700.799058 0.048763502 0.085609064 -0.050301682 0.024793122 -0.071822062 -0.000031591 0.997109294
1341845700.867749 0.052222315 0.087270334 -0.046147101 0.025223276 -0.072159678 -0.000397339 0.997074008
1341845700.930007 0.051577386 0.083272673 -0.046775393 0.025581950 -0.072929472 -0.000049155 0.997008979
1341845700.961797 0.052444704 0.085403547 -0.047166701 0.025902810 -0.072742328 -0.001065321 0.997013748
1341845700.997752 0.049567085 0.083637111 -0.048234075 0.025477689 -0.072151430 -0.001369317 0.997067273
1341845701.029597 0.050637867 0.083734311 -0.046621174 0.025552578 -0.072887361 -0.001296070 0.997011960
1341845701.061618 0.051487021 0.086217470 -0.047561072 0.026294043 -0.073436022 -0.001795663 0.996951640
1341845701.097561 0.049596310 0.084983505 -0.047552291 0.026344726 -0.073305316 -0.001726298 0.996960044
1341845701.129741 0.049626607 0.085686930 -0.049129695 0.026477937 -0.072853245 -0.001731859 0.996989608
1341845701.165734 0.048572529 0.084145397 -0.049470007 0.025977302 -0.072642773 -0.001683010 0.997018278
1341845701.197714 0.050761554 0.085356742 -0.049127992 0.026785331 -0.073504113 -0.000925311 0.996934712
1341845701.230497 0.053099807 0.085291810 -0.049641155 0.026907507 -0.074183591 -0.001150366 0.996880889
1341845701.265852 0.055162206 0.083763190 -0.045484778 0.026963936 -0.074886724 -0.000738051 0.996827185
1341845701.297730 0.057103213 0.083457686 -0.045588862 0.027977519 -0.076306649 -0.001028827 0.996691287
1341845701.329611 0.058262322 0.087561727 -0.046168391 0.028399708 -0.076173007 -0.001858680 0.996688366
1341845701.365791 0.056285981 0.084153228 -0.043771476 0.027389115 -0.075469911 -0.002080468 0.996769667
1341845701.397757 0.055942185 0.086336173 -0.044620823 0.027520664 -0.075173475 -0.002558773 0.996787369
1341845701.433542 0.054240845 0.086094178 -0.044124927 0.027084852 -0.074574381 -0.001797790 0.996845961
1341845701.465617 0.050920278 0.086842865 -0.045648988 0.027465925 -0.073957540 -0.000845758 0.996882737
1341845701.497704 0.052346200 0.087710440 -0.047259245 0.027264999 -0.074377880 -0.000313431 0.996857285
1341845701.533597 0.052218240 0.089400113 -0.046762638 0.027306816 -0.074396051 -0.000661961 0.996854603
1341845701.597762 0.056415506 0.088228665 -0.050785780 0.026783006 -0.074011281 -0.001262894 0.996896923
1341845701.633825 0.055819232 0.078943178 -0.050040130 0.026076216 -0.074263677 -0.002099046 0.996895492
1341845701.665709 0.061956659 0.085616849 -0.050746568 0.027593955 -0.075066388 -0.001019711 0.996796131
1341845701.701676 0.063178651 0.083048016 -0.047351331 0.027898317 -0.075110987 -0.000739464 0.996784568
1341845701.733527 0.061205059 0.084971875 -0.047693159 0.028662048 -0.074736968 -0.001130438 0.996790648
1341845701.765764 0.061128143 0.084884733 -0.047131743 0.028674766 -0.074628532 -0.001470743 0.996797979
1341845701.801701 0.061604749 0.084928706 -0.044785500 0.028690504 -0.074502878 -0.001377277 0.996807039
1341845701.833700 0.060705204 0.083739288 -0.043763835 0.028804399 -0.074217029 -0.001324102 0.996825159
1341845701.865775 0.061410185 0.085377932 -0.043375757 0.029292634 -0.074460357 -0.000842544 0.996793330
1341845701.901711 0.060716085 0.086136945 -0.045770060 0.029227881 -0.074014693 -0.000952831 0.996828318
1341845701.933585 0.058065593 0.088577174 -0.046922259 0.029454507 -0.073158458 -0.001513932 0.996884167
1341845701.969726 0.058335967 0.087609969 -0.046623591 0.028946197 -0.073209152 -0.001478250 0.996895373
1341845702.002544 0.060611535 0.087390274 -0.045782663 0.028981902 -0.073496319 -0.001558840 0.996873081
1341845702.034379 0.061126992 0.087098181 -0.044332258 0.029216914 -0.073364094 -0.001865082 0.996875405
1341845702.101809 0.058591686 0.087364651 -0.043366618 0.029617783 -0.073270857 -0.002567266 0.996868908
1341845702.137663 0.057820383 0.088056773 -0.042402893 0.030057473 -0.073577426 -0.002598891 0.996833086
1341845702.169629 0.059630182 0.088149294 -0.040988393 0.030635616 -0.074212916 -0.002947098 0.996767402
1341845702.201769 0.062820502 0.090351574 -0.040857676 0.031242438 -0.074245833 -0.003632984 0.996743858
1341845702.237691 0.062013041 0.084989347 -0.042159073 0.030388882 -0.073644221 -0.003924019 0.996813774
1341845702.269760 0.058186676 0.088145509 -0.040392954 0.031281132 -0.073226430 -0.004045175 0.996816456
1341845702.301761 0.059426583 0.087053426 -0.042517155 0.031111825 -0.072931089 -0.005058919 0.996838748
1341845702.337713 0.055683129 0.088099219 -0.042848028 0.030968569 -0.071841791 -0.005301068 0.996921062
1341845702.369720 0.051549885 0.084893472 -0.044442035 0.030273885 -0.071578607 -0.005067037 0.996962547
1341845702.405655 0.057342526 0.085888498 -0.042922292 0.030400261 -0.072563902 -0.004534024 0.996890008
1341845702.469691 0.058221348 0.082530111 -0.042984176 0.030054325 -0.071711898 -0.004695054 0.996961415
1341845702.506265 0.059517451 0.084608585 -0.040751323 0.030518383 -0.072022505 -0.003762784 0.996928930
1341845702.569753 0.067193426 0.075802237 -0.043831993 0.029100884 -0.073465057 -0.003041453 0.996868491
1341845702.605685 0.066445380 0.082483359 -0.044770677 0.029467562 -0.073452279 -0.002412844 0.996860385
1341845702.637718 0.064294711 0.076318793 -0.045614798 0.027961221 -0.073005632 -0.003264462 0.996934116
1341845702.673733 0.065429933 0.079492480 -0.044862583 0.028480543 -0.073063813 -0.003665571 0.996913791
1341845702.705735 0.063708492 0.081688665 -0.045672614 0.028332898 -0.072284050 -0.004332942 0.996972144
1341845702.737648 0.061687611 0.086442038 -0.045390304 0.028107395 -0.071155086 -0.005392140 0.997054577
1341845702.773644 0.059463795 0.087788582 -0.045998726 0.026496610 -0.070090748 -0.007034906 0.997163832
1341845702.805893 0.061741177 0.081760846 -0.048394788 0.024332052 -0.069786593 -0.007247734 0.997238815
1341845702.837969 0.061984669 0.088721029 -0.048745692 0.024286048 -0.069100678 -0.007826146 0.997283340
1341845702.874009 0.059638593 0.083485559 -0.045804214 0.021725101 -0.068059944 -0.008267798 0.997410417
1341845702.908704 0.057649389 0.080529518 -0.042896606 0.020786449 -0.067510761 -0.008169871 0.997468531
1341845702.941673 0.059935104 0.077222131 -0.043832663 0.021186845 -0.068182126 -0.007155857 0.997422218
1341845702.973595 0.055724159 0.075406812 -0.043178644 0.022997158 -0.068811692 -0.005379542 0.997350037
1341845703.005769 0.058901221 0.078318268 -0.044305455 0.025005845 -0.070762597 -0.003824453 0.997172356
1341845703.041648 0.061780114 0.081857100 -0.047014002 0.026836965 -0.071983993 -0.003610545 0.997038126
1341845703.073714 0.067899913 0.087506235 -0.049927652 0.026674977 -0.072439119 -0.004549932 0.997005701
1341845703.109699 0.068132430 0.086264767 -0.047198445 0.024363955 -0.070834391 -0.006258692 0.997170866
1341845703.142006 0.066132531 0.086625248 -0.047178227 0.023068074 -0.069093272 -0.007414866 0.997315884
1341845703.173706 0.058656257 0.078754514 -0.047403533 0.020617018 -0.067358412 -0.008875202 0.997476339
1341845703.209732 0.054394830 0.081750728 -0.044111174 0.020953830 -0.066868015 -0.008479889 0.997505724
1341845703.242050 0.060090836 0.079465762 -0.046694707 0.021612776 -0.067994222 -0.008192321 0.997417986
1341845703.273874 0.058848947 0.081273064 -0.048229922 0.022588341 -0.068441980 -0.007250119 0.997372985
1341845703.309758 0.058132589 0.081185065 -0.045198292 0.023418419 -0.069242127 -0.006293658 0.997305155
1341845703.341850 0.061142780 0.080075033 -0.045875497 0.023761934 -0.069800489 -0.006326134 0.997257829
1341845703.377702 0.063776575 0.082317211 -0.047501106 0.024832970 -0.069568463 -0.006555491 0.997246504
1341845703.409585 0.063885920 0.084076889 -0.048183445 0.025329262 -0.069390170 -0.006616981 0.997246027
1341845703.441629 0.057525858 0.085744150 -0.046928246 0.025342850 -0.068580344 -0.007542253 0.997295141
1341845703.477741 0.058181182 0.081283197 -0.048430584 0.024634697 -0.068690933 -0.008377287 0.997298598
1341845703.509995 0.051438805 0.085948952 -0.043015722 0.025933148 -0.067609116 -0.008833696 0.997335672
1341845703.541800 0.059030294 0.083112665 -0.047275256 0.026032418 -0.068813995 -0.009260139 0.997246802
1341845703.577765 0.060329579 0.080429032 -0.045699716 0.025599426 -0.069173314 -0.009983461 0.997226179
1341845703.609650 0.060549233 0.082551874 -0.045322392 0.026441477 -0.069435999 -0.009759459 0.997188210
1341845703.651761 0.061987918 0.082809888 -0.046172008 0.026834494 -0.069966607 -0.009589164 0.997142255
1341845703.709916 0.064934604 0.084317431 -0.046747677 0.027014358 -0.071692467 -0.009061814 0.997019708
1341845703.745719 0.067439638 0.089071997 -0.046147719 0.026709205 -0.071719833 -0.009644878 0.997020483
1341845703.777733 0.066689327 0.085754715 -0.045011997 0.024810269 -0.070491016 -0.010586159 0.997147620
1341845703.809711 0.062936634 0.085114509 -0.044682812 0.024485331 -0.069407240 -0.010359870 0.997234046
1341845703.845769 0.062879279 0.086112469 -0.044031467 0.024685670 -0.069594562 -0.010355422 0.997216105
1341845703.877728 0.062872283 0.084675178 -0.045207545 0.024278602 -0.069516055 -0.010711212 0.997227848
1341845703.913808 0.063406698 0.084606253 -0.046202570 0.023691697 -0.069461703 -0.009894785 0.997254193
1341845703.945653 0.065010346 0.080737695 -0.044021823 0.023292631 -0.069280744 -0.010735834 0.997267425
1341845703.977870 0.063506380 0.082079627 -0.045863852 0.024085665 -0.068661034 -0.011118813 0.997287273
1341845704.013637 0.064822204 0.077652134 -0.044235729 0.024121454 -0.069253869 -0.010902473 0.997247815
1341845704.045703 0.058176652 0.080757916 -0.041907869 0.025671370 -0.068638012 -0.010666754 0.997254252
1341845704.077666 0.066049367 0.079920217 -0.046256598 0.025908293 -0.069863148 -0.009664900 0.997173250
1341845704.113706 0.063232824 0.084721826 -0.047060449 0.026688417 -0.069026425 -0.009508994 0.997212470
1341845704.145681 0.069105461 0.079292759 -0.049362257 0.025389927 -0.069547743 -0.009980910 0.997205496
1341845704.181785 0.069759995 0.081408493 -0.047225337 0.025322294 -0.069280759 -0.010288937 0.997222722
1341845704.213778 0.065405488 0.077903949 -0.047208451 0.024728924 -0.068560220 -0.010713184 0.997282922
1341845704.245863 0.065536864 0.079262339 -0.046074215 0.024844894 -0.068497539 -0.010353959 0.997288167
1341845704.281578 0.059657939 0.085363120 -0.043845534 0.025463022 -0.067279741 -0.009614101 0.997362852
1341845704.313707 0.066644266 0.084418066 -0.047517683 0.024561385 -0.067784548 -0.009274017 0.997354507
1341845704.349873 0.072363950 0.087092303 -0.045578785 0.024303755 -0.067276895 -0.009161031 0.997396231
1341845704.381729 0.068157308 0.086835392 -0.044017591 0.023523992 -0.064988084 -0.009681348 0.997561753
1341845704.413817 0.069524400 0.085767515 -0.040389661 0.023453571 -0.063817605 -0.009411443 0.997641563
1341845704.449837 0.070083067 0.087251700 -0.047417954 0.023493471 -0.062079601 -0.009781851 0.997746706
1341845704.481600 0.065291040 0.087171488 -0.042845879 0.022519512 -0.059822503 -0.010263450 0.997902215
1341845704.513671 0.060087506 0.075937085 -0.040318746 0.021863300 -0.058691811 -0.009812744 0.997988462
1341845704.549869 0.055279791 0.072472639 -0.043659825 0.025695629 -0.058871739 -0.006566144 0.997913182
1341845704.581901 0.054180577 0.079902269 -0.037710514 0.030909261 -0.060983870 -0.005293735 0.997646034
1341845704.617838 0.057402845 0.083587885 -0.040164169 0.033214044 -0.062019799 -0.006025224 0.997503936
1341845704.650477 0.065039515 0.081813045 -0.041281510 0.033306696 -0.063339368 -0.007424222 0.997408509
1341845704.681708 0.057460919 0.079945624 -0.041982587 0.034207657 -0.062609911 -0.007701979 0.997421920
1341845704.717704 0.061182089 0.079735771 -0.039902944 0.035461880 -0.064567260 -0.008014525 0.997250855
1341845704.749702 0.069521718 0.081717119 -0.044540364 0.036051650 -0.066077001 -0.008938846 0.997122943
1341845704.781791 0.063114852 0.085422285 -0.040344484 0.035748333 -0.064711779 -0.011292550 0.997199535
1341845704.817744 0.052955776 0.076401889 -0.041471556 0.034990221 -0.063669622 -0.012521194 0.997278869
1341845704.849705 0.056271676 0.080780603 -0.042490467 0.037175573 -0.066009387 -0.012227265 0.997051299
1341845704.885675 0.055756718 0.081445724 -0.044432830 0.037451316 -0.066701576 -0.012795147 0.996987760
1341845704.917742 0.062026851 0.083179303 -0.045344524 0.037059277 -0.068329871 -0.012557007 0.996895134
1341845704.949746 0.059677146 0.086170286 -0.044852559 0.037046567 -0.068487234 -0.013858683 0.996867597
1341845704.985761 0.056374021 0.084395073 -0.045229815 0.035904989 -0.068292789 -0.014649011 0.996911407
1341845705.017537 0.056561299 0.083568655 -0.044494510 0.035078824 -0.068835393 -0.015148371 0.996896029
1341845705.049660 0.055784658 0.087131537 -0.040837858 0.034768108 -0.068932064 -0.015799223 0.996890128
1341845705.085710 0.055084255 0.083699368 -0.042680994 0.033795029 -0.069446728 -0.016078008 0.996883392
1341845705.117831 0.054801513 0.084095284 -0.046574064 0.033876080 -0.070003137 -0.016602624 0.996833146
1341845705.154005 0.059139341 0.087648079 -0.047143862 0.032967594 -0.070741162 -0.016579522 0.996811926
1341845705.185648 0.058970924 0.085080132 -0.043491594 0.031854041 -0.070560768 -0.016567595 0.996861041
1341845705.217695 0.059973817 0.080733426 -0.047293194 0.031113574 -0.070118830 -0.016910208 0.996909916
1341845705.253735 0.053924348 0.085366108 -0.044049606 0.031278547 -0.068822466 -0.017252469 0.996989191
1341845705.285554 0.053873543 0.078676641 -0.046024334 0.029917859 -0.068940617 -0.017088847 0.997025669
1341845705.321646 0.056613121 0.083960995 -0.041963723 0.031171739 -0.070022076 -0.016131060 0.996927798
1341845705.353674 0.056264583 0.086043797 -0.042800061 0.031776089 -0.070306532 -0.015183869 0.996903598
1341845705.385774 0.061809812 0.081505962 -0.044230644 0.031454992 -0.071255967 -0.015450195 0.996842265
1341845705.421801 0.056454908 0.079041444 -0.042439710 0.032125439 -0.069980606 -0.016215514 0.996899068
1341845705.453568 0.057127248 0.078103043 -0.040642697 0.034153670 -0.070247106 -0.015429617 0.996825337
1341845705.485749 0.058013555 0.080102295 -0.041923657 0.036235582 -0.071472622 -0.014061794 0.996684968
1341845705.521655 0.060005289 0.079090826 -0.042561252 0.037441980 -0.072310887 -0.013035972 0.996593833
1341845705.553548 0.058136668 0.083521418 -0.043531004 0.038825836 -0.072033323 -0.012322213 0.996570110
1341845705.589775 0.061174750 0.084198318 -0.042495225 0.038594600 -0.072245046 -0.012622843 0.996559978
1341845705.621894 0.055963628 0.088238262 -0.043837335 0.039288361 -0.071569726 -0.011745271 0.996592343
1341845705.653569 0.050923970 0.085819945 -0.042516820 0.038954046 -0.073362924 -0.010925458 0.996484399
1341845705.689868 0.060621712 0.085720375 -0.038853396 0.039610185 -0.076400340 -0.011632199 0.996222258
1341845705.721810 0.061164100 0.089212179 -0.039400022 0.039904933 -0.075560734 -0.011431301 0.996276796
1341845705.753738 0.062014692 0.081435181 -0.042293139 0.038716372 -0.075042032 -0.013308537 0.996339619
1341845705.789861 0.063762322 0.083839715 -0.041344065 0.039081823 -0.074349329 -0.012662082 0.996385694
1341845705.821704 0.056563918 0.084193036 -0.040434990 0.038871925 -0.072501794 -0.012081947 0.996537268
1341845705.863629 0.051899578 0.083546959 -0.038323011 0.039337825 -0.072866000 -0.012370218 0.996488869
1341845705.895623 0.052744068 0.080052897 -0.041853122 0.040360410 -0.074533269 -0.010314471 0.996348023
1341845705.931726 0.051009879 0.084605649 -0.041867189 0.042456184 -0.076630481 -0.008503539 0.996118963
1341845705.963641 0.054061659 0.090211488 -0.042236056 0.043275729 -0.078820482 -0.010385008 0.995894909
1341845705.995677 0.064491227 0.095022671 -0.038718175 0.042476881 -0.079803258 -0.014473182 0.995800018
1341845706.031837 0.063561328 0.095176958 -0.035675835 0.040051166 -0.077732280 -0.015219503 0.996053219
1341845706.063631 0.051831972 0.087639935 -0.036265276 0.038163394 -0.076774426 -0.015359128 0.996199429
1341845706.095737 0.054268677 0.090200804 -0.034423757 0.038754132 -0.078855172 -0.016481094 0.995996177
1341845706.131716 0.062436868 0.091685548 -0.031784240 0.037748992 -0.079454467 -0.017667739 0.995966792
1341845706.163718 0.056765869 0.087438650 -0.028479679 0.036509972 -0.077164061 -0.016655028 0.996210515
1341845706.195662 0.059224933 0.090019137 -0.031602811 0.037426449 -0.078141898 -0.015307048 0.996121883
1341845706.231610 0.065171003 0.093039624 -0.026673192 0.037209302 -0.078511901 -0.015683699 0.996095061
1341845706.263724 0.064583831 0.095321745 -0.024885252 0.036402911 -0.076535769 -0.014357341 0.996298611
1341845706.299838 0.056367069 0.093520515 -0.025566988 0.035037197 -0.075013161 -0.013390410 0.996476889
1341845706.331753 0.060434423 0.094493292 -0.025741829 0.034673523 -0.076258935 -0.014308579 0.996382236
1341845706.363574 0.063316494 0.089642361 -0.026312815 0.033536796 -0.076415367 -0.013870121 0.996415377
1341845706.399690 0.062891588 0.089450546 -0.024746366 0.033657912 -0.076795101 -0.013587005 0.996385992
1341845706.431735 0.065517530 0.091125168 -0.022156024 0.034223717 -0.076918006 -0.012930877 0.996365964
1341845706.463612 0.064431578 0.088118710 -0.023700865 0.033840667 -0.075793736 -0.012086451 0.996475816
1341845706.499655 0.060169160 0.086688027 -0.022211462 0.034443583 -0.075885035 -0.010510718 0.996466041
1341845706.531782 0.068191923 0.089582942 -0.020637633 0.035491627 -0.077874646 -0.010467662 0.996276200
1341845706.563559 0.073755547 0.089627393 -0.016911704 0.035912234 -0.076626912 -0.010261544 0.996360064
1341845706.599529 0.061246678 0.084101684 -0.021020554 0.036181308 -0.073029682 -0.011186418 0.996610522
1341845706.631786 0.067023501 0.083426118 -0.022510102 0.037719052 -0.075247988 -0.011743909 0.996381998
1341845706.667647 0.079294235 0.085370339 -0.023381690 0.038698088 -0.076158144 -0.010802038 0.996285975
1341845706.700732 0.075220369 0.086523540 -0.022979975 0.039082807 -0.073373646 -0.010581813 0.996482253
1341845706.732115 0.068640836 0.081715666 -0.022998363 0.039020337 -0.072016038 -0.010233733 0.996587336
1341845706.768143 0.072977580 0.085445881 -0.021282634 0.040288642 -0.072316356 -0.008503566 0.996531427
1341845706.800357 0.067202859 0.086273275 -0.019424062 0.041016854 -0.070656374 -0.007283446 0.996630430
1341845706.832602 0.070793152 0.088691987 -0.021375494 0.041443955 -0.071334399 -0.007241094 0.996564806
1341845706.869449 0.067274161 0.090176970 -0.020839348 0.041002508 -0.070458464 -0.007381226 0.996644318
1341845706.933651 0.069739506 0.087341934 -0.020343259 0.039707221 -0.071500778 -0.006616741 0.996627927
1341845706.994021 0.072514184 0.089267418 -0.021431804 0.038785283 -0.071721673 -0.004440137 0.996660411
1341845707.029674 0.069184765 0.082830586 -0.023586085 0.038374092 -0.071490631 -0.003669282 0.996696055
1341845707.061864 0.078302920 0.088601746 -0.020553190 0.040022518 -0.072779104 -0.002942642 0.996540368
1341845707.097704 0.076183327 0.081320867 -0.020036230 0.039139036 -0.071102157 -0.002468186 0.996697843
1341845707.129770 0.070906557 0.077233382 -0.021564195 0.040663045 -0.070194662 -0.002194505 0.996701777
1341845707.161817 0.076259680 0.076413199 -0.024747409 0.042803161 -0.071576230 -0.001401630 0.996515334
1341845707.197721 0.078060344 0.077428408 -0.023161074 0.043969374 -0.070563734 -0.002005547 0.996535718
1341845707.229795 0.077276729 0.077510186 -0.024470171 0.044537749 -0.069494680 -0.003037306 0.996582985
1341845707.261851 0.077370055 0.078770034 -0.024000613 0.045227796 -0.069407046 -0.001785811 0.996561050
1341845707.297710 0.086666510 0.079537958 -0.024061797 0.045342524 -0.069849767 -0.001149935 0.996525824
1341845707.329761 0.080286302 0.079417080 -0.020419341 0.044944327 -0.067295149 -0.002331993 0.996717572
1341845707.365850 0.078490250 0.074362181 -0.019661577 0.044588514 -0.065431647 -0.001223148 0.996859610
1341845707.397796 0.073714085 0.075248569 -0.017940011 0.046120051 -0.064771205 0.001113221 0.996833205
1341845707.429752 0.082428306 0.072103970 -0.022006882 0.046492606 -0.066031978 0.001931299 0.996731877
1341845707.465767 0.088464200 0.068898022 -0.023148883 0.046964463 -0.065067172 0.000578053 0.996774912
1341845707.497642 0.086201511 0.066824429 -0.022432044 0.047202099 -0.063141488 0.000840809 0.996887386
1341845707.533665 0.088335492 0.070502505 -0.020852681 0.048629429 -0.062323023 0.002354945 0.996867836
1341845707.565754 0.088978119 0.072120897 -0.018578567 0.049874678 -0.060278397 0.001685602 0.996933401
1341845707.597603 0.094380982 0.070446022 -0.021939514 0.050029770 -0.059174120 0.001443873 0.996992171
1341845707.633748 0.084334403 0.074001126 -0.015898153 0.051138770 -0.057497744 0.002552341 0.997031748
1341845707.665870 0.091423795 0.072781585 -0.019221218 0.051251248 -0.058641102 0.003653660 0.996955991
1341845707.698455 0.093810946 0.076166242 -0.014340094 0.051422585 -0.058161955 0.002997019 0.996977389
1341845707.734303 0.088912174 0.074797660 -0.015018607 0.050466567 -0.056941751 0.002021220 0.997099161
1341845707.766259 0.087554090 0.071987867 -0.013126190 0.050218254 -0.057145838 0.002119267 0.997099817
1341845707.836344 0.094253898 0.072801612 -0.014997728 0.051777791 -0.058053587 0.002191190 0.996967435
1341845707.866230 0.093662515 0.077791035 -0.012572937 0.052496172 -0.058671355 0.002307310 0.996893466
1341845707.901694 0.093918316 0.075952664 -0.010061952 0.051606990 -0.059123609 0.003629883 0.996909201
1341845707.933640 0.091400377 0.074231841 -0.011965034 0.051590383 -0.059190176 0.003393797 0.996906936
1341845707.965831 0.096259438 0.075630449 -0.010125809 0.052168336 -0.060051624 0.003155326 0.996826112
1341845708.001954 0.093204029 0.073974602 -0.008875849 0.051849186 -0.058999415 0.003820471 0.996903300
1341845708.034393 0.093314514 0.074335732 -0.007217362 0.052286774 -0.059833281 0.002996160 0.996833563
1341845708.069946 0.096033141 0.075284235 -0.004962086 0.051998403 -0.060410935 0.002766980 0.996814430
1341845708.101700 0.092011943 0.072706118 -0.005996978 0.051258054 -0.059644803 0.002433627 0.996899784
1341845708.133697 0.092374057 0.069915548 -0.008169949 0.051056888 -0.060617395 0.002519451 0.996851206
1341845708.169675 0.093047045 0.072236151 -0.008741150 0.051463231 -0.061059568 0.001991195 0.996804535
1341845708.201793 0.090191193 0.069030367 -0.010075619 0.050668728 -0.060387436 0.000769717 0.996887863
1341845708.233744 0.090412520 0.069938421 -0.009165099 0.051223714 -0.061390471 0.000756287 0.996798277
1341845708.269711 0.090427898 0.071225598 -0.009833239 0.051988073 -0.062080402 0.000871224 0.996715844
1341845708.301629 0.089973882 0.071935534 -0.012259025 0.052180808 -0.062389478 -0.000036615 0.996686876
1341845708.337612 0.094775774 0.074388459 -0.009542514 0.052171458 -0.063022643 -0.001504777 0.996646345
1341845708.369900 0.091462746 0.072155006 -0.009556077 0.051313836 -0.062208615 -0.001955042 0.996741235
1341845708.401883 0.090936422 0.072651893 -0.011359622 0.051678926 -0.062789276 -0.002413389 0.996684968
1341845708.443610 0.094859727 0.073694706 -0.011008856 0.052085049 -0.063420251 -0.002794161 0.996622920
1341845708.501776 0.092518054 0.074216485 -0.012891821 0.051506408 -0.064608261 -0.001798330 0.996578991
1341845708.543852 0.092914850 0.074946493 -0.012508012 0.052019395 -0.066473663 -0.001495737 0.996430099
1341845708.605675 0.093084097 0.077534012 -0.013933198 0.051322751 -0.067788303 -0.003766021 0.996371686
1341845708.637641 0.086606495 0.075980559 -0.015385441 0.051182691 -0.068724960 -0.004714458 0.996310711
1341845708.669692 0.094322719 0.078621298 -0.014360141 0.051659714 -0.071513414 -0.005601313 0.996085167
1341845708.705736 0.093396641 0.081695266 -0.014109528 0.051111870 -0.070876732 -0.006654187 0.996152520
1341845708.738027 0.086928323 0.076539300 -0.018701801 0.049987547 -0.070684038 -0.007375560 0.996218145
1341845708.773829 0.087209143 0.081012361 -0.018183470 0.050768137 -0.072815590 -0.008141357 0.996019185
1341845708.805763 0.091733597 0.082089275 -0.016097683 0.050089732 -0.073720753 -0.008455928 0.995984316
1341845708.838653 0.084555462 0.078614511 -0.018251959 0.049220901 -0.073177017 -0.010032102 0.996053100
1341845708.873912 0.088587634 0.080221772 -0.016299922 0.049466498 -0.075193867 -0.010584219 0.995885015
1341845708.905735 0.087298848 0.081265889 -0.018125558 0.049254213 -0.075119041 -0.011680222 0.995888889
1341845708.938426 0.087298334 0.081876360 -0.019841282 0.049469806 -0.075732745 -0.013272517 0.995811820
1341845708.973642 0.085342355 0.081322536 -0.022377668 0.049297694 -0.076339900 -0.013112314 0.995776057
1341845709.005742 0.082616039 0.082805626 -0.021139424 0.049032133 -0.076858923 -0.013571569 0.995743096
1341845709.041686 0.085005887 0.080756143 -0.022817988 0.048843414 -0.077621594 -0.014413266 0.995681405
1341845709.073656 0.085389636 0.082841314 -0.023071203 0.048780117 -0.078388624 -0.015586280 0.995606780
1341845709.105658 0.078608856 0.081849813 -0.023242766 0.048416045 -0.078152418 -0.016217085 0.995633006
1341845709.141741 0.083265163 0.083448850 -0.023079012 0.048651636 -0.080219842 -0.016600840 0.995450735
1341845709.173646 0.083072178 0.084482782 -0.020508764 0.048371889 -0.080080636 -0.016340313 0.995479882
1341845709.205765 0.083575577 0.088155322 -0.020111231 0.048388850 -0.080393098 -0.016379118 0.995453238
1341845709.241765 0.084475949 0.084816836 -0.021174887 0.047244843 -0.080444962 -0.016424466 0.995503247
1341845709.273754 0.082612947 0.084405906 -0.021285895 0.046845954 -0.079762302 -0.016165741 0.995581269
1341845709.309890 0.080653884 0.084175810 -0.022061434 0.046813753 -0.079613827 -0.015334049 0.995607853
1341845709.341728 0.080981582 0.084798358 -0.024190610 0.046158738 -0.079864919 -0.014727185 0.995627463
1341845709.373776 0.079467878 0.089700393 -0.025694216 0.045842957 -0.079447791 -0.014265397 0.995682180
1341845709.409657 0.081209607 0.090431459 -0.026401473 0.044019111 -0.079691701 -0.012851336 0.995764196
1341845709.442072 0.079881899 0.089009397 -0.028939964 0.041560706 -0.079946935 -0.010697223 0.995874882
1341845709.473660 0.079923630 0.091250882 -0.025867539 0.040311564 -0.080612719 -0.009926022 0.995880544
1341845709.509632 0.081218086 0.093695618 -0.027870391 0.038673654 -0.080619238 -0.009278547 0.995951176
1341845709.541673 0.078934997 0.091585562 -0.027445950 0.036369245 -0.081295311 -0.009599969 0.995980024
1341845709.578645 0.078984328 0.091146231 -0.024362337 0.035336204 -0.082540430 -0.009577462 0.995914996
1341845709.609672 0.078553945 0.093142904 -0.024583552 0.035452440 -0.083817355 -0.010619420 0.995793641
1341845709.642057 0.080083489 0.089876726 -0.023848638 0.034681309 -0.085142337 -0.009785418 0.995716929
1341845709.709730 0.078968398 0.091027007 -0.025746224 0.033795655 -0.086163871 -0.010918581 0.995647728
1341845709.745593 0.083085924 0.094419278 -0.023268128 0.033817798 -0.086519882 -0.010476447 0.995620847
1341845709.777709 0.079789326 0.091381177 -0.023301652 0.032751538 -0.086471707 -0.009296470 0.995672405
1341845709.809687 0.084078707 0.093882784 -0.025491614 0.033280201 -0.087260023 -0.010392755 0.995575249
1341845709.845686 0.084747143 0.094467066 -0.024356486 0.033317205 -0.085602850 -0.012408511 0.995694816
1341845709.878752 0.082034960 0.092209779 -0.025557719 0.032932896 -0.083258718 -0.013758057 0.995888591
1341845709.909693 0.077971153 0.087666236 -0.027114110 0.033255029 -0.082325242 -0.012785045 0.995968461
1341845709.945663 0.080830015 0.086182706 -0.027072653 0.034563072 -0.083915696 -0.011866172 0.995802581
1341845709.977698 0.082504131 0.089973643 -0.028174041 0.036631633 -0.084185779 -0.011896947 0.995705426
1341845710.013739 0.082081102 0.088525765 -0.026946753 0.037096687 -0.083450913 -0.012984057 0.995736539
1341845710.045754 0.079765022 0.088255785 -0.025826784 0.037709977 -0.082625739 -0.012937465 0.995782912
1341845710.077705 0.081810296 0.089534737 -0.030785529 0.037888888 -0.083398193 -0.013630433 0.995702446
1341845710.113730 0.082203768 0.088565171 -0.027960541 0.037734676 -0.083041362 -0.013332790 0.995742142
1341845710.145759 0.079457954 0.087401576 -0.031217013 0.037630141 -0.082601510 -0.013196091 0.995784521
1341845710.177824 0.081672497 0.086440250 -0.030802472 0.037983056 -0.083811663 -0.012755081 0.995675743
1341845710.213581 0.080711566 0.088984191 -0.029937474 0.038863000 -0.083663896 -0.013186441 0.995648623
1341845710.245636 0.078946397 0.083591975 -0.031432334 0.038812645 -0.083703205 -0.013598917 0.995641708
1341845710.281582 0.078657262 0.085860521 -0.032890838 0.041326895 -0.085367508 -0.015159521 0.995376647
1341845710.313617 0.082989812 0.090832703 -0.033521287 0.042503230 -0.086486019 -0.015152540 0.995230615
1341845710.345643 0.080501214 0.086597271 -0.032320555 0.041842524 -0.085629761 -0.014419812 0.995343566
1341845710.381860 0.078660101 0.085677013 -0.031965580 0.042342041 -0.085972331 -0.014400775 0.995293140
1341845710.413817 0.084641412 0.092999794 -0.029306307 0.043850586 -0.087176040 -0.014099571 0.995127439
1341845710.445824 0.081155904 0.089489914 -0.031149507 0.042525772 -0.085876495 -0.013678197 0.995303810
1341845710.481794 0.081132188 0.086646318 -0.033168256 0.042095575 -0.086804762 -0.014091734 0.995235801
1341845710.513650 0.083921410 0.088565774 -0.034135163 0.042493090 -0.087233804 -0.013130945 0.995194554
1341845710.549635 0.079227857 0.085586876 -0.034126602 0.042722136 -0.086597078 -0.012836698 0.995244205
1341845710.581654 0.085711762 0.087430075 -0.035246488 0.043943819 -0.087992340 -0.012413003 0.995073974
1341845710.613694 0.080579825 0.086052805 -0.032436088 0.043622717 -0.086935438 -0.011859404 0.995187759
1341845710.649564 0.078968987 0.083977915 -0.034578372 0.043630261 -0.086419694 -0.011543576 0.995236039
1341845710.681648 0.080955155 0.088362031 -0.034439407 0.045278411 -0.086942784 -0.011952154 0.995112062
1341845710.713728 0.083194293 0.088468894 -0.032298420 0.045418520 -0.086569175 -0.011230449 0.995146632
1341845710.749785 0.082346447 0.085752882 -0.032620870 0.045227684 -0.085934691 -0.010872899 0.995214283
1341845710.781816 0.084229313 0.088837743 -0.032310113 0.046357963 -0.086207822 -0.010812280 0.995139301
1341845710.817567 0.082912125 0.088081628 -0.032202650 0.046281759 -0.085371397 -0.011538350 0.995206773
1341845710.850205 0.086887553 0.087551042 -0.030383077 0.045626286 -0.085430592 -0.010013613 0.995248497
1341845710.882136 0.082455046 0.087330423 -0.031343281 0.045441706 -0.085205436 -0.009652147 0.995279849
1341845710.917631 0.084898762 0.087722503 -0.030011978 0.045469083 -0.085531421 -0.010041598 0.995246768
1341845710.950281 0.083729893 0.086518519 -0.031797186 0.045194518 -0.084365681 -0.009790882 0.995361269
1341845710.985647 0.080590293 0.082703434 -0.032460053 0.045832936 -0.084885277 -0.009778107 0.995288014
1341845711.017722 0.084249489 0.088043213 -0.032503136 0.047976904 -0.086728200 -0.011813414 0.995005965
1341845711.049965 0.092520230 0.092552058 -0.032167144 0.047491871 -0.086152926 -0.012890937 0.995065868
1341845711.085583 0.085227199 0.084544286 -0.029733555 0.045326825 -0.082722388 -0.012722203 0.995459974
1341845711.117670 0.082579181 0.082861744 -0.031211035 0.045772009 -0.083513722 -0.011966016 0.995382965
1341845711.149770 0.087564357 0.088753417 -0.030569743 0.046717212 -0.084652804 -0.011327518 0.995250285
1341845711.191691 0.086784109 0.085703626 -0.029021610 0.045210831 -0.082950614 -0.011566748 0.995460391
1341845711.253627 0.082695872 0.087020472 -0.032255016 0.046421241 -0.084683582 -0.011348923 0.995261252
1341845711.285627 0.085877813 0.087751567 -0.032390244 0.045529123 -0.085229509 -0.011875443 0.995249748
1341845711.317874 0.084807433 0.089149088 -0.030201659 0.045076240 -0.084332630 -0.012404446 0.995340288
1341845711.353756 0.087986737 0.093152136 -0.029624978 0.044429094 -0.084157474 -0.013651989 0.995367885
1341845711.385687 0.089822792 0.092426457 -0.028797220 0.042807139 -0.082550772 -0.014069027 0.995567679
1341845711.417635 0.083978049 0.084237345 -0.028814532 0.041147247 -0.081211112 -0.013157108 0.995760262
1341845711.485895 0.087402493 0.087522477 -0.030009549 0.043377649 -0.083981395 -0.011333356 0.995458245
1341845711.521704 0.085485026 0.083577365 -0.028673442 0.043320253 -0.082846291 -0.010855882 0.995561182
1341845711.553696 0.087696768 0.087473258 -0.028476104 0.044456214 -0.083022080 -0.010915825 0.995495737
1341845711.585708 0.090053059 0.094271697 -0.027391946 0.044516217 -0.082607605 -0.011140750 0.995525062
1341845711.621659 0.088459246 0.085883409 -0.030296778 0.042551160 -0.080943562 -0.011665440 0.995741665
1341845711.653731 0.085485831 0.085772127 -0.029939758 0.042787518 -0.081000797 -0.011086272 0.995733500
1341845711.685758 0.086557046 0.089479566 -0.028897377 0.043509338 -0.081303060 -0.010594811 0.995682955
1341845711.721850 0.086394489 0.086254165 -0.028230647 0.043377802 -0.081183016 -0.009735636 0.995707214
1341845711.754323 0.084264934 0.084251426 -0.029581109 0.043348175 -0.081615172 -0.009261396 0.995677710
1341845711.789716 0.085094079 0.088039406 -0.030321769 0.044121079 -0.082581326 -0.009449474 0.995562315
1341845711.821820 0.086985961 0.085496388 -0.029793059 0.043875899 -0.082616307 -0.009750725 0.995567381
1341845711.854173 0.088446632 0.089060679 -0.028227367 0.044941444 -0.082646109 -0.010638338 0.995508254
1341845711.889875 0.090893470 0.088453710 -0.029567774 0.044012457 -0.081417009 -0.011483014 0.995641649
1341845711.923959 0.085473724 0.088695727 -0.028991515 0.043279007 -0.078487642 -0.011903425 0.995904088
1341845711.957595 0.082137875 0.089522026 -0.028001456 0.042808846 -0.077899002 -0.013238193 0.995953798
1341845711.989820 0.092266046 0.092377581 -0.027624121 0.042496212 -0.078584500 -0.013796484 0.995905697
1341845712.057899 0.086769342 0.088889383 -0.030222429 0.040653601 -0.077462971 -0.011519928 0.996099412
1341845712.090038 0.095247492 0.093227975 -0.029402480 0.040579386 -0.077592321 -0.014860352 0.996048152
1341845712.127587 0.087077841 0.087518118 -0.028666558 0.038019795 -0.074098550 -0.015064102 0.996412039
1341845712.195638 0.086384945 0.090289794 -0.031582411 0.040669709 -0.078921802 -0.012935825 0.995966852
1341845712.257830 0.088674642 0.088149920 -0.029971398 0.038703647 -0.075943515 -0.015390513 0.996241808
1341845712.289935 0.085479021 0.086626604 -0.031874456 0.038889188 -0.076105289 -0.014840531 0.996230602
