1548266187.119290 0.0000000 0.0000000 0.0000000 -0.0000000 -0.0000000 -0.0000000 1.0000000
1548266187.152060 0.0010208 0.0045717 0.0007434 -0.0001461 0.0016603 -0.0007628 0.9999983
1548266187.185580 0.0011231 0.0101861 0.0020110 0.0001382 0.0043129 -0.0004327 0.9999906
1548266187.519230 0.0190406 0.0559380 0.0187703 0.0014747 0.0454830 0.0220658 0.9987203
1548266187.653390 0.0408129 0.0497849 0.0230545 0.0030108 0.0686845 0.0343826 0.9970412
1548266187.754230 0.0414332 0.0437328 0.0285322 0.0114872 0.0940688 0.0387168 0.9947463
1548266187.921890 0.0593237 0.0352902 0.0248000 0.0249485 0.1165455 0.0467913 0.9917688
1548266188.156460 0.0775068 -0.0099959 0.0468578 0.0303076 0.1387760 0.0555929 0.9882976
1548266188.324040 0.1180303 -0.0608558 0.0433854 0.0492569 0.1331868 0.0564002 0.9882581
1548266188.491620 0.1502247 -0.0981754 0.0587254 0.0646464 0.1256196 0.0624416 0.9879988
1548266188.558650 0.1756992 -0.1164578 0.0543236 0.0679785 0.1197058 0.0648049 0.9883571
1548266188.759770 0.2155793 -0.1614686 0.0508164 0.0799999 0.1166849 0.0670324 0.9876696
1548266188.827110 0.2182881 -0.1700244 0.0545894 0.0829808 0.1195632 0.0671371 0.9870722
1548266188.994780 0.2381451 -0.1989122 0.0524652 0.0845958 0.1232734 0.0630060 0.9867510
1548266189.262380 0.2479765 -0.2436465 0.0745395 0.0903976 0.1437775 0.0697094 0.9830040
1548266189.396440 0.2602612 -0.2632109 0.0880548 0.0930016 0.1557240 0.0740693 0.9806194
1548266189.564160 0.2792070 -0.2765471 0.0998532 0.0974165 0.1828603 0.0748528 0.9754329
1548266189.664780 0.2957462 -0.2698756 0.1025827 0.0963972 0.1966711 0.0772401 0.9726573
1548266189.832340 0.3136749 -0.2580078 0.1164515 0.0843102 0.2171037 0.0929474 0.9680489
1548266190.100400 0.3691700 -0.2285562 0.1411291 0.0656576 0.2350795 0.1136676 0.9630713
1548266190.401680 0.4427620 -0.2047164 0.1727155 0.0410373 0.2551705 0.1238058 0.9580585
1548266190.736950 0.5266048 -0.1694961 0.1822310 0.0284519 0.2760627 0.1374457 0.9508357
1548266191.038750 0.5630901 -0.1301369 0.1569911 0.0282744 0.3054079 0.1408741 0.9413188
1548266191.172820 0.5748450 -0.1034161 0.1406921 0.0259668 0.3284189 0.1522710 0.9318156
1548266191.273620 0.5908564 -0.0852680 0.1230127 0.0209417 0.3457614 0.1683572 0.9228577
1548266191.407890 0.6115879 -0.0710235 0.0925482 0.0159271 0.3730864 0.1896639 0.9080642
1548266191.541860 0.6179181 -0.0556003 0.0626139 0.0193038 0.3973762 0.2088553 0.8933639
1548266191.742920 0.6172083 -0.0325183 0.0163392 0.0249219 0.4296359 0.2225830 0.8747849
1548266191.843180 0.6179656 -0.0216926 -0.0093675 0.0299172 0.4435166 0.2268786 0.8665588
1548266192.044270 0.6147625 -0.0274993 -0.0552154 0.0396576 0.4691049 0.2364776 0.8499684
1548266192.345900 0.6102144 -0.0507440 -0.1099991 0.0619711 0.4940042 0.2417420 0.8328747
1548266192.613810 0.6142480 -0.0822977 -0.1682478 0.0761250 0.5218524 0.2450542 0.8135254
1548266192.714360 0.6127991 -0.0903917 -0.1894786 0.0820759 0.5381517 0.2451999 0.8022053
1548266192.814910 0.6136495 -0.0897873 -0.2112882 0.0853818 0.5599887 0.2509254 0.7849580
1548266192.915480 0.6158378 -0.0857505 -0.2251570 0.0883584 0.5740327 0.2571156 0.7723800
1548266193.217620 0.6371608 -0.0449699 -0.2644864 0.0795940 0.5917162 0.2731419 0.7542746
1548266193.586230 0.6353823 0.0364213 -0.2937230 0.0665207 0.6077988 0.2814139 0.7395687
1548266193.786960 0.6484033 0.0754568 -0.3005097 0.0514730 0.6197554 0.2970537 0.7245778
1548266194.021490 0.6595812 0.1295484 -0.3101245 0.0320637 0.6327386 0.3111289 0.7083873
1548266194.490910 0.6479325 0.2290303 -0.3239071 0.0106450 0.6248311 0.3055793 0.7183969
1548266194.691840 0.6371031 0.2651737 -0.3247199 0.0002150 0.6135299 0.3097486 0.7263862
1548266194.959880 0.6066686 0.3073598 -0.3307575 -0.0135441 0.5996429 0.3104103 0.7374893
1548266195.060500 0.5934619 0.3221745 -0.3470949 -0.0155180 0.5903248 0.3109892 0.7446889
1548266195.161070 0.5868148 0.3301847 -0.3735074 -0.0172983 0.5872087 0.3138469 0.7459133
1548266195.663680 0.5410880 0.2767325 -0.4892317 0.0085534 0.5921924 0.2904797 0.7515694
1548266195.797740 0.5370593 0.2569270 -0.5165967 0.0143051 0.5854686 0.2804801 0.7604952
1548266196.032360 0.5465465 0.2269272 -0.5638075 0.0267918 0.5719215 0.2687421 0.7745745
1548266196.166420 0.5544442 0.2286431 -0.5953472 0.0361513 0.5656748 0.2685521 0.7788356
1548266196.535050 0.5918167 0.2411945 -0.6551736 0.0376818 0.5164882 0.2592852 0.8152246
1548266196.702710 0.6192935 0.2908044 -0.6960772 0.0309902 0.4986571 0.2563824 0.8274351
1548266196.870460 0.6360195 0.3210607 -0.7132791 0.0239137 0.4985459 0.2579649 0.8272450
1548266197.037940 0.6476158 0.3537450 -0.7278598 0.0145828 0.5028415 0.2662302 0.8222282
1548266197.339660 0.6475959 0.4216137 -0.7540214 -0.0007589 0.5115020 0.2692519 0.8160076
1548266197.507240 0.6410762 0.4453470 -0.7701489 -0.0109113 0.5272040 0.2779192 0.8029308
1548266197.674590 0.6213681 0.4576205 -0.8009405 -0.0115452 0.5526939 0.2927237 0.7801981
1548266197.842170 0.5912824 0.4668742 -0.8332235 -0.0052743 0.5839719 0.3076929 0.7511818
1548266198.009790 0.5641939 0.4787410 -0.8712887 0.0006275 0.6150960 0.3185652 0.7212300
1548266198.144020 0.5482392 0.4746629 -0.8860468 0.0071752 0.6381845 0.3245180 0.6981097
1548266198.311640 0.5262352 0.4717469 -0.9163997 0.0179288 0.6582873 0.3284076 0.6771151
1548266198.479180 0.5081480 0.4614170 -0.9369634 0.0253444 0.6752431 0.3280041 0.6601650
1548266198.646760 0.4882467 0.4481767 -0.9536436 0.0353234 0.6876139 0.3254830 0.6480742
1548266198.814310 0.4655911 0.4404865 -0.9612203 0.0391057 0.7003552 0.3204497 0.6366202
1548266199.216880 0.4696113 0.4011456 -1.0168810 0.0326182 0.7034782 0.3290869 0.6290916
1548266199.384150 0.4667891 0.3908476 -1.0175625 0.0403983 0.6787332 0.3203834 0.6595784
1548266199.551670 0.4629736 0.4181965 -0.9934887 0.0333285 0.6592040 0.3017063 0.6879772
1548266199.719230 0.4673426 0.4347461 -0.9798747 0.0249865 0.6441785 0.2939131 0.7057087
1548266199.886670 0.4705901 0.4537057 -0.9766122 0.0233534 0.6291512 0.2930196 0.7195575
1548266200.054380 0.4720249 0.4830275 -0.9746349 0.0188205 0.6241298 0.2905087 0.7250603
1548266200.322480 0.4665310 0.5022804 -0.9321840 0.0053985 0.6064216 0.2890547 0.7407233
1548266200.523610 0.4634657 0.5201271 -0.9162909 0.0050015 0.5876299 0.2856702 0.7570063
1548266200.724780 0.4573727 0.5175796 -0.9027991 0.0063737 0.5726370 0.2747613 0.7723681
1548266200.959370 0.4343338 0.4928127 -0.9066579 0.0212849 0.5616270 0.2612055 0.7847890
1548266201.193900 0.4149104 0.4683156 -0.9091301 0.0284312 0.5561749 0.2596250 0.7889588
1548266201.529540 0.3926635 0.4350266 -0.9269261 0.0364232 0.5462165 0.2590877 0.7957352
1548266201.763950 0.3792335 0.4117037 -0.9513352 0.0345395 0.5481954 0.2516527 0.7968436
1548266202.031630 0.3516494 0.3714694 -0.9865602 0.0459184 0.5691630 0.2584819 0.7791867
1548266202.299340 0.3067250 0.3097577 -1.0111675 0.0577710 0.5811912 0.2566558 0.7700695
1548266202.567850 0.2663495 0.2596208 -1.0242987 0.0592830 0.5756512 0.2580031 0.7736574
1548266202.836160 0.2508914 0.2248380 -1.0396616 0.0574329 0.5768973 0.2611874 0.7717980
1548266203.104140 0.2349980 0.1609922 -1.0453595 0.0398825 0.5909330 0.2874135 0.7527292
1548266203.405840 0.2250009 0.1157890 -1.0458534 0.0147737 0.5887915 0.2865598 0.7556388
1548266203.707440 0.2068469 0.0716830 -1.0373540 -0.0021757 0.5729893 0.2963513 0.7641038
1548266203.975580 0.2094277 0.0429445 -1.0260798 -0.0259714 0.5526360 0.2928774 0.7798344
1548266204.310720 0.2072933 0.0051376 -1.0415479 -0.0221549 0.5428950 0.2827497 0.7904600
1548266204.679330 0.2342622 -0.0185722 -1.0597072 -0.0148543 0.5051493 0.2897348 0.8128083
1548266204.746430 0.2317048 -0.0787832 -1.0052388 -0.0145301 0.5042673 0.2946534 0.8115927
1548266204.779880 0.2508011 -0.0142122 -1.0707132 -0.0054311 0.4901224 0.2887062 0.8224350
1548266204.813110 0.2437387 -0.0314222 -1.0585788 -0.0060255 0.4977304 0.2913159 0.8169230
1548266205.014080 0.2515681 -0.0528306 -1.0807437 0.0095475 0.4898356 0.2845414 0.8240182
1548266205.047600 0.2479239 -0.0550050 -1.0781080 0.0096286 0.4906085 0.2835473 0.8239002
1548266205.383120 0.2472971 -0.1792916 -0.9706585 -0.0237138 0.4886570 0.2736992 0.8280947
1548266205.416630 0.2872918 -0.1220499 -1.0507541 -0.0187984 0.4675388 0.2664551 0.8426481
1548266205.450150 0.2775913 -0.1437071 -1.0228149 -0.0216118 0.4755571 0.2687096 0.8373610
1548266205.483660 0.2415918 -0.1599330 -0.9771488 -0.0171758 0.4780943 0.2726622 0.8347372
1548266205.517160 0.3087490 -0.0876727 -1.0552329 -0.0087732 0.4469594 0.2650587 0.8543385
1548266205.550670 0.3080355 -0.1062731 -1.0462199 -0.0112147 0.4533344 0.2683267 0.8499194
1548266205.584190 0.2893843 -0.1433707 -1.0156938 -0.0115437 0.4556472 0.2741355 0.8468189
1548266205.617710 0.3249055 -0.0781287 -1.0594919 0.0018932 0.4292895 0.2692870 0.8620856
1548266205.651220 0.3345093 -0.0904205 -1.0606382 0.0026187 0.4275786 0.2713084 0.8623001
1548266205.684760 0.3015897 -0.1614606 -1.0320891 -0.0015109 0.4296845 0.2764709 0.8596120
1548266205.718300 0.3475578 -0.1007298 -1.0646336 0.0114142 0.4072956 0.2725794 0.8715965
1548266205.751820 0.3547505 -0.0843820 -1.0766582 0.0147892 0.4081097 0.2726209 0.8711519
1548266205.785330 0.3307520 -0.1522390 -1.0577734 0.0095885 0.4135706 0.2789254 0.8666418
1548266205.818830 0.3607490 -0.1166781 -1.0865871 0.0223306 0.3920636 0.2741504 0.8778548
1548266205.852320 0.3725412 -0.1038841 -1.0847274 0.0282594 0.3913316 0.2717944 0.8787427
1548266205.885820 0.3618063 -0.1214626 -1.0796468 0.0327566 0.3904169 0.2720775 0.8789058
1548266205.919340 0.3769880 -0.1219307 -1.0942820 0.0397761 0.3804684 0.2687546 0.8839868
1548266205.952850 0.3731723 -0.1221312 -1.0932467 0.0452065 0.3801273 0.2663136 0.8846111
1548266205.986370 0.3685548 -0.1271327 -1.0942906 0.0495005 0.3783904 0.2649410 0.8855375
1548266206.119970 0.3781536 -0.1425334 -1.0976648 0.0588186 0.3742372 0.2606823 0.8879930
1548266206.153480 0.3848268 -0.1208230 -1.1067964 0.0624743 0.3723013 0.2571732 0.8895789
1548266206.187000 0.3818445 -0.1319044 -1.1011530 0.0620195 0.3760380 0.2559090 0.8884028
1548266206.354820 0.3970306 -0.1505217 -1.0990605 0.0647147 0.3709014 0.2395860 0.8948981
1548266206.488960 0.4100946 -0.1588903 -1.0948972 0.0692070 0.3655683 0.2236323 0.9008656
1548266207.025860 0.4680609 -0.1169484 -1.0451285 0.0527589 0.3609080 0.1985145 0.9096999
1548266207.595380 0.5529135 -0.0620459 -1.0246089 0.0389963 0.3551918 0.1931681 0.9137856
1548266208.198670 0.5407054 -0.0260549 -0.9985513 0.0514778 0.3458402 0.1834327 0.9187475
1548266208.734970 0.5013761 -0.0524773 -0.9773997 0.0706418 0.3642021 0.1915104 0.9086751
1548266209.371930 0.4508548 -0.1357368 -0.9181786 0.0899835 0.3705577 0.2025684 0.9019734
1548266209.974760 0.5157943 -0.1940196 -0.8777934 0.0763433 0.4103575 0.2168615 0.8824679
1548266210.611760 0.6387082 -0.1524616 -0.7281913 0.0382780 0.4184449 0.2176260 0.8809527
1548266210.678670 0.6596275 -0.1388273 -0.7278688 0.0357496 0.4226067 0.2164259 0.8793665
1548266210.946800 0.6761352 -0.1374819 -0.6682758 0.0177938 0.4769711 0.2200029 0.8507531
1548266211.583540 0.6863658 -0.1984327 -0.5156402 0.0231496 0.5245456 0.2324375 0.8187118
1548266212.086300 0.6409938 -0.2616666 -0.3940918 0.0298097 0.5376456 0.2255492 0.8118967
1548266212.757030 0.6721257 -0.3641629 -0.2775231 0.0398181 0.5380290 0.2580959 0.8014522
1548266213.360110 0.6625677 -0.4314577 -0.1767828 0.0420957 0.5596215 0.2662502 0.7836853
1548266213.963330 0.5861824 -0.4304364 -0.0330120 0.0467069 0.6070019 0.2593399 0.7497399
1548266214.566990 0.5624933 -0.4396321 0.0795999 0.0351023 0.6426019 0.2746128 0.7144358
1548266215.169620 0.6039037 -0.5504602 0.1699083 0.0452040 0.6320087 0.3233055 0.7028480
1548266215.773240 0.5153227 -0.6054591 0.2337272 0.0736822 0.6491213 0.3379356 0.6775043
1548266216.376040 0.4484610 -0.5614403 0.3805686 0.0577011 0.6797445 0.2711878 0.6790251
1548266217.013050 0.4809688 -0.5055731 0.3605436 0.0639418 0.6912538 0.2463972 0.6762899
1548266217.548750 0.5071720 -0.5440736 0.2873311 0.0661666 0.6792027 0.2592910 0.6834280
1548266218.152380 0.5248979 -0.5521026 0.2431990 0.0656190 0.6682031 0.2623561 0.6930858
