1548266530.512730 0.000000000 0.000000000 0.000000000 0.000000000 0.000000000 0.000000000 1.000000000
1548266530.546250 0.007347459 -0.010065787 -0.002935078 -0.004118517 -0.003864536 0.001606698 0.999982774
1548266530.579760 -0.014910985 0.002907418 0.009900534 -0.003563560 -0.007618529 -0.001964219 0.999962687
1548266530.613280 -0.011221794 0.011289205 0.017021127 -0.004189178 -0.010601341 -0.004305092 0.999925733
1548266530.646790 -0.019787649 0.003375074 0.020839881 -0.007711563 -0.011801593 -0.005797236 0.999883831
1548266530.680410 -0.048966821 -0.009150911 0.016134501 -0.010984720 -0.012704854 -0.006819886 0.999835670
1548266530.714060 -0.008965860 -0.008645243 0.030560521 -0.010935926 -0.025587806 -0.010312501 0.999559581
1548266530.747580 0.005583444 -0.006365776 0.043285482 -0.010962781 -0.028831584 -0.014046409 0.999425471
1548266530.781220 -0.012098439 -0.018126965 0.048041645 -0.012268818 -0.024752250 -0.016425787 0.999483347
1548266530.814780 -0.043110006 -0.019282414 0.043247681 -0.011909260 -0.022805844 -0.017506009 0.999515712
1548266530.848300 -0.039151590 -0.020591564 0.052269340 -0.011226896 -0.027433613 -0.020768236 0.999344826
1548266530.881810 -0.024287079 -0.023609575 0.054180760 -0.011700558 -0.030833177 -0.019395562 0.999267876
1548266530.915280 -0.053304449 -0.024934754 0.057023346 -0.011698292 -0.029017556 -0.020065082 0.999309003
1548266530.948750 -0.046978407 -0.028387100 0.065502383 -0.011562702 -0.032860957 -0.020046704 0.999191940
1548266530.982270 -0.054742362 -0.029227562 0.063707620 -0.011292483 -0.033753030 -0.019596903 0.999174237
1548266531.015780 -0.041050002 -0.031750947 0.071281843 -0.011518035 -0.037589196 -0.020188782 0.999022901
1548266531.049350 -0.041100197 -0.036053810 0.076304846 -0.012159375 -0.037355877 -0.018566858 0.999055505
1548266531.082860 -0.041826673 -0.034520820 0.076215468 -0.011526877 -0.038821910 -0.018075570 0.999016166
1548266531.116380 -0.030355614 -0.033279121 0.084789373 -0.011030553 -0.040438294 -0.018827546 0.998943746
1548266531.149900 -0.031143580 -0.039483946 0.086581171 -0.012165260 -0.037571419 -0.017990516 0.999057949
1548266531.183410 -0.044934757 -0.039692428 0.086829208 -0.012138950 -0.035080925 -0.016373510 0.999176621
1548266531.216880 -0.037255455 -0.042808391 0.089271396 -0.011688307 -0.037855085 -0.015510103 0.999094486
1548266531.250390 -0.021680484 -0.051782675 0.096550100 -0.012240151 -0.039230652 -0.015160345 0.999040186
1548266531.283880 -0.025754597 -0.058865834 0.093670085 -0.012942230 -0.035614088 -0.013103050 0.999195874
1548266531.317360 -0.037773497 -0.074996598 0.091821469 -0.013936359 -0.034058683 -0.010260005 0.999270022
1548266531.350880 -0.024137763 -0.083049871 0.092246234 -0.011819430 -0.037928324 -0.008214202 0.999176800
1548266531.384340 -0.021660803 -0.094499916 0.092351213 -0.009217910 -0.038675997 -0.005745970 0.999192774
1548266531.417940 -0.013901483 -0.112850413 0.084295832 -0.007463011 -0.041026223 -0.002268482 0.999127626
1548266531.451460 -0.003300437 -0.123442814 0.079389907 -0.003397126 -0.045662444 0.001416876 0.998950124
1548266531.485070 0.001580505 -0.113781229 0.078592166 0.003499324 -0.047514193 0.003744604 0.998857439
1548266531.519030 0.008547992 -0.123566039 0.073004782 0.007454443 -0.048810847 0.007394383 0.998752832
1548266531.552550 0.013673043 -0.123931251 0.067951448 0.012480819 -0.050190069 0.010322578 0.998608351
1548266531.585620 0.026595602 -0.133542880 0.061017338 0.016806260 -0.051353108 0.011040132 0.998478115
1548266531.618940 0.024569383 -0.124816045 0.059916943 0.022622386 -0.048845012 0.013895691 0.998453438
1548266531.652460 0.014760047 -0.120724887 0.047574915 0.027635163 -0.045034453 0.016066222 0.998473883
1548266531.686160 0.036198728 -0.147234231 0.049896568 0.027917540 -0.047390036 0.017950084 0.998324871
1548266531.719850 0.041785989 -0.141255751 0.047010180 0.032251690 -0.046770070 0.018756114 0.998208702
1548266531.753190 0.051071182 -0.136896282 0.044900458 0.035139129 -0.044714130 0.020387745 0.998173416
1548266531.786740 0.048248287 -0.135249570 0.037554417 0.037511632 -0.041360788 0.022036476 0.998196661
1548266531.820260 0.045537129 -0.127029642 0.037356157 0.040786039 -0.039166898 0.023041515 0.998134017
1548266531.853920 0.041369766 -0.131395593 0.028964607 0.041591544 -0.036338951 0.024009565 0.998184919
1548266531.887450 0.049787790 -0.131893471 0.029355241 0.043053973 -0.035411112 0.025541369 0.998118281
1548266531.920950 0.068248048 -0.145626619 0.023520464 0.042390369 -0.035168104 0.027827464 0.998094141
1548266531.954320 0.066351727 -0.145002082 0.020205304 0.044428475 -0.032609407 0.029192427 0.998053372
1548266531.987830 0.075709388 -0.141344920 0.018639171 0.046578534 -0.032387514 0.031246303 0.997900367
1548266532.021320 0.080439299 -0.132613167 0.016724158 0.049914997 -0.030559106 0.032201093 0.997766376
1548266532.054790 0.078165531 -0.145104632 0.007421317 0.049690124 -0.027184786 0.033571001 0.997830093
1548266532.088340 0.092481062 -0.151125774 0.005279013 0.050697122 -0.026726987 0.035042550 0.997741163
1548266532.121860 0.113558404 -0.155542254 0.001101493 0.051483393 -0.026019683 0.036624823 0.997662783
1548266532.155340 0.123358041 -0.152519509 0.002440197 0.052826382 -0.021370796 0.038735364 0.997623265
1548266532.188840 0.116699360 -0.151923284 -0.006591032 0.053755458 -0.015238563 0.039096612 0.997672081
1548266532.222360 0.127666190 -0.145982683 -0.005321046 0.055212386 -0.011089283 0.039508659 0.997631013
1548266532.255880 0.132317200 -0.141583711 -0.005585530 0.055654272 -0.004465667 0.040335272 0.997625053
1548266532.289310 0.115741700 -0.128277898 -0.007642016 0.057500530 0.004465161 0.040595241 0.997509778
1548266532.322820 0.137480676 -0.144165382 -0.009249905 0.054366965 0.007255908 0.042141117 0.997604966
1548266532.356320 0.153976262 -0.145301610 -0.009765242 0.054198269 0.011091155 0.043464571 0.997522116
1548266532.389830 0.122534700 -0.132974163 -0.010556371 0.056175701 0.020044420 0.045421008 0.997185767
1548266532.423340 0.155874744 -0.156574994 -0.016222337 0.052674767 0.017987749 0.047626823 0.997313142
1548266532.456870 0.170305312 -0.151405558 -0.017178835 0.053230241 0.018051835 0.049329337 0.997199714
1548266532.490390 0.172677830 -0.137581974 -0.017741067 0.054727029 0.021153765 0.050382759 0.997005045
1548266532.523900 0.171964511 -0.134629428 -0.011935972 0.054475557 0.025672423 0.051608644 0.996850014
1548266532.557420 0.187508374 -0.145431951 -0.008839275 0.051911879 0.026007697 0.053311370 0.996888518
1548266532.590930 0.194182590 -0.126736984 -0.005921850 0.053977609 0.026425773 0.054645464 0.996695518
1548266532.624440 0.206906855 -0.137235031 -0.005459519 0.051052347 0.026044881 0.055164561 0.996831059
1548266532.657990 0.205588669 -0.118160695 0.001488693 0.051993772 0.028398093 0.054962099 0.996729314
1548266532.691510 0.222959161 -0.120596081 0.006716643 0.049578980 0.027620099 0.054435067 0.996903181
1548266532.724990 0.233052745 -0.110405661 0.011152689 0.048395868 0.028828235 0.053475417 0.996978998
1548266532.758500 0.252439797 -0.126550406 0.011581754 0.042717688 0.028378891 0.051208511 0.997370303
1548266532.792010 0.277919799 -0.123146057 0.018320736 0.040042557 0.028105576 0.049635343 0.997568548
1548266532.825530 0.255605578 -0.125676006 0.023350753 0.036933966 0.034656879 0.047555298 0.997583687
1548266532.859080 0.267898500 -0.122599930 0.033765074 0.035382487 0.034432229 0.047300119 0.997659862
1548266532.892610 0.285132498 -0.120689109 0.036096122 0.033620395 0.032906841 0.046572775 0.997806489
1548266532.926110 0.286459059 -0.124070652 0.042952579 0.030950170 0.034094986 0.047357872 0.997816026
1548266532.959600 0.297149271 -0.114692859 0.046762224 0.030043053 0.033568636 0.046712674 0.997892022
1548266532.993110 0.296054244 -0.113237269 0.053123508 0.028443117 0.035554491 0.047568463 0.997829676
1548266533.026600 0.294007391 -0.110333428 0.063158043 0.026924428 0.036889467 0.048010495 0.997802198
1548266533.060060 0.314317167 -0.083337836 0.066832669 0.028521122 0.034716200 0.047168907 0.997875988
1548266533.093570 0.327689677 -0.116020843 0.063898869 0.020754812 0.035247844 0.048633937 0.997978747
1548266533.127070 0.332111061 -0.108976118 0.077795707 0.018775346 0.036815353 0.050096735 0.997888982
1548266533.160570 0.356612861 -0.079590708 0.086999089 0.020198427 0.035242371 0.049786538 0.997933507
1548266533.194090 0.358780116 -0.088681713 0.092885122 0.015778475 0.037057932 0.049950115 0.997939229
1548266533.227600 0.342925668 -0.094979949 0.097942993 0.011737615 0.041959520 0.050432630 0.997776628
1548266533.261070 0.358967960 -0.086616911 0.106484845 0.010097262 0.040588461 0.051558189 0.997793734
1548266533.294580 0.368842721 -0.060408283 0.118552603 0.010753836 0.040347964 0.050650097 0.997843146
1548266533.327900 0.380007267 -0.068142213 0.121821843 0.006271716 0.041206196 0.050162662 0.997870922
1548266533.361290 0.374575466 -0.067136139 0.123028599 0.002537709 0.044145171 0.050306808 0.997754455
1548266533.394810 0.382306963 -0.059304968 0.137277588 0.000164736 0.045388382 0.051242840 0.997654259
1548266533.428070 0.390405774 -0.056047317 0.142126352 -0.003218866 0.046682470 0.049869310 0.997658968
1548266533.461580 0.396619260 -0.052296225 0.151993781 -0.006779957 0.049374543 0.049837042 0.997513115
1548266533.495070 0.404175878 -0.043856610 0.158879355 -0.009007384 0.050833087 0.051359825 0.997344971
1548266533.528550 0.396795958 -0.042700350 0.168621302 -0.012388134 0.054334890 0.049572349 0.997214556
1548266533.562110 0.473422706 -0.002688682 0.160529286 -0.011834849 0.048068341 0.046865836 0.997673750
1548266533.595650 0.462522030 0.007357137 0.179478586 -0.013878874 0.053775903 0.047294170 0.997335851
1548266533.629140 0.473285556 0.015169915 0.182924777 -0.017036833 0.054110546 0.045999367 0.997329354
1548266533.662610 0.477051675 0.002152362 0.188191056 -0.023821551 0.057549529 0.044811513 0.997051895
1548266533.695710 0.462478220 -0.000806357 0.191472277 -0.027735092 0.061461687 0.045058645 0.996706069
1548266533.729220 0.471019059 0.011095596 0.204261571 -0.028731657 0.061398122 0.044260662 0.996717513
1548266533.763160 0.473036051 0.016621135 0.207055524 -0.030607268 0.062649332 0.045220401 0.996540725
1548266533.796720 0.472129852 0.015225821 0.215160146 -0.033484276 0.063230895 0.047077496 0.996325433
1548266533.830270 0.471751004 0.013728466 0.222620249 -0.036369018 0.064321898 0.048687007 0.996077061
1548266533.864050 0.491952866 0.020365221 0.223954976 -0.038604129 0.062726006 0.051878065 0.995933652
1548266533.897660 0.484721452 0.036493964 0.231014609 -0.039682284 0.064584732 0.052748628 0.995726705
1548266533.931810 0.525094628 0.052301854 0.240025818 -0.042393897 0.060748365 0.055783127 0.995691001
1548266533.965340 0.539524734 0.053106338 0.244613469 -0.047436751 0.062207386 0.058791343 0.995200276
1548266533.998860 0.545177817 0.056772899 0.254016280 -0.051215243 0.066584878 0.062348843 0.994512975
1548266534.032370 0.544536591 0.047247574 0.260589719 -0.057124030 0.071589418 0.063298255 0.993783236
1548266534.065880 0.559025764 0.048486043 0.259354621 -0.062173285 0.075953461 0.067101210 0.992906332
1548266534.098760 0.548276007 0.027451891 0.280580670 -0.068205215 0.082900621 0.072525442 0.991572261
1548266534.132270 0.562970102 0.007290249 0.280720532 -0.070570134 0.082573257 0.075416796 0.991218328
1548266534.165790 0.574018538 0.005188706 0.281088531 -0.068296835 0.084767960 0.078986622 0.990914226
1548266534.199620 0.568708897 -0.007003268 0.284145445 -0.067464344 0.088699102 0.081761152 0.990401983
1548266534.233140 0.574398935 -0.011445883 0.287212670 -0.063924544 0.089319736 0.084538206 0.990347862
1548266534.266290 0.576146066 -0.008237563 0.283356071 -0.057924584 0.091464989 0.087449804 0.990268350
1548266534.299800 0.583088458 -0.017127784 0.279996812 -0.054257970 0.091719680 0.091930754 0.990046620
1548266534.333320 0.597028077 -0.016996473 0.272786349 -0.049588196 0.091127276 0.094640374 0.990090907
1548266534.366840 0.604409575 -0.034996178 0.264484435 -0.047731109 0.094580524 0.098373719 0.989494264
1548266534.400350 0.605077028 -0.028043920 0.264955640 -0.041989747 0.097621605 0.102544397 0.989035666
1548266534.433870 0.603756011 -0.041753739 0.260465384 -0.040101379 0.100775838 0.105824634 0.988451958
1548266534.467200 0.609269261 -0.040460989 0.258471787 -0.035147600 0.102149032 0.109514460 0.988097548
1548266534.500720 0.608272076 -0.051994126 0.258889019 -0.032798849 0.104125343 0.113340788 0.987540364
1548266534.534230 0.611423671 -0.051012289 0.251938939 -0.028658574 0.103519432 0.115406163 0.987493694
1548266534.567930 0.606607556 -0.058680218 0.251690388 -0.025789857 0.103285506 0.117797270 0.987314939
1548266534.601620 0.612378478 -0.059661981 0.250077307 -0.022367170 0.101990007 0.119720340 0.987301767
1548266534.635140 0.607533276 -0.074028514 0.247820169 -0.021236600 0.102587476 0.121595904 0.987035573
1548266534.668650 0.601386607 -0.080335177 0.245469645 -0.017593699 0.100855127 0.123414330 0.987060070
1548266534.702000 0.598991990 -0.087435856 0.244259745 -0.014013522 0.098952048 0.123143397 0.987343788
1548266534.735510 0.596436560 -0.092069931 0.242926762 -0.009559556 0.097199790 0.123204924 0.987563312
1548266534.769120 0.591263711 -0.077787213 0.241996244 -0.003128434 0.095530890 0.121759064 0.987946749
1548266534.802630 0.582233131 -0.090933368 0.236102760 -0.001047574 0.093624823 0.120965660 0.988231063
1548266534.836150 0.574526310 -0.102368489 0.235544667 0.000659067 0.092489302 0.120022051 0.988453329
1548266534.869670 0.575834930 -0.105172828 0.226722598 0.002988267 0.089605711 0.119765349 0.988745749
1548266534.903180 0.554810405 -0.111695364 0.226633728 0.005038619 0.089848682 0.118478261 0.988870442
1548266534.936680 0.535408556 -0.120132416 0.223698989 0.007089546 0.087342061 0.118959576 0.989024639
1548266534.970200 0.558638096 -0.114290901 0.216142520 0.009710118 0.078516878 0.116088822 0.990082920
1548266535.003720 0.549310684 -0.129121169 0.215977684 0.009555495 0.078202948 0.115321241 0.990198970
1548266535.037230 0.514740407 -0.149020046 0.206760272 0.009522549 0.077553369 0.114036627 0.990399122
1548266535.070750 0.500102937 -0.159492731 0.215809643 0.010728692 0.074400857 0.110887997 0.990985990
1548266535.104260 0.492171556 -0.127614111 0.207808986 0.017094685 0.073379815 0.106302924 0.991475105
1548266535.137790 0.474686980 -0.101258591 0.208580390 0.024283210 0.072820380 0.106384985 0.991357505
1548266535.171310 0.492658794 -0.124429353 0.188525915 0.023088848 0.063685164 0.103264973 0.992344439
1548266535.204830 0.508708298 -0.133013919 0.190225706 0.024623610 0.057722066 0.100973137 0.992907941
1548266535.238360 0.487125605 -0.155228406 0.180657983 0.022971518 0.060772792 0.097532928 0.993109405
1548266535.272000 0.480264485 -0.157990143 0.180164963 0.025778487 0.059168916 0.098682769 0.993023753
1548266535.305520 0.470711142 -0.130930856 0.175249651 0.031715617 0.053043794 0.095267981 0.993531287
1548266535.339120 0.448525101 -0.147722125 0.176759332 0.028775552 0.053848837 0.090679973 0.994006753
1548266535.372630 0.439199507 -0.140632838 0.184755132 0.030275533 0.054035638 0.090047292 0.994009554
1548266535.406150 0.440704048 -0.143386945 0.180220529 0.029684743 0.048471309 0.089738466 0.994342148
1548266535.439660 0.424169362 -0.123369142 0.187064379 0.030922640 0.046991564 0.084379248 0.994844556
1548266535.473180 0.415250093 -0.122733831 0.191786572 0.029175054 0.046107382 0.083221182 0.995036244
1548266535.506700 0.422735333 -0.149453625 0.186064035 0.024364248 0.038631774 0.082646452 0.995531797
1548266535.539890 0.402051926 -0.148289323 0.189912692 0.024484599 0.036281992 0.078069292 0.995986581
1548266535.573410 0.375804573 -0.113549553 0.194705948 0.029731257 0.032708738 0.074102797 0.996270537
1548266535.606830 0.375135690 -0.136222765 0.185207739 0.026471116 0.023814932 0.071421415 0.996810436
1548266535.640330 0.373140931 -0.140664622 0.186899558 0.026674749 0.014446161 0.066139124 0.997349203
1548266535.673840 0.365151346 -0.160776585 0.168849334 0.023613626 0.011035656 0.063253187 0.997657061
1548266535.707360 0.375371367 -0.178299099 0.170789227 0.023683392 0.004595388 0.064472385 0.997627854
1548266535.740840 0.391714126 -0.178963572 0.158978224 0.024440004 -0.005234044 0.061092962 0.997819066
1548266535.774360 0.387749016 -0.186565980 0.159579277 0.024769811 -0.011219504 0.057234179 0.997990370
1548266535.807870 0.386359602 -0.187118113 0.162214205 0.025532044 -0.016474525 0.055762906 0.997981548
1548266535.841390 0.330846310 -0.195387214 0.148184389 0.026035758 -0.014563959 0.053075146 0.998144805
1548266535.874910 0.343721420 -0.178378835 0.158540413 0.030174024 -0.024455847 0.049558640 0.998015702
1548266535.908420 0.359778494 -0.171418518 0.162885025 0.031606298 -0.030851798 0.047592521 0.997889876
1548266535.941940 0.388816357 -0.165939182 0.178352818 0.032072954 -0.038955156 0.045924295 0.997669697
1548266535.975450 0.400358200 -0.172546297 0.183648944 0.030578051 -0.045834780 0.042910889 0.997558415
1548266536.008970 0.355663389 -0.147884071 0.161445707 0.033584002 -0.045570757 0.038716387 0.997645438
1548266536.042460 0.323284119 -0.143008083 0.156605422 0.032182649 -0.043845195 0.036811087 0.997841060
1548266536.075970 0.314427465 -0.130112141 0.158636674 0.032092836 -0.045656558 0.034075554 0.997859895
1548266536.109520 0.315671831 -0.137323886 0.164633662 0.028663520 -0.049296640 0.031851269 0.997864544
1548266536.143030 0.348997325 -0.137892365 0.163227245 0.024726417 -0.054430779 0.028399538 0.997807264
1548266536.176570 0.338757068 -0.154143319 0.158007547 0.018916367 -0.053417534 0.025687041 0.998062611
1548266536.210110 0.345769435 -0.139962196 0.165877581 0.017962737 -0.056451373 0.021458352 0.998013079
1548266536.243630 0.315467536 -0.127635553 0.163103074 0.017363310 -0.052207921 0.018743554 0.998309314
1548266536.277140 0.332701027 -0.107419841 0.164493814 0.017439067 -0.055337880 0.014818067 0.998205423
1548266536.310660 0.337438107 -0.114396423 0.172565237 0.014226466 -0.055951916 0.014689279 0.998224020
1548266536.344150 0.332330227 -0.109781004 0.173368618 0.013160703 -0.056529600 0.014285048 0.998211980
1548266536.377660 0.340858579 -0.103758343 0.174890473 0.012379220 -0.059665412 0.013260309 0.998053551
1548266536.411160 0.343673468 -0.102706864 0.174855143 0.010164607 -0.058762480 0.013529583 0.998128533
1548266536.444690 0.330997050 -0.097617209 0.168853670 0.008908546 -0.057843994 0.013655096 0.998192489
1548266536.478210 0.349547654 -0.081534311 0.175979152 0.009498741 -0.061393686 0.013105624 0.997982383
1548266536.511730 0.352428138 -0.076478377 0.173553213 0.007741207 -0.060701847 0.012706137 0.998045087
1548266536.545250 0.348166943 -0.073277742 0.173194990 0.005768432 -0.059768416 0.011819953 0.998125613
1548266536.578760 0.354402959 -0.076288179 0.173191294 0.002943314 -0.060465235 0.010982966 0.998105526
1548266536.612250 0.364489228 -0.072178908 0.178292781 0.001728988 -0.061869334 0.009803088 0.998034596
1548266536.645770 0.372267663 -0.064115614 0.176324368 0.000934950 -0.061824098 0.008370153 0.998051524
1548266536.679290 0.366880387 -0.056726791 0.174133852 -0.000281409 -0.059525359 0.006494985 0.998205602
1548266536.712800 0.372828752 -0.052301429 0.173990265 -0.002234243 -0.058721807 0.005178461 0.998258471
1548266536.746320 0.364432007 -0.065286905 0.164742172 -0.005764307 -0.055932567 0.004616825 0.998407245
1548266536.779830 0.360724419 -0.063123405 0.160850406 -0.005128737 -0.056925677 0.003316715 0.998359740
1548266536.813350 0.379408449 -0.060099885 0.161842093 -0.003616715 -0.058891516 0.003276575 0.998252451
1548266536.846860 0.381195754 -0.066873603 0.154141992 -0.002300169 -0.058124799 0.003668556 0.998299956
1548266536.880380 0.371947497 -0.070852950 0.139777571 0.000016073 -0.055591516 0.004264774 0.998444498
1548266536.913890 0.381722093 -0.075596534 0.139181867 0.002659015 -0.057328843 0.005520070 0.998336554
1548266536.947410 0.378036827 -0.078105599 0.122216128 0.006445603 -0.058830731 0.007149063 0.998221576
1548266536.980930 0.400425613 -0.071107775 0.119633429 0.013063512 -0.066066980 0.006445854 0.997708857
1548266537.014440 0.412010103 -0.057944231 0.115608416 0.018767718 -0.066256568 0.005745378 0.997609556
1548266537.047960 0.395562738 -0.077117741 0.096381254 0.019602677 -0.063231558 0.007334255 0.997779369
1548266537.081480 0.398833126 -0.063882947 0.095519282 0.026045322 -0.066619918 0.006184302 0.997419238
1548266537.115000 0.415481389 -0.056783870 0.089846119 0.030874571 -0.067699350 0.005635142 0.997211993
1548266537.148520 0.395055801 -0.056023262 0.074462347 0.033663932 -0.063177630 0.006026197 0.997416139
1548266537.182030 0.397123367 -0.058337618 0.067442335 0.035274945 -0.064179793 0.006017262 0.997296572
1548266537.215570 0.401089549 -0.050842188 0.058686856 0.038223241 -0.064883083 0.006306794 0.997140646
1548266537.249100 0.392390490 -0.043289393 0.053792760 0.039809216 -0.064473040 0.006424977 0.997104406
1548266537.282670 0.401478589 -0.040002149 0.051019434 0.040038023 -0.065558665 0.006378809 0.997024775
1548266537.316210 0.390591323 -0.041127171 0.042092115 0.039444506 -0.064279616 0.006963868 0.997127771
1548266537.349770 0.377569139 -0.051570699 0.033051394 0.037361085 -0.065173253 0.007918628 0.997142851
1548266537.383770 0.387022465 -0.042666920 0.033955228 0.038137250 -0.070265725 0.007139294 0.996773422
1548266537.417340 0.398860127 -0.047480755 0.026358062 0.036698971 -0.073866993 0.006346567 0.996572375
1548266537.450900 0.397077471 -0.051043678 0.024313224 0.036534119 -0.075471722 0.005101954 0.996465385
1548266537.484440 0.392649740 -0.064503476 0.008830230 0.034892682 -0.078442492 0.004257821 0.996298730
1548266537.517950 0.357526213 -0.064143755 0.003084350 0.035560038 -0.079527631 0.002966395 0.996193767
1548266537.551590 0.388549984 -0.059372801 0.009413764 0.038465299 -0.094803639 -0.000333931 0.994752526
1548266537.585100 0.420845717 -0.053720269 0.027378585 0.042197857 -0.109536342 -0.002698906 0.993083000
1548266537.618620 0.476636529 -0.056809619 0.020143142 0.044330899 -0.127437964 -0.007169810 0.990829408
1548266537.652020 0.540036500 -0.030170180 0.014130585 0.052139141 -0.154100060 -0.004507726 0.986668289
1548266537.685510 0.527976930 -0.042814288 0.017064119 0.054834206 -0.170445800 -0.013823767 0.983743012
1548266537.719000 0.430316687 -0.048601501 -0.006250850 0.055930305 -0.162695184 -0.015774636 0.984963596
1548266537.752500 0.402972728 -0.046754315 -0.043124743 0.058780409 -0.174679711 -0.021543162 0.982633054
1548266537.785970 0.440564722 -0.043267097 -0.023239357 0.065165728 -0.207834303 -0.027282009 0.975609541
1548266537.819460 0.399157971 -0.042951949 -0.029675392 0.066541173 -0.206526637 -0.032924753 0.975620329
1548266537.852970 0.450164586 -0.006335284 -0.037965529 0.072861135 -0.223428771 -0.032972723 0.971433818
1548266537.885830 0.459662318 -0.020603040 -0.016987609 0.071653582 -0.243325323 -0.040977702 0.966426075
1548266537.919340 0.441144168 -0.055122241 -0.015670402 0.066909760 -0.242024615 -0.049041927 0.966717184
1548266537.952750 0.421737164 -0.050276946 -0.034066007 0.067056313 -0.238926813 -0.048748154 0.967492163
1548266537.986230 0.423884928 -0.049832694 -0.034699325 0.066597082 -0.246369034 -0.052105594 0.965480268
1548266538.019740 0.419787824 -0.057797562 -0.028363785 0.064959772 -0.246917948 -0.055514682 0.965261579
1548266538.053230 0.437991560 -0.040945303 -0.039062679 0.066212468 -0.251711458 -0.052257776 0.964119494
1548266538.086770 0.411403865 -0.049843632 -0.037885357 0.063872084 -0.255401015 -0.056608327 0.963060856
1548266538.120330 0.435472488 -0.061090898 -0.022798590 0.061205149 -0.261246204 -0.058126155 0.961574614
1548266538.153950 0.417369246 -0.059019934 -0.037157241 0.060906753 -0.260881513 -0.057092622 0.961754441
1548266538.187670 0.409489483 -0.050750013 -0.043507028 0.061555218 -0.272086203 -0.059701718 0.958444417
1548266538.221180 0.420503110 -0.072469398 -0.038385257 0.058055695 -0.279360533 -0.063265651 0.956339180
1548266538.254700 0.391700566 -0.061207891 -0.059618980 0.058905009 -0.281921506 -0.063597530 0.955513358
1548266538.288220 0.441986263 -0.073408462 -0.023634283 0.058676746 -0.296252340 -0.066189565 0.951004982
1548266538.322300 0.438383400 -0.085275836 -0.027122963 0.057164349 -0.294358850 -0.067822330 0.951569855
1548266538.355250 0.417433679 -0.075310685 -0.040406052 0.058094807 -0.292109072 -0.066732630 0.952283621
1548266538.388760 0.424574524 -0.074597746 -0.036744583 0.058023170 -0.296538919 -0.067340329 0.950874984
1548266538.422220 0.435133308 -0.083551735 -0.030358870 0.056286808 -0.297999203 -0.067668170 0.950499475
1548266538.455730 0.428970695 -0.083782509 -0.035210807 0.054964475 -0.297534049 -0.066774018 0.950785756
1548266538.489300 0.421952724 -0.087050095 -0.034260776 0.053897679 -0.297693253 -0.067068316 0.950776339
1548266538.522760 0.431302518 -0.089800008 -0.031224294 0.052643962 -0.299332559 -0.065238997 0.950459063
1548266538.556290 0.427778125 -0.092069037 -0.036745511 0.051999018 -0.300798327 -0.064168088 0.950104654
1548266538.589800 0.444868028 -0.103967726 -0.026256133 0.051579319 -0.304088533 -0.063545570 0.949121535
1548266538.623180 0.429723918 -0.106834076 -0.038162097 0.052104332 -0.302130252 -0.061926957 0.949824989
1548266538.656700 0.432556480 -0.110841230 -0.038556866 0.053877898 -0.305209070 -0.061232019 0.948786199
1548266538.690200 0.433772504 -0.119502187 -0.035220236 0.055902284 -0.305260569 -0.061588030 0.948629439
1548266538.723690 0.431983501 -0.118171915 -0.043933377 0.058754057 -0.299653471 -0.058016405 0.950468242
1548266538.757210 0.444627345 -0.125351116 -0.042564012 0.060598325 -0.298390120 -0.054153077 0.950977743
1548266538.790720 0.448911369 -0.132077619 -0.041895073 0.063063301 -0.297409475 -0.051936835 0.951248229
1548266538.824240 0.446308196 -0.131948814 -0.035118751 0.066592269 -0.292879820 -0.049347352 0.952550113
1548266538.857780 0.441758960 -0.126983717 -0.044634867 0.069822989 -0.279353380 -0.044083346 0.956631124
1548266538.891300 0.442292482 -0.130664304 -0.058433544 0.071071744 -0.274604768 -0.040884014 0.958055079
1548266538.924810 0.457512468 -0.139961272 -0.055520598 0.072688222 -0.274459362 -0.039384037 0.958038270
1548266538.958340 0.464525729 -0.136809140 -0.051130764 0.075841837 -0.271645635 -0.037558049 0.958668888
1548266538.991860 0.451723576 -0.134134442 -0.057269592 0.077967539 -0.262364209 -0.034788776 0.961184621
1548266539.025390 0.450532585 -0.140800610 -0.070138641 0.078813903 -0.258057237 -0.034583267 0.962288320
1548266539.058900 0.455658078 -0.139094010 -0.070494816 0.080598265 -0.256339669 -0.034192685 0.962613523
1548266539.092420 0.450365961 -0.141300246 -0.073360503 0.081734598 -0.251832843 -0.033716410 0.963723421
1548266539.125940 0.453322113 -0.148422807 -0.074659713 0.082554258 -0.248006448 -0.033618160 0.964648843
1548266539.159460 0.441813618 -0.146258563 -0.085451409 0.083535120 -0.243160024 -0.033181574 0.965812624
1548266539.192970 0.434155941 -0.148833245 -0.089445546 0.083934121 -0.240322694 -0.032328572 0.966516912
1548266539.226490 0.437096596 -0.151593313 -0.091846898 0.085378490 -0.240251198 -0.031142766 0.966447115
1548266539.260000 0.449604809 -0.162182003 -0.085474804 0.085310325 -0.241119966 -0.030088693 0.966270149
1548266539.293520 0.453490615 -0.162612960 -0.087972805 0.085949913 -0.238621488 -0.029378923 0.966855347
1548266539.327040 0.441796958 -0.167739317 -0.093001716 0.085095994 -0.234671265 -0.028307773 0.967929125
1548266539.360520 0.449722499 -0.165533721 -0.086382627 0.085640192 -0.233706191 -0.027635392 0.968133986
1548266539.394070 0.441513956 -0.165336683 -0.091414705 0.085391082 -0.228090316 -0.026441300 0.969527721
1548266539.427580 0.438262731 -0.165845722 -0.086973779 0.085406587 -0.223721221 -0.025382381 0.970572114
1548266539.461070 0.439312547 -0.165872142 -0.092514642 0.084530175 -0.217091963 -0.023877509 0.972191095
1548266539.494590 0.438281208 -0.174579307 -0.088696986 0.082644820 -0.212773234 -0.022502480 0.973340154
1548266539.528070 0.445534497 -0.184175014 -0.086217053 0.081866100 -0.210433811 -0.021607177 0.973934650
1548266539.561580 0.465342283 -0.182070613 -0.078155488 0.082435593 -0.206128225 -0.018938830 0.974862456
1548266539.595090 0.452430934 -0.177414373 -0.086673774 0.082814708 -0.196559757 -0.017777782 0.976826429
1548266539.628600 0.447988302 -0.177483872 -0.084226683 0.083388209 -0.190358281 -0.016862541 0.978021383
1548266539.662120 0.464352876 -0.172259659 -0.078063399 0.083628379 -0.186678797 -0.014921927 0.978741348
1548266539.695540 0.479491621 -0.174414411 -0.069891751 0.082051374 -0.181406766 -0.013176983 0.979890585
1548266539.728650 0.435347259 -0.167485759 -0.083061188 0.081916675 -0.169308901 -0.012115588 0.982078075
1548266539.762070 0.441971481 -0.171038717 -0.081068024 0.079738818 -0.167530254 -0.011779463 0.982566357
1548266539.795590 0.434698761 -0.163607448 -0.070884131 0.078699753 -0.162190437 -0.010589354 0.983559072
1548266539.829110 0.441521317 -0.160544991 -0.074976750 0.076136827 -0.158676445 -0.008952851 0.984349966
1548266539.862620 0.426521927 -0.151283458 -0.069432668 0.074729770 -0.153833151 -0.009533267 0.985220730
1548266539.896140 0.438413233 -0.153833508 -0.062229808 0.071008936 -0.149296224 -0.008926295 0.986199081
1548266539.929660 0.444332391 -0.149537534 -0.062163029 0.068648413 -0.143717304 -0.008392205 0.987199247
1548266539.963260 0.417479366 -0.144209176 -0.068176240 0.067388415 -0.135838136 -0.008931736 0.988396168
1548266539.996690 0.428604692 -0.145558730 -0.061983418 0.065967284 -0.134752735 -0.010801051 0.988621950
1548266540.030200 0.441025227 -0.135184512 -0.049356982 0.065732926 -0.131620273 -0.011664944 0.989049673
1548266540.063720 0.426071286 -0.130458921 -0.057931338 0.065161012 -0.121861756 -0.012833732 0.990322709
1548266540.097230 0.405922502 -0.134025112 -0.061547574 0.064670652 -0.115657695 -0.012630565 0.991101146
1548266540.130750 0.416152924 -0.133848935 -0.057973228 0.065226078 -0.115420274 -0.013649534 0.991078913
1548266540.164260 0.411262751 -0.131470054 -0.050781511 0.065718919 -0.109584533 -0.011946532 0.991730571
1548266540.197770 0.403599679 -0.136346415 -0.055927977 0.065493375 -0.106252246 -0.010021465 0.992129326
1548266540.231290 0.423581421 -0.139441818 -0.053397272 0.066576771 -0.108686566 -0.008205127 0.991810143
1548266540.264800 0.421969503 -0.114141226 -0.054793626 0.071368858 -0.104999676 -0.005999465 0.991889894
1548266540.298270 0.412451833 -0.118038110 -0.054784331 0.071574904 -0.100353390 -0.002920346 0.992369711
1548266540.331760 0.408128381 -0.116907187 -0.055583570 0.072459720 -0.099165492 -0.000699972 0.992429018
1548266540.365280 0.408764869 -0.118389159 -0.055715278 0.073257476 -0.099817015 0.000729633 0.992305100
1548266540.398790 0.423374683 -0.101244777 -0.049645465 0.076591983 -0.101078190 0.001280102 0.991925001
1548266540.432290 0.406373382 -0.099152647 -0.052166861 0.076710589 -0.097906962 0.001843250 0.992232978
1548266540.465810 0.413664758 -0.097667016 -0.046745230 0.076857060 -0.101068735 0.001055123 0.991905749
1548266540.499320 0.412611067 -0.085417502 -0.044377048 0.078194872 -0.100593813 -0.000406417 0.991849899
1548266540.532830 0.414326698 -0.080566332 -0.040330201 0.077745095 -0.100589961 -0.001355565 0.991884828
1548266540.566340 0.397271276 -0.068053469 -0.039995711 0.078309856 -0.097057924 -0.003095579 0.992188334
1548266540.599850 0.391878664 -0.069356389 -0.036468320 0.076269701 -0.096751235 -0.003574884 0.992375612
1548266540.633360 0.397661030 -0.064612262 -0.031295631 0.075786389 -0.097876981 -0.005630656 0.992292702
1548266540.666900 0.413133919 -0.062747993 -0.021120343 0.074659586 -0.098534457 -0.007248290 0.992302537
1548266540.700420 0.398076862 -0.053624898 -0.021229438 0.073996119 -0.093853451 -0.007599204 0.992803276
1548266540.733930 0.374311954 -0.049379315 -0.021540083 0.072899081 -0.090130083 -0.008260291 0.993224084
1548266540.767450 0.378814787 -0.045130115 -0.017048398 0.071230784 -0.092707895 -0.009131229 0.993100226
1548266540.800970 0.371382296 -0.034679893 -0.013100882 0.070202298 -0.093101986 -0.011210408 0.993115306
1548266540.834480 0.340280414 -0.040526800 -0.011532508 0.067319132 -0.092836365 -0.013126207 0.993316293
1548266540.868000 0.359425008 -0.032755665 -0.002045261 0.065749705 -0.100751109 -0.017331783 0.992585421
1548266540.901510 0.351474315 -0.031038918 0.000691243 0.062766038 -0.102560177 -0.020456277 0.992533803
1548266540.935030 0.333676070 -0.019733965 -0.001773391 0.061754040 -0.106122695 -0.024282619 0.992136478
1548266540.968550 0.345344812 -0.021327335 0.010690795 0.059253231 -0.115694217 -0.030472638 0.991047621
1548266541.002060 0.338395447 -0.019345120 0.014363149 0.057340279 -0.118117012 -0.034857623 0.990729749
1548266541.035580 0.285951734 0.013338846 0.006090947 0.059330057 -0.116350077 -0.037979741 0.990706921
1548266541.069130 0.306908578 0.009835612 0.008790383 0.057632279 -0.127521798 -0.045149662 0.989130020
1548266541.102710 0.264789015 0.021473093 0.008607561 0.057360891 -0.126975521 -0.049662560 0.988999784
1548266541.136260 0.253970176 0.032233715 0.016578764 0.056549560 -0.137912884 -0.053392727 0.987386167
1548266541.169930 0.279963046 0.014191737 0.028210139 0.052310918 -0.151348352 -0.063465774 0.985052943
1548266541.203440 0.276392907 0.035473183 0.032932151 0.051503614 -0.155671030 -0.063804060 0.984399796
1548266541.236960 0.269215643 0.038075704 0.038992010 0.048933465 -0.166918024 -0.071037225 0.982190192
1548266541.270470 0.280617565 0.057377029 0.050010998 0.048347950 -0.174375981 -0.076477453 0.980513513
1548266541.304000 0.260384500 0.059365142 0.040513925 0.044138119 -0.174375892 -0.077667184 0.980618536
1548266541.337540 0.252063870 0.060015194 0.048938546 0.041214634 -0.185886249 -0.084333658 0.978077412
1548266541.371080 0.281548887 0.029201407 0.057425659 0.034835771 -0.196433157 -0.089871123 0.975768268
1548266541.404610 0.236513928 0.041333586 0.054870110 0.034371346 -0.195696503 -0.094158612 0.975528419
1548266541.438130 0.253551424 0.039553706 0.069538064 0.032639857 -0.208014369 -0.097509302 0.972705781
1548266541.471620 0.247272119 0.030622320 0.060680538 0.030831693 -0.210538685 -0.103050910 0.971649826
1548266541.505140 0.218017906 0.049572602 0.053466596 0.032577235 -0.212077320 -0.105869614 0.970954955
1548266541.538680 0.237952128 0.039792959 0.072011583 0.030920763 -0.224304304 -0.109941937 0.967803836
1548266541.572350 0.231309876 0.039881110 0.064483143 0.031522259 -0.227279529 -0.113260634 0.966706991
1548266541.605880 0.204212993 0.059181690 0.063131012 0.034785271 -0.231353581 -0.115946107 0.965309262
1548266541.639380 0.236753181 0.047280636 0.070010960 0.034916248 -0.242192060 -0.120714121 0.962056100
1548266541.672900 0.212952793 0.068604715 0.061860830 0.037910361 -0.242608279 -0.122047663 0.961669564
1548266541.706420 0.215347514 0.056302611 0.072824322 0.037254825 -0.248899743 -0.127773255 0.959340930
1548266541.739930 0.209165335 0.064992674 0.070706047 0.038810804 -0.250223547 -0.127909139 0.958916664
1548266541.773460 0.192566350 0.079489149 0.063694306 0.041402113 -0.253820509 -0.130207837 0.957552552
1548266541.806980 0.191637591 0.082754657 0.076159164 0.042951670 -0.259253740 -0.132982835 0.955645442
1548266541.840490 0.167753965 0.097387835 0.069717176 0.044925552 -0.259072363 -0.133268386 0.955564082
1548266541.874000 0.189666927 0.086497687 0.075500570 0.044217940 -0.267364591 -0.134424224 0.953147948
1548266541.907480 0.187456250 0.103647768 0.083365232 0.047260236 -0.271183014 -0.134914219 0.951853156
1548266541.940970 0.183203056 0.095325023 0.080165595 0.046170294 -0.271906137 -0.138914779 0.951124609
1548266541.974480 0.154952452 0.127113387 0.086413063 0.048932649 -0.269563794 -0.139464661 0.951572657
1548266542.008000 0.149661466 0.124723040 0.083733320 0.046726272 -0.272161841 -0.143761545 0.950303733
1548266542.041510 0.140453160 0.137841165 0.090806074 0.046822220 -0.275717497 -0.145993978 0.948932707
1548266542.075020 0.148839802 0.137331337 0.100502506 0.044670526 -0.278580129 -0.149115726 0.947714150
1548266542.108530 0.093607299 0.160339415 0.085227609 0.044316001 -0.271618217 -0.151862428 0.949314177
1548266542.142030 0.134820387 0.134852648 0.108956330 0.038043287 -0.291250259 -0.157498628 0.942825615
1548266542.175490 0.129870877 0.148036778 0.113866620 0.037628595 -0.290536225 -0.158859387 0.942834258
1548266542.208990 0.109209567 0.159335971 0.109324425 0.035747636 -0.287960351 -0.161417261 0.943263173
1548266542.242460 0.104498290 0.169600263 0.114501812 0.033991668 -0.291492432 -0.163935259 0.941807806
1548266542.275980 0.107924663 0.159340620 0.130690277 0.029978298 -0.293231159 -0.168345436 0.940625608
1548266542.309500 0.088524759 0.169266239 0.126617685 0.027664162 -0.289386719 -0.167377785 0.942058742
1548266542.342970 0.087903745 0.173694015 0.138597161 0.025460839 -0.294337898 -0.168262139 0.940427959
1548266542.376490 0.081992105 0.165281728 0.142052025 0.022443973 -0.294308394 -0.169555515 0.940281749
1548266542.410000 0.076352924 0.171713993 0.145575151 0.021293031 -0.293496072 -0.167965651 0.940847576
1548266542.443560 0.068683803 0.179309130 0.149390131 0.020044776 -0.294178396 -0.166948140 0.940843046
1548266542.477110 0.071475528 0.165582418 0.159332410 0.016494680 -0.296191841 -0.169394925 0.939842343
1548266542.510590 0.064070873 0.172592357 0.163733825 0.015359681 -0.293788642 -0.167053163 0.941034317
1548266542.544070 0.056747265 0.171099782 0.166504189 0.012951076 -0.293897986 -0.166889966 0.941065371
1548266542.577540 0.052530695 0.164836124 0.171202615 0.010716908 -0.294403344 -0.166867092 0.940939546
1548266542.611060 0.050660226 0.157935172 0.178785339 0.008559301 -0.293665260 -0.166658729 0.941229165
1548266542.644570 0.042964574 0.161993936 0.181954101 0.006688844 -0.290753901 -0.162821919 0.942818403
1548266542.678090 0.033436365 0.156863645 0.182561249 0.004540482 -0.290904939 -0.160792470 0.943132818
1548266542.711610 0.035040874 0.151778102 0.187712848 0.004086382 -0.293947190 -0.159842193 0.942352831
1548266542.745120 0.026759773 0.149245963 0.187975332 0.003778772 -0.294874161 -0.159481764 0.942125499
1548266542.778640 0.024553020 0.150374681 0.192732349 0.003882370 -0.297267973 -0.157851756 0.941647232
1548266542.812160 0.021654857 0.143387452 0.193772882 0.003474267 -0.299495608 -0.158776134 0.940787137
1548266542.845680 0.020996006 0.130331933 0.196593374 0.002405188 -0.300924152 -0.160504803 0.940041006
1548266542.879220 0.015507446 0.131922036 0.198193684 0.003267569 -0.300469637 -0.160268053 0.940224171
1548266542.912750 0.008639767 0.129188359 0.196418345 0.002453235 -0.301785469 -0.158521026 0.940101385
1548266542.946260 0.009688769 0.125931710 0.203329802 0.003278578 -0.305789411 -0.158460557 0.938814342
1548266542.979770 0.009164206 0.115676962 0.203975707 0.002658781 -0.306953639 -0.158227593 0.938475609
1548266543.013300 0.003334619 0.110269144 0.197549969 0.002251790 -0.308050334 -0.157757312 0.938196480
1548266543.046890 -0.000226405 0.105141811 0.198397532 0.001705441 -0.312365264 -0.156755775 0.936937928
1548266543.080470 -0.003164304 0.104080036 0.203118280 0.002094939 -0.317363977 -0.154803991 0.935580850
1548266543.113980 -0.003076711 0.099852130 0.201883644 0.002208108 -0.321326166 -0.153604060 0.934425175
1548266543.147500 -0.000692595 0.088697314 0.206902280 0.001427688 -0.327401429 -0.153344259 0.932358205
1548266543.181010 -0.002039330 0.083783641 0.207415745 0.002540647 -0.329398394 -0.153232709 0.931670547
1548266543.214530 -0.004402981 0.079107895 0.205438763 0.003351827 -0.332246870 -0.152620733 0.930756509
1548266543.248050 -0.002422615 0.069563277 0.207265139 0.004133330 -0.335776150 -0.153128490 0.929402471
1548266543.281560 -0.005545578 0.070222199 0.207030356 0.006053016 -0.338112414 -0.151286751 0.928846419
1548266543.315080 -0.001752889 0.060278002 0.211689636 0.007186551 -0.341598302 -0.151860073 0.927468300
1548266543.348540 -0.002461708 0.055687338 0.212174997 0.009057255 -0.339390010 -0.150722697 0.928447664
1548266543.381930 -0.008580660 0.048257831 0.200096220 0.008595742 -0.339559346 -0.149000973 0.928668022
1548266543.415400 -0.007580890 0.049807545 0.204538912 0.010926996 -0.343973041 -0.149610966 0.926919460
1548266543.448920 -0.004103816 0.039241821 0.208143696 0.011564775 -0.345723152 -0.150363773 0.926138520
1548266543.482430 -0.006669504 0.029660160 0.204160646 0.011258624 -0.344666392 -0.149100602 0.926740170
1548266543.515950 -0.010106278 0.020758025 0.200395629 0.011464240 -0.345613480 -0.147623703 0.926621377
1548266543.549470 -0.007035418 0.018777315 0.201588422 0.015097283 -0.346674711 -0.146790281 0.926305175
1548266543.582820 -0.013749355 0.015169808 0.199621156 0.017359152 -0.345904946 -0.144709393 0.926880598
1548266543.616340 -0.006368145 0.004245007 0.196812883 0.020021318 -0.347636878 -0.144419611 0.926223934
1548266543.649850 -0.002956181 -0.000135589 0.194782764 0.025939748 -0.344329447 -0.143580481 0.927442193
1548266543.683470 0.003833212 -0.011121408 0.199322179 0.029358970 -0.340005487 -0.139969736 0.929485261
1548266543.716990 0.001224906 -0.024518706 0.193411529 0.030332284 -0.333830297 -0.138215899 0.931951523
1548266543.750410 -0.000907822 -0.031481043 0.188962400 0.031865615 -0.330969453 -0.135960430 0.933251619
1548266543.783930 0.007605027 -0.040580846 0.190482363 0.034312841 -0.326414615 -0.134728119 0.934946239
1548266543.817440 -0.002869982 -0.044043399 0.185011685 0.033800799 -0.321422935 -0.128287703 0.937596440
1548266543.850960 0.001095581 -0.048238464 0.186578631 0.034581132 -0.323596209 -0.126443446 0.937070847
1548266543.884500 0.024220787 -0.069609150 0.206387028 0.033787627 -0.324420154 -0.126087070 0.936862886
1548266543.918080 0.001240921 -0.069003753 0.186855540 0.033968784 -0.313978583 -0.120015249 0.941201329
1548266543.951590 0.002614629 -0.075074919 0.186347932 0.035030965 -0.314280033 -0.116787553 0.941467762
1548266543.985060 0.008946383 -0.086829662 0.188639671 0.036115579 -0.313060015 -0.114271909 0.942141712
1548266544.018570 0.021326259 -0.098321617 0.186548024 0.037829012 -0.312189877 -0.112125672 0.942620993
1548266544.052090 0.020310033 -0.098575614 0.190712854 0.040750358 -0.308002889 -0.107280247 0.944438756
1548266544.085660 0.027219210 -0.114886992 0.180342585 0.041819215 -0.306010395 -0.106643438 0.945111632
1548266544.119180 0.027723074 -0.120627694 0.172233716 0.044923525 -0.298781484 -0.104489826 0.947519600
1548266544.152710 0.030222381 -0.117945880 0.178110823 0.047979150 -0.295717686 -0.099805258 0.948835075
1548266544.186260 0.039950605 -0.117756233 0.177678853 0.050893921 -0.295063317 -0.097574338 0.949118912
1548266544.219780 0.042835604 -0.119258225 0.180365950 0.053475283 -0.291658610 -0.095968954 0.950192451
1548266544.253330 0.053662296 -0.116098054 0.178702533 0.055700686 -0.288545698 -0.093646809 0.951246083
1548266544.286840 0.051492907 -0.114972919 0.175380662 0.057010934 -0.285198241 -0.092766590 0.952263713
1548266544.320360 0.055698268 -0.116092958 0.187449276 0.058757298 -0.283111334 -0.094046801 0.952654600
1548266544.354010 0.055982564 -0.119724259 0.180499658 0.058432344 -0.275965750 -0.093021199 0.954869449
1548266544.387530 0.058057658 -0.113359883 0.173824653 0.058077794 -0.273190886 -0.089324333 0.956041276
1548266544.421040 0.064866215 -0.110377312 0.176119030 0.057874501 -0.275165558 -0.088558249 0.955558419
1548266544.454560 0.066932157 -0.116737023 0.178398535 0.056316882 -0.274991333 -0.087741822 0.955776930
1548266544.488080 0.070916027 -0.109413691 0.181947574 0.056377519 -0.275701433 -0.085075825 0.955809832
1548266544.521590 0.079043873 -0.103164203 0.184297130 0.056262571 -0.276359320 -0.082360774 0.955864429
1548266544.555110 0.092730761 -0.106530376 0.190762311 0.055284455 -0.277189940 -0.081634350 0.955743253
1548266544.588620 0.094967142 -0.102651633 0.194064826 0.055052154 -0.274887770 -0.080990486 0.956476092
1548266544.622130 0.090235256 -0.095321119 0.192244381 0.054779418 -0.272861660 -0.081040420 0.957067490
1548266544.655640 0.099641763 -0.095172718 0.198691159 0.053837787 -0.272626579 -0.083264366 0.956996977
1548266544.689160 0.100367151 -0.089178599 0.201545730 0.053279985 -0.269936919 -0.085253485 0.957615316
1548266544.722680 0.104693085 -0.074202970 0.204921499 0.052755788 -0.269573182 -0.084285118 0.957832515
1548266544.756190 0.101666361 -0.074483685 0.203500062 0.050743252 -0.269089937 -0.087376118 0.957800150
1548266544.789700 0.106235579 -0.068270162 0.207859546 0.049246799 -0.269163787 -0.088028215 0.957797825
1548266544.823220 0.103453621 -0.062673733 0.206060052 0.047629781 -0.267994165 -0.089246534 0.958094776
1548266544.856730 0.112020217 -0.065902963 0.208965510 0.044987224 -0.269767791 -0.091105200 0.957549632
1548266544.890260 0.111684047 -0.062687069 0.210711315 0.043416347 -0.268540770 -0.091344848 0.957944155
1548266544.923760 0.113198802 -0.061343975 0.211815149 0.042458121 -0.268703163 -0.092786804 0.957803011
1548266544.957280 0.120898753 -0.062947169 0.219852582 0.042071044 -0.268109143 -0.094125479 0.957855880
1548266544.990790 0.122930601 -0.060252249 0.221127301 0.042419944 -0.264581829 -0.094499581 0.958784044
1548266545.024180 0.126656502 -0.055215642 0.220444486 0.043396223 -0.262022853 -0.094476357 0.959445179
1548266545.057700 0.126023516 -0.051356796 0.220573142 0.044471946 -0.258964449 -0.093959540 0.960276663
1548266545.091210 0.126790598 -0.047310360 0.222371951 0.046036340 -0.257277668 -0.094115973 0.960640967
1548266545.124730 0.130854651 -0.048218798 0.228736177 0.047375076 -0.255756348 -0.094508097 0.960943580
1548266545.158240 0.130718127 -0.044598561 0.224132791 0.048563942 -0.251613438 -0.093108930 0.962113798
1548266545.191760 0.139206603 -0.039256334 0.224631339 0.050332323 -0.251145482 -0.092313208 0.962221801
1548266545.225270 0.140489861 -0.037955858 0.227200136 0.051288053 -0.248803079 -0.092262819 0.962784588
1548266545.258750 0.141198352 -0.031631652 0.227882594 0.052228514 -0.246957138 -0.090686649 0.963358879
1548266545.292200 0.143971264 -0.023239741 0.228971288 0.053267781 -0.246868029 -0.089292467 0.963455021
1548266545.325700 0.148937374 -0.021220766 0.227703914 0.053232942 -0.247094974 -0.089318000 0.963396430
1548266545.359220 0.154716507 -0.017217658 0.231484696 0.052882418 -0.246393532 -0.088623434 0.963659465
1548266545.392700 0.147903010 -0.006496634 0.228346810 0.052911635 -0.244752005 -0.087990634 0.964134037
1548266545.426200 0.154792905 -0.003773261 0.230639786 0.052164402 -0.246698678 -0.089158140 0.963571191
1548266545.459680 0.161679134 -0.004410448 0.234034076 0.050613202 -0.246923298 -0.090359762 0.963484466
1548266545.493230 0.157999545 0.008083687 0.233901024 0.050147306 -0.246255308 -0.089058042 0.963800907
1548266545.526740 0.171086431 0.004579181 0.237962350 0.048058446 -0.249622628 -0.090370864 0.962918520
1548266545.560280 0.169047832 0.002787172 0.238755122 0.046412040 -0.248665646 -0.092043854 0.963088393
1548266545.593790 0.167230174 0.007648116 0.241295442 0.045415036 -0.247839272 -0.091856897 0.963366747
1548266545.627340 0.167330727 0.004938261 0.243839160 0.043607675 -0.247187987 -0.092211425 0.963583708
1548266545.660860 0.159936279 0.010340678 0.241546750 0.042620219 -0.246202737 -0.091228694 0.963973582
1548266545.694340 0.168764025 0.004474355 0.245571643 0.040501151 -0.248118311 -0.091384202 0.963558972
1548266545.727840 0.172624946 0.011853503 0.250083983 0.039849244 -0.247461647 -0.088962004 0.963981569
1548266545.761410 0.168974936 0.007790597 0.250506192 0.038080588 -0.245736539 -0.089759007 0.964420438
1548266545.794920 0.170181736 0.012207463 0.252578378 0.036805581 -0.244079113 -0.088566877 0.965000868
1548266545.828490 0.164972544 0.019696353 0.255259573 0.036042947 -0.243024260 -0.088403881 0.965310752
1548266545.861960 0.171794459 0.017584138 0.262501627 0.034742776 -0.242066935 -0.089814551 0.965468764
1548266545.895520 0.173262224 0.025347235 0.264563501 0.033884998 -0.239498645 -0.088521250 0.966258883
1548266545.929040 0.168559477 0.024006320 0.263258398 0.031973865 -0.237520710 -0.089461006 0.966725588
1548266545.962550 0.166209579 0.019221615 0.265134424 0.029730041 -0.235863417 -0.090496503 0.967106521
1548266545.996170 0.166828901 0.017913714 0.266158551 0.028264664 -0.234252334 -0.089547582 0.967630208
1548266546.029690 0.160063997 0.014526434 0.264590085 0.027040955 -0.232594281 -0.087712102 0.968233049
1548266546.063210 0.165064707 0.008851041 0.265599340 0.026914956 -0.234032452 -0.086663999 0.967984378
1548266546.096720 0.160610333 -0.000086447 0.264584154 0.027562924 -0.231801286 -0.086148933 0.968548834
1548266546.130080 0.159126326 -0.000837213 0.261929244 0.029541146 -0.230271816 -0.081906877 0.969223142
1548266546.163600 0.166147843 -0.011051720 0.256776690 0.031266641 -0.231179833 -0.079390205 0.969162285
1548266546.197120 0.163193345 -0.015693126 0.254159242 0.035243955 -0.230299935 -0.078978941 0.969268858
