1548266530.512730 0.000000000 0.000000000 0.000000000 0.000000000 0.000000000 0.000000000 1.000000000
1548266530.546250 0.006849085 -0.009788817 -0.003061843 -0.004082435 -0.003778311 0.001590453 0.999983251
1548266530.579760 0.022247789 -0.003569874 0.004403292 -0.004995860 -0.013067951 0.000851248 0.999901772
1548266530.613280 -0.012339323 0.009576744 0.017903190 -0.004369609 -0.010523601 -0.004807805 0.999923527
1548266530.646790 -0.017161688 -0.001676457 0.018134303 -0.008553824 -0.012119568 -0.005734655 0.999873519
1548266530.680410 -0.047484744 -0.009673963 0.022117795 -0.011018534 -0.013045324 -0.006972324 0.999829888
1548266530.714060 -0.018158883 -0.010724211 0.032437265 -0.011265078 -0.024049906 -0.011163382 0.999584973
1548266530.747580 -0.006969619 -0.009381432 0.043454759 -0.011365287 -0.026715590 -0.014871826 0.999467850
1548266530.781220 -0.023896432 -0.023803405 0.046963468 -0.013282871 -0.022805585 -0.017317764 0.999501646
1548266530.814780 -0.046565041 -0.021719025 0.045073122 -0.012374381 -0.022359902 -0.017913349 0.999512911
1548266530.848300 -0.035416756 -0.023214625 0.053069752 -0.011672159 -0.027953448 -0.020466920 0.999331474
1548266530.881810 -0.021028606 -0.026685301 0.055723816 -0.012211502 -0.031368282 -0.019240033 0.999248087
1548266530.915280 -0.053769108 -0.026674002 0.060790136 -0.011963349 -0.029068392 -0.020544551 0.999294639
1548266530.948750 -0.045814849 -0.032960173 0.066428751 -0.012327394 -0.032981180 -0.020286826 0.999173999
1548266530.982270 -0.051908534 -0.030617204 0.065095410 -0.011571601 -0.034211069 -0.019510165 0.999157190
1548266531.015780 -0.036803070 -0.034290064 0.072125204 -0.012045686 -0.038235761 -0.019961340 0.998996735
1548266531.049350 -0.037217770 -0.035025373 0.077770390 -0.011886382 -0.037897106 -0.018644556 0.999036968
1548266531.082860 -0.042625196 -0.036128648 0.076378539 -0.011722178 -0.038529173 -0.018202467 0.999022901
1548266531.116380 -0.029972352 -0.037548169 0.087401561 -0.011596644 -0.040500008 -0.019157205 0.998928547
1548266531.149900 -0.029257914 -0.042749066 0.087372847 -0.012680800 -0.037912056 -0.018162832 0.999035537
1548266531.183410 -0.042999305 -0.039239746 0.088595584 -0.012038465 -0.035363682 -0.016321255 0.999168694
1548266531.216880 -0.035463378 -0.046755522 0.090650357 -0.012402439 -0.038088322 -0.015272648 0.999080658
1548266531.250390 -0.021406231 -0.053355101 0.096150480 -0.012549528 -0.039232913 -0.015239918 0.999035060
1548266531.283880 -0.024339916 -0.059663270 0.093102992 -0.013093772 -0.035737574 -0.012879020 0.999192417
1548266531.317360 -0.026833652 -0.085218832 0.091810912 -0.015763013 -0.035764545 -0.009773358 0.999188125
1548266531.350880 -0.008022015 -0.089719079 0.090127006 -0.013054308 -0.040223341 -0.007300761 0.999078751
1548266531.384340 -0.018443082 -0.098190643 0.091690503 -0.010209315 -0.038933434 -0.005231636 0.999175966
1548266531.417940 -0.013866136 -0.106215924 0.087610163 -0.006618064 -0.041065607 -0.001387294 0.999133587
1548266531.451460 -0.015097164 -0.125461385 0.082341082 -0.003581912 -0.043927073 0.001299128 0.999027491
1548266531.485070 0.000049479 -0.124311417 0.079674482 0.001900038 -0.047263414 0.004326978 0.998871267
1548266531.519030 0.012708792 -0.141184300 0.072338082 0.004651286 -0.049241472 0.007648456 0.998746753
1548266531.552550 0.023124447 -0.146852836 0.065670431 0.009061297 -0.051408816 0.010789914 0.998578310
1548266531.585620 0.022066286 -0.134808257 0.063470937 0.016802313 -0.050671335 0.012071216 0.998501062
1548266531.618940 0.020783732 -0.132544547 0.054561049 0.021666247 -0.047888685 0.013686614 0.998523891
1548266531.652460 0.023695569 -0.142672062 0.048549589 0.024326723 -0.046187073 0.015870156 0.998510480
1548266531.686160 0.033259865 -0.143093526 0.041361772 0.028545933 -0.046545397 0.018155368 0.998343170
1548266531.719850 0.038292043 -0.130213723 0.040661480 0.033790704 -0.045871213 0.019623470 0.998182833
1548266531.753190 0.053184949 -0.131815672 0.037746150 0.035551954 -0.044737075 0.021313768 0.998138428
1548266531.786740 0.049033869 -0.138488322 0.034652885 0.036480144 -0.041402455 0.023308594 0.998204231
1548266531.820260 0.049033161 -0.131599993 0.031197060 0.039529461 -0.039310578 0.024158645 0.998152494
1548266531.853920 0.049136724 -0.129372314 0.027186798 0.041430913 -0.037328888 0.025476592 0.998118699
1548266531.887450 0.056397639 -0.134784713 0.028782047 0.042123593 -0.036262024 0.026790082 0.998094678
1548266531.920950 0.071017496 -0.140623853 0.024038134 0.042837411 -0.035627034 0.028786896 0.998031557
1548266531.954320 0.060392883 -0.136529490 0.020064978 0.045717411 -0.031967752 0.029698929 0.998000979
1548266531.987830 0.073569447 -0.140989631 0.017026257 0.046544913 -0.032093525 0.031893365 0.997890949
1548266532.021320 0.085456997 -0.140129387 0.010067548 0.048296940 -0.030897079 0.033098504 0.997806251
1548266532.054790 0.082901746 -0.142183349 0.002817704 0.049576983 -0.027685080 0.035127088 0.997768402
1548266532.088340 0.077744350 -0.135462254 -0.002763455 0.053064264 -0.024350461 0.035723124 0.997654796
1548266532.121860 0.101120666 -0.134978384 -0.004675559 0.054603189 -0.023890253 0.036986917 0.997536838
1548266532.155340 0.146796286 -0.141703844 0.001360772 0.053741582 -0.024547441 0.039649151 0.997465372
1548266532.188840 0.111308508 -0.143238306 -0.005646196 0.054813758 -0.014467876 0.039518096 0.997609377
1548266532.222360 0.132096276 -0.140415937 -0.009928926 0.055555094 -0.011482951 0.040599063 0.997563779
1548266532.255880 0.116913639 -0.108947262 -0.008803382 0.060147189 -0.002215065 0.040455159 0.997366905
1548266532.289310 0.121949926 -0.127246216 -0.011534819 0.056783233 0.003857654 0.042176425 0.997487783
1548266532.322820 0.140725285 -0.140013650 -0.010594890 0.054523669 0.007141512 0.043204501 0.997551799
1548266532.356320 0.151361406 -0.132553071 -0.012687499 0.055589855 0.011583854 0.044327959 0.997401953
1548266532.389830 0.144266337 -0.132074058 -0.007675973 0.055700876 0.016990470 0.046540659 0.997217476
1548266532.423340 0.158248141 -0.155089304 -0.012942217 0.052559357 0.017742526 0.048467733 0.997283101
1548266532.456870 0.186738491 -0.153254539 -0.011787281 0.052375421 0.016115092 0.050876006 0.997200489
1548266532.490390 0.177573010 -0.130311415 -0.013148163 0.055503953 0.020690050 0.051146623 0.996932924
1548266532.523900 0.174818411 -0.123946138 -0.011280763 0.055901550 0.025529513 0.052305114 0.996738434
1548266532.557420 0.183079571 -0.131276444 -0.006975031 0.053797677 0.026586410 0.053625517 0.996756375
1548266532.590930 0.194183126 -0.119072862 -0.002259527 0.054838073 0.026408842 0.055063784 0.996625960
1548266532.624440 0.209524080 -0.123127356 0.001941206 0.052998528 0.025905497 0.055798788 0.996697843
1548266532.657990 0.199897066 -0.106558032 0.001109466 0.053733155 0.029320326 0.055082366 0.996603727
1548266532.691510 0.233599916 -0.121898085 0.011044857 0.048983879 0.026298540 0.055228509 0.996924698
1548266532.724990 0.245439038 -0.130982339 0.010196302 0.044739936 0.027134394 0.054079995 0.997164667
1548266532.758500 0.267495692 -0.132686168 0.019409642 0.041902844 0.026393836 0.053472959 0.997340560
1548266532.792010 0.270629823 -0.134141758 0.021458436 0.038591199 0.028880501 0.050492961 0.997560561
1548266532.825530 0.256283849 -0.127644002 0.030193079 0.036737517 0.034354389 0.049065895 0.997528315
1548266532.859080 0.275659233 -0.138595641 0.039863467 0.033033185 0.033039574 0.049493480 0.997681141
1548266532.892610 0.280748516 -0.135645375 0.039861273 0.031281333 0.033523042 0.048137650 0.997787774
1548266532.926110 0.287620246 -0.135637045 0.050722532 0.029293165 0.033817045 0.049578618 0.997767687
1548266532.959600 0.291603863 -0.131695703 0.055070303 0.027591497 0.034381945 0.048104711 0.997869015
1548266532.993110 0.305227667 -0.101814039 0.064924218 0.030312104 0.034112152 0.048520647 0.997779191
1548266533.026600 0.295297623 -0.101414882 0.073239014 0.028295113 0.036634978 0.048989654 0.997726023
1548266533.060060 0.337407351 -0.102913253 0.067109704 0.025238784 0.031072084 0.048583355 0.998016655
1548266533.093570 0.342657566 -0.101147071 0.070502475 0.022693446 0.032846779 0.049493004 0.997976243
1548266533.127070 0.338707715 -0.099600449 0.081629477 0.019818068 0.035716195 0.049623642 0.997932434
1548266533.160570 0.357030541 -0.098396607 0.082320847 0.016866557 0.035169076 0.050639156 0.997955084
1548266533.194090 0.348893404 -0.080558471 0.096344434 0.016717529 0.038322680 0.049440827 0.997901559
1548266533.227600 0.351465642 -0.078157172 0.100886963 0.014090721 0.040355146 0.049742535 0.997846961
1548266533.261070 0.351190686 -0.071210235 0.108290240 0.012044590 0.041433830 0.050583750 0.997787297
1548266533.294580 0.374908805 -0.058964219 0.118009716 0.010723818 0.039399348 0.050644189 0.997881651
1548266533.327900 0.394427568 -0.072920442 0.117144503 0.004991715 0.038645349 0.051343288 0.997920573
1548266533.361290 0.389176935 -0.052952744 0.129432991 0.004208676 0.041922580 0.049802389 0.997869968
1548266533.394810 0.391404361 -0.059792101 0.141775727 -0.000512847 0.044050530 0.050355185 0.997759283
1548266533.428070 0.405391604 -0.041624904 0.145213082 -0.001688402 0.044305228 0.049563635 0.997786403
1548266533.461580 0.408988893 -0.044595238 0.154854208 -0.005875584 0.047126103 0.050275773 0.997605622
1548266533.495070 0.413884491 -0.043333903 0.156709120 -0.009278771 0.048961341 0.050678201 0.997471035
1548266533.528550 0.417015016 -0.042030707 0.161303088 -0.013064119 0.050934467 0.049641669 0.997381926
1548266533.562110 0.468177408 -0.001857272 0.161709860 -0.012019339 0.048503641 0.048941210 0.997550845
1548266533.595650 0.463506818 -0.003940400 0.172797114 -0.016133530 0.052838199 0.049065668 0.997266471
1548266533.629140 0.478343815 0.005097212 0.174738258 -0.019239727 0.052625787 0.047808364 0.997283697
1548266533.662610 0.472690523 0.005478318 0.186669812 -0.023416227 0.057526913 0.046295505 0.996995032
1548266533.695710 0.450386405 0.002004067 0.198939770 -0.027524287 0.062909029 0.047336772 0.996515989
1548266533.729220 0.460799664 0.005973574 0.209195629 -0.029845571 0.062464409 0.046823416 0.996501386
1548266533.763160 0.458393186 0.013592271 0.213878468 -0.031284183 0.064257510 0.047255270 0.996322870
1548266533.796720 0.460188776 0.019019561 0.226556927 -0.033000819 0.064535625 0.049186554 0.996155977
1548266533.830270 0.468478829 0.035269100 0.233224705 -0.032991115 0.064425007 0.049419668 0.996151984
1548266533.864050 0.470588475 0.038910270 0.237952143 -0.035596214 0.065597236 0.052164353 0.995845795
1548266533.897660 0.497393847 0.046386536 0.237389401 -0.038507421 0.061821021 0.054600522 0.995848417
1548266533.931810 0.507542610 0.059224654 0.243424326 -0.041400529 0.063027896 0.056624785 0.995543659
1548266533.965340 0.515104830 0.054693297 0.255241424 -0.047289651 0.065774478 0.059346929 0.994944870
1548266533.998860 0.527555466 0.055251323 0.257981271 -0.051887330 0.069000892 0.063249581 0.994256556
1548266534.032370 0.542258322 0.047489807 0.257625222 -0.057473086 0.071260564 0.066633321 0.993568718
1548266534.065880 0.550212204 0.043072201 0.260767847 -0.063351497 0.076825134 0.069771163 0.992580712
1548266534.098760 0.547451138 0.024140995 0.274421871 -0.069136061 0.081912681 0.074176446 0.991467774
1548266534.132270 0.555458188 0.001930459 0.276509255 -0.071538605 0.082492225 0.077411965 0.991001844
1548266534.165790 0.552115500 0.003818675 0.277291864 -0.068536744 0.087403327 0.079234153 0.990648925
1548266534.199620 0.549235702 -0.007610647 0.282081217 -0.067443520 0.091106459 0.082582980 0.990116656
1548266534.233140 0.560453951 -0.016926391 0.286173195 -0.065094769 0.090841040 0.085793629 0.990025282
1548266534.266290 0.566024482 -0.023486162 0.277279288 -0.060675289 0.092182919 0.089964472 0.989811718
1548266534.299800 0.563811243 -0.024669282 0.278823137 -0.055664271 0.094317429 0.093522847 0.989575267
1548266534.333320 0.581109643 -0.038663398 0.268663317 -0.053352572 0.093113124 0.095769003 0.989601851
1548266534.366840 0.597523332 -0.020953441 0.266090155 -0.045824468 0.094500944 0.098664336 0.989563048
1548266534.400350 0.596979976 -0.025240840 0.266849726 -0.042160008 0.097974949 0.102983475 0.988947868
1548266534.433870 0.600888968 -0.035176776 0.261380374 -0.039513186 0.100326709 0.105944112 0.988508523
1548266534.467200 0.600882053 -0.040137239 0.260700077 -0.035797086 0.102661736 0.110600606 0.987900138
1548266534.500720 0.599723279 -0.051559594 0.259804040 -0.033453863 0.104394928 0.113209113 0.987505078
1548266534.534230 0.603755713 -0.053276766 0.255578697 -0.029537927 0.104082704 0.116573930 0.987271369
1548266534.567930 0.593704998 -0.051774077 0.258050293 -0.025233870 0.104877271 0.118589126 0.987066686
1548266534.601620 0.609200358 -0.057332315 0.251069367 -0.022687593 0.101486295 0.119769536 0.987340391
1548266534.635140 0.594880044 -0.076462418 0.248902097 -0.022094177 0.104065061 0.121794276 0.986837626
1548266534.668650 0.587224305 -0.070017397 0.250881732 -0.016347524 0.102805205 0.123991571 0.986807942
1548266534.702000 0.596214950 -0.068833351 0.246905565 -0.011487659 0.098721221 0.122926816 0.987426519
1548266534.735510 0.575373709 -0.072049633 0.251622021 -0.006557676 0.100178383 0.123148069 0.987297237
1548266534.769120 0.577035904 -0.074884057 0.243317991 -0.002851922 0.097295165 0.122681737 0.987661242
1548266534.802630 0.573955357 -0.091558516 0.240130365 -0.001181458 0.094479270 0.122949108 0.987904787
1548266534.836150 0.571662426 -0.093118176 0.237394899 0.001932307 0.092411749 0.120885529 0.988353729
1548266534.869670 0.564889550 -0.089583643 0.234035835 0.005520150 0.091029570 0.119846992 0.988594890
1548266534.903180 0.531925976 -0.099378735 0.235691026 0.007024380 0.093162552 0.119380057 0.988443136
1548266534.936680 0.531754434 -0.136300921 0.227798730 0.004009328 0.088336214 0.120826289 0.988727272
1548266534.970200 0.532230318 -0.145431831 0.223241627 0.004680498 0.083331913 0.117197812 0.989595175
1548266535.003720 0.523215413 -0.147749037 0.221277550 0.006508075 0.082402430 0.116556585 0.989738345
1548266535.037230 0.521763146 -0.138686106 0.217683271 0.010972560 0.076708116 0.116093189 0.990211010
1548266535.070750 0.517712951 -0.126956210 0.210842997 0.015635362 0.071011066 0.111751400 0.991072476
1548266535.104260 0.509318829 -0.136804238 0.203885481 0.015670057 0.070526481 0.109096050 0.991402328
1548266535.137790 0.495183051 -0.151171625 0.207686394 0.016315807 0.070516557 0.110579379 0.991228223
1548266535.171310 0.495719045 -0.144896299 0.204807803 0.020362688 0.064014211 0.106541961 0.992036462
1548266535.204830 0.504707336 -0.145942584 0.198736355 0.022545174 0.058812909 0.103220001 0.992662311
1548266535.238360 0.467601895 -0.146520525 0.196102515 0.024931107 0.064161472 0.099256404 0.992678165
1548266535.272000 0.498079836 -0.124116451 0.176135764 0.031014977 0.055634361 0.100002326 0.992946327
1548266535.305520 0.481790692 -0.135133937 0.171365619 0.031021003 0.051463418 0.097407997 0.993428886
1548266535.339120 0.430413604 -0.118745469 0.188449547 0.034317311 0.056347035 0.092736870 0.993502498
1548266535.372630 0.437979430 -0.156791836 0.192776531 0.028129028 0.054708626 0.093112916 0.993753374
1548266535.406150 0.408844858 -0.173264161 0.189324558 0.025505781 0.053563580 0.091177516 0.994065940
1548266535.439660 0.422761232 -0.115544505 0.193065435 0.032689761 0.047071200 0.087298103 0.994532406
1548266535.473180 0.413974673 -0.114840627 0.196272090 0.030973544 0.046304755 0.085695870 0.994762659
1548266535.506700 0.403326809 -0.118735261 0.196437374 0.029103536 0.042016041 0.082082756 0.995314062
1548266535.539890 0.378464937 -0.151778266 0.189299434 0.024201876 0.039616480 0.079867661 0.995723844
1548266535.573410 0.369147122 -0.160746679 0.184411779 0.022751205 0.033425279 0.077241577 0.996192157
1548266535.606830 0.378026038 -0.161146402 0.186552390 0.022889042 0.023865128 0.074173182 0.996696949
1548266535.640330 0.394097120 -0.136484668 0.191655129 0.027848449 0.011629481 0.070554361 0.997051299
1548266535.673840 0.370859832 -0.180991068 0.174980685 0.021236841 0.010525649 0.067250997 0.997454524
1548266535.707360 0.364226133 -0.178994089 0.176636338 0.023405574 0.005937076 0.065939583 0.997531414
1548266535.740840 0.377039135 -0.179271504 0.169151396 0.024137452 -0.003028089 0.062280864 0.997762144
1548266535.774360 0.381997764 -0.177086040 0.169234052 0.026145905 -0.010437046 0.058733590 0.997876644
1548266535.807870 0.381623715 -0.180808991 0.178017199 0.026671860 -0.016268905 0.057051826 0.997882307
1548266535.841390 0.331425905 -0.177583605 0.170011297 0.029045794 -0.015577801 0.053689718 0.998013556
1548266535.874910 0.368015140 -0.179477185 0.172931120 0.029961897 -0.028192203 0.051713701 0.997814178
1548266535.908420 0.381423354 -0.189256772 0.177346572 0.028584622 -0.034674063 0.049346630 0.997770309
1548266535.941940 0.386531830 -0.179365769 0.180960953 0.029760495 -0.039332733 0.047231399 0.997665465
1548266535.975450 0.380761206 -0.188904509 0.188255310 0.027903043 -0.043782469 0.044300020 0.997668326
1548266536.008970 0.329401523 -0.164667979 0.162746772 0.031139478 -0.042124320 0.040411022 0.997808993
1548266536.042460 0.311652452 -0.163936049 0.157587901 0.029059427 -0.042908680 0.038439605 0.997916222
1548266536.075970 0.318968654 -0.173660591 0.156818882 0.025206806 -0.046789654 0.036174837 0.997931242
1548266536.109520 0.304874629 -0.139750347 0.161805123 0.027968869 -0.047841787 0.032709267 0.997927368
1548266536.143030 0.334096849 -0.131293684 0.162240162 0.025823720 -0.052460488 0.029997358 0.997838259
1548266536.176570 0.328615367 -0.141305968 0.166104123 0.021267423 -0.052375976 0.027267246 0.998028517
1548266536.210110 0.336222649 -0.140706599 0.168675706 0.017883288 -0.055591363 0.023059987 0.998027086
1548266536.243630 0.326535612 -0.132309899 0.160091966 0.016077340 -0.053772040 0.019748596 0.998228490
1548266536.277140 0.324475288 -0.143180698 0.164026141 0.011446512 -0.054308783 0.017332319 0.998308122
1548266536.310660 0.336251020 -0.120729886 0.171111614 0.013001814 -0.056105383 0.015416854 0.998221159
1548266536.344150 0.312320650 -0.110524938 0.167250991 0.012921938 -0.053708512 0.014847317 0.998362660
1548266536.377660 0.328721762 -0.098968863 0.173215717 0.013079221 -0.058134910 0.013517998 0.998131514
1548266536.411160 0.324696243 -0.088199131 0.169714063 0.012381660 -0.056317024 0.013817023 0.998240530
1548266536.444690 0.320467502 -0.080366626 0.171785176 0.011534979 -0.057030901 0.013964740 0.998208106
1548266536.478210 0.330215752 -0.080146231 0.170495510 0.009481310 -0.058839940 0.013567531 0.998130202
1548266536.511730 0.355617434 -0.084095731 0.168940619 0.006260678 -0.061588436 0.013717678 0.997987747
1548266536.545250 0.341357112 -0.071039118 0.169152901 0.005902029 -0.059203513 0.012820815 0.998146176
1548266536.578760 0.340263844 -0.070904046 0.167641938 0.003589946 -0.058770869 0.012016254 0.998192728
1548266536.612250 0.346066892 -0.071625285 0.164729089 0.001586363 -0.059464224 0.010331156 0.998175681
1548266536.645770 0.350270599 -0.051363438 0.170736194 0.002953772 -0.059011854 0.008942793 0.998212874
1548266536.679290 0.353146583 -0.052132983 0.166628465 0.000279462 -0.057695214 0.007273171 0.998307705
1548266536.712800 0.372297347 -0.063110746 0.167682514 -0.004124083 -0.058987897 0.005753777 0.998233616
1548266536.746320 0.343889266 -0.068950936 0.161384165 -0.006645251 -0.053452235 0.005345573 0.998533964
1548266536.779830 0.354949534 -0.060750324 0.159700856 -0.005109432 -0.056564271 0.003898834 0.998378277
1548266536.813350 0.359564155 -0.054103788 0.156832367 -0.002951198 -0.056347530 0.003588910 0.998400390
1548266536.846860 0.390007854 -0.078665264 0.152351424 -0.004539313 -0.059919287 0.004517813 0.998182714
1548266536.880380 0.377961457 -0.084050968 0.142352343 -0.002459461 -0.057066478 0.005478766 0.998352349
1548266536.913890 0.376758307 -0.074903123 0.135057300 0.002607659 -0.057123598 0.006170607 0.998344660
1548266536.947410 0.395192474 -0.099758781 0.122213528 0.002909919 -0.061669830 0.008473171 0.998056412
1548266536.980930 0.411335886 -0.080667019 0.116493821 0.011348544 -0.067847535 0.007495830 0.997602999
1548266537.014440 0.426019341 -0.076019764 0.115630403 0.015748765 -0.068492517 0.007363351 0.997500122
1548266537.047960 0.396025628 -0.073886320 0.100905120 0.019974070 -0.063467383 0.008285502 0.997749627
1548266537.081480 0.402186096 -0.079280123 0.095015705 0.023514872 -0.067283064 0.007579755 0.997428000
1548266537.115000 0.406973749 -0.071659423 0.093286142 0.028390305 -0.067024522 0.007476893 0.997319281
1548266537.148520 0.407953262 -0.067971438 0.080374062 0.031716984 -0.065358713 0.007396171 0.997330248
1548266537.182030 0.398799866 -0.065747254 0.071212023 0.034069639 -0.064761952 0.007328281 0.997292042
1548266537.215570 0.394904852 -0.058111411 0.062446605 0.036902335 -0.064332113 0.007265472 0.997219563
1548266537.249100 0.392421067 -0.057906341 0.053267300 0.037364423 -0.064672880 0.007814256 0.997176170
1548266537.282670 0.402618855 -0.052328736 0.050978962 0.037996620 -0.065998890 0.007354502 0.997068882
1548266537.316210 0.397154629 -0.056149989 0.040475503 0.036869217 -0.065406509 0.008140874 0.997144103
1548266537.349770 0.376528949 -0.071157187 0.029570533 0.034288321 -0.065210126 0.009273960 0.997239172
1548266537.383770 0.373922139 -0.046552416 0.030208029 0.037321854 -0.068691440 0.008685371 0.996901751
1548266537.417340 0.382920295 -0.046082649 0.029304145 0.036958680 -0.071735173 0.007369360 0.996711493
1548266537.450900 0.400318354 -0.068918407 0.029967304 0.033985127 -0.076334409 0.007161707 0.996477187
1548266537.484440 0.385944337 -0.051620129 0.017797591 0.036800951 -0.077984132 0.005135401 0.996261895
1548266537.517950 0.398589730 -0.037463814 0.024198428 0.039547365 -0.086094387 0.002682586 0.995498180
1548266537.551590 0.478905022 -0.063685372 0.044392422 0.037957840 -0.108792633 0.000909761 0.993339062
1548266537.585100 0.498434752 -0.047311500 0.061280858 0.043814946 -0.121083356 -0.003301363 0.991669357
1548266537.618620 0.473342180 -0.076290518 0.015833972 0.042146832 -0.128004596 -0.004144609 0.990868926
1548266537.652020 0.531663358 -0.067560889 0.028338386 0.047818322 -0.155799761 -0.007726015 0.986600280
1548266537.685510 0.546981573 -0.077690683 0.053263471 0.050638225 -0.173368528 -0.014055238 0.983453870
1548266537.719000 0.549908817 -0.060932465 0.027261518 0.054936301 -0.181047782 -0.013201065 0.981850028
1548266537.752500 0.584099829 -0.077423155 0.006342914 0.054933693 -0.203034967 -0.010473837 0.977573216
1548266537.785970 0.415108621 -0.046288941 -0.013392911 0.064591311 -0.205473959 -0.029784599 0.976074398
1548266537.819460 0.381972879 -0.029677574 -0.023584666 0.068607226 -0.204342261 -0.033993136 0.975900471
1548266537.852970 0.403143555 -0.017751999 -0.055321958 0.070365980 -0.216526762 -0.035444740 0.973092198
1548266537.885830 0.405574143 -0.027847473 -0.022470223 0.069991089 -0.236202881 -0.044154774 0.968173444
1548266537.919340 0.391777039 -0.052930735 -0.015010512 0.066808619 -0.235248983 -0.051106609 0.968288481
1548266537.952750 0.371327907 -0.034515660 -0.037386138 0.068638533 -0.231779292 -0.050280590 0.969040215
1548266537.986230 0.404232472 -0.039321195 -0.027398041 0.068196759 -0.244341046 -0.053268034 0.965820432
1548266538.019740 0.414818287 -0.059107900 -0.017169273 0.064597003 -0.247105002 -0.055450238 0.965241730
1548266538.053230 0.373291373 -0.025141705 -0.045490324 0.068204045 -0.242124423 -0.053981874 0.966338396
1548266538.086770 0.357925892 -0.018713752 -0.040636346 0.068180598 -0.247417122 -0.056930285 0.964829087
1548266538.120330 0.372239262 -0.031098511 -0.029840466 0.065161824 -0.252226114 -0.058357313 0.963706553
1548266538.153950 0.369974375 -0.039137144 -0.045307260 0.063353166 -0.254041791 -0.057819288 0.963382602
1548266538.187670 0.381610602 -0.035361443 -0.041905239 0.063719809 -0.267827392 -0.060513835 0.959451079
1548266538.221180 0.372497559 -0.045370575 -0.041560303 0.061500851 -0.272781134 -0.063424386 0.958011210
1548266538.254700 0.369130641 -0.039334629 -0.059850335 0.062023915 -0.278162360 -0.063522816 0.956422329
1548266538.288220 0.409078926 -0.048169482 -0.018125294 0.062079068 -0.291912019 -0.065961286 0.952146351
1548266538.322300 0.407645762 -0.062474068 -0.019240929 0.060216054 -0.290783226 -0.067017622 0.952537537
1548266538.355250 0.401984334 -0.056027066 -0.031239916 0.060631193 -0.290364027 -0.066360362 0.952685118
1548266538.388760 0.398689389 -0.035356775 -0.025375061 0.063713707 -0.293226272 -0.065632895 0.951657116
1548266538.422220 0.394119114 -0.065747268 -0.027855011 0.058564462 -0.292600900 -0.068975776 0.951943934
1548266538.455730 0.405988276 -0.068238363 -0.030261755 0.057134617 -0.294540793 -0.067329489 0.951550364
1548266538.489300 0.423337758 -0.066471674 -0.018886972 0.056818545 -0.298620462 -0.065813377 0.950403154
1548266538.522760 0.417305917 -0.072760127 -0.032476161 0.055017132 -0.296938509 -0.065318473 0.951070011
1548266538.556290 0.411395907 -0.077465847 -0.039758541 0.054129828 -0.298080266 -0.065070525 0.950780690
1548266538.589800 0.416273326 -0.087507673 -0.033465791 0.053607360 -0.299402773 -0.064364709 0.950442731
1548266538.623180 0.415336907 -0.092745312 -0.036989842 0.053757172 -0.299968272 -0.062293965 0.950393975
1548266538.656700 0.407983840 -0.091369972 -0.038174085 0.056398761 -0.301822722 -0.061587807 0.949699521
1548266538.690200 0.421343595 -0.106478058 -0.031587556 0.057687219 -0.303728819 -0.061787486 0.949001193
1548266538.723690 0.424264282 -0.103191927 -0.036536064 0.060961224 -0.299151242 -0.057984836 0.950489342
1548266538.757210 0.430689067 -0.117660187 -0.040378463 0.061876036 -0.296555191 -0.055103965 0.951414704
1548266538.790720 0.430075437 -0.120877966 -0.044184227 0.064717427 -0.294538200 -0.052599121 0.951993823
1548266538.824240 0.476367801 -0.134707823 -0.015241322 0.066890202 -0.297994345 -0.049707092 0.950922847
1548266538.857780 0.470502555 -0.127513200 -0.033144869 0.070218273 -0.284435421 -0.044771757 0.955071390
1548266538.891300 0.462353408 -0.142590016 -0.045847487 0.069768108 -0.277669519 -0.041644614 0.957234442
1548266538.924810 0.453965813 -0.125268847 -0.053354878 0.074633673 -0.273865849 -0.038659088 0.958088100
1548266538.958340 0.469632775 -0.130214065 -0.049790822 0.076660581 -0.272028923 -0.037169032 0.958510220
1548266538.991860 0.446309924 -0.119707994 -0.057839409 0.080000289 -0.261550665 -0.035333633 0.961219370
1548266539.025390 0.437842965 -0.120382443 -0.073304750 0.081693843 -0.255832762 -0.034383032 0.962649226
1548266539.058900 0.449376047 -0.123006284 -0.071369871 0.082887955 -0.255086541 -0.033615347 0.962772250
1548266539.092420 0.441289514 -0.131146371 -0.079275392 0.083182111 -0.250148982 -0.034688782 0.964003563
1548266539.125940 0.449010491 -0.131731987 -0.079439349 0.084857404 -0.246936873 -0.033322331 0.964733660
1548266539.159460 0.437672019 -0.126720309 -0.084465802 0.086102135 -0.242264703 -0.032187726 0.965845823
1548266539.192970 0.463205040 -0.144127712 -0.078472741 0.084416613 -0.244330183 -0.030379321 0.965532839
1548266539.226490 0.438162535 -0.139262080 -0.089576140 0.086978741 -0.240045890 -0.030439734 0.966377795
1548266539.260000 0.432670206 -0.144411042 -0.091684110 0.087720379 -0.238088652 -0.030202435 0.966802299
1548266539.293520 0.447444141 -0.147944912 -0.087484770 0.087763712 -0.237339288 -0.028286802 0.967040539
1548266539.327040 0.437981665 -0.148959741 -0.092370279 0.087513439 -0.233827651 -0.027312666 0.967946291
1548266539.360520 0.452261955 -0.148845494 -0.082928590 0.087797776 -0.233901352 -0.026667960 0.967920721
1548266539.394070 0.446165860 -0.156328872 -0.086159386 0.086452074 -0.228490695 -0.025885580 0.969354451
1548266539.427580 0.450002640 -0.158618376 -0.086210392 0.086164884 -0.224943787 -0.024613572 0.970242262
1548266539.461070 0.447286338 -0.161313042 -0.088192403 0.085114874 -0.218128502 -0.023214838 0.971924126
1548266539.494590 0.438831568 -0.168912694 -0.086168759 0.083182991 -0.212814987 -0.022156212 0.973293126
1548266539.528070 0.439181149 -0.165303096 -0.091364242 0.084198609 -0.208980620 -0.020938253 0.974063277
1548266539.561580 0.430462390 -0.160158351 -0.082359225 0.085584782 -0.201882958 -0.019914694 0.975459874
1548266539.595090 0.447185665 -0.165621325 -0.089947082 0.084116191 -0.195475072 -0.017402509 0.976939678
1548266539.628600 0.432105124 -0.162033543 -0.089306958 0.085248366 -0.187715054 -0.016736042 0.978374004
1548266539.662120 0.430241615 -0.157020450 -0.085781261 0.085480869 -0.181885600 -0.015212156 0.979479074
1548266539.695540 0.434784114 -0.159457132 -0.082487866 0.083679110 -0.174962416 -0.013289337 0.980922699
1548266539.728650 0.441877663 -0.154833987 -0.086024746 0.083222710 -0.169984818 -0.011312279 0.981861055
1548266539.762070 0.441433311 -0.146690071 -0.081893608 0.082845390 -0.167212129 -0.010801914 0.982374728
1548266539.795590 0.449697137 -0.151176021 -0.075926729 0.080036201 -0.163663164 -0.009654928 0.983216822
1548266539.829110 0.438351154 -0.148572192 -0.074927285 0.077784456 -0.158296138 -0.008585675 0.984285653
1548266539.862620 0.428597182 -0.149273232 -0.066476040 0.074705325 -0.153880581 -0.008952216 0.985220671
1548266539.896140 0.430060804 -0.136975884 -0.068376876 0.073258735 -0.147979736 -0.008380139 0.986237764
1548266539.929660 0.433831125 -0.138136521 -0.061480440 0.070242122 -0.142456934 -0.008355767 0.987270057
1548266539.963260 0.419933289 -0.135452986 -0.065860756 0.068532422 -0.136208236 -0.008892135 0.988266945
1548266539.996690 0.437617838 -0.140123755 -0.054322917 0.066582181 -0.136135966 -0.010230161 0.988397241
1548266540.030200 0.432970911 -0.126071721 -0.047918737 0.067081884 -0.130707473 -0.011980056 0.989076376
1548266540.063720 0.416876674 -0.129227087 -0.053616781 0.065248325 -0.121097140 -0.012209755 0.990418613
1548266540.097230 0.399935693 -0.130072221 -0.058139808 0.065129921 -0.115126766 -0.011917801 0.991141677
1548266540.130750 0.407499611 -0.125058070 -0.057423137 0.066420086 -0.114673622 -0.012978070 0.991095304
1548266540.164260 0.420710772 -0.120476171 -0.046246272 0.067198120 -0.111595213 -0.011445466 0.991413057
1548266540.197770 0.406166345 -0.132332444 -0.052650902 0.065810017 -0.106573790 -0.009330860 0.992080629
1548266540.231290 0.414868474 -0.127252355 -0.052102264 0.067995660 -0.107413150 -0.007465193 0.991858482
1548266540.264800 0.409579068 -0.116137855 -0.054062504 0.070758939 -0.103598230 -0.005033340 0.992086291
1548266540.298270 0.404296488 -0.108282372 -0.052275687 0.072717614 -0.099528782 -0.002002672 0.992371976
1548266540.331760 0.394045621 -0.103243627 -0.052718598 0.074254930 -0.097343609 0.000414561 0.992476821
1548266540.365280 0.403721392 -0.109703340 -0.053802893 0.074202195 -0.099143237 0.001927846 0.992300808
1548266540.398790 0.408325195 -0.093568936 -0.052907981 0.077433206 -0.099076681 0.002028947 0.992060363
1548266540.432290 0.397210747 -0.084979258 -0.048459060 0.078572050 -0.096637078 0.002444086 0.992210507
1548266540.465810 0.400787145 -0.078085557 -0.044710290 0.079430513 -0.099318765 0.001506578 0.991879165
1548266540.499320 0.400120407 -0.073641010 -0.041085869 0.079756469 -0.099071525 0.000054970 0.991878927
1548266540.532830 0.391034782 -0.065035105 -0.040080417 0.079940096 -0.097285688 -0.001200314 0.992040157
1548266540.566340 0.387886822 -0.063029371 -0.039080329 0.078737371 -0.095867202 -0.002134811 0.992272794
1548266540.599850 0.384959817 -0.059041250 -0.033496805 0.077739447 -0.095741846 -0.002964929 0.992361486
1548266540.633360 0.390241832 -0.054477792 -0.027685942 0.077117480 -0.096916139 -0.004722252 0.992289186
1548266540.666900 0.398436069 -0.050920535 -0.023461372 0.076090433 -0.096614167 -0.006335732 0.992388964
1548266540.700420 0.384853661 -0.041454151 -0.019296611 0.075698771 -0.092053711 -0.007168201 0.992846608
1548266540.733930 0.367554456 -0.040741090 -0.019620024 0.073994681 -0.089229502 -0.007580148 0.993229806
1548266540.767450 0.369030386 -0.034721304 -0.012304508 0.072558925 -0.091436088 -0.008896124 0.993124127
1548266540.800970 0.365121931 -0.023307789 -0.007845113 0.071756713 -0.092292890 -0.010527526 0.993087173
1548266540.834480 0.336353838 -0.020486217 -0.005260700 0.070150904 -0.092325144 -0.012199237 0.993179798
1548266540.868000 0.352299809 -0.027289849 -0.000907146 0.066213086 -0.099810459 -0.015963634 0.992672563
1548266540.901510 0.344113320 -0.006397617 0.006337833 0.066214390 -0.101512566 -0.019308619 0.992440462
1548266540.935030 0.316275924 -0.007187842 0.001996701 0.063407250 -0.103946254 -0.024355015 0.992260814
1548266540.968550 0.327684790 -0.013452224 0.016999919 0.060546044 -0.113541901 -0.030092897 0.991229951
1548266541.002060 0.339307219 -0.014880436 0.018115329 0.057949018 -0.118269198 -0.034271084 0.990696609
1548266541.035580 0.282515913 0.012995464 0.015099514 0.059159990 -0.116109446 -0.037458073 0.990765154
1548266541.069130 0.304323047 0.011444518 0.021422191 0.057818267 -0.127680480 -0.044243637 0.989139676
1548266541.102710 0.278805256 0.019607371 0.013739122 0.056790702 -0.129225388 -0.048293732 0.988809049
1548266541.136260 0.232983425 0.052061915 0.019343253 0.059399758 -0.135072052 -0.053847540 0.987586796
1548266541.169930 0.273146898 0.022160677 0.032308619 0.053152580 -0.150419280 -0.062190820 0.985231519
1548266541.203440 0.276731491 0.040188950 0.032780848 0.052251358 -0.155416101 -0.064038731 0.984385431
1548266541.236960 0.268771738 0.048857290 0.042906117 0.050388511 -0.166937351 -0.070602909 0.982144654
1548266541.270470 0.285183489 0.055828176 0.050193157 0.048124027 -0.174692258 -0.076569192 0.980461061
1548266541.304000 0.249750957 0.062956892 0.041090462 0.044749048 -0.172984377 -0.079247624 0.980710864
1548266541.337540 0.279333144 0.037045166 0.054517049 0.038502179 -0.190149114 -0.085171416 0.977295637
1548266541.371080 0.284409761 0.034545280 0.064726479 0.035694208 -0.197200805 -0.089501485 0.975616336
1548266541.404610 0.244109944 0.052493628 0.052439518 0.035549082 -0.196270511 -0.092147268 0.975562930
1548266541.438130 0.269458503 0.035593633 0.069612272 0.032161038 -0.210129842 -0.097725980 0.972245216
1548266541.471620 0.263360023 0.033569548 0.065353997 0.031224025 -0.212878391 -0.101888552 0.971249998
1548266541.505140 0.231865674 0.057093985 0.058966730 0.033567216 -0.214302480 -0.104316905 0.970600665
1548266541.538680 0.246544123 0.051849730 0.075042129 0.032644007 -0.225375935 -0.108258605 0.967688024
1548266541.572350 0.230852246 0.050610509 0.070276335 0.032963034 -0.227539644 -0.112482250 0.966688633
1548266541.605880 0.229328692 0.054275881 0.061470684 0.034026533 -0.234322727 -0.115638949 0.964656770
1548266541.639380 0.209524095 0.060002722 0.075783089 0.036838062 -0.238876268 -0.122215629 0.962623715
1548266541.672900 0.212595195 0.070416890 0.066954643 0.038401473 -0.242702410 -0.122701712 0.961543143
1548266541.706420 0.232164755 0.060546365 0.078054562 0.037985682 -0.251445711 -0.126706511 0.958789647
1548266541.739930 0.194568425 0.078375280 0.076279350 0.040795371 -0.248554483 -0.128507748 0.959188282
1548266541.773460 0.179292589 0.095310442 0.076249294 0.043784387 -0.253003299 -0.130049095 0.957684457
1548266541.806980 0.184905365 0.083747655 0.080154270 0.042909510 -0.258384913 -0.133567154 0.955801129
1548266541.840490 0.170617029 0.100345254 0.075664125 0.045374040 -0.259754002 -0.133270666 0.955357552
1548266541.874000 0.170374155 0.097933196 0.077269174 0.045915365 -0.264746308 -0.135874033 0.953592896
1548266541.907480 0.172383234 0.106630959 0.085895441 0.047794588 -0.269071102 -0.137312531 0.952082813
1548266541.940970 0.173702732 0.106239647 0.085971989 0.047559414 -0.270257115 -0.139991418 0.951368272
1548266541.974480 0.154078528 0.130622521 0.087298848 0.049348291 -0.269088000 -0.140418738 0.951545596
1548266542.008000 0.153529435 0.130958155 0.089572906 0.047413398 -0.272879332 -0.143584773 0.950090647
1548266542.041510 0.151328728 0.138074756 0.092908695 0.046945717 -0.277066499 -0.146171436 0.948506296
1548266542.075020 0.147101149 0.133899346 0.097268626 0.044114258 -0.277908146 -0.151106566 0.947622180
1548266542.108530 0.098157942 0.160619855 0.090188175 0.044204973 -0.272381544 -0.151548043 0.949150860
1548266542.142030 0.121330887 0.154097319 0.117757045 0.040805470 -0.289412022 -0.157507077 0.943274677
1548266542.175490 0.121260993 0.157899484 0.118677542 0.039023288 -0.289148837 -0.159721315 0.943058431
1548266542.208990 0.105770722 0.159236267 0.116602182 0.035798918 -0.287684023 -0.162519678 0.943156242
1548266542.242460 0.105613828 0.172125116 0.120944209 0.034403298 -0.291925669 -0.164294615 0.941596031
1548266542.275980 0.115267456 0.160590604 0.134545773 0.030234341 -0.294341266 -0.168108284 0.940313101
1548266542.309500 0.088663511 0.171061993 0.129783690 0.027739337 -0.289275110 -0.168403506 0.941908002
1548266542.342970 0.083320647 0.168452978 0.138022408 0.024450496 -0.293447733 -0.169639692 0.940485477
1548266542.376490 0.082334787 0.164851770 0.145497307 0.022272682 -0.294238716 -0.169847339 0.940254927
1548266542.410000 0.081842914 0.168665990 0.150661319 0.020817066 -0.294445843 -0.168575227 0.940452397
1548266542.443560 0.069128402 0.179942071 0.153169930 0.019870516 -0.294244796 -0.167449936 0.940736771
1548266542.477110 0.072862551 0.166073412 0.164510027 0.016227838 -0.296406597 -0.169585690 0.939744890
1548266542.510590 0.063943364 0.168174580 0.165590897 0.014507960 -0.293493897 -0.168374479 0.940904319
1548266542.544070 0.057326373 0.171716794 0.173712447 0.013096083 -0.294127136 -0.167250946 0.940927625
1548266542.577540 0.050339550 0.165809095 0.173939079 0.010725180 -0.293965995 -0.167726144 0.940923393
1548266542.611060 0.058301747 0.155481964 0.185518384 0.008126343 -0.294831455 -0.166861266 0.940832436
1548266542.644570 0.045487028 0.161188424 0.186776638 0.006679075 -0.291099608 -0.164231524 0.942467213
1548266542.678090 0.029073443 0.157619610 0.188566208 0.004660664 -0.290464789 -0.161644295 0.943122268
1548266542.711610 0.033548649 0.148796216 0.192396805 0.003444756 -0.293621510 -0.160699770 0.942311049
1548266542.745120 0.021495357 0.151823953 0.188277319 0.003907512 -0.293822587 -0.160357252 0.942304909
1548266542.778640 0.017348466 0.150020838 0.190301046 0.003482616 -0.295844287 -0.159263790 0.941859365
1548266542.812160 0.017032642 0.146652475 0.194955036 0.003814287 -0.298559666 -0.159881383 0.940896094
1548266542.845680 0.014010480 0.139704004 0.197384566 0.003720194 -0.299566776 -0.161173180 0.940355837
1548266542.879220 0.009838437 0.133851066 0.198159128 0.003156163 -0.299314111 -0.161247194 0.940425634
1548266542.912750 -0.000341859 0.130594775 0.194673747 0.002148699 -0.300124496 -0.159533456 0.940462530
1548266542.946260 0.002417563 0.123281658 0.199948072 0.002583494 -0.304143339 -0.160222679 0.939052105
1548266542.979770 0.002015516 0.121651649 0.204855219 0.003152252 -0.305672884 -0.159108520 0.938743114
1548266543.013300 -0.003730196 0.114962779 0.198844090 0.002504328 -0.306857198 -0.158560336 0.938451409
1548266543.046890 -0.009343736 0.111957394 0.198421866 0.002348237 -0.310581535 -0.157552078 0.937395811
1548266543.080470 -0.010098881 0.102616288 0.198544517 0.001567851 -0.315492958 -0.156753018 0.935890079
1548266543.113980 -0.011473341 0.100920551 0.201317459 0.001832923 -0.319796115 -0.154731333 0.934764862
1548266543.147500 -0.009213730 0.091201112 0.205503345 0.001603786 -0.325871348 -0.154765531 0.932659090
1548266543.181010 -0.010540736 0.082151383 0.205291480 0.001917068 -0.327756703 -0.154752284 0.931999803
1548266543.214530 -0.010984776 0.081135072 0.204899058 0.003387311 -0.331105739 -0.153351739 0.931042850
1548266543.248050 -0.011842851 0.072785795 0.205197260 0.004463308 -0.334184051 -0.154156238 0.929804802
1548266543.281560 -0.016912851 0.067595072 0.202132240 0.005183514 -0.335975975 -0.152554154 0.929419458
1548266543.315080 -0.008598008 0.057602469 0.208924621 0.006649053 -0.340201676 -0.153645545 0.927691579
1548266543.348540 -0.011758273 0.050873671 0.210823208 0.008206098 -0.338056803 -0.152686968 0.928620994
1548266543.381930 -0.017326280 0.054760233 0.199953124 0.009546300 -0.338064760 -0.149826944 0.929071069
1548266543.415400 -0.017968878 0.050254498 0.199928373 0.010621569 -0.341880769 -0.150645331 0.927529335
1548266543.448920 -0.010106852 0.044166766 0.209239438 0.012046695 -0.345008612 -0.150757372 0.926334798
1548266543.482430 -0.015111744 0.035688452 0.204198122 0.012150253 -0.343415171 -0.150014475 0.927045882
1548266543.515950 -0.016178150 0.030232036 0.199899897 0.012989691 -0.344394833 -0.148275241 0.926950872
1548266543.549470 -0.012953552 0.022908609 0.206661716 0.015624885 -0.346223325 -0.148005754 0.926271856
1548266543.582820 -0.022270875 0.014635780 0.197386757 0.016931782 -0.344450623 -0.146182492 0.927198887
1548266543.616340 -0.013484531 -0.000137341 0.193638653 0.018883521 -0.346286088 -0.146480486 0.926430166
1548266543.649850 -0.011951515 -0.006452330 0.189340368 0.024025839 -0.342313915 -0.145550162 0.927932739
1548266543.683470 -0.002379296 -0.012117268 0.189824268 0.029532420 -0.337945312 -0.142769158 0.929805219
1548266543.716990 -0.008185680 -0.023186611 0.190357327 0.030530721 -0.332107961 -0.140157506 0.932270408
1548266543.750410 -0.004554144 -0.030872406 0.186237410 0.031887762 -0.329957247 -0.137655899 0.933360755
1548266543.783930 -0.003784404 -0.035597444 0.192705080 0.034682766 -0.324710518 -0.135577500 0.935403049
1548266543.817440 -0.012469815 -0.040964477 0.182730705 0.034360439 -0.319709927 -0.130245805 0.937891781
1548266543.850960 -0.008072336 -0.049905047 0.180937886 0.034528799 -0.321719378 -0.129257113 0.937335014
1548266543.884500 0.010997203 -0.062412694 0.200494394 0.035109539 -0.321798891 -0.127797037 0.937486351
1548266543.918080 -0.005903999 -0.063253269 0.183545917 0.034983743 -0.312402725 -0.121167839 0.941540778
1548266543.951590 -0.000966844 -0.072018288 0.182586864 0.035669275 -0.313053757 -0.118495919 0.941638887
1548266543.985060 0.002816560 -0.081784345 0.186299816 0.036969442 -0.311703295 -0.115895659 0.942360103
1548266544.018570 0.011025384 -0.090904772 0.185472190 0.038852852 -0.310291409 -0.113590233 0.943030715
1548266544.052090 0.009290057 -0.098203003 0.186704129 0.040988848 -0.305807203 -0.109419852 0.944896340
1548266544.085660 0.028164854 -0.101283461 0.183097437 0.043839891 -0.305749446 -0.105892859 0.945188880
1548266544.119180 0.031195439 -0.105085731 0.188461691 0.047617283 -0.300175995 -0.103161834 0.947092712
1548266544.152710 0.026100218 -0.096755862 0.181371436 0.051146045 -0.294859320 -0.098642282 0.949058354
1548266544.186260 0.035366785 -0.098725446 0.182731092 0.053642277 -0.294385493 -0.096558616 0.949281931
1548266544.219780 0.039355934 -0.106632128 0.185275540 0.055259824 -0.291157782 -0.095234752 0.950317740
1548266544.253330 0.047003165 -0.108600639 0.183300868 0.056952231 -0.287617505 -0.093756102 0.951442242
1548266544.286840 0.042556621 -0.106375098 0.179776311 0.058464512 -0.284063786 -0.093023755 0.952489495
1548266544.320360 0.062381636 -0.111043133 0.190491036 0.059473287 -0.283643663 -0.093186192 0.952536345
1548266544.354010 0.064229168 -0.112221554 0.185899869 0.059750076 -0.277139485 -0.092087470 0.954538405
1548266544.387530 0.060006645 -0.105540425 0.180421546 0.059516590 -0.273683757 -0.089018472 0.955840290
1548266544.421040 0.063266471 -0.100842878 0.181501523 0.059573457 -0.275145948 -0.088346109 0.955479264
1548266544.454560 0.072699003 -0.108138487 0.184308216 0.057677545 -0.275853664 -0.086711027 0.955541313
1548266544.488080 0.076162726 -0.102949962 0.186954513 0.057488028 -0.276436985 -0.084536180 0.955579102
1548266544.521590 0.080345057 -0.101572573 0.188013852 0.056696955 -0.276496410 -0.082615256 0.955777109
1548266544.555110 0.085399330 -0.101528600 0.193447545 0.056165297 -0.276122600 -0.081908986 0.955977321
1548266544.588620 0.082221963 -0.092963345 0.194752634 0.056454569 -0.272907645 -0.080863900 0.956971943
1548266544.622130 0.085398436 -0.086376570 0.195024624 0.056258511 -0.271970928 -0.081024356 0.957236588
1548266544.655640 0.094638400 -0.088945590 0.201112777 0.055149242 -0.271733820 -0.084021106 0.957110107
1548266544.689160 0.100497611 -0.084195420 0.201746449 0.054445151 -0.269306988 -0.085801728 0.957678199
1548266544.722680 0.094701037 -0.077031821 0.198636696 0.053072192 -0.267399371 -0.087192304 0.958164096
1548266544.756190 0.096936546 -0.068727717 0.202627108 0.052074462 -0.267870337 -0.088590331 0.957958996
1548266544.789700 0.096099608 -0.067804083 0.206919476 0.049882013 -0.267279655 -0.090360239 0.958075345
1548266544.823220 0.099347763 -0.058335740 0.208429039 0.048457667 -0.267292678 -0.089567959 0.958219230
1548266544.856730 0.107793033 -0.057474442 0.213584229 0.046705082 -0.269166678 -0.091604017 0.957588971
1548266544.890260 0.106419027 -0.049353901 0.215634331 0.045689747 -0.267804205 -0.091305658 0.958048344
1548266544.923760 0.108706720 -0.048135865 0.217466623 0.044628102 -0.268193573 -0.092343949 0.957889915
1548266544.957280 0.114849940 -0.056403395 0.220638275 0.043474894 -0.266853362 -0.095047310 0.958052814
1548266544.990790 0.114858918 -0.047963500 0.223990262 0.044620927 -0.263305813 -0.094535448 0.959031820
1548266545.024180 0.110737383 -0.041581612 0.224421158 0.045581609 -0.259761065 -0.094292939 0.959976733
1548266545.057700 0.115068592 -0.034902994 0.227929190 0.047215968 -0.257685691 -0.093567610 0.960527897
1548266545.091210 0.116976678 -0.035222806 0.228938252 0.048100770 -0.256093830 -0.093975611 0.960869849
1548266545.124730 0.126628622 -0.039172042 0.229529083 0.049191210 -0.254621834 -0.094952881 0.961109698
1548266545.158240 0.121395536 -0.031914685 0.228248492 0.050679721 -0.250155002 -0.092903249 0.962404788
1548266545.191760 0.125830829 -0.027067479 0.229061261 0.052686550 -0.249345303 -0.093031138 0.962494791
1548266545.225270 0.130843788 -0.028329719 0.232721090 0.052980762 -0.247584209 -0.092393860 0.962994516
1548266545.258750 0.135446310 -0.019646935 0.233580932 0.054070834 -0.246219620 -0.090034269 0.963507175
1548266545.292200 0.136891708 -0.014464263 0.230502307 0.054546047 -0.245653823 -0.088869542 0.963732898
1548266545.325700 0.143695652 -0.010243438 0.234393761 0.054840606 -0.246548399 -0.088202477 0.963549018
1548266545.359220 0.149233922 -0.006192334 0.237471104 0.054511610 -0.245595485 -0.087919593 0.963836849
1548266545.392700 0.144852951 0.007067208 0.234819353 0.055259150 -0.244513899 -0.087409034 0.964115679
1548266545.426200 0.150505647 0.006505900 0.236099184 0.053677391 -0.246098459 -0.088461213 0.963705838
1548266545.459680 0.161052734 0.009980722 0.241224945 0.052684400 -0.246972054 -0.088906653 0.963496149
1548266545.493230 0.145999715 0.015886847 0.235601366 0.051469103 -0.244478226 -0.089883737 0.964106977
1548266545.526740 0.149576157 0.011691279 0.238057479 0.049319334 -0.246327236 -0.091849998 0.963563204
1548266545.560280 0.152052730 0.011969174 0.242832646 0.048000436 -0.246123582 -0.092901044 0.963581085
1548266545.593790 0.155063063 0.016982377 0.243334323 0.047182664 -0.245939657 -0.092376709 0.963718832
1548266545.627340 0.158301413 0.015254650 0.243047729 0.045422230 -0.245379612 -0.092535064 0.963930964
1548266545.660860 0.155837670 0.016153472 0.242209181 0.043536428 -0.245393664 -0.091345198 0.964127898
1548266545.694340 0.159561813 0.010785307 0.246313766 0.041869476 -0.246560946 -0.092199616 0.963822544
1548266545.727840 0.161246121 0.019699387 0.252312392 0.041344203 -0.245718077 -0.089800201 0.964286923
1548266545.761410 0.164203927 0.020995157 0.256705582 0.040180791 -0.245160952 -0.089277431 0.964526415
1548266545.794920 0.164040327 0.023198707 0.256251872 0.038713846 -0.243055433 -0.088617049 0.965179920
1548266545.828490 0.160290286 0.029988311 0.261185318 0.037854306 -0.242571115 -0.088278823 0.965366840
1548266545.861960 0.167145953 0.023174647 0.264856398 0.035529546 -0.241150111 -0.089705482 0.965679646
1548266545.895520 0.164502487 0.030071439 0.265974432 0.034783162 -0.238205820 -0.088896051 0.966512084
1548266545.929040 0.162167370 0.030742744 0.264159054 0.032938592 -0.236302197 -0.088940337 0.967039764
1548266545.962550 0.164932296 0.029786080 0.269100755 0.031386584 -0.235647738 -0.089461878 0.967202961
1548266545.996170 0.161980242 0.025516253 0.271459788 0.029673824 -0.233779401 -0.089479871 0.967708647
1548266546.029690 0.159175232 0.025405575 0.268642366 0.028872326 -0.232516184 -0.087252654 0.968240440
1548266546.063210 0.157970503 0.020954564 0.268424779 0.028800808 -0.232925579 -0.086145774 0.968243301
1548266546.096720 0.162065640 0.004177824 0.265135944 0.028204117 -0.231794745 -0.085741296 0.968568087
1548266546.130080 0.153149307 0.005926058 0.264086634 0.030714953 -0.229213893 -0.082320392 0.969402373
1548266546.163600 0.159128606 -0.003926082 0.259355724 0.032488603 -0.230038628 -0.079718225 0.969366670
1548266546.197120 0.169296294 -0.007190812 0.260675728 0.036665887 -0.231462955 -0.077804878 0.969034016
