1548266530.512730 0.000000000 0.000000000 0.000000000 0.000000000 0.000000000 0.000000000 1.000000000
1548266530.546250 0.006484581 -0.010339392 -0.003226165 -0.004211374 -0.003724475 0.001703210 0.999982715
1548266530.579760 -0.015203134 0.003059322 0.008155910 -0.003372544 -0.007514028 -0.002542971 0.999962866
1548266530.613280 -0.008759336 0.009055973 0.016841341 -0.004487755 -0.011001717 -0.004393288 0.999919772
1548266530.646790 -0.009472292 0.001129636 0.019511549 -0.008127573 -0.013382780 -0.005196868 0.999863923
1548266530.680410 -0.043731596 -0.005915091 0.018055378 -0.010480044 -0.013544478 -0.006958674 0.999829113
1548266530.714060 -0.024823220 0.000002703 0.032351125 -0.009323006 -0.023014100 -0.012095997 0.999618471
1548266530.747580 0.016786620 0.000225129 0.045749262 -0.009995129 -0.030590758 -0.013366224 0.999392629
1548266530.781220 -0.023248941 -0.017182928 0.045870107 -0.011705802 -0.022895034 -0.018304544 0.999501765
1548266530.814780 -0.050553355 -0.014072461 0.046695225 -0.010610977 -0.021744598 -0.019328153 0.999520361
1548266530.848300 -0.034807164 -0.018784618 0.052760947 -0.010778472 -0.028101014 -0.021412183 0.999317646
1548266530.881810 -0.041395213 -0.013840054 0.057022974 -0.009753061 -0.028263962 -0.021512682 0.999321401
1548266530.915280 -0.050692972 -0.020719009 0.059613936 -0.010761822 -0.029516952 -0.021009993 0.999285519
1548266530.948750 -0.044716299 -0.024874400 0.066511922 -0.010766855 -0.033244532 -0.020832302 0.999172091
1548266530.982270 -0.050705757 -0.022526879 0.064961925 -0.010057042 -0.034454357 -0.019954422 0.999156415
1548266531.015780 -0.036778130 -0.026254781 0.074456185 -0.010461731 -0.038396154 -0.020769265 0.998991966
1548266531.049350 -0.040525526 -0.030310750 0.077111587 -0.011055974 -0.037486803 -0.019164011 0.999052167
1548266531.082860 -0.040794853 -0.031151433 0.078151986 -0.010695237 -0.039009336 -0.019016659 0.999000609
1548266531.116380 -0.028037393 -0.025020000 0.090988651 -0.009544360 -0.041025437 -0.018975461 0.998932302
1548266531.149900 -0.030707559 -0.033764455 0.087912679 -0.011136940 -0.037693359 -0.018488614 0.999056220
1548266531.183410 -0.037472226 -0.039548691 0.085431144 -0.011985414 -0.036221106 -0.016818268 0.999130368
1548266531.216880 -0.030799184 -0.040182419 0.089853629 -0.011336449 -0.038884763 -0.015377459 0.999061048
1548266531.250390 -0.019923212 -0.046936907 0.096890785 -0.011467685 -0.039424550 -0.015309221 0.999039412
1548266531.283880 -0.023795206 -0.049931727 0.095833130 -0.011486957 -0.035967436 -0.013152631 0.999200404
1548266531.317360 -0.039269313 -0.070569195 0.093404226 -0.013139793 -0.033925958 -0.011020808 0.999277174
1548266531.350880 -0.024884533 -0.077810414 0.095572151 -0.010918988 -0.037848584 -0.008551522 0.999187231
1548266531.384340 -0.026705820 -0.089748770 0.092779838 -0.008551626 -0.037936319 -0.005789478 0.999226809
1548266531.417940 -0.015290665 -0.108522795 0.083541624 -0.006938027 -0.040816586 -0.001679162 0.999141157
1548266531.451460 -0.014884355 -0.121612683 0.078329377 -0.003309777 -0.043813352 0.001404204 0.999033272
1548266531.485070 -0.011821736 -0.114289761 0.075381503 0.003631488 -0.045280728 0.002794150 0.998963773
1548266531.519030 -0.004867991 -0.121119462 0.068891533 0.007894882 -0.046478380 0.006337301 0.998867989
1548266531.552550 0.002886449 -0.119956680 0.066963352 0.013156008 -0.048599955 0.010515765 0.998676300
1548266531.585620 0.021042567 -0.115905739 0.065379933 0.019524414 -0.050688673 0.011438555 0.998458087
1548266531.618940 0.020103220 -0.107699141 0.060061935 0.025194822 -0.048155703 0.013696316 0.998428106
1548266531.652460 0.017095936 -0.110351346 0.052975513 0.029241238 -0.045617253 0.015892006 0.998404443
1548266531.686160 0.034913246 -0.132739797 0.050435860 0.029951807 -0.047292110 0.018699938 0.998256803
1548266531.719850 0.043715052 -0.131760478 0.044905718 0.033327859 -0.047023013 0.019723646 0.998142838
1548266531.753190 0.034889363 -0.120757967 0.042150140 0.037901286 -0.042393960 0.019844450 0.998184562
1548266531.786740 0.039444763 -0.113898933 0.037288956 0.040636674 -0.040240418 0.022485502 0.998110116
1548266531.820260 0.039873626 -0.111503072 0.037092865 0.042961959 -0.038411006 0.023784822 0.998054683
1548266531.853920 0.038803454 -0.118612811 0.028255124 0.043352421 -0.036132250 0.024880726 0.998096168
1548266531.887450 0.048328798 -0.120797560 0.031527821 0.044508152 -0.035379458 0.026387274 0.998033583
1548266531.920950 0.073647521 -0.142615557 0.020327117 0.042903926 -0.035747219 0.027949508 0.998048186
1548266531.954320 0.071919680 -0.140535235 0.015292384 0.045097839 -0.033253055 0.029523982 0.997992337
1548266531.987830 0.078404263 -0.140608400 0.013543695 0.046721105 -0.032481879 0.031194255 0.997892261
1548266532.021320 0.084112592 -0.140370667 0.009415090 0.048744407 -0.030600436 0.032207381 0.997822762
1548266532.054790 0.080961451 -0.141102046 0.003070666 0.050399709 -0.027377395 0.033530425 0.997790635
1548266532.088340 0.077843428 -0.136578634 0.000174049 0.053244773 -0.024389368 0.034647726 0.997682154
1548266532.121860 0.098566048 -0.137735039 -0.000807337 0.054450173 -0.023752617 0.036060192 0.997582376
1548266532.155340 0.118491977 -0.134381309 -0.002564420 0.055868682 -0.020844633 0.037685469 0.997508883
1548266532.188840 0.104841739 -0.136381790 -0.006586035 0.056481808 -0.013559706 0.038593933 0.997565269
1548266532.222360 0.127124861 -0.141837224 -0.006594047 0.055875015 -0.010897870 0.039739609 0.997587085
1548266532.255880 0.137265280 -0.133933410 -0.008435093 0.056731656 -0.005020250 0.040363748 0.997560561
1548266532.289310 0.102067679 -0.128197536 -0.011435629 0.057649128 0.006516153 0.040002607 0.997513831
1548266532.322820 0.136078596 -0.139913350 -0.008574218 0.055148672 0.007594265 0.042072006 0.997562468
1548266532.356320 0.144489229 -0.139562711 -0.010752442 0.055153944 0.012386582 0.043433391 0.997455835
1548266532.389830 0.116504431 -0.130720496 -0.011774275 0.056780685 0.020973705 0.045152053 0.997144580
1548266532.423340 0.147862598 -0.148038864 -0.017523259 0.054027129 0.019154277 0.047590207 0.997220814
1548266532.456870 0.166851729 -0.143118888 -0.019049194 0.054482516 0.018582258 0.049220286 0.997127712
1548266532.490390 0.161385134 -0.122193597 -0.018016966 0.057257533 0.022768358 0.049931947 0.996850014
1548266532.523900 0.180193961 -0.128120810 -0.012854365 0.055345315 0.024602916 0.051822584 0.996817946
1548266532.557420 0.174197808 -0.129582956 -0.010209396 0.054487191 0.027841000 0.052684724 0.996734798
1548266532.590930 0.189043239 -0.115195215 -0.005939254 0.055733193 0.027169185 0.054484587 0.996587694
1548266532.624440 0.199115604 -0.127124488 -0.005599084 0.052749630 0.027307332 0.055076212 0.996713817
1548266532.657990 0.194915771 -0.108427711 -0.000062774 0.053763751 0.029818516 0.054648511 0.996611178
1548266532.691510 0.210363433 -0.102878988 0.005796313 0.052474696 0.029349115 0.054086842 0.996724427
1548266532.724990 0.213604122 -0.101965427 0.008438040 0.049989894 0.031580340 0.052977681 0.996843517
1548266532.758500 0.249067366 -0.110949837 0.013224915 0.045305192 0.028815890 0.051225927 0.997242689
1548266532.792010 0.271476805 -0.094478078 0.017851064 0.044600539 0.028902441 0.048500597 0.997408211
1548266532.825530 0.252565920 -0.097507671 0.025464565 0.041615155 0.035019390 0.047276575 0.997399986
1548266532.859080 0.269211501 -0.103246607 0.035921328 0.038717501 0.034235191 0.047372598 0.997539341
1548266532.892610 0.276296973 -0.107358173 0.037211869 0.035887800 0.034294926 0.046540491 0.997682273
1548266532.926110 0.284052849 -0.101286307 0.045742672 0.034717381 0.034334209 0.046990924 0.997701228
1548266532.959600 0.292300522 -0.090651162 0.054559968 0.034015451 0.034328014 0.046337120 0.997756183
1548266532.993110 0.292955756 -0.092390895 0.058402661 0.032012478 0.035824437 0.046988267 0.997739375
1548266533.026600 0.296634436 -0.092787176 0.067117214 0.029990582 0.036432587 0.047918253 0.997735977
1548266533.060060 0.315551072 -0.067162871 0.073070861 0.031379707 0.034400869 0.046883836 0.997814476
1548266533.093570 0.327939957 -0.104344599 0.068892062 0.022930512 0.035147347 0.049005382 0.997916460
1548266533.127070 0.340940475 -0.076543644 0.083594926 0.023894964 0.035428602 0.049101993 0.997879148
1548266533.160570 0.359105378 -0.056078136 0.091433190 0.024118084 0.034995116 0.050050952 0.997841954
1548266533.194090 0.363769650 -0.071730353 0.094768830 0.018608302 0.036360461 0.049818434 0.997922719
1548266533.227600 0.352775455 -0.073042214 0.104728550 0.015574078 0.040532399 0.050506726 0.997779369
1548266533.261070 0.349900395 -0.053411447 0.115066200 0.015444500 0.041771043 0.050752115 0.997717798
1548266533.294580 0.365313888 -0.041245993 0.121254936 0.014057141 0.041014310 0.050486766 0.997783184
1548266533.327900 0.373996645 -0.046336554 0.127660617 0.010246985 0.041980535 0.050494835 0.997788966
1548266533.361290 0.366625071 -0.056376923 0.124881692 0.004669262 0.045189917 0.050747044 0.997677684
1548266533.394810 0.377410650 -0.039693955 0.141029254 0.003471967 0.046091333 0.050666984 0.997645378
1548266533.428070 0.390252352 -0.027792554 0.142359495 0.001534089 0.046537779 0.050066251 0.997659922
1548266533.461580 0.438071072 -0.009691222 0.141876534 -0.000436008 0.042694926 0.048961539 0.997887611
1548266533.495070 0.432817221 -0.007977359 0.145045787 -0.003556162 0.046171054 0.049073916 0.997721076
1548266533.528550 0.448526412 -0.001007147 0.153023511 -0.006680317 0.046156719 0.048414193 0.997737944
1548266533.562110 0.445306242 0.002532862 0.154738113 -0.010695867 0.052020241 0.047208462 0.997472227
1548266533.595650 0.451008141 -0.000781005 0.174258575 -0.015342901 0.055571735 0.047828905 0.997190416
1548266533.629140 0.461064607 0.018521639 0.179695025 -0.016675469 0.055998862 0.046144012 0.997224569
1548266533.662610 0.470662177 0.021210603 0.183429092 -0.020523900 0.058257360 0.044844214 0.997082651
1548266533.695710 0.455322355 0.012290675 0.196560651 -0.025698811 0.062643707 0.045592271 0.996662796
1548266533.729220 0.468833327 0.011154656 0.204009607 -0.029072115 0.061633661 0.045511037 0.996636748
1548266533.763160 0.468450218 0.028349575 0.211606696 -0.028774975 0.063327201 0.045906469 0.996521056
1548266533.796720 0.468429893 0.012154135 0.215970486 -0.033997707 0.063709952 0.048456900 0.996211410
1548266533.830270 0.483550578 0.034885515 0.225653246 -0.032955296 0.062436510 0.049606159 0.996270478
1548266533.864050 0.484203130 0.036147393 0.230679631 -0.035772830 0.063886978 0.052461833 0.995934963
1548266533.897660 0.495992124 0.049293302 0.233198345 -0.037374575 0.062555172 0.053495355 0.995905757
1548266533.931810 0.513374627 0.074783929 0.242138028 -0.038343448 0.062573120 0.054709233 0.995801866
1548266533.965340 0.507222950 0.067903757 0.252246529 -0.044447817 0.067667104 0.057889830 0.995034873
1548266533.998860 0.532599509 0.050858736 0.248759538 -0.052178934 0.068646342 0.063117310 0.994274199
1548266534.032370 0.543945134 0.049163137 0.247038260 -0.056563251 0.071231641 0.064928666 0.993735850
1548266534.065880 0.543895423 0.053397313 0.257773697 -0.060890794 0.078487091 0.067522556 0.992760181
1548266534.098760 0.546188533 0.031498015 0.270525128 -0.067145586 0.082555853 0.072592176 0.991668463
1548266534.132270 0.559199214 0.017372340 0.274218738 -0.068639681 0.082536139 0.075155348 0.991376817
1548266534.165790 0.564733565 0.012700828 0.274249703 -0.066760644 0.085652173 0.077911042 0.991028070
1548266534.199620 0.564549208 -0.000660909 0.275504410 -0.065918505 0.088753127 0.081639059 0.990511358
1548266534.233140 0.567913234 -0.011136226 0.276787192 -0.063271552 0.089776948 0.085061885 0.990303636
1548266534.266290 0.582201719 -0.014501332 0.267261147 -0.058346737 0.089423448 0.089702681 0.990228534
1548266534.299800 0.574874699 -0.016996654 0.272003323 -0.053790476 0.092444830 0.092430592 0.989958107
1548266534.333320 0.591566265 -0.029916061 0.260400146 -0.051117763 0.091484912 0.095991485 0.989850044
1548266534.366840 0.592619836 -0.025470898 0.260715812 -0.045613050 0.095763482 0.097649589 0.989552081
1548266534.400350 0.599277675 -0.024456495 0.257789642 -0.041185673 0.097760744 0.102025785 0.989109337
1548266534.433870 0.602840662 -0.031623926 0.255904436 -0.038017645 0.100255512 0.105641373 0.988606811
1548266534.467200 0.601676583 -0.046404172 0.251590401 -0.035928417 0.103108361 0.110081978 0.987906754
1548266534.500720 0.598010898 -0.050299715 0.250659466 -0.032533314 0.105016045 0.112013772 0.987606227
1548266534.534230 0.602701962 -0.049123071 0.246794641 -0.028039526 0.104348965 0.115627222 0.987398326
1548266534.567930 0.595731020 -0.058042485 0.247982249 -0.025567731 0.104754008 0.118209809 0.987116694
1548266534.601620 0.612010300 -0.055689279 0.238663852 -0.021722887 0.101212591 0.120311879 0.987324238
1548266534.635140 0.599530756 -0.070140831 0.235641763 -0.020377535 0.103557095 0.122057304 0.986895502
1548266534.668650 0.587832332 -0.069109224 0.242268085 -0.015604034 0.103140876 0.123252116 0.986877620
1548266534.702000 0.590959311 -0.078160837 0.236449212 -0.012299006 0.099895328 0.123001419 0.987289369
1548266534.735510 0.587387979 -0.083374523 0.229956359 -0.007661359 0.098098233 0.123771094 0.987420261
1548266534.769120 0.584222734 -0.084129103 0.224859357 -0.003757716 0.096203074 0.123326547 0.987684906
1548266534.802630 0.573949158 -0.084601738 0.228984952 0.000290971 0.094697997 0.121665657 0.988043368
1548266534.836150 0.568566501 -0.094225198 0.226128161 0.002274762 0.093045563 0.120428920 0.988349259
1548266534.869670 0.566624343 -0.100344039 0.217062458 0.004075816 0.090683386 0.119935468 0.988622963
1548266534.903180 0.540142357 -0.096392296 0.223672166 0.007630039 0.092009969 0.118337825 0.988671899
1548266534.936680 0.550772488 -0.104580581 0.207844347 0.009471732 0.084355280 0.119084403 0.989248931
1548266534.970200 0.537927270 -0.111700289 0.216343939 0.010443302 0.082028568 0.115099080 0.989906251
1548266535.003720 0.535512984 -0.111969411 0.209617183 0.012578137 0.080093287 0.115116358 0.990037918
1548266535.037230 0.524673700 -0.132532880 0.210008323 0.012296215 0.076175295 0.113498338 0.990537345
1548266535.070750 0.514139056 -0.136222675 0.213546872 0.014359504 0.072459362 0.109605014 0.991226614
1548266535.104260 0.508981228 -0.110822305 0.206307769 0.019904384 0.070817731 0.105824232 0.991660178
1548266535.137790 0.492180884 -0.099175438 0.203876510 0.024132442 0.070496216 0.104996778 0.991677165
1548266535.171310 0.490738511 -0.131472498 0.198876008 0.022401579 0.064802662 0.102137797 0.992404521
1548266535.204830 0.472210974 -0.154357463 0.197594583 0.021562276 0.064326182 0.099282444 0.992743790
1548266535.238360 0.469603270 -0.145168677 0.184214398 0.024815522 0.063916802 0.096616574 0.992957234
1548266535.272000 0.477815837 -0.130380869 0.177849665 0.030486176 0.059455350 0.098125659 0.992928505
1548266535.305520 0.487794667 -0.134067073 0.172616959 0.031234795 0.050923444 0.094881870 0.993694425
1548266535.339120 0.474944919 -0.130671307 0.176336154 0.031654440 0.050193463 0.091160968 0.994066536
1548266535.372630 0.432093084 -0.152344003 0.182352275 0.029100996 0.055724807 0.091480650 0.993820488
1548266535.406150 0.434557378 -0.130037621 0.187319040 0.031820897 0.049803127 0.088011548 0.994364679
1548266535.439660 0.411655575 -0.098511450 0.192683056 0.035212334 0.049323324 0.083348587 0.994675994
1548266535.473180 0.410336673 -0.094384722 0.193585455 0.033768225 0.047178481 0.081689879 0.994967639
1548266535.506700 0.410611928 -0.124801368 0.191064477 0.028495712 0.041037567 0.081055768 0.995456636
1548266535.539890 0.381163031 -0.143848360 0.192329332 0.025728066 0.039680950 0.078044325 0.995827615
1548266535.573410 0.377178758 -0.132994622 0.190110907 0.026966974 0.032963365 0.074446268 0.996315181
1548266535.606830 0.378890663 -0.124645472 0.194929317 0.028206943 0.023947442 0.070562005 0.996820927
1548266535.640330 0.381947070 -0.131051779 0.179889143 0.028225616 0.013570585 0.066459417 0.997297525
1548266535.673840 0.383956581 -0.146780744 0.177337766 0.026379945 0.008850672 0.064564347 0.997525573
1548266535.707360 0.377639323 -0.164078638 0.157583252 0.024612676 0.004355315 0.061494205 0.997794449
1548266535.740840 0.378289938 -0.153380200 0.164365217 0.028083220 -0.003475327 0.057856329 0.997923791
1548266535.774360 0.364165038 -0.158646435 0.165675297 0.028755611 -0.008021018 0.053970985 0.998096168
1548266535.807870 0.331820518 -0.187347710 0.164471209 0.025353529 -0.008736939 0.052751794 0.998247504
1548266535.841390 0.304597706 -0.197912723 0.141294584 0.025985833 -0.010996945 0.053380255 0.998175502
1548266535.874910 0.313653558 -0.166774824 0.146450698 0.032660045 -0.020573750 0.049489494 0.998028457
1548266535.908420 0.317408919 -0.196230188 0.140829191 0.028282985 -0.024739238 0.048395932 0.998121142
1548266535.941940 0.305966765 -0.165924430 0.150555968 0.032946136 -0.027118566 0.045755886 0.998040855
1548266535.975450 0.305958629 -0.200964957 0.142585263 0.026921703 -0.032192279 0.044559654 0.998124897
1548266536.008970 0.314056695 -0.185757846 0.144646451 0.028341366 -0.039753675 0.040339969 0.997992516
1548266536.042460 0.310427755 -0.162941918 0.147517532 0.029572172 -0.042436901 0.037645206 0.997951627
1548266536.075970 0.308662117 -0.137228474 0.154698983 0.031517092 -0.045248888 0.034711041 0.997874916
1548266536.109520 0.316651911 -0.130166769 0.156585023 0.029682187 -0.049318925 0.031746753 0.997837067
1548266536.143030 0.330456644 -0.140983015 0.158071086 0.024721777 -0.051849388 0.029163104 0.997922838
1548266536.176570 0.324340373 -0.145788819 0.155054092 0.020808479 -0.051474098 0.026158245 0.998114824
1548266536.210110 0.326795310 -0.154970601 0.159115866 0.015992511 -0.054076154 0.022105502 0.998163998
1548266536.243630 0.321527690 -0.138116539 0.156136215 0.015662042 -0.052815609 0.019174369 0.998297334
1548266536.277140 0.326105207 -0.121749938 0.163393095 0.015440061 -0.054556262 0.015935672 0.998264134
1548266536.310660 0.335787922 -0.112724602 0.167162850 0.014679914 -0.056045350 0.014368268 0.998216927
1548266536.344150 0.312530756 -0.113673210 0.158219978 0.012694396 -0.053901505 0.013918882 0.998368561
1548266536.377660 0.328806400 -0.101004682 0.167173102 0.013031405 -0.058166806 0.012786985 0.998139918
1548266536.411160 0.333318740 -0.096444599 0.165564418 0.011564190 -0.057585988 0.013062455 0.998188138
1548266536.444690 0.317611426 -0.091965072 0.161386669 0.010102835 -0.056347057 0.013315454 0.998271346
1548266536.478210 0.342428386 -0.074265465 0.171034768 0.010852007 -0.060726870 0.012685446 0.998014808
1548266536.511730 0.346858442 -0.066927262 0.169682145 0.009607523 -0.060159691 0.012609630 0.998062909
1548266536.545250 0.339033961 -0.064592816 0.165036187 0.007379246 -0.058848135 0.011546585 0.998172879
1548266536.578760 0.346322507 -0.085225627 0.160534143 0.001766632 -0.059538640 0.011120381 0.998162508
1548266536.612250 0.351790577 -0.066569008 0.164762139 0.002676938 -0.060143098 0.009322062 0.998142660
1548266536.645770 0.358103931 -0.065162323 0.165680602 0.001097823 -0.060171034 0.008024232 0.998155236
1548266536.679290 0.360204339 -0.054141771 0.165216818 0.000325305 -0.058610737 0.006381123 0.998260498
1548266536.712800 0.357590318 -0.056016676 0.161017552 -0.002728716 -0.056809846 0.005208312 0.998367727
1548266536.746320 0.346076459 -0.056121673 0.156594172 -0.004198272 -0.053630747 0.004757742 0.998540699
1548266536.779830 0.358590722 -0.075178742 0.148779586 -0.007224281 -0.057041325 0.003924653 0.998337984
1548266536.813350 0.373664618 -0.069033176 0.152005821 -0.005066521 -0.058326576 0.003618879 0.998278141
1548266536.846860 0.385385007 -0.083271831 0.142738670 -0.005050817 -0.058796793 0.003977381 0.998249292
1548266536.880380 0.365416497 -0.077708364 0.132653370 -0.001139060 -0.054906867 0.005049127 0.998478055
1548266536.913890 0.382292539 -0.080334149 0.125184059 0.001728306 -0.057538923 0.006125413 0.998322964
1548266536.947410 0.387737542 -0.080876194 0.120697573 0.006307508 -0.060354605 0.006644850 0.998134911
1548266536.980930 0.401125968 -0.062903985 0.117463499 0.014282627 -0.065913096 0.006030299 0.997704923
1548266537.014440 0.413744360 -0.054578640 0.118240088 0.019511184 -0.066459544 0.005286922 0.997584283
1548266537.047960 0.394515723 -0.068970524 0.098203212 0.020866385 -0.062953420 0.006957534 0.997774005
1548266537.081480 0.406594038 -0.057694960 0.096396364 0.027022835 -0.067487374 0.006178831 0.997334957
1548266537.115000 0.406664431 -0.050348584 0.089947343 0.031692717 -0.066248007 0.005749385 0.997283161
1548266537.148520 0.393615365 -0.050270218 0.073719740 0.034349021 -0.062801063 0.006080916 0.997416258
1548266537.182030 0.393757433 -0.047248278 0.066854179 0.036891576 -0.063478701 0.005839336 0.997283995
1548266537.215570 0.388439000 -0.043109775 0.060117226 0.039285924 -0.062901102 0.005555855 0.997230768
1548266537.249100 0.383058429 -0.035005979 0.052519415 0.041048147 -0.062881172 0.005911813 0.997159004
1548266537.282670 0.393546730 -0.028686458 0.051288381 0.041606829 -0.064154670 0.005651294 0.997056246
1548266537.316210 0.387382418 -0.037032023 0.041915406 0.039955389 -0.063613310 0.006275559 0.997154713
1548266537.349770 0.370390981 -0.047721531 0.028513568 0.037781313 -0.063783355 0.007344926 0.997221291
1548266537.383770 0.384745449 -0.036758263 0.030861696 0.038846105 -0.069583356 0.007091388 0.996794283
1548266537.417340 0.396077663 -0.038168494 0.026473721 0.038025174 -0.073020160 0.006060591 0.996586919
1548266537.450900 0.388748378 -0.040233377 0.025429765 0.038250905 -0.073938809 0.004617048 0.996518254
1548266537.484440 0.396431178 -0.047032494 0.014597011 0.037745893 -0.078900538 0.003898369 0.996159971
1548266537.517950 0.400932550 -0.046181835 0.018482560 0.038596496 -0.085616954 0.002631228 0.995576799
1548266537.551590 0.439718604 -0.048400447 0.025453588 0.040562425 -0.102869876 -0.001352885 0.993866503
1548266537.585100 0.383595079 -0.043475121 0.011607116 0.044013251 -0.104046524 -0.003539109 0.993591785
1548266537.618620 0.335604727 -0.059705831 -0.004494498 0.044505969 -0.107145198 -0.005553401 0.993231237
1548266537.652020 0.388936192 -0.046856981 0.001353592 0.050022509 -0.132037103 -0.006831273 0.989958227
1548266537.685510 0.437167674 -0.039851345 0.003958155 0.054720525 -0.157468781 -0.015054409 0.985891819
1548266537.719000 0.430285394 -0.065664478 -0.016226418 0.052516714 -0.161858872 -0.013463809 0.985323548
1548266537.752500 0.494766176 -0.083297744 -0.064452134 0.054303985 -0.187643439 -0.014571561 0.980626702
1548266537.785970 0.473042101 -0.093718521 -0.003648725 0.057869729 -0.214489058 -0.036123641 0.974341154
1548266537.819460 0.469445854 -0.079738684 0.013104706 0.061925814 -0.219283044 -0.038546905 0.972930789
1548266537.852970 0.474097550 -0.121365510 -0.002432488 0.056438383 -0.230120763 -0.043517388 0.970548987
1548266537.885830 0.414084375 -0.101984665 -0.023587689 0.059280794 -0.238804027 -0.053549912 0.967776239
1548266537.919340 0.428581506 -0.052213866 -0.021171218 0.067255713 -0.239684343 -0.049203467 0.967267871
1548266537.952750 0.442587763 -0.040286325 -0.026860656 0.068464763 -0.241343960 -0.048063487 0.966827571
1548266537.986230 0.447168112 -0.044174887 -0.028952105 0.067704253 -0.249813184 -0.051536635 0.964548349
1548266538.019740 0.456641525 -0.046819154 -0.017239930 0.066813976 -0.252184987 -0.053733509 0.963873088
1548266538.053230 0.386686176 -0.036692448 -0.054938149 0.066524014 -0.243218094 -0.055048622 0.966120660
1548266538.086770 0.406101674 -0.040271342 -0.043645937 0.065355085 -0.254276127 -0.057297412 0.963218272
1548266538.120330 0.424657732 -0.046059817 -0.031284928 0.063475735 -0.259268016 -0.057909854 0.961975813
1548266538.153950 0.382525891 -0.051786281 -0.050776720 0.061761308 -0.254994512 -0.057959519 0.963225842
1548266538.187670 0.403223753 -0.054654840 -0.055696785 0.060855251 -0.271202743 -0.061774701 0.958608150
1548266538.221180 0.405213356 -0.054186758 -0.044733871 0.060600378 -0.276763737 -0.063013501 0.956952810
1548266538.254700 0.421958745 -0.058464181 -0.057286128 0.060175803 -0.286655813 -0.064145632 0.953987777
1548266538.288220 0.429685265 -0.063452698 -0.035805121 0.059944995 -0.293625206 -0.066918299 0.951689422
1548266538.322300 0.419026494 -0.072358370 -0.036421169 0.058867697 -0.291076809 -0.068007573 0.952462018
1548266538.355250 0.424469113 -0.066220582 -0.043759011 0.059498373 -0.292647749 -0.066450506 0.952051282
1548266538.388760 0.419437736 -0.067750439 -0.045989074 0.059059113 -0.295015186 -0.067681685 0.951260865
1548266538.422220 0.435063571 -0.067932628 -0.032322250 0.058744628 -0.297841787 -0.067650899 0.950401306
1548266538.455730 0.427552044 -0.063297696 -0.042137463 0.057946902 -0.296572030 -0.066240668 0.950946569
1548266538.489300 0.412496001 -0.073290385 -0.045304198 0.055694446 -0.295583993 -0.067563586 0.951295674
1548266538.522760 0.424379766 -0.068221658 -0.042182427 0.055951104 -0.297370285 -0.064949729 0.950905859
1548266538.556290 0.422433048 -0.082758673 -0.045113772 0.053322386 -0.299501121 -0.064549252 0.950415254
1548266538.589800 0.432933688 -0.090639360 -0.037194725 0.053304993 -0.301688612 -0.064174257 0.949749589
1548266538.623180 0.434267074 -0.092329435 -0.044587810 0.054092772 -0.301890790 -0.061619844 0.949809968
1548266538.656700 0.428739518 -0.099580690 -0.045722321 0.055364706 -0.304076225 -0.061318628 0.949058712
1548266538.690200 0.435736954 -0.107146665 -0.041523244 0.057700910 -0.304904789 -0.061985500 0.948610306
1548266538.723690 0.438949138 -0.107980117 -0.040085297 0.060465906 -0.301176816 -0.058649544 0.949840307
1548266538.757210 0.446379364 -0.116043009 -0.044871952 0.062217016 -0.298586190 -0.055227496 0.950749815
1548266538.790720 0.446778417 -0.123688966 -0.050347019 0.064503513 -0.296391249 -0.053187013 0.951400399
1548266538.824240 0.454808712 -0.126619950 -0.036484800 0.067906134 -0.293966055 -0.050803613 0.952046037
1548266538.857780 0.451471299 -0.122975431 -0.048211407 0.070771925 -0.280588150 -0.045522001 0.956132531
1548266538.891300 0.447564006 -0.121144623 -0.063521862 0.072620139 -0.274866074 -0.041311614 0.957845688
1548266538.924810 0.454319417 -0.130216047 -0.065626688 0.074303262 -0.273383588 -0.040442478 0.958177865
1548266538.958340 0.463312417 -0.128661737 -0.061058242 0.077033907 -0.270890206 -0.038509212 0.958749890
1548266538.991860 0.454123080 -0.126664191 -0.066096738 0.079441771 -0.262240410 -0.036461230 0.961035669
1548266539.025390 0.449843436 -0.130340815 -0.077769361 0.080420218 -0.257424593 -0.035168633 0.962303638
1548266539.058900 0.454351693 -0.133105278 -0.077551082 0.081638798 -0.255813003 -0.035008594 0.962636590
1548266539.092420 0.445960253 -0.137730196 -0.081559956 0.082462303 -0.250934422 -0.035272330 0.963840127
1548266539.125940 0.457613111 -0.137427121 -0.078744181 0.084224053 -0.248438895 -0.033651270 0.964392066
1548266539.159460 0.443893731 -0.139274806 -0.092657037 0.084641211 -0.243012398 -0.033666614 0.965736687
1548266539.192970 0.439096272 -0.141425654 -0.095614754 0.084982201 -0.240490645 -0.032113984 0.966390669
1548266539.226490 0.440377086 -0.139957815 -0.098405771 0.087084271 -0.240082756 -0.031020213 0.966340721
1548266539.260000 0.443082035 -0.150134757 -0.095587745 0.087125793 -0.239592880 -0.030680697 0.966469347
1548266539.293520 0.457897574 -0.152172133 -0.087796822 0.087194182 -0.239082068 -0.028211810 0.966664910
1548266539.327040 0.447581887 -0.156611979 -0.094501935 0.086865932 -0.235137656 -0.028351016 0.967657387
1548266539.360520 0.443170041 -0.155295119 -0.091223992 0.087224826 -0.232717261 -0.028643820 0.968201458
1548266539.394070 0.447779924 -0.162143126 -0.092958942 0.086067677 -0.228872523 -0.027467560 0.969254971
1548266539.427580 0.450215280 -0.167267129 -0.087313496 0.085380442 -0.225292876 -0.026118470 0.970191240
1548266539.461070 0.444603980 -0.158983275 -0.086999424 0.085824274 -0.218220770 -0.024072219 0.971820176
1548266539.494590 0.445022762 -0.166529015 -0.093020551 0.083974570 -0.213336632 -0.022733144 0.973097622
1548266539.528070 0.441962719 -0.169951841 -0.093279965 0.083950214 -0.209667727 -0.022159573 0.973910034
1548266539.561580 0.467299014 -0.172684491 -0.079822138 0.083995380 -0.206241786 -0.019522578 0.974693775
1548266539.595090 0.449875593 -0.161335379 -0.092465669 0.085143872 -0.195521325 -0.017592344 0.976837993
1548266539.628600 0.453067034 -0.166455194 -0.091769978 0.084657960 -0.190398484 -0.016733268 0.977906644
1548266539.662120 0.461832166 -0.159892768 -0.084926739 0.085304402 -0.185774460 -0.014958192 0.978768229
1548266539.695540 0.430352151 -0.155023530 -0.089402236 0.084689602 -0.173832268 -0.013359097 0.981035948
1548266539.728650 0.432104498 -0.154877037 -0.087771311 0.083722420 -0.168535933 -0.011817681 0.982062399
1548266539.762070 0.434516251 -0.153216347 -0.083622180 0.082305096 -0.166289717 -0.011487257 0.982568920
1548266539.795590 0.430783421 -0.144946262 -0.078520425 0.081357062 -0.161121696 -0.010056478 0.983524084
1548266539.829110 0.435199022 -0.143128678 -0.079908170 0.078869499 -0.157460690 -0.008576653 0.984333336
1548266539.862620 0.435962468 -0.147770807 -0.070993155 0.075183034 -0.154584795 -0.008937830 0.985074162
1548266539.896140 0.440411210 -0.152291432 -0.071626283 0.071633838 -0.149008855 -0.009096580 0.986195803
1548266539.929660 0.448934615 -0.144541785 -0.063317724 0.069900572 -0.144293830 -0.008656575 0.987024963
1548266539.963260 0.418773323 -0.136470214 -0.069847338 0.068666719 -0.135883614 -0.008860875 0.988302588
1548266539.996690 0.426920384 -0.136317685 -0.062274162 0.067610882 -0.134184316 -0.010727548 0.988589048
1548266540.030200 0.435602576 -0.129446387 -0.052267458 0.066831730 -0.130603850 -0.011816724 0.989108980
1548266540.063720 0.417266428 -0.127574474 -0.056585833 0.066005155 -0.120604947 -0.012661755 0.990422845
1548266540.097230 0.405908197 -0.120941155 -0.057493225 0.066641711 -0.115827382 -0.012791141 0.990948677
1548266540.130750 0.415252984 -0.122954570 -0.053106900 0.067134649 -0.115671180 -0.014010472 0.990917146
1548266540.164260 0.419061691 -0.111796848 -0.048932832 0.068851575 -0.111031935 -0.012182288 0.991354108
1548266540.197770 0.402499884 -0.122537203 -0.055588819 0.067390837 -0.106012695 -0.009972415 0.992028415
1548266540.231290 0.406235695 -0.117823631 -0.054236922 0.069386885 -0.105804823 -0.008481458 0.991926849
1548266540.264800 0.424461156 -0.106147997 -0.050463211 0.072300583 -0.104840785 -0.005759915 0.991840661
1548266540.298270 0.411375791 -0.102505565 -0.053044248 0.073770128 -0.099989846 -0.002618376 0.992246509
1548266540.331760 0.406436503 -0.099132270 -0.052011903 0.075029135 -0.098900780 -0.000539813 0.992264569
1548266540.365280 0.410749763 -0.102826580 -0.051422648 0.075580627 -0.099816099 0.000586147 0.992131054
1548266540.398790 0.416615248 -0.084354348 -0.048661906 0.079200290 -0.100028850 0.000921149 0.991826952
1548266540.432290 0.396854967 -0.077633925 -0.052536584 0.079873852 -0.096340202 0.001461538 0.992137372
1548266540.465810 0.397958308 -0.071293630 -0.050365593 0.080613293 -0.098592587 0.000873630 0.991856992
1548266540.499320 0.404929698 -0.073287241 -0.045871053 0.079999439 -0.099344686 -0.000820257 0.991831660
1548266540.532830 0.402396739 -0.065049797 -0.041793857 0.080111876 -0.098653302 -0.001800078 0.991890311
1548266540.566340 0.389914423 -0.056829564 -0.043534581 0.079816215 -0.095704250 -0.002989955 0.992200136
1548266540.599850 0.387486935 -0.056355689 -0.037540134 0.078173876 -0.095913224 -0.003781426 0.992308021
1548266540.633360 0.388247311 -0.049644034 -0.032574311 0.078040838 -0.096450619 -0.006139775 0.992254615
1548266540.666900 0.396637261 -0.044971775 -0.024904424 0.077276528 -0.096186914 -0.007692495 0.992329180
1548266540.700420 0.392085582 -0.046931583 -0.022627287 0.075112931 -0.092969455 -0.007795686 0.992801070
1548266540.733930 0.364745587 -0.039164476 -0.022153575 0.074480273 -0.088733792 -0.008265048 0.993232429
1548266540.767450 0.368570566 -0.038383476 -0.020372285 0.072229572 -0.091246881 -0.009554935 0.993159413
1548266540.800970 0.369052947 -0.026122728 -0.010786600 0.071586117 -0.092660546 -0.011558160 0.993053794
1548266540.834480 0.332942933 -0.029803298 -0.005780056 0.069190092 -0.091757372 -0.013143703 0.993287742
1548266540.868000 0.352201521 -0.016845521 -0.004185236 0.067917414 -0.099540696 -0.017274357 0.992562592
1548266540.901510 0.346758574 -0.017275238 0.001690280 0.064790681 -0.101461731 -0.020891363 0.992507577
1548266540.935030 0.343532383 -0.024704386 -0.004743346 0.060783096 -0.107012831 -0.024681112 0.992091000
1548266540.968550 0.332451880 -0.010601032 0.005590909 0.060512859 -0.113373995 -0.031171059 0.991217911
1548266541.002060 0.330028564 0.000961563 0.013052431 0.060431048 -0.116468593 -0.035589080 0.990715146
1548266541.035580 0.288809091 0.021827355 0.001364492 0.060491115 -0.116290018 -0.037747234 0.990652621
1548266541.069130 0.309502482 0.011899846 0.011612820 0.057991706 -0.127860859 -0.044942051 0.989074707
1548266541.102710 0.271519691 0.028573064 0.014054843 0.058518656 -0.128054917 -0.049052577 0.988823175
1548266541.136260 0.240863606 0.041718818 0.018293222 0.058352523 -0.134764269 -0.052900154 0.987742484
1548266541.169930 0.311265022 0.014874934 0.029653041 0.052516218 -0.155393094 -0.062557541 0.984470248
1548266541.203440 0.297891051 0.016146133 0.024567850 0.049371749 -0.157999977 -0.065956399 0.983996034
1548266541.236960 0.301846951 0.031766094 0.042034764 0.047956459 -0.172540069 -0.070379451 0.981313825
1548266541.270470 0.311673999 0.028683927 0.044726070 0.044974469 -0.178475186 -0.078421637 0.979782581
1548266541.304000 0.274070144 0.045233924 0.040346339 0.042791735 -0.176267684 -0.079779699 0.980170250
1548266541.337540 0.285289347 0.044486370 0.044233285 0.039863516 -0.190121084 -0.084634840 0.977293074
1548266541.371080 0.263900071 0.040203955 0.053107344 0.036999933 -0.193657443 -0.092502192 0.975997508
1548266541.404610 0.237219602 0.065033294 0.048546508 0.036936380 -0.195167050 -0.091780774 0.975767314
1548266541.438130 0.238154456 0.059836000 0.067611203 0.035253055 -0.205598712 -0.097877868 0.973091125
1548266541.471620 0.245299399 0.055530854 0.065495625 0.033787172 -0.210441545 -0.100620992 0.971827269
1548266541.505140 0.232607469 0.072942935 0.061553199 0.035083149 -0.214320228 -0.102108352 0.970777988
1548266541.538680 0.238189861 0.064647190 0.076271385 0.034206618 -0.224365890 -0.107727662 0.967927992
1548266541.572350 0.213747665 0.068122700 0.065011717 0.035187818 -0.225013509 -0.112261310 0.967227042
1548266541.605880 0.191533744 0.081734307 0.060596954 0.037977017 -0.228939205 -0.115852103 0.965775788
1548266541.639380 0.215304509 0.072769128 0.074502759 0.038295817 -0.239497393 -0.120446518 0.962635458
1548266541.672900 0.188410327 0.091052450 0.064799950 0.041223101 -0.239181072 -0.123174265 0.962247968
1548266541.706420 0.209101126 0.078113683 0.078995049 0.040596228 -0.248443693 -0.127689570 0.959334671
1548266541.739930 0.191267118 0.084958561 0.072161220 0.041592870 -0.247702286 -0.128778234 0.959338188
1548266541.773460 0.170099229 0.105271600 0.071290456 0.045111757 -0.251152992 -0.130602077 0.958034575
1548266541.806980 0.185474068 0.089378178 0.074710131 0.043647617 -0.258022934 -0.133930281 0.955814660
1548266541.840490 0.167406783 0.107409708 0.072159387 0.046268120 -0.258850455 -0.133418381 0.955539227
1548266541.874000 0.165495038 0.114801913 0.075790323 0.048119199 -0.263864726 -0.134727716 0.953891158
1548266541.907480 0.175449729 0.114241146 0.081607714 0.048925437 -0.269040227 -0.137336448 0.952030659
1548266541.940970 0.174199238 0.112716176 0.078096278 0.048351053 -0.269686669 -0.139948353 0.951496542
1548266541.974480 0.155143440 0.133931041 0.078893743 0.049813826 -0.268757343 -0.140931755 0.951538920
1548266542.008000 0.147868097 0.134886786 0.086083286 0.048263568 -0.271827191 -0.144642249 0.950189054
1548266542.041510 0.144474760 0.143299133 0.086911835 0.047652911 -0.275586933 -0.147052631 0.948765814
1548266542.075020 0.152143687 0.140538111 0.095508978 0.045070905 -0.278470695 -0.150607616 0.947491407
1548266542.108530 0.105411664 0.175406024 0.088324867 0.046229415 -0.273354560 -0.150137752 0.948998868
1548266542.142030 0.123912737 0.162759528 0.112613201 0.042341050 -0.289665699 -0.157930851 0.943058252
1548266542.175490 0.127176821 0.173831105 0.118691720 0.041528080 -0.290068030 -0.158685640 0.942844033
1548266542.208990 0.112308249 0.184156612 0.120958380 0.039513040 -0.288878620 -0.159841165 0.943100572
1548266542.242460 0.094929680 0.188609526 0.117053531 0.036498759 -0.290012866 -0.163672641 0.942216337
1548266542.275980 0.126698658 0.168724045 0.134715781 0.031631816 -0.295860857 -0.167191625 0.939953566
1548266542.309500 0.095490873 0.179302827 0.127519041 0.029015148 -0.290145874 -0.167741805 0.941719770
1548266542.342970 0.100292020 0.173801735 0.142125592 0.025741247 -0.296027154 -0.168970168 0.939762950
1548266542.376490 0.093487374 0.170162275 0.147975162 0.023365762 -0.295976013 -0.169202551 0.939799309
1548266542.410000 0.093411274 0.175333396 0.152607098 0.021953480 -0.296097964 -0.167599469 0.940082133
1548266542.443560 0.076926611 0.192603707 0.157169625 0.022045949 -0.295493543 -0.166160539 0.940525472
1548266542.477110 0.080591932 0.174875647 0.166126892 0.017708840 -0.297541350 -0.168667406 0.939524770
1548266542.510590 0.071876332 0.182426825 0.167189837 0.016715638 -0.294719428 -0.166765377 0.940771163
1548266542.544070 0.061650813 0.175851569 0.163363427 0.013496437 -0.293947965 -0.167608812 0.940914333
1548266542.577540 0.057176720 0.168832764 0.169521928 0.011179886 -0.294655979 -0.167581826 0.940728009
1548266542.611060 0.061490215 0.170017049 0.180778965 0.010397190 -0.294885993 -0.166287303 0.940894663
1548266542.644570 0.049940292 0.164051875 0.178497076 0.006814036 -0.291185081 -0.163687229 0.942534566
1548266542.678090 0.037362412 0.157872558 0.178628728 0.004632700 -0.291017741 -0.162150592 0.942865014
1548266542.711610 0.036237180 0.151074752 0.182461977 0.003722453 -0.293395489 -0.161284253 0.942280591
1548266542.745120 0.032902494 0.146853343 0.184132993 0.003082443 -0.295289904 -0.160380945 0.941845179
1548266542.778640 0.027572576 0.143180147 0.185272738 0.002230636 -0.296967953 -0.159675896 0.941439688
1548266542.812160 0.028377419 0.137139082 0.189424098 0.002235743 -0.299947530 -0.160380960 0.940374613
1548266542.845680 0.023285177 0.132032558 0.193056926 0.002553171 -0.300748289 -0.161695525 0.939892828
1548266542.879220 0.021013273 0.132556766 0.193280712 0.003235534 -0.300641537 -0.161550477 0.939949811
1548266542.912750 0.012564501 0.127523363 0.190962404 0.001736091 -0.301809281 -0.159643158 0.939905465
1548266542.946260 0.013035257 0.121896259 0.197656736 0.002410488 -0.305677861 -0.160229102 0.938553095
1548266542.979770 0.011373305 0.114320822 0.198160708 0.002098326 -0.306629300 -0.159882054 0.938302636
1548266543.013300 0.004053784 0.113267593 0.194234446 0.002448487 -0.307802856 -0.158980429 0.938070655
1548266543.046890 0.001290415 0.110946424 0.195568994 0.002367758 -0.312096566 -0.157769442 0.936855853
1548266543.080470 -0.002814783 0.102474436 0.195049971 0.001572938 -0.316420674 -0.156727731 0.935581028
1548266543.113980 -0.001705449 0.099768601 0.193685010 0.001842450 -0.320508897 -0.155319825 0.934423029
1548266543.147500 -0.001483334 0.082934968 0.199542880 0.000476788 -0.326675743 -0.155904308 0.932189167
1548266543.181010 -0.002484359 0.077681333 0.200711474 0.001361910 -0.328728408 -0.155438527 0.931544185
1548266543.214530 -0.006388907 0.076212876 0.201547012 0.002575996 -0.331779242 -0.153929859 0.930710256
1548266543.248050 -0.002601896 0.073464908 0.199632391 0.004514742 -0.335044503 -0.154185757 0.929489911
1548266543.281560 -0.008885335 0.064973965 0.197090790 0.004911966 -0.336806923 -0.152939260 0.929056823
1548266543.315080 -0.000773931 0.056527715 0.203628868 0.006407219 -0.341093272 -0.153645411 0.927365839
1548266543.348540 -0.000671252 0.046722595 0.203524575 0.007555783 -0.338982105 -0.152982876 0.928240418
1548266543.381930 -0.013595928 0.053456232 0.192735046 0.009231634 -0.338233262 -0.150385812 0.928922594
1548266543.415400 -0.010991234 0.047102276 0.194952130 0.010063844 -0.342673928 -0.150994033 0.927186131
1548266543.448920 -0.004989512 0.035409991 0.199152902 0.010723417 -0.345010787 -0.152399555 0.926081479
1548266543.482430 -0.007714588 0.031974647 0.197553411 0.011462420 -0.344002604 -0.150470182 0.926762938
1548266543.515950 -0.009081097 0.023901356 0.194526210 0.011971956 -0.345153451 -0.149243131 0.926527023
1548266543.549470 -0.004484951 0.009505098 0.194846466 0.013373442 -0.346697390 -0.150139645 0.925786257
1548266543.582820 -0.012404080 -0.000566674 0.187907398 0.014201637 -0.345279843 -0.148464292 0.926573515
1548266543.616340 -0.004191120 -0.001858654 0.188475534 0.018458420 -0.347254723 -0.146988168 0.925995648
1548266543.649850 0.000066933 0.002370605 0.192605630 0.025309911 -0.344701052 -0.144813180 0.927129805
1548266543.683470 0.005528811 -0.012518500 0.190132007 0.028643714 -0.339515686 -0.142299801 0.929332793
1548266543.716990 0.000100263 -0.022973077 0.182937697 0.030782847 -0.332754314 -0.140788928 0.931936383
1548266543.750410 -0.000704555 -0.030729279 0.179423302 0.032101922 -0.330246776 -0.138665870 0.933101475
1548266543.783930 0.006817086 -0.040777408 0.184999183 0.034085337 -0.325660497 -0.136361316 0.934980750
1548266543.817440 -0.002682658 -0.043141920 0.175476074 0.034066670 -0.320767313 -0.130991742 0.937437415
1548266543.850960 -0.000751310 -0.045634471 0.176124319 0.035208061 -0.322599024 -0.129320905 0.936998606
1548266543.884500 0.015204903 -0.063988775 0.195886597 0.034361146 -0.322152704 -0.127556682 0.937425315
1548266543.918080 0.005797949 -0.061876800 0.180334911 0.035332642 -0.313929588 -0.121203654 0.941015124
1548266543.951590 0.007660867 -0.072833866 0.178127289 0.035605099 -0.314226240 -0.119221568 0.941159070
1548266543.985060 0.011550236 -0.083834380 0.180343032 0.036467265 -0.312612683 -0.116296217 0.942028999
1548266544.018570 0.020629814 -0.092229821 0.181871668 0.038589537 -0.311640948 -0.113665901 0.942587316
1548266544.052090 0.018066006 -0.097086541 0.181327134 0.041160531 -0.306851625 -0.109644458 0.944524229
1548266544.085660 0.033819642 -0.104623765 0.178519711 0.043317650 -0.306474686 -0.106665701 0.944891155
1548266544.119180 0.033468112 -0.102918431 0.177790150 0.047956396 -0.299780011 -0.104013011 0.947107911
1548266544.152710 0.032194637 -0.099520959 0.173226982 0.050689258 -0.295306146 -0.099625431 0.948841214
1548266544.186260 0.039420623 -0.104248948 0.174240008 0.052810654 -0.294620037 -0.097842351 0.949124277
1548266544.219780 0.044250183 -0.110356957 0.177249253 0.054729804 -0.291418076 -0.096639305 0.950126827
1548266544.253330 0.051204182 -0.107126698 0.176220253 0.057045519 -0.287936151 -0.094397269 0.951276898
1548266544.286840 0.053131334 -0.105894849 0.173122033 0.058549430 -0.285063684 -0.093748949 0.952114403
1548266544.320360 0.072735496 -0.108445026 0.188135684 0.059966348 -0.285132647 -0.093391262 0.952040672
1548266544.354010 0.070904896 -0.111692995 0.178147212 0.059544910 -0.277535975 -0.092376664 0.954408050
1548266544.387530 0.069651894 -0.103004463 0.171614349 0.059752367 -0.274218649 -0.089413665 0.955635369
1548266544.421040 0.074741423 -0.100401975 0.176592276 0.059464481 -0.276399642 -0.088313915 0.955127120
1548266544.454560 0.076386780 -0.108359516 0.174627692 0.057708368 -0.275654912 -0.087933645 0.955485106
1548266544.488080 0.084536344 -0.102798544 0.179634318 0.057574358 -0.277324378 -0.085083768 0.955268085
1548266544.521590 0.088206194 -0.095589019 0.182245672 0.057604108 -0.277322650 -0.082647651 0.955480635
1548266544.555110 0.096333109 -0.098238297 0.189096183 0.056659788 -0.277395159 -0.081957094 0.955575526
1548266544.588620 0.100690208 -0.095538802 0.189170450 0.056187734 -0.275160789 -0.081371345 0.956299245
1548266544.622130 0.100758083 -0.088011466 0.190007985 0.055929948 -0.273919255 -0.081074372 0.956695855
1548266544.655640 0.108307786 -0.088539138 0.194488943 0.055122998 -0.273260415 -0.084028721 0.956676185
1548266544.689160 0.109035075 -0.082209170 0.197102681 0.054512057 -0.270365685 -0.085512094 0.957401931
1548266544.722680 0.108707264 -0.078536734 0.192733839 0.052742496 -0.268992811 -0.087239243 0.957731903
1548266544.756190 0.108470701 -0.066848002 0.198915616 0.052262463 -0.269345701 -0.088089541 0.957581162
1548266544.789700 0.108963534 -0.062981039 0.202129632 0.050448235 -0.268716902 -0.089557230 0.957719028
1548266544.823220 0.110529356 -0.055269163 0.203313217 0.048916314 -0.268610120 -0.089420579 0.957841218
1548266544.856730 0.114234023 -0.055834226 0.206746936 0.046522036 -0.269731522 -0.091299489 0.957468033
1548266544.890260 0.116171792 -0.048129633 0.208582267 0.045769811 -0.268836111 -0.091157749 0.957769573
1548266544.923760 0.117597215 -0.051960748 0.209109053 0.044043362 -0.269096762 -0.093251497 0.957575738
1548266544.957280 0.127753809 -0.053525127 0.217393741 0.043553852 -0.268560469 -0.094353616 0.957640707
1548266544.990790 0.124324657 -0.050087780 0.217368960 0.044095472 -0.264209837 -0.094933905 0.958768129
1548266545.024180 0.129897952 -0.047409058 0.218254358 0.044543099 -0.262088060 -0.094299309 0.959392190
1548266545.057700 0.126105011 -0.044709168 0.217967972 0.045657836 -0.258589029 -0.094796859 0.960239887
1548266545.091210 0.128523290 -0.040281095 0.218612298 0.047247060 -0.256915659 -0.094856232 0.960606217
1548266545.124730 0.132830203 -0.035845615 0.223889247 0.049531523 -0.255068243 -0.094887607 0.960980296
1548266545.158240 0.129167154 -0.031358838 0.223267779 0.050650790 -0.251064241 -0.092916422 0.962168276
1548266545.191760 0.139073119 -0.028854562 0.223214984 0.052181181 -0.250846773 -0.092888258 0.962145925
1548266545.225270 0.142401785 -0.029936716 0.224444479 0.052632142 -0.248717368 -0.092704967 0.962691724
1548266545.258750 0.145851105 -0.016708797 0.225166738 0.054371998 -0.247177616 -0.089773811 0.963269234
1548266545.292200 0.143825039 -0.011926824 0.226193666 0.054869190 -0.246409044 -0.089124389 0.963498175
1548266545.325700 0.149646699 -0.008071692 0.225546718 0.055140741 -0.246708050 -0.088910349 0.963425994
1548266545.359220 0.154964402 -0.005455279 0.228487879 0.054655030 -0.245981321 -0.088379435 0.963688254
1548266545.392700 0.148557052 0.006129374 0.224681735 0.054886241 -0.244150758 -0.087765954 0.964196563
1548266545.426200 0.157364637 0.005965025 0.227394551 0.053607896 -0.246575966 -0.089289211 0.963511229
1548266545.459680 0.163068369 0.006185222 0.232505992 0.052282386 -0.246690094 -0.090501726 0.963441789
1548266545.493230 0.157809645 0.012940715 0.227099851 0.051196162 -0.245591179 -0.090579510 0.963773429
1548266545.526740 0.167502284 0.012348855 0.233641744 0.049299806 -0.248570561 -0.091453478 0.963025689
1548266545.560280 0.161070138 0.014799238 0.237832457 0.048109271 -0.247268051 -0.092373081 0.963333368
1548266545.593790 0.164468512 0.015462425 0.235183954 0.046755955 -0.246648073 -0.092760175 0.963521779
1548266545.627340 0.160018504 0.017776873 0.235442221 0.045530796 -0.245149210 -0.092629358 0.963975430
1548266545.660860 0.161447436 0.018022092 0.234591499 0.043619141 -0.245773315 -0.091523103 0.964010537
1548266545.694340 0.167093113 0.013900520 0.240264535 0.042066865 -0.247162342 -0.092152186 0.963664412
1548266545.727840 0.168803424 0.019788031 0.244021386 0.041273367 -0.246181056 -0.090080097 0.964145720
1548266545.761410 0.168140948 0.019919138 0.246141121 0.039973650 -0.245009869 -0.089842230 0.964520931
1548266545.794920 0.172556996 0.025794927 0.250539720 0.038789392 -0.244034111 -0.087836541 0.965001285
1548266545.828490 0.169921041 0.030151743 0.252545953 0.037897851 -0.243425086 -0.088472433 0.965132415
1548266545.861960 0.176600233 0.025100278 0.257413566 0.035611406 -0.241995633 -0.089012571 0.965529203
1548266545.895520 0.173509955 0.031336810 0.258950710 0.034790449 -0.239045784 -0.088680543 0.966324210
1548266545.929040 0.172257155 0.035918575 0.260960072 0.033687670 -0.237794250 -0.088584132 0.966680884
1548266545.962550 0.167906180 0.030051176 0.260490805 0.031341396 -0.235494837 -0.089972004 0.967194378
1548266545.996170 0.167988822 0.028059004 0.262931883 0.029839519 -0.233956009 -0.089395858 0.967668653
1548266546.029690 0.162342116 0.022159282 0.257353932 0.028441040 -0.232145846 -0.088501610 0.968228698
1548266546.063210 0.162596047 0.022928381 0.262573749 0.029039737 -0.233223900 -0.086271964 0.968153119
1548266546.096720 0.163851112 0.009212770 0.260662705 0.028706022 -0.231901661 -0.085530467 0.968546391
1548266546.130080 0.164191395 0.001614794 0.256671727 0.030031389 -0.230325401 -0.082447506 0.969149470
1548266546.163600 0.163715512 0.004119841 0.256700426 0.033701386 -0.230633467 -0.079079792 0.969236195
1548266546.197120 0.169201344 -0.007945349 0.249830574 0.036343701 -0.230623409 -0.078535035 0.969187438
