1548266530.512730 0.0000000 0.0000000 0.0000000 0.0000000 0.0000000 0.0000000 1.0000000
1548266530.579760 -0.0149110 0.0029074 0.0099005 -0.0035636 -0.0076185 -0.0019642 0.9999627
1548266530.613280 -0.0112218 0.0112892 0.0170211 -0.0041892 -0.0106013 -0.0043051 0.9999257
1548266530.680410 -0.0489668 -0.0091509 0.0161345 -0.0109847 -0.0127049 -0.0068199 0.9998357
1548266530.848300 -0.0391516 -0.0205916 0.0522693 -0.0112269 -0.0274336 -0.0207682 0.9993448
1548266531.417940 -0.0139015 -0.1128504 0.0842958 -0.0074630 -0.0410262 -0.0022685 0.9991276
1548266531.686160 0.0361987 -0.1472342 0.0498966 0.0279175 -0.0473900 0.0179501 0.9983249
1548266531.920950 0.0682480 -0.1456266 0.0235205 0.0423904 -0.0351681 0.0278275 0.9980941
1548266532.088340 0.0924811 -0.1511258 0.0052790 0.0506971 -0.0267270 0.0350426 0.9977412
1548266532.222360 0.1276662 -0.1459827 -0.0053210 0.0552124 -0.0110893 0.0395087 0.9976310
1548266532.758500 0.2524398 -0.1265504 0.0115818 0.0427177 0.0283789 0.0512085 0.9973703
1548266533.562110 0.4734227 -0.0026887 0.1605293 -0.0118348 0.0480683 0.0468658 0.9976737
1548266533.931810 0.5250947 0.0523018 0.2400258 -0.0423939 0.0607484 0.0557831 0.9956910
1548266534.098760 0.5482760 0.0274519 0.2805807 -0.0682052 0.0829006 0.0725254 0.9915723
1548266534.635140 0.6075333 -0.0740285 0.2478202 -0.0212366 0.1025875 0.1215959 0.9870356
1548266535.037230 0.5147404 -0.1490200 0.2067603 0.0095225 0.0775534 0.1140366 0.9903991
1548266535.707360 0.3753714 -0.1782991 0.1707892 0.0236834 0.0045954 0.0644724 0.9976279
1548266536.310660 0.3374381 -0.1143964 0.1725652 0.0142265 -0.0559519 0.0146893 0.9982240
1548266537.417340 0.3988601 -0.0474808 0.0263581 0.0366990 -0.0738670 0.0063466 0.9965724
1548266537.551590 0.3885500 -0.0593728 0.0094138 0.0384653 -0.0948036 -0.0003339 0.9947525
1548266537.719000 0.4303167 -0.0486015 -0.0062509 0.0559303 -0.1626952 -0.0157746 0.9849636
1548266537.819460 0.3991579 -0.0429519 -0.0296754 0.0665412 -0.2065266 -0.0329248 0.9756203
1548266537.986230 0.4238849 -0.0498327 -0.0346994 0.0665971 -0.2463690 -0.0521056 0.9654803
1548266538.690200 0.4337725 -0.1195022 -0.0352202 0.0559023 -0.3052606 -0.0615880 0.9486294
1548266539.360520 0.4497225 -0.1655337 -0.0863826 0.0856402 -0.2337062 -0.0276354 0.9681340
1548266539.561580 0.4653423 -0.1820706 -0.0781555 0.0824356 -0.2061282 -0.0189388 0.9748625
1548266541.035580 0.2859517 0.0133388 0.0060910 0.0593301 -0.1163501 -0.0379797 0.9907069
1548266541.203440 0.2763929 0.0354732 0.0329322 0.0515036 -0.1556710 -0.0638041 0.9843998
1548266542.208990 0.1092096 0.1593359 0.1093244 0.0357476 -0.2879604 -0.1614172 0.9432632
1548266543.214530 -0.0044030 0.0791079 0.2054388 0.0033518 -0.3322469 -0.1526207 0.9307565
1548266544.085660 0.0272192 -0.1148870 0.1803426 0.0418192 -0.3060104 -0.1066434 0.9451116
1548266544.320360 0.0556983 -0.1160930 0.1874493 0.0587573 -0.2831113 -0.0940468 0.9526546
1548266544.655640 0.0996418 -0.0951727 0.1986912 0.0538378 -0.2726266 -0.0832644 0.9569970
