0.000000 0.0000000 0.0000000 0.0000000 0.0000000 0.0000000 0.0000000 1.0000000
0.207355 0.0381249 -0.0086185 0.5690697 -0.0004935 0.0085859 0.0024525 0.9999600
0.310908 0.0483811 -0.0105294 0.8390878 0.0001636 0.0091817 0.0038919 0.9999502
0.621714 0.1266723 -0.0215146 1.7225778 0.0025411 -0.0034829 0.0067301 0.9999681
0.932502 0.0695055 -0.0202932 2.6742091 0.0038189 -0.0326142 0.0022297 0.9994583
1.347350 -0.0943170 -0.0235062 4.0332222 0.0036720 -0.0733903 0.0024796 0.9972935
1.555101 -0.2258808 -0.0303614 4.7768307 0.0037064 -0.0886963 0.0017372 0.9960503
1.867090 -0.4406466 -0.0437214 5.9782977 0.0063282 -0.1050191 0.0040239 0.9944419
2.595229 -1.1168493 -0.1080113 9.1157446 0.0149260 -0.1378581 0.0072972 0.9903126
2.907234 -1.5396895 -0.1371437 10.6133528 0.0187749 -0.1518156 0.0093448 0.9881863
3.742035 -2.7477889 -0.3627699 14.6810379 0.0493329 -0.1778586 0.0047622 0.9828072
4.571450 -4.2350750 -0.7978919 18.6939468 0.0556881 -0.2051608 -0.0009342 0.9771423
5.401997 -5.7282715 -1.2409796 20.6979809 0.0410531 -0.2351710 -0.0036420 0.9710798
6.336918 -8.3410015 -1.5188541 25.1742382 0.0327598 -0.2651871 -0.0027067 0.9636365
7.271858 -11.4014711 -2.0661640 30.2717342 0.0224215 -0.2774156 0.0051048 0.9604748
8.206229 -14.7850580 -2.3873248 34.9730225 0.0256463 -0.3152142 0.0075299 0.9486440
8.933548 -17.5636654 -2.6797841 38.4620743 0.0212847 -0.3344492 0.0098878 0.9421215
9.452542 -19.6058960 -2.8752062 40.8346443 0.0207772 -0.3528638 0.0123598 0.9353623
9.764859 -20.9009686 -2.9981585 42.2445946 0.0219897 -0.3652937 0.0138156 0.9305300
10.178630 -22.6787739 -3.1425610 44.0732880 0.0201522 -0.3831641 0.0172737 0.9232988
