1.000000 0.000000 0.000000 0.000000 0.000000 1.000000 0.000000 0.000000 0.000000 0.000000 1.000000 0.000000
0.999997 0.002515 0.000099 -0.005296 -0.002516 0.999995 0.001748 -0.021512 -0.000094 -0.001748 0.999998 0.879070
0.999986 0.005193 0.000304 -0.015095 -0.005193 0.999984 0.002159 -0.038805 -0.000293 -0.002161 0.999998 1.747694
0.999980 0.006260 -0.000673 0.017224 -0.006259 0.999979 0.001500 -0.049880 0.000683 -0.001495 0.999999 2.629257
0.999965 0.008330 0.000646 -0.019708 -0.008331 0.999964 0.001320 -0.070081 -0.000635 -0.001326 0.999999 3.455801
0.999961 0.008779 -0.000001 0.020622 -0.008779 0.999961 -0.000662 -0.048568 -0.000004 0.000662 1.000000 4.330932
0.999961 0.008708 0.001336 -0.020330 -0.008711 0.999960 0.002213 -0.105632 -0.001317 -0.002225 0.999997 5.077585
0.999952 0.009550 0.001944 -0.027597 -0.009559 0.999942 0.004952 -0.119461 -0.001897 -0.004971 0.999986 5.848775
0.999952 0.009348 0.003020 -0.018616 -0.009374 0.999917 0.008850 -0.121463 -0.002937 -0.008878 0.999956 6.604558
0.999953 0.008541 0.004564 -0.019192 -0.008597 0.999885 0.012512 -0.138307 -0.004457 -0.012551 0.999911 7.326362
0.999955 0.007690 0.005620 -0.018787 -0.007772 0.999860 0.014830 -0.150072 -0.005505 -0.014873 0.999874 8.023286
0.999950 0.007954 0.005999 0.001404 -0.008043 0.999855 0.015041 -0.166262 -0.005878 -0.015089 0.999869 8.679396
0.999926 0.009162 0.007992 -0.016417 -0.009258 0.999884 0.012086 -0.169466 -0.007880 -0.012159 0.999895 9.308628
0.999915 0.009394 0.009098 -0.020427 -0.009474 0.999917 0.008716 -0.167156 -0.009015 -0.008802 0.999921 9.910895
0.999921 0.007290 0.010207 -0.003838 -0.007364 0.999947 0.007201 -0.173444 -0.010154 -0.007276 0.999922 10.483468
0.999917 0.004158 0.012221 0.002300 -0.004211 0.999982 0.004369 -0.168083 -0.012203 -0.004420 0.999916 11.018264
0.999897 0.001782 0.014213 0.018277 -0.001842 0.999989 0.004202 -0.196668 -0.014205 -0.004227 0.999890 11.507867
0.999850 0.006083 0.016219 0.022967 -0.006124 0.999978 0.002444 -0.212132 -0.016204 -0.002543 0.999865 11.970531
0.999766 0.010370 0.018982 0.027019 -0.010405 0.999944 0.001737 -0.224776 -0.018963 -0.001934 0.999818 12.418804
0.999684 0.011025 0.022612 0.032157 -0.011090 0.999935 0.002752 -0.231249 -0.022580 -0.003002 0.999740 12.820246
0.999653 0.006415 0.025545 0.055533 -0.006499 0.999974 0.003233 -0.237627 -0.025524 -0.003398 0.999668 13.161783
0.999604 0.001742 0.028101 0.071468 -0.001831 0.999993 0.003134 -0.241348 -0.028096 -0.003184 0.999600 13.481173
0.999538 -0.001559 0.030359 0.095847 0.001428 0.999990 0.004339 -0.245682 -0.030365 -0.004293 0.999530 13.771661
0.999458 -0.002332 0.032838 0.107528 0.002152 0.999982 0.005542 -0.253484 -0.032850 -0.005468 0.999445 14.050300
0.999381 -0.001378 0.035152 0.107724 0.001222 0.999989 0.004483 -0.260974 -0.035157 -0.004437 0.999372 14.281466
0.999311 -0.000420 0.037104 0.123188 0.000313 0.999996 0.002897 -0.263556 -0.037105 -0.002883 0.999307 14.497365
0.999191 0.001279 0.040189 0.116213 -0.001373 0.999996 0.002306 -0.275308 -0.040185 -0.002359 0.999189 14.682668
0.999113 0.004203 0.041908 0.123526 -0.004292 0.999989 0.002017 -0.285615 -0.041899 -0.002195 0.999119 14.871984
0.999051 0.005472 0.043219 0.130254 -0.005504 0.999985 0.000621 -0.295245 -0.043215 -0.000858 0.999065 15.048977
0.998977 0.004592 0.044983 0.146255 -0.004549 0.999989 -0.001050 -0.296573 -0.044988 0.000845 0.998987 15.233492
0.998918 0.003687 0.046369 0.159830 -0.003568 0.999990 -0.002646 -0.297640 -0.046378 0.002478 0.998921 15.403335
0.998871 0.002688 0.047433 0.172869 -0.002516 0.999990 -0.003674 -0.302727 -0.047443 0.003550 0.998868 15.550238
0.998785 0.003423 0.049153 0.176950 -0.003180 0.999982 -0.005015 -0.305915 -0.049169 0.004853 0.998779 15.693309
0.998913 0.004994 0.046350 0.322113 -0.004656 0.999962 -0.007403 -0.298425 -0.046385 0.007179 0.998898 15.912593
0.998682 0.003760 0.051184 0.193089 -0.003308 0.999955 -0.008908 -0.319192 -0.051215 0.008727 0.998650 15.985503
0.998645 0.003550 0.051930 0.204203 -0.002956 0.999929 -0.011522 -0.318996 -0.051967 0.011353 0.998584 16.118311
0.998674 0.003048 0.051391 0.208985 -0.002349 0.999904 -0.013638 -0.322237 -0.051428 0.013499 0.998585 16.267633
0.998773 0.003112 0.049428 0.209590 -0.002366 0.999882 -0.015157 -0.318906 -0.049470 0.015022 0.998663 16.404562
0.998911 0.002648 0.046573 0.210157 -0.001918 0.999875 -0.015702 -0.329390 -0.046609 0.015595 0.998791 16.548681
0.999108 0.003027 0.042125 0.216894 -0.002298 0.999847 -0.017327 -0.326181 -0.042171 0.017215 0.998962 16.696243
0.999340 0.002519 0.036248 0.218981 -0.001872 0.999839 -0.017866 -0.338520 -0.036287 0.017787 0.999183 16.838001
0.999673 0.003976 0.025255 0.377955 -0.003512 0.999824 -0.018400 -0.357540 -0.025324 0.018305 0.999512 17.098265
0.999726 0.003150 0.023182 0.192827 -0.002703 0.999810 -0.019316 -0.344138 -0.023238 0.019248 0.999545 17.116524
0.999884 0.003131 0.014928 0.191116 -0.002827 0.999788 -0.020382 -0.348901 -0.014988 0.020338 0.999681 17.264435
0.999991 0.003210 0.002945 0.256942 -0.003143 0.999739 -0.022641 -0.326213 -0.003017 0.022631 0.999739 17.489250
0.999974 -0.000070 -0.007210 0.139338 -0.000099 0.999726 -0.023412 -0.347076 0.007210 0.023412 0.999700 17.547499
0.999683 -0.000780 -0.025172 0.176717 0.000137 0.999675 -0.025503 -0.350085 0.025184 0.025492 0.999358 17.744589
0.999083 -0.001284 -0.042789 0.090674 0.000178 0.999667 -0.025824 -0.375148 0.042808 0.025792 0.998750 17.918091
0.998008 -0.000302 -0.063088 0.004505 -0.001325 0.999668 -0.025741 -0.372959 0.063075 0.025773 0.997676 18.131063
0.996292 -0.000431 -0.086039 -0.085682 -0.001594 0.999723 -0.023462 -0.393982 0.086025 0.023512 0.996015 18.266373
0.993495 0.001542 -0.113864 -0.073039 -0.004128 0.999739 -0.022479 -0.390858 0.113799 0.022802 0.993242 18.488089
0.989397 0.004520 -0.145167 -0.100538 -0.007729 0.999738 -0.021547 -0.364632 0.145031 0.022440 0.989173 18.809021
0.983692 0.003869 -0.179821 -0.151720 -0.007120 0.999823 -0.017436 -0.387973 0.179721 0.018432 0.983545 19.182768
0.975700 0.003898 -0.219076 -0.107657 -0.007699 0.999834 -0.016498 -0.259190 0.218976 0.017784 0.975568 19.335722
0.965689 0.009541 -0.259524 -0.197503 -0.012482 0.999875 -0.009685 -0.338676 0.259399 0.012593 0.965688 19.758959
0.952943 0.007107 -0.303067 -0.226417 -0.009870 0.999922 -0.007587 -0.220514 0.302990 0.010221 0.952939 19.921047
0.938941 0.017406 -0.343637 -0.409005 -0.018215 0.999834 0.000874 -0.376105 0.343595 0.005438 0.939102 20.302732
0.921860 0.018482 -0.387081 -0.638484 -0.018214 0.999825 0.004362 -0.303805 0.387094 0.003029 0.922035 20.797935
0.903698 0.019613 -0.427721 -0.971023 -0.015015 0.999788 0.014120 -0.411709 0.427907 -0.006338 0.903800 21.117861
0.881248 0.027675 -0.471843 -1.107618 -0.019427 0.999561 0.022345 -0.442585 0.472255 -0.010525 0.881399 21.314489
0.857124 0.028309 -0.514331 -1.409443 -0.018544 0.999537 0.024111 -0.376308 0.514776 -0.011128 0.857253 21.600693
0.828589 0.036685 -0.558654 -1.612348 -0.023783 0.999256 0.030343 -0.425405 0.559352 -0.011855 0.828845 21.815247
0.798376 0.036647 -0.601043 -1.974327 -0.022861 0.999271 0.030561 -0.400006 0.601725 -0.010659 0.798633 22.180231
0.764064 0.040007 -0.643899 -2.284706 -0.023770 0.999143 0.033873 -0.393336 0.644703 -0.010576 0.764360 22.504519
0.728053 0.041934 -0.684237 -2.712064 -0.023776 0.999071 0.035930 -0.347580 0.685108 -0.009891 0.728374 22.878241
0.688950 0.043796 -0.723485 -3.092145 -0.021861 0.998974 0.039655 -0.349399 0.724479 -0.011504 0.689201 23.172907
0.647083 0.041895 -0.761268 -3.443435 -0.018082 0.999052 0.039611 -0.322156 0.762205 -0.011866 0.647226 23.434586
0.604933 0.041128 -0.795213 -3.907458 -0.013189 0.999046 0.041637 -0.313705 0.796167 -0.014699 0.604899 23.737711
0.561553 0.045797 -0.826173 -4.487769 -0.012652 0.998826 0.046768 -0.332592 0.827344 -0.015810 0.561473 24.089428
0.513508 0.053109 -0.856440 -5.003992 -0.015907 0.998501 0.052381 -0.320163 0.857937 -0.013275 0.513583 24.361963
0.463589 0.045309 -0.884891 -5.466565 -0.007780 0.998861 0.047069 -0.281903 0.886016 -0.014936 0.463414 24.470184
0.410529 0.038747 -0.911024 -6.101294 0.007557 0.998918 0.045890 -0.286017 0.911816 -0.025724 0.409792 24.829599
0.362280 -0.027224 -0.931672 -5.510175 0.082308 0.996603 0.002884 -0.123636 0.928428 -0.077729 0.363290 23.749493
0.362280 -0.027224 -0.931672 -5.510175 0.082308 0.996603 0.002884 -0.123636 0.928428 -0.077729 0.363290 23.749493
0.362280 -0.027224 -0.931672 -5.510175 0.082308 0.996603 0.002884 -0.123636 0.928428 -0.077729 0.363290 23.749493
0.362280 -0.027224 -0.931672 -5.510175 0.082308 0.996603 0.002884 -0.123636 0.928428 -0.077729 0.363290 23.749493
0.362280 -0.027224 -0.931672 -5.510175 0.082308 0.996603 0.002884 -0.123636 0.928428 -0.077729 0.363290 23.749493
0.362280 -0.027224 -0.931672 -5.510175 0.082308 0.996603 0.002884 -0.123636 0.928428 -0.077729 0.363290 23.749493
0.362280 -0.027224 -0.931672 -5.510175 0.082308 0.996603 0.002884 -0.123636 0.928428 -0.077729 0.363290 23.749493
0.362280 -0.027224 -0.931672 -5.510175 0.082308 0.996603 0.002884 -0.123636 0.928428 -0.077729 0.363290 23.749493
0.362280 -0.027224 -0.931672 -5.510175 0.082308 0.996603 0.002884 -0.123636 0.928428 -0.077729 0.363290 23.749493
0.362280 -0.027224 -0.931672 -5.510175 0.082308 0.996603 0.002884 -0.123636 0.928428 -0.077729 0.363290 23.749493
0.362280 -0.027224 -0.931672 -5.510175 0.082308 0.996603 0.002884 -0.123636 0.928428 -0.077729 0.363290 23.749493
0.362280 -0.027224 -0.931672 -5.510175 0.082308 0.996603 0.002884 -0.123636 0.928428 -0.077729 0.363290 23.749493
0.362280 -0.027224 -0.931672 -5.510175 0.082308 0.996603 0.002884 -0.123636 0.928428 -0.077729 0.363290 23.749493
0.362280 -0.027224 -0.931672 -5.510175 0.082308 0.996603 0.002884 -0.123636 0.928428 -0.077729 0.363290 23.749493
0.362280 -0.027224 -0.931672 -5.510175 0.082308 0.996603 0.002884 -0.123636 0.928428 -0.077729 0.363290 23.749493
0.362280 -0.027224 -0.931672 -5.510175 0.082308 0.996603 0.002884 -0.123636 0.928428 -0.077729 0.363290 23.749493
0.362280 -0.027224 -0.931672 -5.510175 0.082308 0.996603 0.002884 -0.123636 0.928428 -0.077729 0.363290 23.749493
0.362280 -0.027224 -0.931672 -5.510175 0.082308 0.996603 0.002884 -0.123636 0.928428 -0.077729 0.363290 23.749493
0.362280 -0.027224 -0.931672 -5.510175 0.082308 0.996603 0.002884 -0.123636 0.928428 -0.077729 0.363290 23.749493
0.362280 -0.027224 -0.931672 -5.510175 0.082308 0.996603 0.002884 -0.123636 0.928428 -0.077729 0.363290 23.749493
0.362280 -0.027224 -0.931672 -5.510175 0.082308 0.996603 0.002884 -0.123636 0.928428 -0.077729 0.363290 23.749493
0.362280 -0.027224 -0.931672 -5.510175 0.082308 0.996603 0.002884 -0.123636 0.928428 -0.077729 0.363290 23.749493
0.362280 -0.027224 -0.931672 -5.510175 0.082308 0.996603 0.002884 -0.123636 0.928428 -0.077729 0.363290 23.749493
0.362280 -0.027224 -0.931672 -5.510175 0.082308 0.996603 0.002884 -0.123636 0.928428 -0.077729 0.363290 23.749493
0.362280 -0.027224 -0.931672 -5.510175 0.082308 0.996603 0.002884 -0.123636 0.928428 -0.077729 0.363290 23.749493
0.362280 -0.027224 -0.931672 -5.510175 0.082308 0.996603 0.002884 -0.123636 0.928428 -0.077729 0.363290 23.749493
0.362280 -0.027224 -0.931672 -5.510175 0.082308 0.996603 0.002884 -0.123636 0.928428 -0.077729 0.363290 23.749493
0.362280 -0.027224 -0.931672 -5.510175 0.082308 0.996603 0.002884 -0.123636 0.928428 -0.077729 0.363290 23.749493
