0.000000 0.0000000 0.0000000 0.0000000 0.0000000 0.0000000 0.0000000 1.0000000
0.104128 -0.0147032 -0.0218828 1.4892972 -0.0007522 -0.0000517 0.0002397 0.9999997
0.208254 -0.0066830 -0.0452680 2.9646878 -0.0008359 -0.0003793 0.0008843 0.9999992
0.729128 0.0403138 -0.1546553 10.2878561 -0.0015785 -0.0013347 0.0023861 0.9999950
1.250003 0.0183292 -0.2849864 17.7173157 0.0005982 -0.0021966 -0.0032434 0.9999921
1.771007 0.0050150 -0.3487637 25.1852112 0.0024075 -0.0024091 -0.0000489 0.9999942
2.500257 3.1734996 -1.1113695 33.1310387 -0.0022112 -0.0205960 -0.0071752 0.9997597
3.229379 4.4951963 -2.5290995 43.8378792 -0.0099221 -0.0331359 -0.0297670 0.9989582
3.958276 2.5414968 -1.1500144 45.9046478 -0.0032432 -0.0228974 -0.0114117 0.9996674
4.791384 2.0013692 -1.5211954 53.1581993 -0.0084777 -0.0231258 0.0008537 0.9996963
5.207869 2.0117571 -1.6027805 57.1082230 -0.0090759 -0.0241234 -0.0013657 0.9996669
5.728633 1.9914572 -1.6296616 62.0532150 -0.0093168 -0.0253757 -0.0098956 0.9995856
6.561386 2.0034604 -1.6154786 70.0533218 -0.0091053 -0.0331486 -0.0064874 0.9993879
7.394135 1.7676090 -1.2846366 77.6200714 -0.0042516 -0.0407143 -0.0012281 0.9991610
7.810511 1.5547227 -1.2656657 81.3192749 -0.0040007 -0.0429853 -0.0019027 0.9990659
8.435138 1.2472051 -1.2410129 86.7307510 -0.0011668 -0.0463650 0.0010050 0.9989234
9.164012 0.9767972 -1.2029289 92.6689301 0.0032371 -0.0489234 -0.0054109 0.9987826
9.788784 0.7483802 -1.2885703 97.7770386 0.0069824 -0.0524995 -0.0096181 0.9985502
