1548339380.732200 0.000000000 0.000000000 0.000000000 -0.000000000 -0.000000000 -0.000000000 1.000000000
1548339380.765500 0.000005588 -0.004772324 -0.000987228 0.000701114 -0.002212679 -0.000160079 0.999997318
1548339380.799020 -0.002224963 -0.006255948 -0.003881133 0.001677480 -0.003572643 0.000606574 0.999992073
1548339380.832530 -0.000902286 -0.005843252 -0.007861051 0.002609943 -0.006505836 0.001806243 0.999973834
1548339380.866050 -0.004916050 -0.004254603 -0.008809355 0.003675124 -0.008771098 0.003049985 0.999950111
1548339380.899330 -0.002877730 -0.012544311 -0.011514707 0.002426537 -0.012262038 0.003199345 0.999916792
1548339380.932800 -0.005185206 -0.013924504 -0.011704687 0.002876693 -0.014237969 0.002990869 0.999890029
1548339380.966160 -0.003338692 -0.014271703 -0.015151942 0.003519983 -0.016734168 0.004117130 0.999845326
1548339380.999680 -0.003259132 -0.017961038 -0.015859038 0.004122992 -0.019056892 0.004497210 0.999799788
1548339381.033340 -0.007406729 -0.018898550 -0.017569916 0.006100308 -0.019288281 0.004455600 0.999785423
1548339381.066860 -0.014107962 -0.024687080 -0.020733207 0.006916879 -0.018362340 0.005444397 0.999792635
1548339381.100340 -0.011796472 -0.024077849 -0.024123948 0.009271312 -0.020418471 0.006352927 0.999728382
1548339381.133850 -0.008672561 -0.020470720 -0.029175447 0.012256027 -0.022121459 0.006889159 0.999656498
1548339381.167450 -0.013946428 -0.023709822 -0.032427147 0.013173551 -0.022534540 0.006822917 0.999635994
1548339381.200970 -0.013206508 -0.022364613 -0.037926827 0.014365611 -0.025013486 0.005559643 0.999568462
1548339381.234720 -0.009631937 -0.023875151 -0.040091455 0.014523434 -0.027286906 0.003960957 0.999514341
1548339381.268230 -0.014788938 -0.025242440 -0.042709492 0.014134146 -0.026419254 0.003409836 0.999545276
1548339381.301750 -0.019877726 -0.026013883 -0.044933371 0.013967900 -0.026724076 0.003193968 0.999540210
1548339381.335260 -0.018541694 -0.028022802 -0.048349701 0.013852035 -0.027764751 0.002203424 0.999516129
1548339381.368780 -0.019867932 -0.028391702 -0.049372029 0.013777955 -0.026439879 0.002957738 0.999551177
1548339381.402300 -0.027594490 -0.032407966 -0.051337615 0.013379288 -0.025343144 0.004874955 0.999577463
1548339381.435810 -0.031047594 -0.037105627 -0.053718384 0.012923845 -0.025350343 0.005532936 0.999579787
1548339381.469340 -0.029552177 -0.036984351 -0.055456862 0.013605948 -0.025039718 0.006688302 0.999571562
1548339381.502840 -0.030945530 -0.037827894 -0.057423308 0.014052390 -0.024586150 0.009066773 0.999557912
1548339381.536310 -0.032750759 -0.036739685 -0.060086209 0.015493776 -0.026532698 0.009873193 0.999479175
1548339381.569850 -0.034485251 -0.038284663 -0.062338341 0.016095152 -0.026542597 0.009148893 0.999476254
1548339381.603360 -0.036834389 -0.045817263 -0.064780392 0.015159271 -0.027422190 0.009437240 0.999464452
1548339381.636880 -0.049853705 -0.052571677 -0.069163211 0.014590511 -0.026718613 0.008916564 0.999496758
1548339381.670400 -0.053403489 -0.051862475 -0.074503660 0.016377011 -0.029648807 0.008979947 0.999385953
1548339381.703910 -0.060627565 -0.054003380 -0.076824911 0.017604070 -0.032312904 0.007563231 0.999294162
1548339381.737430 -0.068234637 -0.057104379 -0.080597587 0.018626573 -0.034982540 0.007473260 0.999186397
1548339381.770950 -0.069020934 -0.052698687 -0.078968048 0.021214837 -0.039936967 0.007737876 0.998947024
1548339381.804460 -0.069479719 -0.052630287 -0.087485969 0.022620039 -0.044111103 0.006087663 0.998751998
1548339381.837950 -0.090099566 -0.057684958 -0.092439510 0.021925466 -0.042896815 0.007001348 0.998814344
1548339381.871430 -0.109712176 -0.061408143 -0.096668482 0.021215392 -0.045550823 0.006212145 0.998717368
1548339381.904940 -0.103905544 -0.057175793 -0.097169042 0.021484829 -0.054070681 0.004462270 0.998295963
1548339381.938460 -0.099130481 -0.055924535 -0.101807535 0.020385753 -0.059574105 0.004655167 0.998004854
1548339381.971980 -0.111398920 -0.050585743 -0.105943128 0.019690853 -0.063251950 0.003737295 0.997796357
1548339382.005490 -0.129525453 -0.051101692 -0.115961768 0.017468555 -0.067036301 0.001764963 0.997596025
1548339382.038980 -0.112829335 -0.052842624 -0.114624165 0.014780750 -0.076355577 -0.000246933 0.996971130
1548339382.072460 -0.119801603 -0.050603103 -0.120331138 0.013342193 -0.080411367 0.000400121 0.996672392
1548339382.106010 -0.134294838 -0.047107689 -0.124652535 0.012609738 -0.082695052 -0.001451962 0.996494114
1548339382.139870 -0.136807159 -0.045284774 -0.128970459 0.011610517 -0.085823931 -0.000345762 0.996242583
1548339382.173410 -0.137287885 -0.046332605 -0.132702604 0.010509181 -0.091803901 0.000316201 0.995721579
1548339382.206930 -0.134056568 -0.044985108 -0.133805081 0.010084993 -0.096420527 -0.000096531 0.995289683
1548339382.240430 -0.139803290 -0.040413637 -0.133157134 0.010209604 -0.097170353 0.000579585 0.995215237
1548339382.273940 -0.141053528 -0.045181420 -0.135992795 0.008599006 -0.099292122 0.001574462 0.995019972
1548339382.307460 -0.142815799 -0.033466186 -0.139004603 0.009783045 -0.103332482 -0.000184894 0.994598806
1548339382.340970 -0.143934458 -0.021296568 -0.140359417 0.010136741 -0.105821744 -0.001952105 0.994331598
1548339382.374490 -0.151438400 -0.025106229 -0.149962112 0.006868472 -0.108568445 -0.004010066 0.994057178
1548339382.408010 -0.153053761 -0.019275948 -0.147587940 0.005115100 -0.113638714 -0.008811633 0.993469894
1548339382.441510 -0.149090827 -0.022757212 -0.149084583 0.001912949 -0.116227828 -0.012781209 0.993138492
1548339382.474890 -0.166104764 -0.006442179 -0.151675433 0.002984435 -0.115787171 -0.013875155 0.993172646
1548339382.508410 -0.168381169 0.006240258 -0.151316732 0.003994671 -0.120247766 -0.015117690 0.992620766
1548339382.541920 -0.163888827 0.005565602 -0.151034683 0.003275118 -0.125618681 -0.016596906 0.991934419
1548339382.575440 -0.165904090 0.012292950 -0.153177604 0.004357117 -0.128546864 -0.016048608 0.991563976
1548339382.608950 -0.169432431 0.018719716 -0.155006871 0.005261362 -0.132624865 -0.015258347 0.991034985
1548339382.642470 -0.152700156 0.022548895 -0.154764518 0.005413969 -0.140095457 -0.016612515 0.989983857
1548339382.675930 -0.158362880 0.027185798 -0.156352222 0.005160892 -0.141300336 -0.018599067 0.989778578
1548339382.709400 -0.171242788 0.020644581 -0.161188781 0.001514016 -0.143177167 -0.020530600 0.989482999
1548339382.742920 -0.161930323 0.038559686 -0.158027217 0.002708866 -0.150230736 -0.024779631 0.988336742
1548339382.776440 -0.152443334 0.044038787 -0.154714525 0.001008969 -0.154896691 -0.028631957 0.987515211
1548339382.809940 -0.157166764 0.044400901 -0.155799896 -0.001285967 -0.155729443 -0.030877767 0.987316191
1548339382.843460 -0.155647889 0.044671744 -0.151349813 -0.002813768 -0.160507336 -0.032981675 0.986479461
1548339382.876970 -0.155355826 0.046466805 -0.155314848 -0.003179236 -0.163579628 -0.035553902 0.985884130
1548339382.910490 -0.152752846 0.039839599 -0.154480472 -0.004803372 -0.165064216 -0.035909526 0.985617220
1548339382.944000 -0.166610986 0.030705094 -0.154262081 -0.006026214 -0.167356491 -0.034428105 0.985276759
1548339382.977520 -0.142547995 0.022813180 -0.155589193 -0.004605858 -0.176914692 -0.037218112 0.983511448
1548339383.011040 -0.140976727 0.024495061 -0.158031195 -0.001578662 -0.176989257 -0.035753541 0.983561933
1548339383.044550 -0.140912533 0.014893179 -0.155065000 -0.001287639 -0.181445062 -0.032275598 0.982870460
1548339383.078070 -0.136167035 0.009867243 -0.159646422 0.001973430 -0.188127518 -0.034356672 0.981541574
1548339383.111590 -0.130097508 0.005485172 -0.165209398 0.005349905 -0.190055758 -0.034063734 0.981167614
1548339383.145100 -0.130000874 0.002917313 -0.168994129 0.008007228 -0.193589374 -0.030835479 0.980565310
1548339383.178810 -0.127186850 -0.001994616 -0.173270315 0.011094843 -0.200692415 -0.032984581 0.979036093
1548339383.212330 -0.121459112 -0.001633186 -0.179446936 0.014233046 -0.204010129 -0.034278587 0.978264987
1548339383.245650 -0.121313475 -0.000252611 -0.179751188 0.016288837 -0.207154781 -0.033657886 0.977593422
1548339383.279120 -0.134459347 -0.018266117 -0.194305390 0.014691631 -0.211203173 -0.036759123 0.976640224
1548339383.312680 -0.133699730 -0.014343496 -0.200601682 0.017310526 -0.214874536 -0.039029796 0.975707948
1548339383.346400 -0.134329781 -0.011598727 -0.204301745 0.018700613 -0.218296379 -0.039699037 0.974895358
1548339383.380080 -0.138451561 -0.011062405 -0.211522952 0.019673312 -0.222693577 -0.041173939 0.973819911
1548339383.413700 -0.128648654 -0.005717366 -0.214526787 0.022172635 -0.227641761 -0.044959433 0.972453713
1548339383.447120 -0.110540889 -0.008729734 -0.211159453 0.021521531 -0.230176419 -0.044250034 0.971904099
1548339383.480460 -0.117834456 -0.016534103 -0.217494607 0.019506475 -0.231879145 -0.044271000 0.971540868
1548339383.514150 -0.113750465 -0.012133909 -0.220600069 0.020709321 -0.237156540 -0.047486775 0.970089138
1548339383.547660 -0.106588177 -0.015357798 -0.220718622 0.020507714 -0.239616469 -0.049342066 0.969396114
1548339383.581180 -0.113421507 -0.019647459 -0.231741384 0.019932793 -0.238531291 -0.049481016 0.969668627
1548339383.614340 -0.114743382 -0.019593127 -0.233784318 0.020757057 -0.242109478 -0.049740557 0.968750775
1548339383.647860 -0.120142147 -0.019002836 -0.247280240 0.022386028 -0.242608458 -0.052276917 0.968456030
1548339383.681370 -0.106157303 -0.020127557 -0.243550614 0.022932356 -0.243954927 -0.049148697 0.968268871
1548339383.714920 -0.111838385 -0.028982338 -0.248686969 0.022110945 -0.243491322 -0.046574838 0.968531787
1548339383.748740 -0.102244109 -0.027030999 -0.251061797 0.024330532 -0.245907173 -0.046187229 0.967886627
1548339383.782340 -0.099889256 -0.029728336 -0.250779301 0.025324238 -0.245222852 -0.044230759 0.968126118
1548339383.815860 -0.112772278 -0.041588083 -0.259397060 0.024629762 -0.244337395 -0.041433617 0.968491554
1548339383.849370 -0.102684855 -0.044263896 -0.266723365 0.027033100 -0.247170478 -0.041789860 0.967692912
1548339383.882890 -0.122481659 -0.040160198 -0.277914047 0.030676313 -0.242030039 -0.041788254 0.968882978
1548339383.916410 -0.113809273 -0.044245288 -0.279632598 0.032205947 -0.243059054 -0.037647977 0.968745470
1548339383.949920 -0.111534081 -0.049786378 -0.283507586 0.033751044 -0.244849175 -0.037600365 0.968243778
1548339383.983440 -0.108278111 -0.037196930 -0.289467573 0.038153768 -0.244191363 -0.037139956 0.968264222
1548339384.016960 -0.121103808 -0.039542828 -0.293565542 0.038357448 -0.240365326 -0.036208343 0.969248235
1548339384.050500 -0.132937282 -0.032924406 -0.301069707 0.039259080 -0.238300353 -0.035160039 0.969760478
1548339384.084030 -0.127742335 -0.030727467 -0.303001463 0.039501958 -0.239123598 -0.035747513 0.969526470
1548339384.117540 -0.134693518 -0.021401741 -0.307630777 0.040317412 -0.235400245 -0.036297236 0.970383346
1548339384.151090 -0.117086574 -0.024365278 -0.306215644 0.038568839 -0.235324264 -0.034881655 0.970524728
1548339384.184610 -0.116783127 -0.026156662 -0.313062102 0.036810543 -0.232618600 -0.034078524 0.971273541
1548339384.218160 -0.120806977 -0.014352507 -0.324598461 0.037905544 -0.226560250 -0.033911712 0.972668350
1548339384.251680 -0.135366902 -0.014294475 -0.326609701 0.036428176 -0.219897047 -0.032774013 0.974291682
1548339384.285190 -0.122280046 -0.007340589 -0.318013042 0.036055919 -0.219818026 -0.031028887 0.974380434
1548339384.318710 -0.131378233 0.016481159 -0.329476804 0.039168581 -0.212480590 -0.031987134 0.975855887
1548339384.352230 -0.129317477 0.003682269 -0.326586723 0.034632236 -0.207331106 -0.031439345 0.977151990
1548339384.385730 -0.138575941 0.001818309 -0.328870833 0.031783521 -0.201910511 -0.030902244 0.978400290
1548339384.419240 -0.117559850 0.006512960 -0.321750790 0.030250065 -0.202131689 -0.029510044 0.978446245
1548339384.452770 -0.124390237 0.008323598 -0.324130654 0.028007237 -0.196635664 -0.029757470 0.979624689
1548339384.486290 -0.127978355 0.013280815 -0.326076388 0.026116919 -0.192480490 -0.029848790 0.980498970
1548339384.519790 -0.120197773 0.021410827 -0.319185197 0.024723455 -0.189874679 -0.029579604 0.981051207
1548339384.553310 -0.124035642 0.019304600 -0.321976900 0.021132808 -0.186117366 -0.029884575 0.981845558
1548339384.586790 -0.138428211 0.025705919 -0.320416600 0.019551182 -0.182511583 -0.031907298 0.982491314
1548339384.620300 -0.121578269 0.030115446 -0.309720278 0.017821625 -0.182498917 -0.033113059 0.982486725
1548339384.653820 -0.136162996 0.027275197 -0.315085649 0.014204909 -0.177106276 -0.032953329 0.983537316
1548339384.687330 -0.142275229 0.024334136 -0.312177211 0.011248682 -0.177003935 -0.033921193 0.983561099
1548339384.720710 -0.136997372 0.039232910 -0.309603751 0.012937768 -0.176868021 -0.036597062 0.983468890
1548339384.754100 -0.137710705 0.036320131 -0.305545568 0.010669310 -0.173855156 -0.036702346 0.984029293
1548339384.787610 -0.147275448 0.036746159 -0.304821372 0.009444530 -0.170331240 -0.036264449 0.984674037
1548339384.821130 -0.152218312 0.036623608 -0.307145834 0.008555380 -0.168912172 -0.037691936 0.984872997
1548339384.854640 -0.154619172 0.049439322 -0.299185902 0.010484780 -0.166294292 -0.038638324 0.985263109
1548339384.888160 -0.163148895 0.032893933 -0.303247243 0.006023633 -0.164629757 -0.038449101 0.985587418
1548339384.921680 -0.170922264 0.041219104 -0.298696250 0.006435901 -0.165469214 -0.039286431 0.985411167
1548339384.955190 -0.174646497 0.045775253 -0.291217536 0.006358295 -0.167178646 -0.041541316 0.985030591
1548339384.988700 -0.186176434 0.038535029 -0.287423491 0.003680085 -0.168670937 -0.042779274 0.984736800
1548339385.022220 -0.207186282 0.039065093 -0.292388052 0.002554818 -0.169226691 -0.044582792 0.984565020
1548339385.055740 -0.209439129 0.033251360 -0.283347279 0.000875001 -0.174753621 -0.045673292 0.983551919
1548339385.089250 -0.204683572 0.036343470 -0.271380126 0.001359280 -0.182068005 -0.046597783 0.982180297
1548339385.122770 -0.214851007 0.025902351 -0.271451771 -0.000538041 -0.186212346 -0.047269374 0.981371701
1548339385.156280 -0.240621418 0.032398231 -0.277494371 0.001393336 -0.187446550 -0.048019670 0.981099367
1548339385.189800 -0.236704066 0.018798066 -0.267417252 -0.000892881 -0.195261165 -0.046416670 0.979651868
1548339385.223320 -0.246058643 0.015925193 -0.267654657 0.000260021 -0.198986366 -0.047066115 0.978871405
1548339385.256880 -0.257838547 0.021673508 -0.265480876 0.003358972 -0.201455846 -0.045517121 0.978433728
1548339385.290400 -0.261642396 0.016497744 -0.261286438 0.005152298 -0.206814274 -0.044668164 0.977346480
1548339385.323920 -0.249179021 0.008904233 -0.246682435 0.007052017 -0.216567338 -0.043288134 0.975282013
1548339385.357430 -0.251765162 -0.007875301 -0.253437847 0.007387608 -0.219361350 -0.043638907 0.974639237
1548339385.390820 -0.274073213 0.003906813 -0.259915650 0.013315234 -0.218232438 -0.043536123 0.974834323
1548339385.424340 -0.285040110 -0.006032114 -0.262062967 0.014913800 -0.221708894 -0.044318583 0.973991096
1548339385.457980 -0.289189309 -0.010474116 -0.265248060 0.017698938 -0.226314127 -0.046845738 0.972766280
1548339385.491530 -0.298950374 -0.014196477 -0.259759754 0.019871579 -0.230044514 -0.048502453 0.971767604
1548339385.525010 -0.297501445 -0.013264732 -0.260278046 0.022176933 -0.235975802 -0.049859308 0.970225632
1548339385.558520 -0.307877302 -0.021084039 -0.269928306 0.021904198 -0.236650065 -0.051160756 0.969999731
1548339385.591870 -0.298756301 -0.025353367 -0.262109727 0.021956831 -0.241389632 -0.050271675 0.968876541
1548339385.625390 -0.298935711 -0.030541269 -0.260868996 0.022064909 -0.244312078 -0.050234113 0.968143225
1548339385.658840 -0.297948807 -0.030417135 -0.259533584 0.023222949 -0.245434090 -0.050351437 0.967826188
1548339385.692260 -0.308762074 -0.030110745 -0.261743635 0.023406839 -0.245291665 -0.048335705 0.967960656
1548339385.725780 -0.313783526 -0.034694284 -0.261707395 0.022991262 -0.248910621 -0.048266415 0.967049778
1548339385.759060 -0.324699253 -0.040209353 -0.267677277 0.022838956 -0.249530628 -0.048405852 0.966886640
1548339385.792570 -0.314239442 -0.035810675 -0.260900766 0.024172425 -0.255085558 -0.046014156 0.965520501
1548339385.826050 -0.362779647 -0.044922739 -0.280213028 0.023018917 -0.249039307 -0.047793161 0.967039466
1548339385.859560 -0.340319514 -0.045288615 -0.273774713 0.023850620 -0.254910916 -0.045234092 0.965611458
1548339385.893080 -0.340492338 -0.046318080 -0.273526222 0.024551548 -0.256972104 -0.043782204 0.965114355
1548339385.926600 -0.346035570 -0.050287638 -0.276700437 0.025187612 -0.258023590 -0.043647375 0.964823484
1548339385.960050 -0.353512436 -0.052686650 -0.278691232 0.026944380 -0.256309718 -0.044194873 0.965207815
1548339385.993570 -0.357977569 -0.046481792 -0.284796119 0.029888799 -0.254468828 -0.042451326 0.965686381
1548339386.027080 -0.366800487 -0.045196876 -0.290251851 0.032077312 -0.253958702 -0.041465245 0.965793312
1548339386.060600 -0.355051398 -0.041209441 -0.288376033 0.034903739 -0.255032152 -0.041379750 0.965416014
1548339386.094100 -0.364155918 -0.045497913 -0.295521051 0.034451757 -0.250479162 -0.038535640 0.966741085
1548339386.127610 -0.373427838 -0.039667469 -0.304256439 0.035468098 -0.248465002 -0.036910668 0.967287302
1548339386.161150 -0.370799065 -0.037061293 -0.301645011 0.035431072 -0.249242693 -0.036363117 0.967109323
1548339386.194690 -0.376258492 -0.035532665 -0.307124406 0.033935606 -0.246361941 -0.034985021 0.967951536
1548339386.228210 -0.391071081 -0.027213657 -0.315198690 0.032962874 -0.243423134 -0.034472167 0.968746781
1548339386.261820 -0.421066374 -0.020975284 -0.334221482 0.031251434 -0.237522930 -0.036722280 0.970184326
1548339386.295340 -0.413036227 -0.014043871 -0.329115748 0.029704928 -0.238102868 -0.037623033 0.970056295
1548339386.328850 -0.413908750 -0.011481994 -0.329313427 0.027164035 -0.237194970 -0.038049128 0.970336497
1548339386.362370 -0.416462451 -0.009946848 -0.329020768 0.025105739 -0.235381335 -0.039616764 0.970770776
1548339386.395890 -0.439880729 -0.013781474 -0.341094136 0.022052500 -0.227408797 -0.040753786 0.972696304
1548339386.429400 -0.434441477 -0.018399170 -0.335253686 0.019075548 -0.227502048 -0.039523091 0.972788215
1548339386.462920 -0.425628036 -0.010154696 -0.331796706 0.019711301 -0.228569910 -0.039540198 0.972524524
1548339386.496380 -0.427709103 -0.007633125 -0.333953977 0.019202676 -0.226326481 -0.040329643 0.973026812
1548339386.530080 -0.427720279 -0.004346387 -0.333888441 0.018773135 -0.224494174 -0.040734917 0.973442674
1548339386.563820 -0.431367278 -0.004479574 -0.338205725 0.017783891 -0.221887171 -0.042213228 0.973995864
1548339386.597340 -0.432848960 0.008098224 -0.338727444 0.019075265 -0.218895912 -0.042980224 0.974614501
1548339386.630780 -0.438090384 0.008633421 -0.342279583 0.017992036 -0.215135992 -0.044066742 0.975423515
1548339386.663960 -0.459963739 0.017814998 -0.354919493 0.018545292 -0.209247679 -0.043748412 0.976707518
1548339386.697370 -0.474732578 0.019942289 -0.364920706 0.018700816 -0.203592002 -0.045823388 0.977804124
1548339386.730890 -0.448108166 0.018217148 -0.347204208 0.017780609 -0.206908301 -0.043062083 0.977250516
1548339386.764390 -0.446672261 0.015530326 -0.344323725 0.016549576 -0.206706360 -0.041908961 0.977364957
1548339386.797900 -0.442308962 0.014427850 -0.345853299 0.016502991 -0.206486836 -0.042420968 0.977390110
1548339386.831420 -0.450443953 0.020527039 -0.348988861 0.017880017 -0.202743396 -0.042350784 0.978152275
1548339386.864950 -0.462494940 0.024968613 -0.356512249 0.019136718 -0.199575409 -0.042460024 0.978775084
1548339386.898470 -0.454849184 0.027576348 -0.355535597 0.020561919 -0.199873760 -0.043997791 0.978617370
1548339386.931980 -0.462037802 0.024586363 -0.358042181 0.021324517 -0.197007015 -0.044082340 0.979178429
1548339386.965510 -0.459381789 0.019286178 -0.358133405 0.022699250 -0.197357282 -0.043558825 0.979100406
1548339386.999250 -0.456997782 0.018239077 -0.363436848 0.025648564 -0.197756499 -0.044041675 0.978925407
1548339387.032770 -0.456222683 0.022498991 -0.370331913 0.030505754 -0.197375417 -0.042129997 0.978947163
1548339387.066280 -0.454879731 0.026683412 -0.380211532 0.036071099 -0.197074458 -0.040605210 0.978882968
1548339387.099800 -0.445820034 0.019487312 -0.381363243 0.038846657 -0.199154750 -0.035964634 0.978537202
1548339387.133320 -0.441638410 0.029885732 -0.386908412 0.044652913 -0.201187789 -0.032878958 0.977981925
1548339387.166830 -0.442654550 0.023348309 -0.395050704 0.047672953 -0.200972453 -0.030171234 0.977970958
1548339387.200350 -0.428551108 0.023601145 -0.396654725 0.051890258 -0.202394515 -0.025931209 0.977584541
1548339387.233860 -0.426399052 0.015621070 -0.402712703 0.053517535 -0.202497691 -0.021768006 0.977577031
1548339387.267690 -0.428187013 0.020184327 -0.414481312 0.057370078 -0.202866226 -0.019462492 0.977330685
1548339387.301200 -0.428042173 0.018427728 -0.423097670 0.059435222 -0.203674674 -0.018437665 0.977058947
1548339387.334720 -0.434836417 0.015524244 -0.437358558 0.060132496 -0.202357173 -0.018955981 0.977280140
1548339387.368240 -0.415151924 0.021296412 -0.434567153 0.061423138 -0.207145572 -0.017335480 0.976226151
1548339387.401720 -0.412645102 0.011331990 -0.444346577 0.058988340 -0.210624248 -0.018813912 0.975604355
1548339387.435170 -0.404433638 0.016264582 -0.445982993 0.058449216 -0.214517757 -0.019932495 0.974765897
1548339387.468640 -0.359189183 0.001436476 -0.419525862 0.053154409 -0.227856025 -0.019758252 0.972042084
1548339387.502150 -0.359174222 0.002266993 -0.434653699 0.050039403 -0.229900584 -0.023473732 0.971643329
1548339387.535670 -0.371681452 0.003423156 -0.440309852 0.046300489 -0.228112012 -0.026778895 0.972164631
1548339387.569140 -0.376445323 0.006168894 -0.451034278 0.042854179 -0.226496384 -0.027798045 0.972671747
1548339387.602640 -0.384380817 0.011791768 -0.462630272 0.040654145 -0.224570736 -0.028451925 0.973193586
1548339387.636150 -0.398080438 0.014692573 -0.462632239 0.038589172 -0.222533271 -0.029241513 0.973722160
1548339387.669690 -0.406381935 0.018197391 -0.474928856 0.038116295 -0.220012784 -0.030872522 0.974263072
1548339387.703200 -0.417333454 0.023842691 -0.485269219 0.038814098 -0.217149124 -0.032282319 0.974832118
1548339387.736720 -0.425250053 0.029029366 -0.497153521 0.040243693 -0.216476947 -0.034099746 0.974861801
1548339387.770240 -0.373467207 -0.000925760 -0.436255306 0.036375891 -0.229903802 -0.033993714 0.971939027
1548339387.803750 -0.376825809 0.005837123 -0.451569676 0.039609328 -0.230080694 -0.035770088 0.971706986
1548339387.837270 -0.385908633 0.013081147 -0.464404702 0.042162206 -0.230309352 -0.036949150 0.971501291
1548339387.870790 -0.404637963 0.018938312 -0.477765679 0.044271722 -0.228617534 -0.041178688 0.971636951
1548339387.904310 -0.409168601 0.028816901 -0.493988097 0.046591930 -0.228546739 -0.041558363 0.971528947
1548339387.937820 -0.422309279 0.041571211 -0.507708371 0.048769835 -0.227482423 -0.040254444 0.971726716
1548339387.971330 -0.426909417 0.047639385 -0.524932921 0.048938598 -0.227482423 -0.042093206 0.971640348
1548339388.004850 -0.452103227 0.057066109 -0.531853378 0.049957190 -0.223344564 -0.043367147 0.972492099
1548339388.038360 -0.458825886 0.069172189 -0.545759022 0.050897781 -0.222363412 -0.041921176 0.972731531
1548339388.071880 -0.463143438 0.075815529 -0.561658204 0.050280541 -0.221500739 -0.045324523 0.972807825
1548339388.105410 -0.473663181 0.085097380 -0.572474957 0.049904812 -0.219109088 -0.045300912 0.973369718
1548339388.138970 -0.486388445 0.096337564 -0.582395434 0.050462879 -0.217697501 -0.045212060 0.973661780
1548339388.172490 -0.492149174 0.107292801 -0.595728278 0.051163383 -0.216423959 -0.043736227 0.973976493
1548339388.206030 -0.511532366 0.108747423 -0.605683804 0.050400980 -0.211636722 -0.047413237 0.974895716
1548339388.239560 -0.517761886 0.118257478 -0.619366288 0.051694371 -0.210378945 -0.045551412 0.975188971
1548339388.273080 -0.528036773 0.118965365 -0.633549035 0.050987758 -0.207654029 -0.047684319 0.975708067
1548339388.306800 -0.538399398 0.126012519 -0.644119501 0.051761538 -0.203957185 -0.045392949 0.976556063
1548339388.340350 -0.541240692 0.133328944 -0.657104492 0.052295968 -0.203572735 -0.045709264 0.976593077
1548339388.373870 -0.548756123 0.139996842 -0.670539021 0.052762676 -0.203016266 -0.047245253 0.976610720
1548339388.407400 -0.561344206 0.140899971 -0.679568648 0.050778542 -0.200079709 -0.050074909 0.977180779
1548339388.440920 -0.570710301 0.152332500 -0.692468166 0.051734842 -0.197686523 -0.048646040 0.977689743
1548339388.474440 -0.588750184 0.153802186 -0.699534357 0.048956588 -0.195892274 -0.049755011 0.978137970
1548339388.508000 -0.605471015 0.153246000 -0.709349632 0.045719855 -0.192090049 -0.052568827 0.978901207
1548339388.541510 -0.619543731 0.160410374 -0.717426836 0.044427253 -0.189713091 -0.049253739 0.979596496
1548339388.575000 -0.639555335 0.161099106 -0.721623778 0.042150538 -0.188895091 -0.051044378 0.979763508
1548339388.608500 -0.653808832 0.158351079 -0.731623292 0.038379762 -0.185864881 -0.054059822 0.980336070
1548339388.642010 -0.668061316 0.164744362 -0.742392063 0.037531916 -0.184062555 -0.052345943 0.980801821
1548339388.675520 -0.685030222 0.165785402 -0.751096189 0.036283687 -0.181486934 -0.054417219 0.981215954
1548339388.709030 -0.702653348 0.168435305 -0.758409917 0.036318731 -0.179341778 -0.055533741 0.981546462
1548339388.742550 -0.721838534 0.174939677 -0.766433716 0.038874809 -0.178695351 -0.056845158 0.981491387
1548339388.776070 -0.738514006 0.170746520 -0.774623454 0.037394021 -0.177447110 -0.060055245 0.981584251
1548339388.809580 -0.755341411 0.173625827 -0.781550825 0.039772470 -0.176278248 -0.060696200 0.981661916
1548339388.843070 -0.769968569 0.175006524 -0.791185856 0.042109359 -0.177212775 -0.060936473 0.981381297
1548339388.876490 -0.794146180 0.171777800 -0.795752704 0.042761989 -0.176197186 -0.061547145 0.981497824
1548339388.909940 -0.814747810 0.172410473 -0.802899837 0.045011345 -0.175224751 -0.059876319 0.981674671
1548339388.943460 -0.830610275 0.170143694 -0.809275985 0.046353735 -0.177162424 -0.061248858 0.981179595
1548339388.976970 -0.846827149 0.167948157 -0.816867232 0.047565378 -0.178287342 -0.061246406 0.980917990
1548339389.010440 -0.865946174 0.170117170 -0.823072553 0.050172206 -0.177924812 -0.058259979 0.981035888
1548339389.043940 -0.883195519 0.170965269 -0.829456866 0.052507583 -0.179039434 -0.056452289 0.980816483
1548339389.077450 -0.897081137 0.170796379 -0.836687386 0.053859774 -0.181953698 -0.055119239 0.980282545
1548339389.110970 -0.915599406 0.168841302 -0.841507554 0.054589022 -0.183961257 -0.054951686 0.979876876
1548339389.144490 -0.934047341 0.166197747 -0.845893145 0.054672543 -0.185112819 -0.055092480 0.979647398
1548339389.178000 -0.950633407 0.162223935 -0.850163698 0.054183036 -0.186789691 -0.056162339 0.979295492
1548339389.211520 -0.967068791 0.159079954 -0.853921235 0.054211460 -0.188460425 -0.056726169 0.978941321
1548339389.244990 -0.981524587 0.153623879 -0.859194338 0.052758735 -0.191034764 -0.059426975 0.978361249
1548339389.278490 -0.996869683 0.150304884 -0.863161683 0.052317191 -0.193365782 -0.059493624 0.977922857
1548339389.312000 -1.012602925 0.147229910 -0.868222296 0.051921301 -0.192560986 -0.060906809 0.978015780
1548339389.345470 -1.025063276 0.144522727 -0.873901308 0.051375501 -0.192864880 -0.060783263 0.977992415
1548339389.378920 -1.018787861 0.151138172 -0.872256339 0.056595735 -0.203153357 -0.058572948 0.975753546
1548339389.412360 -1.007932067 0.146028236 -0.873716354 0.056110106 -0.215256706 -0.061308369 0.973014712
1548339389.445870 -1.001691222 0.142919451 -0.877755582 0.056792866 -0.223389402 -0.063796066 0.970979869
1548339389.479390 -0.989474535 0.138157666 -0.879408598 0.056530155 -0.233559474 -0.064373560 0.968560994
1548339389.512900 -0.990418553 0.138486832 -0.883175552 0.058607306 -0.236959577 -0.065392792 0.967542887
1548339389.546420 -1.001292706 0.141914293 -0.886275291 0.061827872 -0.236115143 -0.064605810 0.967601776
1548339389.579940 -0.996459723 0.125028178 -0.887783229 0.055266980 -0.242543280 -0.069482937 0.966069639
1548339389.613460 -1.003298640 0.134754121 -0.891302705 0.061505038 -0.243217245 -0.067198858 0.965684652
1548339389.647050 -1.006942868 0.129416093 -0.896565855 0.059708152 -0.244396970 -0.069423877 0.965342164
1548339389.680630 -1.005358815 0.132069349 -0.899657071 0.061252858 -0.246143952 -0.068350188 0.964878023
1548339389.714190 -1.011198521 0.138147324 -0.902441919 0.064311579 -0.246082991 -0.066801548 0.964803040
1548339389.747850 -1.000552893 0.136230811 -0.903927326 0.063216411 -0.253167331 -0.069486387 0.962850809
1548339389.781370 -1.003985286 0.135563210 -0.905568242 0.061407886 -0.253302425 -0.070326917 0.962871253
1548339389.814890 -1.003521919 0.145525038 -0.906496704 0.064575985 -0.255860746 -0.069834776 0.962023079
1548339389.848400 -1.003314018 0.144397765 -0.907464981 0.062114406 -0.258914769 -0.075245433 0.960959494
1548339389.881920 -1.007527113 0.147925317 -0.908648312 0.062004630 -0.260165125 -0.079348065 0.960298598
1548339389.915540 -1.004679918 0.151083946 -0.908738613 0.062108830 -0.266868562 -0.083975956 0.958056211
1548339389.949120 -1.010235786 0.140319735 -0.912770092 0.054626878 -0.268629700 -0.090658084 0.957410693
1548339389.982640 -1.012646317 0.139791667 -0.913934767 0.052170482 -0.270818859 -0.094005972 0.956607699
1548339390.016090 -1.019811749 0.146264821 -0.911046684 0.052238122 -0.273369074 -0.096935280 0.955585778
1548339390.049500 -1.019832850 0.143257037 -0.914022684 0.047421686 -0.278163612 -0.102282263 0.953894436
1548339390.082860 -1.012665749 0.147626832 -0.915630400 0.046018787 -0.285152107 -0.107295349 0.951345503
1548339390.116260 -1.026302338 0.148797318 -0.915934443 0.041754521 -0.285696268 -0.109737545 0.951100349
1548339390.149770 -1.031025410 0.144570947 -0.921283960 0.034028195 -0.289167821 -0.116241448 0.949585199
1548339390.183290 -1.033423781 0.161308438 -0.921274900 0.037479408 -0.289451391 -0.115952969 0.949404061
1548339390.216810 -1.032425523 0.169948995 -0.921026945 0.036158558 -0.293843985 -0.119114548 0.947713077
1548339390.250320 -1.050924063 0.155694634 -0.927883983 0.022460790 -0.287481666 -0.126101375 0.949182928
1548339390.283950 -1.048194766 0.158103287 -0.925344050 0.018901169 -0.289983243 -0.129169509 0.948086381
1548339390.317770 -1.046471715 0.159365892 -0.925641298 0.014861273 -0.293815911 -0.133009523 0.946445942
1548339390.351330 -1.054384470 0.160450190 -0.928715408 0.010359637 -0.291863680 -0.135908693 0.946698070
1548339390.384880 -1.050768614 0.162577182 -0.926467657 0.007584395 -0.296122879 -0.137714565 0.945139408
1548339390.418390 -1.048820019 0.171201572 -0.926075161 0.007742881 -0.299742669 -0.138695523 0.943852723
1548339390.451880 -1.045092344 0.181185395 -0.927624285 0.009087944 -0.306300908 -0.139593214 0.941600204
1548339390.485400 -1.051929235 0.179524511 -0.930706739 0.005316256 -0.304843813 -0.140971944 0.941896498
1548339390.518910 -1.051224232 0.174615696 -0.928335071 0.000712521 -0.308173239 -0.142449662 0.940604568
1548339390.552430 -1.039517879 0.190450385 -0.927563965 0.007338465 -0.316491038 -0.144141823 0.937551498
1548339390.585970 -1.043058515 0.194722578 -0.930908501 0.007485214 -0.316279501 -0.146514654 0.937253892
1548339390.619500 -1.041476011 0.192971781 -0.930699646 0.004558319 -0.319107503 -0.149141833 0.935898721
1548339390.653000 -1.037931681 0.200130031 -0.931750536 0.005591724 -0.323691666 -0.151488230 0.933939934
1548339390.686490 -1.040296555 0.207419679 -0.933726132 0.006120126 -0.325383782 -0.155061305 0.932761550
1548339390.720010 -1.044099569 0.213871166 -0.938772440 0.005255006 -0.323311597 -0.156607449 0.933228910
1548339390.752900 -1.041373730 0.217490867 -0.939533293 0.003947895 -0.326458663 -0.157310680 0.932020664
1548339390.786420 -1.039070487 0.225328311 -0.939701021 0.004748623 -0.330930024 -0.158259079 0.930277884
1548339390.819940 -1.044246793 0.227863312 -0.943936944 0.001779670 -0.329884231 -0.158480376 0.930621982
1548339390.853450 -1.039120078 0.234888315 -0.941911936 0.002129565 -0.333951294 -0.158422828 0.929179370
1548339390.886970 -1.041750193 0.245283544 -0.943659008 0.003661947 -0.332807213 -0.157961071 0.929663599
1548339390.920480 -1.040583849 0.249411479 -0.944250047 0.002820174 -0.332601845 -0.155801624 0.930104315
1548339390.954000 -1.035099626 0.255706996 -0.943699718 0.004642427 -0.336763352 -0.154150799 0.928873777
1548339390.987640 -1.029935122 0.266611934 -0.945002794 0.009968232 -0.341738373 -0.152267560 0.927324176
1548339391.021190 -1.028846145 0.275089979 -0.947455823 0.014964006 -0.344472021 -0.151032448 0.926447213
1548339391.055150 -1.027849555 0.275486410 -0.948532879 0.016653562 -0.346680462 -0.150625065 0.925660610
1548339391.088670 -1.023984194 0.276447356 -0.949078858 0.018602220 -0.351013124 -0.149997115 0.924091280
1548339391.122000 -1.021837711 0.277724355 -0.949635983 0.020895552 -0.356012732 -0.149845675 0.922152162
1548339391.155700 -1.021062493 0.276718259 -0.949298084 0.021850511 -0.361902505 -0.149855569 0.919832945
1548339391.189210 -1.019234657 0.273654014 -0.946200490 0.022556553 -0.369405806 -0.150825799 0.916669071
1548339391.222740 -1.020241261 0.282931447 -0.950192571 0.027525093 -0.373013169 -0.149513662 0.915286422
1548339391.256260 -1.022106290 0.292524040 -0.962703943 0.031077515 -0.374894142 -0.146421805 0.914903939
1548339391.289780 -1.022167921 0.293774247 -0.963004768 0.032386851 -0.384013057 -0.146467790 0.911061049
1548339391.323280 -1.027590990 0.292331815 -0.967491150 0.032362580 -0.390115947 -0.148389325 0.908153534
1548339391.356790 -1.031637669 0.288445354 -0.962145984 0.032072280 -0.397094578 -0.151717141 0.904582322
1548339391.390320 -1.031559467 0.293314368 -0.968367398 0.033220053 -0.402253717 -0.150217086 0.902509391
1548339391.423830 -1.038168669 0.291289091 -0.967818558 0.032917902 -0.408340037 -0.153870255 0.899165630
1548339391.457340 -1.037727237 0.298900902 -0.967900813 0.035954621 -0.413925081 -0.153651640 0.896529198
1548339391.490860 -1.042847872 0.296567142 -0.964020729 0.035032123 -0.419779271 -0.155093119 0.893590748
1548339391.524190 -1.040296316 0.300755471 -0.964136899 0.037844706 -0.426331699 -0.153477341 0.890647948
1548339391.556990 -1.043697357 0.299642235 -0.964862227 0.038331985 -0.431421757 -0.153539941 0.888161898
1548339391.590440 -1.041595459 0.293118834 -0.957738996 0.037303224 -0.440056205 -0.152472183 0.884144425
1548339391.623890 -1.040955067 0.294734746 -0.958234131 0.040415373 -0.443755358 -0.151407927 0.882339776
1548339391.657410 -1.043840766 0.289496660 -0.959434509 0.039174505 -0.445206970 -0.149808362 0.881937444
1548339391.690920 -1.041508436 0.282601058 -0.961093605 0.037499964 -0.448322356 -0.148399204 0.880669355
1548339391.724430 -1.042022228 0.286387146 -0.962961435 0.040097825 -0.451578617 -0.147992745 0.878957987
1548339391.758020 -1.042824745 0.281818867 -0.958289027 0.039544839 -0.455335319 -0.149962455 0.876708210
1548339391.791530 -1.049633980 0.275624961 -0.961645603 0.036746237 -0.452948034 -0.151586592 0.877786636
1548339391.825120 -1.049276114 0.272154540 -0.959331214 0.035858352 -0.453716218 -0.153298646 0.877129018
1548339391.858640 -1.051626921 0.268794417 -0.965636432 0.033832155 -0.451679617 -0.154490992 0.878050983
1548339391.892150 -1.048008919 0.269325763 -0.963730395 0.035095274 -0.454255283 -0.156493843 0.876316309
1548339391.925870 -1.044706821 0.273312718 -0.961517036 0.036511570 -0.455848813 -0.156673744 0.875398278
1548339391.959440 -1.045637727 0.275789887 -0.962369621 0.037316691 -0.455831885 -0.157956332 0.875142634
1548339391.992990 -1.042844057 0.273732960 -0.959227324 0.036995616 -0.457425356 -0.158590719 0.874209583
1548339392.026500 -1.048763752 0.271140724 -0.964736581 0.034948710 -0.453623325 -0.158506587 0.876287758
1548339392.060020 -1.042009354 0.266633809 -0.955790043 0.034023762 -0.457731009 -0.156988159 0.874459505
1548339392.093630 -1.037362456 0.269545615 -0.954536676 0.036654424 -0.461557001 -0.156157538 0.872488678
1548339392.127150 -1.041771412 0.265759379 -0.957070887 0.035628669 -0.459998548 -0.155379549 0.873492539
1548339392.160670 -1.036493421 0.268260449 -0.954583287 0.039464120 -0.461671561 -0.153522253 0.872773111
1548339392.194350 -1.036341429 0.259020001 -0.954486728 0.036593113 -0.462344050 -0.151028872 0.872977257
1548339392.228120 -1.033838272 0.263624072 -0.950035870 0.040881228 -0.463695675 -0.148683444 0.872472584
1548339392.261630 -1.033951283 0.258706152 -0.949347079 0.040420849 -0.462885499 -0.146380350 0.873313189
1548339392.294900 -1.034998775 0.255389810 -0.954035521 0.039688624 -0.460566014 -0.142641544 0.875189841
1548339392.328150 -1.033796310 0.255537450 -0.955495477 0.040265664 -0.460297108 -0.139142618 0.875867963
1548339392.361780 -1.026610613 0.262727946 -0.954499185 0.045355331 -0.461869180 -0.136738554 0.875169933
1548339392.395180 -1.029697180 0.254185855 -0.956103742 0.041686211 -0.460317343 -0.136354208 0.876229346
1548339392.428730 -1.031545639 0.259081334 -0.961971760 0.044192560 -0.456475466 -0.136183843 0.878140748
1548339392.462270 -1.030261755 0.252309024 -0.956362247 0.041550003 -0.456975818 -0.135958701 0.878044426
1548339392.495780 -1.033220291 0.256075740 -0.966384411 0.042807762 -0.451557040 -0.135621324 0.880835235
1548339392.529310 -1.033455610 0.242827594 -0.960550666 0.037241399 -0.452590853 -0.137901887 0.880203187
1548339392.562860 -1.034567118 0.238167271 -0.960933208 0.034089345 -0.451723278 -0.137733847 0.880802691
1548339392.596380 -1.035983205 0.238350898 -0.968380034 0.032471985 -0.449427336 -0.137470528 0.882078528
1548339392.629890 -1.029443264 0.246152505 -0.966855586 0.035822373 -0.452226609 -0.138584599 0.880342126
1548339392.663410 -1.030697584 0.234662265 -0.966804385 0.027967498 -0.453422308 -0.140570879 0.879696488
1548339392.696930 -1.027524948 0.239201784 -0.962608397 0.028483300 -0.457075447 -0.143871605 0.877252400
1548339392.730400 -1.033655882 0.241090611 -0.968799353 0.026567793 -0.453330636 -0.147706047 0.878617346
1548339392.763920 -1.027478337 0.249724269 -0.966272950 0.028939042 -0.455509663 -0.150478214 0.876943469
1548339392.797430 -1.017961025 0.269550979 -0.967624187 0.036268678 -0.458542138 -0.151796535 0.874860942
1548339392.830950 -1.015895963 0.267316282 -0.962044358 0.033867694 -0.463245511 -0.156907856 0.871571302
1548339392.864460 -1.015401721 0.277663738 -0.965307236 0.036399063 -0.463451982 -0.160800248 0.870649576
1548339392.897970 -1.009014845 0.288569272 -0.962081015 0.039864067 -0.467532724 -0.163634256 0.867783308
1548339392.931490 -1.002692342 0.297078162 -0.960851192 0.042629614 -0.472389489 -0.166263580 0.864515662
1548339392.964980 -1.005273461 0.296794146 -0.962389648 0.041482601 -0.473276287 -0.170461416 0.863268018
1548339392.998490 -1.003231049 0.294584632 -0.960416377 0.040055905 -0.476102382 -0.173561141 0.861161172
1548339393.032010 -0.996671081 0.302807808 -0.958262384 0.043507844 -0.481292605 -0.174994424 0.857812047
1548339393.065530 -0.997942567 0.307171166 -0.959173501 0.044863243 -0.482875884 -0.177191719 0.856400251
1548339393.099040 -0.989602029 0.312521011 -0.954794765 0.048673034 -0.487067610 -0.178857848 0.853467047
1548339393.132560 -0.982644618 0.315892458 -0.961057544 0.051402811 -0.487434030 -0.180249199 0.852804840
1548339393.166070 -0.977243245 0.318865061 -0.952162325 0.054028962 -0.493157744 -0.182392672 0.848887086
1548339393.199590 -0.971870959 0.323292106 -0.960557342 0.058164004 -0.491904378 -0.185473144 0.848673582
1548339393.233270 -0.965748727 0.321375281 -0.952113390 0.058096953 -0.495853275 -0.186992034 0.846042693
1548339393.266810 -0.967720628 0.318577409 -0.951611817 0.056717165 -0.496335566 -0.190228850 0.845131457
1548339393.300350 -0.959999919 0.321498930 -0.939925551 0.059759974 -0.501241028 -0.193271980 0.841327667
1548339393.333870 -0.967684448 0.323523641 -0.945405066 0.060083602 -0.498372763 -0.197064012 0.842128456
1548339393.367460 -0.955168784 0.325857282 -0.930539191 0.063195445 -0.506484389 -0.199054033 0.836574793
1548339393.400980 -0.950918972 0.324935913 -0.929120302 0.063182019 -0.508411288 -0.201049760 0.834928155
1548339393.434500 -0.958926916 0.315459520 -0.920799136 0.057715707 -0.512091815 -0.203613266 0.832449794
1548339393.468020 -0.956227362 0.314789623 -0.922417641 0.058876570 -0.516563833 -0.207260191 0.828696966
1548339393.501540 -0.952463388 0.316326410 -0.920836091 0.060621079 -0.520964861 -0.209216326 0.825317681
1548339393.535040 -0.945913792 0.316206902 -0.914743304 0.062574320 -0.526919723 -0.210117236 0.821152091
1548339393.568560 -0.956397414 0.300334513 -0.911526561 0.055079937 -0.531358123 -0.211886376 0.818369687
1548339393.602000 -0.955496609 0.300956368 -0.906285048 0.056607313 -0.537972927 -0.212603509 0.813744783
1548339393.635510 -0.961604774 0.296330094 -0.912832618 0.055325195 -0.539096117 -0.213256970 0.812918246
1548339393.669030 -0.961658001 0.283759564 -0.914283872 0.051362254 -0.543725193 -0.212417111 0.810310960
1548339393.702540 -0.960809708 0.271945864 -0.917039990 0.047836374 -0.548315227 -0.210639387 0.807894289
1548339393.736060 -0.956784964 0.265622437 -0.899228811 0.047706325 -0.558665216 -0.208087280 0.801446795
1548339393.769280 -0.892275155 0.286289632 -0.815969706 0.062801972 -0.595632076 -0.188305587 0.778343976
1548339393.802790 -0.892500460 0.280556500 -0.820754886 0.062628470 -0.597924769 -0.184668913 0.777471006
1548339393.836310 -0.894036651 0.267955720 -0.820698261 0.061145585 -0.602155983 -0.181077823 0.775164723
1548339393.869770 -0.896791339 0.252291083 -0.821601689 0.057189044 -0.607042551 -0.176681906 0.772665739
1548339393.903220 -0.887545884 0.256581545 -0.816196561 0.064817555 -0.616234362 -0.171721265 0.765875816
1548339393.936490 -0.885092258 0.252719253 -0.825850248 0.068813764 -0.616979837 -0.170341596 0.765234828
1548339393.970010 -0.885575712 0.236088902 -0.824472785 0.066910505 -0.621576607 -0.168694884 0.762041688
1548339394.003250 -0.888599515 0.224459171 -0.829973161 0.065697744 -0.627193749 -0.167057708 0.757894218
1548339394.036760 -0.877445400 0.230854824 -0.827147067 0.074545518 -0.633273661 -0.166094974 0.752210021
1548339394.070280 -0.880004823 0.221645117 -0.838171363 0.072415471 -0.634361625 -0.164564848 0.751837611
1548339394.104060 -0.897837639 0.156438977 -0.770666242 0.057314441 -0.663185239 -0.184199676 0.723167300
1548339394.137680 -0.892874956 0.163779899 -0.785763383 0.061315849 -0.662438452 -0.183597252 0.723676622
1548339394.171200 -0.889454305 0.167414248 -0.802418649 0.062397018 -0.661434829 -0.183785737 0.724453866
1548339394.204720 -0.885720551 0.174708664 -0.821772933 0.064480297 -0.659711301 -0.185400441 0.725430906
1548339394.238150 -0.879606664 0.181315124 -0.836720526 0.065338649 -0.658487737 -0.186929345 0.726073146
1548339394.271660 -0.875366688 0.191297859 -0.855642915 0.066867843 -0.656480491 -0.188983709 0.727218866
1548339394.305180 -0.873703718 0.198348626 -0.875401378 0.066720262 -0.654589117 -0.192307577 0.728065431
1548339394.338700 -0.871045887 0.214699090 -0.889942765 0.069336049 -0.653914094 -0.194596455 0.727819443
1548339394.372230 -0.876097679 0.225821331 -0.903722823 0.068671174 -0.651704371 -0.196289092 0.729408264
1548339394.405810 -0.871540129 0.238200128 -0.925525665 0.070854440 -0.647314966 -0.200095907 0.732068837
1548339394.439340 -0.876121879 0.250926852 -0.943757653 0.071790986 -0.644692421 -0.204079688 0.733191133
1548339394.472860 -0.886422455 0.265141070 -0.923800230 0.077211961 -0.651277542 -0.214037165 0.723922610
1548339394.506380 -0.887684464 0.282020897 -0.941537976 0.079894513 -0.648140192 -0.217450008 0.725428641
1548339394.540000 -0.889828324 0.292490929 -0.960963964 0.079451129 -0.645279884 -0.220621675 0.727067769
1548339394.573850 -0.889519215 0.305900186 -0.978799939 0.080468200 -0.642855585 -0.223087028 0.728350043
1548339394.607380 -0.889048696 0.318659842 -0.994902074 0.082500204 -0.640629768 -0.225057483 0.729476750
1548339394.640910 -0.890563369 0.326425791 -1.003882527 0.082237557 -0.639236629 -0.225239709 0.730671346
1548339394.674430 -0.894324780 0.334952116 -1.019710183 0.081987239 -0.636683226 -0.226312682 0.732594788
1548339394.707940 -0.899703503 0.342413127 -1.036590695 0.080997027 -0.635147989 -0.227480024 0.733675301
1548339394.741460 -0.900343537 0.357697755 -1.047065735 0.083794400 -0.634256780 -0.227777347 0.734039724
1548339394.774970 -0.900528669 0.365464300 -1.065516949 0.084891051 -0.631145418 -0.230456471 0.735757291
1548339394.808490 -0.901994228 0.375200242 -1.082944393 0.085809596 -0.628708243 -0.232443318 0.737111151
1548339394.842010 -0.904765725 0.389125794 -1.094530821 0.088815182 -0.626838744 -0.234835222 0.737589002
1548339394.875520 -0.908899665 0.397115380 -1.107326865 0.089498878 -0.623582244 -0.236495897 0.739732981
1548339394.909010 -0.916596770 0.402323604 -1.121655345 0.088736735 -0.621485651 -0.238006875 0.741103351
1548339394.942520 -0.917879581 0.415853351 -1.135709047 0.092162855 -0.619783044 -0.239427209 0.741653323
1548339394.976020 -0.924412489 0.411795527 -1.143873930 0.088461719 -0.617410183 -0.238691285 0.744315565
1548339395.009430 -0.930813909 0.412850589 -1.165086627 0.086251922 -0.613949358 -0.239866957 0.747054636
1548339395.042930 -0.933330059 0.422771573 -1.179974198 0.088449717 -0.613023341 -0.241194978 0.747130632
1548339395.076440 -0.935243845 0.431028962 -1.197389841 0.090843283 -0.610899806 -0.243064046 0.747976542
1548339395.109960 -0.940585971 0.435397655 -1.208473921 0.091607034 -0.610315979 -0.244636640 0.747847259
1548339395.143460 -0.944083571 0.442274868 -1.223418951 0.092593677 -0.609817863 -0.245094538 0.747982144
1548339395.176940 -0.943180919 0.445000827 -1.238130569 0.092243768 -0.609001756 -0.244345292 0.748934805
1548339395.210490 -0.947477818 0.450734764 -1.252616286 0.092805564 -0.607582986 -0.243264407 0.750368357
1548339395.244020 -0.950252414 0.455851138 -1.270153761 0.093763754 -0.606970251 -0.242375761 0.751032352
1548339395.277540 -0.948781490 0.467887282 -1.282952785 0.097045369 -0.606965065 -0.240977183 0.751069725
1548339395.311060 -0.947971106 0.481168211 -1.296061039 0.101258390 -0.605422258 -0.239823967 0.752127051
1548339395.344590 -0.949275613 0.481227160 -1.305258155 0.099627584 -0.605478227 -0.236587435 0.753323853
1548339395.378110 -0.953483224 0.489967823 -1.310316801 0.102585949 -0.604692101 -0.236089632 0.753714383
1548339395.411620 -0.959591866 0.493370444 -1.324240446 0.103216626 -0.602256298 -0.235481337 0.755765975
1548339395.445140 -0.965745091 0.494975537 -1.337164164 0.103086576 -0.601851761 -0.235242635 0.756180227
1548339395.478660 -0.970649362 0.501905322 -1.340227604 0.106643654 -0.603053570 -0.236063853 0.754471660
1548339395.512190 -0.969899058 0.503078997 -1.360963345 0.107458226 -0.599814296 -0.235414580 0.757136464
1548339395.545700 -0.977195621 0.501851976 -1.370601416 0.107285678 -0.598364174 -0.234777436 0.758504868
1548339395.579220 -0.984497428 0.501116514 -1.372169733 0.107553281 -0.598179758 -0.233943522 0.758870125
1548339395.612740 -0.988732457 0.506048858 -1.381695986 0.109495334 -0.596327066 -0.232231170 0.760574520
1548339395.646260 -0.994597316 0.504211605 -1.393633723 0.109146602 -0.593833148 -0.229641899 0.763356924
1548339395.679780 -1.005176544 0.499310017 -1.401882052 0.107264951 -0.592847824 -0.226977646 0.765184164
1548339395.713310 -1.009126186 0.501392841 -1.412657261 0.107970513 -0.592079520 -0.223849118 0.766600192
1548339395.746810 -1.016939759 0.498355001 -1.419749022 0.106942587 -0.593442142 -0.221035615 0.766507030
1548339395.780340 -1.015238523 0.505214214 -1.450233340 0.109365858 -0.591118515 -0.218978941 0.768548131
1548339395.813860 -1.019963026 0.511142969 -1.467345476 0.110409804 -0.590155125 -0.216380388 0.769874156
1548339395.847370 -1.027840853 0.513175368 -1.481856942 0.110564969 -0.591758609 -0.214629412 0.769110739
1548339395.880900 -1.031379223 0.526313186 -1.484402180 0.116737932 -0.592502177 -0.214595258 0.767634273
1548339395.914410 -1.047665000 0.531153440 -1.497613668 0.117973574 -0.589930534 -0.213306099 0.769782245
1548339395.947930 -1.055437207 0.534434259 -1.511281013 0.118633911 -0.589244127 -0.212376222 0.770463347
1548339395.981440 -1.061717629 0.545707762 -1.531750679 0.122580901 -0.586135983 -0.213823751 0.771814704
1548339396.014960 -1.073824644 0.550354242 -1.543225169 0.122771755 -0.582149744 -0.212867722 0.775058746
1548339396.048520 -1.085591912 0.558739781 -1.563785195 0.123345420 -0.577268302 -0.213394448 0.778466523
1548339396.082030 -1.093839407 0.569605947 -1.574427962 0.125935778 -0.572740257 -0.214772850 0.781013131
1548339396.115510 -1.109922171 0.573050857 -1.588216305 0.124738552 -0.567040265 -0.216140524 0.784977078
1548339396.149070 -1.128303409 0.576329291 -1.607786775 0.123132706 -0.561687171 -0.219677016 0.788091362
1548339396.182520 -1.073195577 0.554389715 -1.490889072 0.121724784 -0.579240382 -0.217529789 0.776108563
1548339396.216030 -1.079580188 0.534143686 -1.448223233 0.118325390 -0.582720160 -0.221385717 0.772932589
1548339396.249560 -1.098818064 0.602776349 -1.564673901 0.127773046 -0.558772981 -0.224526361 0.788057625
1548339396.283070 -1.099014282 0.608181000 -1.567490935 0.127042353 -0.555085838 -0.226971090 0.790078580
1548339396.316580 -1.057349563 0.561475754 -1.419114113 0.119933479 -0.576032460 -0.225138277 0.776605010
1548339396.350110 -1.071882129 0.565680325 -1.427060485 0.117784709 -0.570449710 -0.227408126 0.780384183
1548339396.383610 -1.082778573 0.571046829 -1.444987655 0.114760853 -0.564269304 -0.228395626 0.785025835
1548339396.417120 -1.102321029 0.578978360 -1.446984768 0.115196623 -0.559460342 -0.230357885 0.787825584
1548339396.450640 -1.105669856 0.581431150 -1.473965049 0.113061272 -0.551647007 -0.229547799 0.793858051
1548339396.484150 -1.119081497 0.583134651 -1.479899287 0.111819468 -0.547680676 -0.230066091 0.796625376
1548339396.517670 -1.131984115 0.589650929 -1.487065792 0.112960875 -0.542804718 -0.230090499 0.799788237
1548339396.551180 -1.141786218 0.597230434 -1.496507764 0.114258043 -0.537619233 -0.229262665 0.803336382
1548339396.584700 -1.148504734 0.605566621 -1.530404210 0.115391180 -0.530393302 -0.229245514 0.807969332
1548339396.618220 -1.156468749 0.615338266 -1.535294652 0.117358282 -0.527271211 -0.229410812 0.809680760
1548339396.651730 -1.173625231 0.618177533 -1.544849634 0.116249487 -0.521901369 -0.228299156 0.813624382
1548339396.685250 -1.184054613 0.619543195 -1.551200390 0.114723049 -0.519472480 -0.226925179 0.815777004
1548339396.718750 -1.138387442 0.623671234 -1.526885629 0.115456954 -0.524855077 -0.224307016 0.812947273
1548339396.752260 -1.144764185 0.631374240 -1.539733291 0.115592271 -0.521613657 -0.225501671 0.814681947
1548339396.785740 -1.156455755 0.635406494 -1.547134876 0.113775261 -0.518191278 -0.225586712 0.817094684
1548339396.819260 -1.129073739 0.640957057 -1.513807774 0.112907916 -0.524164617 -0.222369865 0.814281881
1548339396.852730 -1.130728960 0.636967778 -1.519648552 0.112559281 -0.521038055 -0.225919977 0.815358818
1548339396.886220 -1.128832579 0.638116121 -1.508372068 0.111357570 -0.519258142 -0.224892855 0.816941619
1548339396.919740 -1.129359841 0.631793499 -1.501788855 0.109613366 -0.518909931 -0.225221843 0.817308187
1548339396.953270 -1.151844859 0.634404302 -1.536228418 0.110896409 -0.511045456 -0.228489339 0.821174264
1548339396.986770 -1.162629485 0.632540584 -1.544574738 0.111022644 -0.508481860 -0.228659287 0.822699904
1548339397.020270 -1.157570601 0.626808047 -1.545608997 0.110611349 -0.509417772 -0.226913616 0.822659671
1548339397.053770 -1.157600880 0.615608215 -1.542808652 0.110655800 -0.511335313 -0.226522252 0.821571231
1548339397.087280 -1.159697771 0.616414547 -1.548506737 0.112155914 -0.510390401 -0.223323449 0.822830141
1548339397.120760 -1.158953786 0.617195487 -1.552532196 0.112635426 -0.511389077 -0.218935043 0.823323727
1548339397.154270 -1.151835680 0.626001835 -1.555808306 0.116787307 -0.512954831 -0.216123834 0.822513580
1548339397.187790 -1.159540534 0.614175975 -1.561739206 0.116239451 -0.512326241 -0.215142533 0.823239923
1548339397.221310 -1.159134030 0.613026619 -1.558136463 0.116896763 -0.513998508 -0.212036029 0.822910368
1548339397.254830 -1.159889460 0.614332974 -1.569648862 0.116766915 -0.514125824 -0.209190443 0.823577344
1548339397.288340 -1.157611370 0.597357452 -1.570314169 0.114677556 -0.517106295 -0.208206818 0.822253048
1548339397.321840 -1.153925896 0.615975022 -1.575762272 0.117674485 -0.518170953 -0.204544440 0.822078586
1548339397.355370 -1.145014405 0.609242141 -1.580807924 0.117939331 -0.520971596 -0.204193130 0.820356071
1548339397.388890 -1.146065831 0.612504303 -1.582044244 0.118049733 -0.522970498 -0.202279016 0.819542170
1548339397.422410 -1.141997695 0.619116545 -1.592361093 0.118959129 -0.525145352 -0.201549724 0.818198562
1548339397.455920 -1.147421598 0.626540303 -1.604127645 0.119915627 -0.527459502 -0.202181280 0.816412628
1548339397.489600 -1.154834747 0.632228792 -1.609591126 0.120586023 -0.531024992 -0.203411698 0.813692391
1548339397.523130 -1.151423454 0.633066297 -1.613577485 0.120662108 -0.534758151 -0.204462886 0.810968220
1548339397.556640 -1.149026036 0.630334496 -1.611386895 0.120053329 -0.540112436 -0.205918133 0.807132959
1548339397.590160 -1.151831388 0.629470706 -1.619194269 0.119784437 -0.543029964 -0.208525047 0.804541707
1548339397.623670 -1.148101211 0.630567908 -1.622075319 0.119720988 -0.546973944 -0.209613279 0.801591396
1548339397.657190 -1.149989605 0.632185817 -1.625912428 0.120125197 -0.550743461 -0.211502299 0.798447549
1548339397.690700 -1.146481633 0.623832822 -1.627430081 0.118875057 -0.554812789 -0.213378608 0.795311987
1548339397.724200 -1.147371769 0.638054490 -1.633327723 0.120706223 -0.558258951 -0.212614119 0.792825460
1548339397.757720 -1.147911787 0.628709257 -1.637001872 0.118790790 -0.562991917 -0.213984892 0.789391816
1548339397.791250 -1.153341174 0.639320672 -1.638462663 0.120172471 -0.565863252 -0.213085830 0.787370265
1548339397.824770 -1.152345777 0.637781501 -1.638070345 0.119873412 -0.569439530 -0.212462634 0.785002410
1548339397.858280 -1.147712469 0.632898927 -1.638849258 0.119160347 -0.573287368 -0.211776003 0.782491803
1548339397.891780 -1.146322012 0.631669879 -1.640910506 0.119439781 -0.576924145 -0.212073371 0.779690742
1548339397.924990 -1.144013286 0.624144375 -1.632492304 0.118590437 -0.581431568 -0.212354437 0.776388645
1548339397.958510 -1.148633003 0.642816663 -1.645013452 0.121397331 -0.581762314 -0.211592585 0.775914848
1548339397.992020 -1.146051049 0.653279305 -1.645695925 0.123793341 -0.584641635 -0.212640002 0.773080587
1548339398.025540 -1.151115894 0.654367447 -1.655736923 0.124193430 -0.583830357 -0.215204746 0.772919834
1548339398.059050 -1.155182004 0.654460967 -1.655717015 0.123814397 -0.584754646 -0.217411742 0.771663249
1548339398.092720 -1.154768586 0.666167974 -1.660523534 0.125412226 -0.585386276 -0.219822198 0.770242035
1548339398.126270 -1.154803395 0.669223905 -1.649759531 0.125564650 -0.587952256 -0.223192036 0.767288089
1548339398.159790 -1.160252810 0.678421915 -1.650622606 0.125438869 -0.588334382 -0.225373417 0.766377628
1548339398.193340 -1.163480520 0.678057671 -1.658688307 0.123737812 -0.590259731 -0.229858518 0.763837457
1548339398.227020 -1.145845532 0.656039834 -1.657562733 0.118968621 -0.593999028 -0.235272482 0.760038495
1548339398.260540 -1.163165927 0.689946830 -1.664925098 0.122104712 -0.592965722 -0.235115990 0.760396421
1548339398.294050 -1.168439269 0.684632719 -1.652573824 0.119646192 -0.597983301 -0.238108277 0.755913615
1548339398.327570 -1.167673349 0.689498723 -1.648230195 0.119180635 -0.601168036 -0.240325198 0.752752781
1548339398.361080 -1.166393876 0.690959394 -1.648619771 0.117714733 -0.602833092 -0.241767004 0.751188517
1548339398.394930 -1.169645071 0.690266073 -1.648202896 0.115297325 -0.604846418 -0.242243201 0.749790370
1548339398.428530 -1.165699244 0.688339353 -1.642696142 0.114247270 -0.607777774 -0.244164109 0.746952236
1548339398.462050 -1.164349914 0.686999023 -1.633391619 0.113704473 -0.609067857 -0.245366186 0.745589137
1548339398.495600 -1.169075251 0.697175503 -1.654655218 0.113263018 -0.606160581 -0.244918898 0.748168230
1548339398.529120 -1.167755485 0.693767190 -1.653217196 0.112452894 -0.607500672 -0.247042239 0.746503472
1548339398.562650 -1.166902781 0.695006669 -1.650221109 0.112497739 -0.607527256 -0.248730958 0.745914161
1548339398.596170 -1.171253085 0.698495984 -1.654129505 0.112301134 -0.606842756 -0.249881357 0.746116400
1548339398.629680 -1.172948480 0.695981920 -1.652675390 0.112201542 -0.607579410 -0.251746774 0.744903803
1548339398.663200 -1.174523592 0.690537810 -1.647711039 0.111879624 -0.609331071 -0.252455860 0.743279755
1548339398.696720 -1.180589914 0.697661102 -1.659923553 0.112667821 -0.609092891 -0.252318025 0.743402600
1548339398.730180 -1.176188827 0.705473065 -1.664265394 0.114268877 -0.612250388 -0.252418697 0.740524828
1548339398.763690 -1.179784656 0.697212040 -1.661751509 0.113864616 -0.615564167 -0.254300863 0.737188399
1548339398.797200 -1.179919243 0.693700671 -1.664442778 0.113322891 -0.616897702 -0.253351003 0.736483872
1548339398.830660 -1.178052068 0.685288191 -1.670905471 0.111852877 -0.619880676 -0.252769440 0.734400809
1548339398.864230 -1.182106733 0.678410351 -1.666294575 0.112030238 -0.623514473 -0.252946109 0.731230021
1548339398.897760 -1.182192445 0.669390202 -1.683665395 0.110034510 -0.623862803 -0.250555247 0.732058585
1548339398.931330 -1.182876229 0.666674078 -1.683500051 0.109423183 -0.627878547 -0.247565925 0.729730308
1548339398.964850 -1.181353807 0.674005806 -1.674334764 0.111900128 -0.632585108 -0.243812174 0.726546764
1548339398.998290 -1.180068374 0.671043217 -1.670778871 0.112632714 -0.635879099 -0.240724996 0.724584877
1548339399.031880 -1.179883361 0.670348883 -1.678399682 0.114008226 -0.638320148 -0.238508835 0.722954512
1548339399.065440 -1.178704858 0.668749690 -1.671875954 0.114737995 -0.642332852 -0.235619292 0.720227361
1548339399.098840 -1.177931666 0.650842369 -1.688578129 0.112652741 -0.644024670 -0.235140979 0.719201267
1548339399.132360 -1.175138354 0.667631149 -1.682444096 0.116995417 -0.647740304 -0.232718647 0.715951562
1548339399.165870 -1.173270941 0.663528204 -1.677123189 0.118387245 -0.651692688 -0.233854786 0.711753547
1548339399.199800 -1.169692636 0.660072446 -1.701719046 0.117399164 -0.651189685 -0.235655576 0.711783707
1548339399.233320 -1.169202566 0.677590132 -1.688194752 0.119434401 -0.656943500 -0.235035479 0.706342101
1548339399.266830 -1.170438170 0.663682699 -1.685620904 0.116408169 -0.660999417 -0.239253923 0.701631367
1548339399.300350 -1.167699933 0.674768269 -1.692351341 0.115831681 -0.663195133 -0.240697369 0.699156761
1548339399.333860 -1.171462059 0.692828000 -1.701141119 0.115422778 -0.665890276 -0.242482036 0.696038961
1548339399.367380 -1.168591022 0.674016178 -1.690168262 0.110774107 -0.672549605 -0.248139948 0.688355148
1548339399.400550 -1.169876218 0.683359087 -1.692847729 0.110173523 -0.675287783 -0.250998765 0.684724689
1548339399.433990 -1.167519689 0.674186289 -1.680419683 0.108907439 -0.679405451 -0.255600154 0.679128885
1548339399.467400 -1.170553446 0.677829146 -1.684650660 0.108665116 -0.680451632 -0.258574933 0.676990867
1548339399.500910 -1.172543287 0.691791117 -1.689954519 0.109224424 -0.683342755 -0.261204034 0.672967494
1548339399.534430 -1.166579962 0.691667914 -1.683935165 0.110071458 -0.687797785 -0.267559350 0.665755570
1548339399.567870 -1.166502118 0.686588585 -1.678797007 0.109060951 -0.690338492 -0.272806674 0.661146820
1548339399.601430 -1.164302349 0.687693000 -1.677526474 0.108836688 -0.691503525 -0.277530402 0.657992661
1548339399.634970 -1.165367246 0.687787533 -1.678060293 0.108593926 -0.691678524 -0.282756895 0.655619442
1548339399.668460 -1.162020922 0.697299600 -1.685333490 0.109632723 -0.690274358 -0.286140591 0.655458272
1548339399.701970 -1.164135575 0.690207541 -1.682426095 0.106022730 -0.691481292 -0.288940787 0.653548896
1548339399.735500 -1.165375233 0.691067696 -1.672000408 0.105095029 -0.693101764 -0.291533738 0.650824964
1548339399.769020 -1.166321278 0.691815495 -1.670679092 0.102944583 -0.692537963 -0.291415393 0.651821017
1548339399.802550 -1.164158702 0.694397926 -1.671482086 0.101081528 -0.693157315 -0.291401446 0.651460469
1548339399.836050 -1.166087866 0.691069663 -1.654809713 0.100092344 -0.695739627 -0.293002665 0.648133695
1548339399.869570 -1.164745212 0.699859262 -1.654729366 0.100628950 -0.696395814 -0.293215692 0.647248983
1548339399.903080 -1.161327004 0.707419217 -1.659651279 0.100440517 -0.698263764 -0.293918729 0.644942820
1548339399.936590 -1.158603311 0.719905138 -1.667944431 0.102763049 -0.698780358 -0.296078384 0.643026769
1548339399.970110 -1.161965489 0.712025464 -1.652327180 0.101833113 -0.702194929 -0.297329426 0.638864338
1548339400.003620 -1.151980877 0.731076837 -1.678654671 0.102604836 -0.702188015 -0.297543705 0.638648570
1548339400.037130 -1.156976938 0.715091646 -1.654953003 0.101440072 -0.707896292 -0.301759154 0.630503237
1548339400.070650 -1.156764507 0.708412766 -1.654710889 0.099666804 -0.709043324 -0.303471476 0.628672659
1548339400.104150 -1.150546789 0.730725527 -1.669572711 0.101401910 -0.709316254 -0.302723259 0.628447950
1548339400.137660 -1.148547292 0.707407951 -1.676555157 0.098729312 -0.711635172 -0.308031023 0.623654425
1548339400.171000 -1.150068641 0.722944796 -1.667061806 0.101772867 -0.714232743 -0.308905602 0.619751036
1548339400.204480 -1.147517681 0.776843488 -1.681991458 0.109641828 -0.715399325 -0.307783842 0.617617726
1548339400.237960 -1.147252321 0.760253549 -1.675958872 0.108133622 -0.719750583 -0.313191652 0.610063255
1548339400.271470 -1.146685839 0.753126025 -1.672669768 0.107670121 -0.722023487 -0.316686779 0.605639100
1548339400.304990 -1.143230796 0.768262506 -1.682922721 0.109914333 -0.722914636 -0.317854047 0.603557825
1548339400.338500 -1.147171617 0.749249399 -1.675986171 0.108125076 -0.727608800 -0.322683901 0.595625401
1548339400.371970 -1.144526124 0.742549181 -1.680839896 0.109079793 -0.728520513 -0.325532615 0.592779994
1548339400.405480 -1.146634817 0.750038743 -1.689810634 0.109933697 -0.730479956 -0.324743360 0.590639889
1548339400.439050 -1.144137621 0.742769837 -1.690159917 0.110311180 -0.733994544 -0.326061457 0.585463464
1548339400.472570 -1.141549706 0.747217774 -1.695714951 0.111652203 -0.736112416 -0.325252026 0.582995296
1548339400.506030 -1.140822649 0.746158898 -1.697783589 0.112168640 -0.739590228 -0.325096369 0.578564465
1548339400.539550 -1.139592886 0.734011412 -1.694405317 0.112204663 -0.743005991 -0.325858563 0.573732018
1548339400.573060 -1.138134599 0.743330002 -1.695853472 0.114507571 -0.745010674 -0.323803842 0.571837604
1548339400.606620 -1.139107585 0.754739881 -1.701595783 0.117003076 -0.746947706 -0.322837561 0.569346488
1548339400.640140 -1.134969115 0.735112429 -1.695446968 0.115236528 -0.750589728 -0.324068874 0.564194202
1548339400.673660 -1.132197261 0.738022983 -1.696059585 0.115286663 -0.753049910 -0.322100818 0.562028468
1548339400.707390 -1.131136894 0.748442292 -1.698944926 0.115459509 -0.756502867 -0.320751995 0.558113575
1548339400.740910 -1.129185557 0.740169883 -1.698220611 0.115161248 -0.759739637 -0.322977006 0.552466691
1548339400.774200 -1.127099752 0.745325089 -1.700907230 0.114124276 -0.762186885 -0.321771204 0.550009251
1548339400.807720 -1.128654242 0.751603484 -1.698895454 0.113468081 -0.766524374 -0.321605474 0.544183075
1548339400.840820 -1.127606511 0.737130761 -1.696841002 0.112002298 -0.769858003 -0.325587034 0.537370563
1548339400.874340 -1.118432760 0.731762528 -1.698559523 0.110765383 -0.771433890 -0.326233298 0.534969807
1548339400.908250 -1.117934108 0.731652558 -1.700113535 0.109688945 -0.774025798 -0.327653557 0.530561626
1548339400.941760 -1.114235044 0.723565817 -1.696988344 0.108502775 -0.776433229 -0.330280870 0.525635898
1548339400.975280 -1.112648010 0.726859510 -1.701880693 0.108886011 -0.776861548 -0.331900984 0.523900568
1548339401.008820 -1.115322948 0.732120156 -1.701268196 0.107691765 -0.779014468 -0.332077831 0.520829380
1548339401.042330 -1.110726953 0.722721219 -1.700118780 0.107489280 -0.780625820 -0.335530847 0.516225278
1548339401.075860 -1.106500268 0.724661589 -1.700114489 0.107544020 -0.781210721 -0.336238772 0.514866590
1548339401.109380 -1.106012106 0.723993719 -1.695961714 0.107473612 -0.782430828 -0.337683350 0.512075663
1548339401.142870 -1.104748487 0.724336088 -1.699998021 0.108426474 -0.781494677 -0.340534687 0.511415660
1548339401.176390 -1.103980064 0.721555769 -1.700364590 0.108294524 -0.780331552 -0.342422813 0.511958659
1548339401.209910 -1.100785255 0.722571015 -1.696971655 0.108092695 -0.779790759 -0.341937125 0.513148546
1548339401.243440 -1.098436594 0.717946053 -1.693932533 0.107926577 -0.779200673 -0.342390746 0.513776958
1548339401.277000 -1.096449852 0.719615459 -1.690019131 0.108251214 -0.777711868 -0.341463804 0.516573727
1548339401.310520 -1.096113324 0.723354101 -1.688155651 0.108120143 -0.775680900 -0.339876533 0.520685315
1548339401.344030 -1.095205545 0.718542039 -1.683850050 0.107176632 -0.773969769 -0.340581208 0.522961259
1548339401.377550 -1.095350981 0.716572642 -1.678011417 0.106372207 -0.771267533 -0.339524925 0.527782440
1548339401.411140 -1.098529458 0.716585994 -1.675605774 0.104757152 -0.768505275 -0.337731242 0.533257186
1548339401.444680 -1.096416116 0.711953580 -1.668530703 0.104683459 -0.765573621 -0.337652951 0.537521124
1548339401.478180 -1.099791288 0.721560597 -1.672575951 0.105275087 -0.761112750 -0.335996270 0.544730425
1548339401.511690 -1.102628589 0.721111476 -1.663994312 0.104372591 -0.758394241 -0.333241194 0.550358832
1548339401.545180 -1.101918697 0.722969949 -1.672586203 0.106898636 -0.752572000 -0.333051652 0.557929039
1548339401.578640 -1.105766058 0.723225236 -1.665065169 0.106084481 -0.749466836 -0.328644931 0.564834595
1548339401.612160 -1.101244926 0.724169135 -1.664283991 0.107174546 -0.745486438 -0.324973136 0.571975648
1548339401.645730 -1.105915546 0.724887788 -1.661868572 0.108407214 -0.742138088 -0.322153986 0.577664196
1548339401.679190 -1.113608241 0.715474129 -1.653650045 0.107563280 -0.739614606 -0.319031447 0.582768798
1548339401.712700 -1.113148689 0.711395681 -1.645721674 0.107925907 -0.736584246 -0.315553397 0.588406086
1548339401.746210 -1.118012547 0.701606154 -1.645362496 0.107110150 -0.732034326 -0.312680453 0.595721543
1548339401.779720 -1.113838673 0.699426353 -1.643248558 0.109016202 -0.728537798 -0.310054332 0.601011276
1548339401.813210 -1.113596320 0.692528725 -1.635600090 0.109251745 -0.725108564 -0.306411356 0.606954455
1548339401.846710 -1.114951611 0.684677482 -1.627620816 0.109827273 -0.720975518 -0.302729219 0.613585711
1548339401.880200 -1.118110061 0.694783390 -1.641285300 0.112589039 -0.713470519 -0.298957855 0.623624802
1548339401.913710 -1.120231748 0.688961446 -1.629067421 0.112795517 -0.711803734 -0.295448691 0.627154469
1548339401.947230 -1.122326612 0.685381293 -1.623697639 0.113433346 -0.708111465 -0.291833848 0.632885575
1548339401.980740 -1.126574755 0.675837994 -1.618394494 0.112755805 -0.704064667 -0.288541317 0.639001667
1548339402.014260 -1.125433922 0.676277220 -1.619508266 0.114664949 -0.699040532 -0.285329551 0.645586133
1548339402.047760 -1.127151608 0.672108293 -1.616333961 0.115875006 -0.694121182 -0.281642497 0.652262449
1548339402.081280 -1.130182028 0.666255236 -1.612836599 0.116122074 -0.689260542 -0.278236270 0.658802211
1548339402.114800 -1.130516768 0.658050954 -1.613574147 0.116997413 -0.684021533 -0.275772363 0.665113330
1548339402.148300 -1.132423997 0.651603162 -1.611735344 0.116604246 -0.680295706 -0.271980256 0.670543015
1548339402.181810 -1.136407852 0.649545252 -1.596863508 0.118416458 -0.677446544 -0.268456548 0.674518287
1548339402.215330 -1.134625912 0.643805206 -1.600446582 0.119839191 -0.668776572 -0.264344573 0.684469521
1548339402.248870 -1.133999586 0.655775666 -1.614505291 0.124044023 -0.661836267 -0.261592895 0.691487610
1548339402.282360 -1.132854700 0.663737118 -1.604698181 0.127225831 -0.658891439 -0.257475525 0.695256829
1548339402.315870 -1.132840633 0.640126228 -1.610474586 0.125803053 -0.652761877 -0.256660610 0.701570272
1548339402.348790 -1.139980078 0.639723182 -1.602102041 0.126673430 -0.651067495 -0.253881305 0.703995228
1548339402.382310 -1.137060404 0.624400973 -1.602502584 0.127118051 -0.648244083 -0.253992796 0.706475973
1548339402.415820 -1.138146281 0.619201183 -1.597335577 0.128993899 -0.644319236 -0.251809955 0.710496426
1548339402.449340 -1.134334207 0.621544242 -1.599606276 0.131574064 -0.638853252 -0.248977318 0.715936601
1548339402.482860 -1.124920249 0.632270694 -1.594102859 0.136075273 -0.635351360 -0.245644987 0.719354451
1548339402.516450 -1.124932647 0.628999949 -1.593792677 0.137339532 -0.629674613 -0.243195385 0.724916399
1548339402.549970 -1.126344800 0.630909443 -1.588118076 0.138755202 -0.625613570 -0.240313232 0.729112029
1548339402.583400 -1.130334735 0.602436006 -1.550680041 0.135636836 -0.626831949 -0.239233807 0.729007304
1548339402.616920 -1.124951601 0.620304644 -1.566928148 0.138412192 -0.613512576 -0.232633233 0.741839767
1548339402.650510 -1.128369570 0.614345849 -1.581740618 0.137077466 -0.605860054 -0.231791794 0.748609424
1548339402.684320 -1.127515435 0.617701590 -1.578553200 0.137523085 -0.600566983 -0.229563698 0.753463566
1548339402.717830 -1.121765018 0.596897364 -1.568450570 0.134717941 -0.595125854 -0.229006514 0.758440793
1548339402.751350 -1.130190969 0.603732646 -1.564052224 0.133649811 -0.589557588 -0.225236669 0.764086485
1548339402.784870 -1.120518088 0.591830194 -1.544293404 0.131439641 -0.588153660 -0.224152789 0.765868485
1548339402.818430 -1.126840949 0.588871837 -1.562604547 0.127973646 -0.576110899 -0.220665023 0.776547551
1548339402.851950 -1.133360982 0.582798779 -1.548439741 0.126366809 -0.571993291 -0.219113424 0.780284941
1548339402.885470 -1.134363651 0.570471406 -1.532001972 0.123168312 -0.568428695 -0.216850802 0.784024298
1548339402.918970 -1.146788836 0.576351523 -1.542529583 0.122754112 -0.558559597 -0.213500544 0.792060733
1548339402.952490 -1.144630909 0.576268554 -1.528989077 0.122971036 -0.555370867 -0.211086482 0.794911265
1548339402.986000 -1.147908926 0.570075870 -1.521524191 0.122803219 -0.552458346 -0.211213231 0.796930432
1548339403.019520 -1.152937412 0.565065920 -1.525438070 0.123082601 -0.544304669 -0.210586250 0.802643478
1548339403.053050 -1.154935122 0.571612716 -1.518246889 0.124147676 -0.538613021 -0.206986234 0.807242274
1548339403.086570 -1.150680065 0.567732573 -1.514366865 0.123635665 -0.535991013 -0.206076622 0.809296191
1548339403.120110 -1.152661681 0.563149273 -1.504036188 0.122765824 -0.533249736 -0.204746634 0.811573863
1548339403.153600 -1.157370090 0.561090708 -1.495259166 0.121207543 -0.529992223 -0.201880544 0.814654052
1548339403.187120 -1.162203550 0.569033384 -1.493649721 0.122043632 -0.525487125 -0.199768528 0.817961514
1548339403.220630 -1.164566159 0.570204496 -1.485296845 0.121824637 -0.520058572 -0.196173757 0.822322190
1548339403.254130 -1.168751240 0.569772840 -1.480663538 0.120936044 -0.517350137 -0.193890303 0.824699879
1548339403.287560 -1.163144112 0.561810255 -1.456279159 0.122463889 -0.517428815 -0.194052398 0.824386895
1548339403.321030 -1.174980521 0.559593379 -1.453463674 0.123179421 -0.508804083 -0.191457599 0.830234528
1548339403.354590 -1.182438493 0.562364459 -1.452688336 0.124828346 -0.505839705 -0.190859467 0.831935525
1548339403.388200 -1.181880236 0.564842761 -1.439852834 0.128163740 -0.506185710 -0.192567110 0.830823720
1548339403.421870 -1.188317776 0.564132333 -1.434772730 0.131473348 -0.503315926 -0.195500284 0.831364810
1548339403.455480 -1.191197753 0.562190592 -1.429704428 0.134255856 -0.501115561 -0.196838826 0.831933379
1548339403.489000 -1.194043756 0.564267874 -1.422675133 0.138447374 -0.499975294 -0.199475646 0.831304133
1548339403.522510 -1.190815210 0.560118675 -1.413013101 0.141958013 -0.498082548 -0.201977491 0.831244111
1548339403.555930 -1.198581338 0.570730567 -1.409018755 0.146258771 -0.493886352 -0.201571718 0.833098710
1548339403.589080 -1.201109648 0.573649883 -1.404827118 0.148727730 -0.492358536 -0.202770650 0.833275020
1548339403.622570 -1.189862370 0.562588215 -1.388182402 0.149867088 -0.491732627 -0.204945147 0.832908392
1548339403.656080 -1.208136320 0.573357940 -1.396986127 0.150876805 -0.484794736 -0.203491881 0.837138832
1548339403.689600 -1.211355329 0.571548760 -1.397015691 0.150302708 -0.483293623 -0.204241887 0.837926984
1548339403.723140 -1.210767984 0.573167086 -1.386450768 0.150578633 -0.481392622 -0.203670338 0.839110076
1548339403.757030 -1.206709862 0.566173673 -1.376914501 0.147812828 -0.478439867 -0.201239288 0.841872573
1548339403.790540 -1.217897773 0.562480211 -1.376294017 0.144284055 -0.473226577 -0.198393703 0.846096158
1548339403.824060 -1.222115636 0.551067412 -1.369189262 0.139912054 -0.471130222 -0.195851415 0.848588943
1548339403.857000 -1.217610717 0.544404984 -1.359933972 0.136856616 -0.468072891 -0.191747442 0.851710677
1548339403.890460 -1.231119871 0.546983600 -1.361310005 0.134634092 -0.461582571 -0.186261907 0.856809020
1548339403.923970 -1.238759041 0.534099817 -1.361803889 0.130000889 -0.457118243 -0.182234064 0.860774994
1548339403.957490 -1.233455896 0.528965950 -1.341833711 0.128929734 -0.455376089 -0.177931786 0.862757266
1548339403.991010 -1.209006071 0.508028507 -1.303411961 0.126355827 -0.456205606 -0.172397509 0.863822818
1548339404.024520 -1.230158448 0.499552786 -1.312518239 0.124127172 -0.448613852 -0.168256849 0.868923306
1548339404.058100 -1.235817194 0.482871890 -1.313443780 0.121540509 -0.445607752 -0.165637389 0.871335685
1548339404.091630 -1.254873276 0.499219120 -1.321255326 0.124813341 -0.438814938 -0.161293313 0.875127137
1548339404.125210 -1.241690874 0.490031660 -1.302877903 0.126342088 -0.440204412 -0.158222750 0.874770403
1548339404.158730 -1.238682270 0.482486248 -1.296955943 0.128020748 -0.438585490 -0.155476570 0.875831306
1548339404.192270 -1.244854450 0.476961076 -1.301805139 0.129951268 -0.434744209 -0.153671637 0.877778649
1548339404.225780 -1.246531487 0.476567805 -1.292461395 0.132466689 -0.434344113 -0.150700703 0.878115654
1548339404.259300 -1.250291228 0.468479097 -1.294900775 0.134205356 -0.432939172 -0.149994448 0.878666222
1548339404.292810 -1.251928806 0.471839845 -1.292855382 0.137621462 -0.433234453 -0.147907406 0.878346026
1548339404.326330 -1.256922603 0.467518985 -1.296936274 0.140081972 -0.433571577 -0.148814291 0.877637267
1548339404.359870 -1.255481243 0.461767793 -1.295391440 0.142459467 -0.433791280 -0.149536654 0.877022982
1548339404.393440 -1.259212494 0.465614200 -1.295568347 0.144967169 -0.432582974 -0.148189530 0.877437413
1548339404.426960 -1.259203911 0.462163746 -1.295165539 0.146672308 -0.433623135 -0.149916321 0.876346648
1548339404.460390 -1.252671242 0.461056709 -1.286389351 0.148533195 -0.434172183 -0.150465772 0.875666916
1548339404.493910 -1.255188704 0.460244864 -1.285917163 0.149493158 -0.432763070 -0.150825739 0.876139045
1548339404.527410 -1.253577709 0.461745381 -1.277493954 0.150936350 -0.432800561 -0.151113123 0.875823438
1548339404.561050 -1.252896070 0.461179107 -1.276108980 0.152106360 -0.429808378 -0.152081311 0.876926303
1548339404.594610 -1.257446766 0.468670666 -1.272894144 0.152886212 -0.425129741 -0.149713144 0.879475176
1548339404.628120 -1.260225058 0.465716183 -1.274963737 0.151927575 -0.422610849 -0.150988922 0.880636394
1548339404.661640 -1.256695986 0.467375129 -1.266868114 0.152094230 -0.421029270 -0.152181894 0.881159663
1548339404.695150 -1.262175202 0.475362271 -1.266739130 0.151927412 -0.415698409 -0.152309716 0.883693755
1548339404.728630 -1.266925454 0.470254511 -1.268429399 0.148868844 -0.415080220 -0.155053556 0.884027719
1548339404.762130 -1.252979398 0.473901391 -1.252938867 0.148875222 -0.417073488 -0.158268541 0.882517457
1548339404.795650 -1.265373111 0.479891837 -1.257741332 0.147393078 -0.411420614 -0.159223437 0.885243654
1548339404.829160 -1.266014338 0.479247689 -1.252136707 0.145013854 -0.411862850 -0.161119327 0.885087848
1548339404.862660 -1.266145349 0.472682267 -1.251161098 0.142567009 -0.411198765 -0.164403006 0.885190368
1548339404.896180 -1.270842314 0.475977868 -1.248953462 0.141740799 -0.407772392 -0.164568365 0.886875749
1548339404.929700 -1.271540880 0.484094441 -1.244210720 0.141479641 -0.407538444 -0.163577601 0.887208223
1548339404.963210 -1.265273571 0.475436091 -1.237191677 0.139796674 -0.407792270 -0.166162431 0.886877894
1548339404.996730 -1.260637522 0.482606769 -1.227887392 0.140493065 -0.402728379 -0.164800435 0.889332592
1548339405.030240 -1.268556833 0.482636720 -1.227119446 0.138931006 -0.396379232 -0.164173543 0.892540693
1548339405.063730 -1.254889727 0.485505313 -1.208455443 0.139369547 -0.396333784 -0.164824918 0.892372370
1548339405.097200 -1.252708316 0.491424322 -1.200044394 0.140230671 -0.392397255 -0.166455567 0.893673539
1548339405.130710 -1.267906904 0.490250587 -1.209563136 0.138663128 -0.385144502 -0.169749752 0.896449268
1548339405.164140 -1.281673193 0.486287534 -1.216204047 0.136809722 -0.380599976 -0.173054740 0.898041725
1548339405.197620 -1.283341408 0.484066546 -1.214352131 0.136568829 -0.379573017 -0.176020727 0.897936583
1548339405.231140 -1.280148745 0.481811047 -1.212710023 0.136893421 -0.379602760 -0.177829355 0.897518039
1548339405.264660 -1.285721779 0.479634553 -1.211853504 0.137153953 -0.378638893 -0.178219229 0.897808075
1548339405.298170 -1.287712336 0.485029280 -1.213661551 0.138955399 -0.378497124 -0.176715836 0.897888064
1548339405.331690 -1.284060121 0.477565765 -1.215631247 0.138441116 -0.379956186 -0.175288305 0.897631049
1548339405.365180 -1.287798524 0.478174031 -1.215376496 0.139049530 -0.380391061 -0.172618017 0.897870243
1548339405.398530 -1.272906542 0.485161901 -1.207413435 0.140953332 -0.384762108 -0.167928472 0.896599293
1548339405.432040 -1.276559949 0.481391996 -1.212166429 0.139805570 -0.385363460 -0.165005326 0.897063315
1548339405.465730 -1.272946596 0.467166066 -1.214938879 0.137101606 -0.387058049 -0.163422182 0.897040904
1548339405.499270 -1.278654099 0.479234278 -1.215402007 0.138532609 -0.387398541 -0.158663511 0.897528231
1548339405.532800 -1.273125887 0.471939832 -1.215696216 0.136870906 -0.391784161 -0.156723455 0.896219492
1548339405.566370 -1.274533987 0.468184471 -1.218489289 0.136069030 -0.394906849 -0.155007139 0.895269036
1548339405.599920 -1.268602014 0.470782697 -1.217474222 0.136862233 -0.398939878 -0.152139187 0.893850863
1548339405.633440 -1.278101683 0.470744371 -1.227634907 0.136874557 -0.399572402 -0.149288818 0.894047022
1548339405.667370 -1.258587122 0.470736980 -1.213957071 0.138328150 -0.406942725 -0.145027414 0.891195834
1548339405.700950 -1.272465229 0.462723076 -1.228450537 0.137568861 -0.406854630 -0.143805966 0.891551495
1548339405.734490 -1.268465757 0.458527863 -1.227299929 0.138276637 -0.410709739 -0.141290352 0.890075386
1548339405.768040 -1.267195702 0.453076035 -1.231600523 0.138698980 -0.412888706 -0.140118897 0.889186263
1548339405.801560 -1.266804934 0.453704149 -1.233786941 0.139726385 -0.415451497 -0.139013380 0.888004422
1548339405.835050 -1.252669454 0.459378719 -1.226077318 0.142676473 -0.420141250 -0.138623521 0.885385990
1548339405.868590 -1.255825758 0.456029266 -1.229223490 0.142779917 -0.421332479 -0.139111221 0.884726465
1548339405.902130 -1.256375551 0.456196964 -1.231871486 0.143459588 -0.422907799 -0.139754146 0.883763134
1548339405.935670 -1.252949476 0.453683406 -1.232588768 0.143906727 -0.424755037 -0.141169429 0.882578731
1548339405.969190 -1.258694291 0.457180321 -1.236375093 0.144761950 -0.423563898 -0.141158879 0.883012891
1548339406.002700 -1.258625984 0.456182420 -1.236303687 0.144819438 -0.423155814 -0.141372263 0.883165002
1548339406.036230 -1.262065530 0.456547856 -1.240758061 0.144557819 -0.421848387 -0.141807213 0.883763433
1548339406.069750 -1.259966135 0.458034515 -1.238562942 0.144833133 -0.422459990 -0.142512828 0.883312583
1548339406.103260 -1.258683801 0.459092587 -1.236615658 0.144885510 -0.422722459 -0.143725842 0.882981777
1548339406.136800 -1.260226607 0.456430405 -1.236895204 0.144217581 -0.422431707 -0.145936519 0.882867634
1548339406.170310 -1.264592648 0.457509339 -1.241998792 0.143777892 -0.421324015 -0.147594973 0.883192956
1548339406.203810 -1.263007760 0.460057408 -1.241625786 0.144041926 -0.421689361 -0.148987547 0.882741630
1548339406.237320 -1.264315605 0.464126229 -1.240594268 0.144471511 -0.422533661 -0.150055140 0.882086635
1548339406.270840 -1.263676643 0.467637658 -1.239081860 0.145290151 -0.423925430 -0.151766866 0.880990863
1548339406.304340 -1.264992833 0.469312727 -1.242596149 0.145637825 -0.423968971 -0.153098926 0.880681932
1548339406.337860 -1.268096685 0.469117135 -1.246528506 0.144999534 -0.424744129 -0.154475555 0.880173206
1548339406.371320 -1.267716169 0.473241806 -1.247309327 0.146011725 -0.426251113 -0.156587243 0.878903389
1548339406.404710 -1.263609529 0.475036681 -1.245300770 0.145932585 -0.429189473 -0.158513650 0.877139390
1548339406.438220 -1.267271399 0.482396603 -1.248466969 0.147297934 -0.431737751 -0.162099406 0.875002682
1548339406.471550 -1.267430186 0.477551699 -1.254423380 0.146218702 -0.433221877 -0.166732177 0.873578489
1548339406.505070 -1.261099339 0.482553303 -1.252029896 0.146917790 -0.435904205 -0.169645414 0.871563673
1548339406.538550 -1.264929771 0.486398786 -1.256065965 0.146933243 -0.437469631 -0.173162684 0.870083690
1548339406.572040 -1.262152672 0.491953045 -1.249733925 0.147553384 -0.440466553 -0.175502107 0.867995560
1548339406.605420 -1.263891459 0.494266063 -1.255422711 0.146411881 -0.441755295 -0.178070724 0.867010236
1548339406.638870 -1.267628670 0.492153764 -1.263622403 0.143909007 -0.442941785 -0.180835262 0.866251349
1548339406.672390 -1.262273073 0.501389921 -1.259118438 0.144321501 -0.445512444 -0.181606069 0.864701867
1548339406.705970 -1.259703636 0.502398372 -1.259204626 0.143037051 -0.446236998 -0.182711363 0.864308715
1548339406.739650 -1.265146494 0.501870990 -1.261879086 0.140831858 -0.446489930 -0.183011070 0.864476800
1548339406.773000 -1.261039019 0.492657781 -1.259035587 0.138117388 -0.449445665 -0.184791446 0.863003135
1548339406.806450 -1.264821768 0.494409502 -1.268100739 0.137365907 -0.448763758 -0.185194805 0.863391399
1548339406.839950 -1.262697697 0.496636450 -1.263864279 0.137250304 -0.450580537 -0.185349569 0.862429798
1548339406.873450 -1.263950586 0.493490219 -1.270800948 0.136374712 -0.450274915 -0.186500430 0.862480223
1548339406.906970 -1.259593487 0.492168307 -1.266207933 0.136148423 -0.452359825 -0.186621621 0.861398041
1548339406.940490 -1.261907101 0.493774176 -1.268849134 0.136560544 -0.452490747 -0.186448798 0.861301482
