1548265882.499630 0.0000000 0.0000000 0.0000000 -0.0000000 -0.0000000 -0.0000000 1.0000000
1548265882.566560 0.1000200 -0.0460805 -0.0274572 -0.0090521 -0.0162052 -0.0104937 0.9997727
1548265882.600030 -0.0066057 -0.0046838 -0.0042868 -0.0043470 0.0066345 -0.0136261 0.9998757
1548265882.698670 -0.0290759 0.0173740 0.0004271 -0.0092245 0.0186738 -0.0184196 0.9996134
1548265882.899700 0.0174702 -0.0061046 -0.0134581 -0.0274357 0.0028723 -0.0021198 0.9996172
1548265883.067340 0.0262829 0.0028679 -0.0525382 -0.0170546 0.0032060 -0.0040565 0.9998412
1548265883.134400 0.0177042 0.0152150 -0.0694467 -0.0143898 0.0065125 -0.0073931 0.9998479
1548265883.268460 0.0297338 0.0309906 -0.0924665 -0.0146195 0.0054602 -0.0088771 0.9998388
1548265883.335310 0.0215883 0.0309605 -0.0994732 -0.0152115 0.0059471 -0.0082462 0.9998326
1548265883.536330 0.0491646 0.0251709 -0.1261300 -0.0102741 0.0133829 -0.0040241 0.9998496
1548265883.569820 0.0714247 0.0213242 -0.1345436 -0.0100669 0.0166487 -0.0024994 0.9998076
1548265883.670370 0.0520475 0.0239614 -0.1348037 -0.0041389 0.0386392 0.0019468 0.9992428
1548265883.737430 0.0881533 0.0110371 -0.1506166 -0.0011974 0.0467676 0.0049856 0.9988927
1548265883.804530 0.0488296 0.0190853 -0.1380948 0.0048470 0.0676425 0.0088893 0.9976583
1548265883.871940 0.0523081 0.0194232 -0.1389861 0.0086918 0.0753750 0.0135005 0.9970260
1548265883.905460 0.0296743 0.0239318 -0.1352608 0.0116817 0.0822786 0.0153730 0.9964224
1548265883.972510 0.0828901 0.0065557 -0.1409787 0.0134765 0.0830109 0.0186226 0.9962835
1548265884.039550 0.0336150 0.0248655 -0.1231286 0.0209643 0.0977835 0.0197552 0.9947908
1548265884.240470 0.0380669 0.0261122 -0.1114788 0.0251489 0.1156322 0.0188533 0.9927947
1548265884.307480 0.0341467 0.0271179 -0.1047462 0.0245478 0.1224017 0.0190007 0.9919951
1548265884.408030 0.0488606 0.0380008 -0.0975704 0.0197425 0.1325921 0.0168493 0.9908308
1548265884.441190 0.0274198 0.0206268 -0.0866581 0.0151121 0.1444639 0.0167764 0.9892524
1548265884.508230 0.0414294 0.0238832 -0.0865321 0.0143021 0.1507981 0.0171589 0.9883122
1548265884.609120 0.0268177 0.0191486 -0.0689388 0.0128417 0.1754972 0.0237230 0.9841103
1548265884.676150 0.0393655 0.0190867 -0.0713996 0.0145884 0.1850161 0.0318384 0.9821113
1548265884.709670 0.0326382 0.0125197 -0.0684270 0.0151277 0.1947603 0.0378281 0.9800044
1548265884.743190 0.0220188 0.0087847 -0.0611057 0.0159685 0.2035568 0.0430513 0.9779858
1548265884.776700 0.0435729 0.0081979 -0.0697280 0.0173032 0.2072229 0.0483077 0.9769471
1548265884.810220 0.0102493 0.0057128 -0.0551829 0.0181617 0.2217160 0.0544535 0.9734203
1548265884.843710 0.0014135 0.0064981 -0.0454308 0.0188925 0.2327995 0.0597887 0.9705013
1548265884.910640 0.0206891 0.0237149 -0.0480173 0.0214164 0.2438524 0.0717963 0.9669140
1548265885.011250 0.0108843 0.0249811 -0.0459096 0.0198498 0.2600241 0.0835127 0.9617791
1548265885.111800 -0.0000347 0.0250197 -0.0460108 0.0132929 0.2719862 0.0863059 0.9583309
1548265885.145320 -0.0192288 0.0249190 -0.0372892 0.0111929 0.2801901 0.0879823 0.9558386
1548265885.245870 -0.0344918 0.0235333 -0.0318117 0.0102689 0.2936718 0.0971496 0.9509014
1548265885.413960 -0.0354984 0.0291472 -0.0487781 0.0094519 0.3106038 0.1093289 0.9441839
1548265885.581520 -0.0626628 0.0217418 -0.0242518 0.0022026 0.3415438 0.1202165 0.9321432
1548265885.815880 -0.0705065 0.0210759 -0.0002188 -0.0010059 0.3700436 0.1313456 0.9196821
1548265885.983450 -0.0874172 0.0123176 0.0299734 0.0034792 0.3917824 0.1484779 0.9079916
1548265886.151160 -0.0888808 -0.0006774 0.0470659 0.0097776 0.4001408 0.1643040 0.9015520
1548265886.486520 -0.1137539 -0.0201198 0.0508244 0.0295912 0.4142402 0.1728966 0.8931049
1548265886.586910 -0.1153838 -0.0305502 0.0506164 0.0335099 0.4271051 0.1755100 0.8863716
1548265886.720630 -0.1480573 -0.0491872 0.0723405 0.0403221 0.4498728 0.1854224 0.8727010
1548265886.854700 -0.1715687 -0.0402643 0.0937134 0.0408997 0.4700872 0.1890507 0.8611649
1548265886.988750 -0.2025286 -0.0555208 0.1203730 0.0368715 0.4954647 0.1976964 0.8450274
1548265887.122870 -0.2286482 -0.0745244 0.1372543 0.0348730 0.5114629 0.2010370 0.8347297
1548265887.357520 -0.2735724 -0.0730689 0.1749550 0.0414342 0.5295427 0.2131935 0.8200099
1548265887.625650 -0.2785065 -0.0835764 0.1995031 0.0367111 0.5391188 0.2144393 0.8136455
1548265887.859920 -0.2682894 -0.0916656 0.2540411 0.0393266 0.5524930 0.2270953 0.8010198
1548265888.128110 -0.2054445 -0.1183109 0.2991308 0.0373496 0.5686769 0.2434871 0.7848094
1548265888.296210 -0.1520957 -0.1429604 0.3315618 0.0348199 0.5877242 0.2533653 0.7675766
1548265888.530830 -0.0932941 -0.1678549 0.3723876 0.0355322 0.6103887 0.2585507 0.7478735
1548265888.664370 -0.0686346 -0.1655137 0.3990313 0.0342067 0.6272649 0.2591251 0.7336367
1548265888.765210 -0.0447522 -0.1733054 0.4195115 0.0314671 0.6421295 0.2622260 0.7196645
1548265888.832330 -0.0275542 -0.1741105 0.4349200 0.0286142 0.6568108 0.2675437 0.7044154
1548265888.899140 -0.0143855 -0.1886962 0.4557182 0.0257986 0.6677890 0.2740482 0.6915851
1548265888.999530 0.0132595 -0.1975343 0.4670883 0.0236277 0.6850979 0.2869193 0.6691487
1548265889.033040 0.0269823 -0.1997867 0.4802838 0.0229132 0.6933471 0.2914845 0.6586210
1548265889.066720 0.0372565 -0.2013822 0.4598071 0.0213676 0.6976763 0.2961484 0.6519872
1548265889.100280 0.0582232 -0.2255053 0.5239265 0.0187742 0.7138416 0.3015980 0.6317566
1548265889.234310 0.0900692 -0.2202495 0.5104933 0.0241296 0.7336618 0.3126764 0.6028199
1548265889.401890 0.0972990 -0.2322633 0.5065901 0.0329825 0.7581062 0.3122751 0.5715517
1548265889.535990 0.1162058 -0.2410853 0.5192716 0.0349389 0.7647455 0.3133984 0.5618942
1548265889.703150 0.1655859 -0.2587005 0.5373113 0.0181430 0.7772394 0.3148867 0.5444412
1548265889.870680 0.2145358 -0.2500224 0.5456008 0.0089794 0.7861002 0.3196292 0.5289641
1548265890.004790 0.2980575 -0.2835459 0.5680407 -0.0001847 0.7962776 0.3291823 0.5075244
1548265890.374130 0.4510313 -0.2530322 0.5049731 -0.0059656 0.8297891 0.3583732 0.4277652
1548265890.575280 0.5078304 -0.2370147 0.4509776 -0.0104903 0.8426980 0.3753271 0.3858493
1548265890.776420 0.5516895 -0.2081864 0.4050823 -0.0205228 0.8582556 0.3893828 0.3337025
1548265890.943930 0.6298904 -0.1811566 0.3746593 -0.0266387 0.8717991 0.4069771 0.2713417
1548265891.111210 0.6764795 -0.1646650 0.3537388 -0.0178794 0.8800421 0.4182929 0.2241366
1548265891.412580 0.7530729 -0.1466829 0.3123305 -0.0179485 0.8867038 0.4237777 0.1839747
1548265892.217160 0.9353803 -0.0044587 0.1206620 -0.0302884 0.8675364 0.4425221 0.2250276
1548265892.921260 1.0386231 0.1280159 0.0153973 -0.0210210 0.8336428 0.4607683 0.3037934
1548265893.189220 1.0983285 0.1820942 0.0179141 -0.0444789 0.8022885 0.4762204 0.3571680
1548265893.490860 1.1520374 0.2106104 0.0530628 -0.0585155 0.7671055 0.4747668 0.4274596
1548265893.624890 1.1762378 0.2130283 0.0780265 -0.0627745 0.7530562 0.4669042 0.4593105
1548265893.758920 1.1702414 0.2104523 0.1109068 -0.0556121 0.7386317 0.4532163 0.4959089
1548265893.825950 1.1889908 0.2038615 0.1259036 -0.0606237 0.7340481 0.4455434 0.5089098
1548265894.094000 1.1916323 0.1620628 0.1683407 -0.0632753 0.7261168 0.4191762 0.5413335
1548265894.395560 1.1951253 0.1178793 0.1831498 -0.0581500 0.7118752 0.4121301 0.5656863
1548265894.529350 1.1972915 0.0944432 0.1853260 -0.0541747 0.7044023 0.4074725 0.5786611
1548265894.797780 1.1931239 0.0503585 0.2127036 -0.0443267 0.6912843 0.3819613 0.6117734
1548265894.931800 1.1993449 0.0273926 0.2009237 -0.0327077 0.6827021 0.3738967 0.6269365
1548265895.166460 1.2063267 -0.0034149 0.1881822 -0.0155779 0.6616154 0.3601003 0.6575334
1548265895.334150 1.2249730 -0.0311868 0.2198526 -0.0076768 0.6524885 0.3476974 0.6732803
1548265895.467870 1.2201672 -0.0450258 0.2088560 0.0172257 0.6431262 0.3298786 0.6908489
1548265895.668930 1.2373291 -0.1367593 0.2189704 0.0214171 0.6300803 0.3040095 0.7142256
1548265895.735960 1.2398927 -0.1534229 0.2149472 0.0258056 0.6256480 0.3005902 0.7194054
1548265895.903560 1.2498455 -0.1879899 0.2125763 0.0390179 0.6099908 0.2976518 0.7333432
1548265895.970620 1.2591100 -0.2066885 0.2051933 0.0414674 0.5986462 0.2978573 0.7424179
1548265896.071170 1.2705413 -0.2272987 0.2060745 0.0440241 0.5788240 0.2940958 0.7592972
1548265896.138210 1.2917641 -0.2401951 0.2015321 0.0438616 0.5587650 0.2898189 0.7757982
1548265896.171800 1.3065997 -0.2492690 0.2001745 0.0424826 0.5477151 0.2877432 0.7844790
1548265896.272350 1.3219779 -0.2652818 0.2203895 0.0371598 0.5204608 0.2694669 0.8093994
1548265896.372900 1.3162133 -0.2755987 0.2598478 0.0260812 0.5036901 0.2438205 0.8283524
1548265896.439920 1.3083673 -0.2826933 0.2801887 0.0205900 0.4908125 0.2293275 0.8402904
1548265896.506960 1.3107902 -0.2875567 0.2976912 0.0133560 0.4790322 0.2180080 0.8501896
1548265896.573990 1.2909508 -0.2780785 0.3278779 0.0072710 0.4685998 0.2020509 0.8599632
1548265896.774970 1.3002566 -0.2692994 0.3735612 -0.0155156 0.4280296 0.1854172 0.8844039
1548265897.009390 1.2876511 -0.2494868 0.4196706 -0.0282005 0.3976946 0.1684697 0.9014776
1548265897.177060 1.2727474 -0.2281909 0.4439643 -0.0325017 0.3818309 0.1575722 0.9101208
1548265897.579080 1.2622809 -0.2057115 0.4764849 -0.0455213 0.3490568 0.1488838 0.9240783
1548265897.746640 1.2232230 -0.2012545 0.4995756 -0.0483525 0.3269147 0.1434848 0.9328457
1548265898.015030 1.1966720 -0.1862172 0.5195900 -0.0548221 0.2780458 0.1229218 0.9510916
1548265898.216030 1.1578821 -0.1881376 0.5467743 -0.0650201 0.2483520 0.1075572 0.9604818
1548265898.282750 1.1394247 -0.1834662 0.5560381 -0.0633032 0.2385309 0.1002135 0.9638739
1548265898.416810 1.1031817 -0.1914977 0.5676034 -0.0624863 0.2156305 0.0829591 0.9709360
1548265898.450300 1.1021914 -0.1881763 0.5647773 -0.0621508 0.2063422 0.0790267 0.9733011
1548265898.517280 1.0873795 -0.1851026 0.5660108 -0.0675157 0.1958314 0.0744789 0.9754715
1548265898.617910 1.0663688 -0.1962641 0.5880071 -0.0854351 0.1796667 0.0702680 0.9774882
1548265898.651420 1.0730275 -0.1921999 0.5890282 -0.0896055 0.1685774 0.0670877 0.9793119
1548265898.785730 1.0548021 -0.2065291 0.6187173 -0.1023796 0.1572633 0.0642419 0.9801325
1548265898.919610 1.0320518 -0.2202475 0.6369578 -0.1009689 0.1421821 0.0569718 0.9830279
1548265899.087370 1.0066923 -0.2290642 0.6290880 -0.0790581 0.1214303 0.0406230 0.9886123
1548265899.255070 0.9626182 -0.2412157 0.6061047 -0.0569085 0.1122475 0.0224487 0.9917954
1548265899.423020 0.9318283 -0.2351001 0.5889823 -0.0451006 0.0915470 0.0068896 0.9947551
1548265899.557080 0.9129146 -0.2445947 0.5789108 -0.0462492 0.0732201 -0.0003202 0.9962428
1548265899.624110 0.9059974 -0.2453022 0.5783566 -0.0454277 0.0661480 -0.0066122 0.9967533
1548265899.724660 0.8821226 -0.2347153 0.5738009 -0.0418781 0.0612956 -0.0165727 0.9971030
1548265899.892260 0.8595024 -0.2239876 0.5733729 -0.0404442 0.0490559 -0.0319414 0.9974656
1548265900.127030 0.8393599 -0.1973336 0.5739254 -0.0506234 0.0322971 -0.0543212 0.9967163
1548265900.696750 0.8096417 -0.1882491 0.5611955 -0.0373293 0.0310596 -0.0691517 0.9964235
