1548265363.585140 0.000000000 0.000000000 0.000000000 0.000000000 0.000000000 0.000000000 1.000000000
1548265363.618650 0.000809698 0.000991078 -0.001938257 0.001922758 0.003554390 -0.000808650 0.999991477
1548265363.652170 -0.003608410 0.005738021 -0.001260888 0.003246939 0.008180249 -0.000430454 0.999961197
1548265363.684590 -0.011894954 -0.002640971 -0.000824743 0.002322068 0.010961804 -0.000282797 0.999937177
1548265363.717130 -0.009712910 -0.001637182 -0.000818806 0.003321597 0.010835857 -0.001641779 0.999934435
1548265363.750510 -0.012212354 -0.000862851 -0.000731863 0.003680764 0.011342281 -0.002053325 0.999926805
1548265363.784020 -0.015684495 -0.005866254 -0.001148233 0.002803204 0.010771300 -0.002404236 0.999935150
1548265363.817540 -0.017924715 -0.006940388 -0.001299374 0.002394511 0.010288446 -0.002737293 0.999940455
1548265363.851060 -0.017855272 -0.008456890 -0.000155092 0.002101295 0.007815550 -0.002789420 0.999963343
1548265363.884520 -0.015907211 -0.008910579 -0.001439035 0.002105580 0.005980336 -0.004593296 0.999969363
1548265363.917970 -0.013035444 -0.014995662 -0.000912983 0.001619591 0.007227869 -0.004284199 0.999963403
1548265363.951480 -0.019682245 -0.022807386 -0.001056696 0.001469026 0.007482565 -0.002729909 0.999967217
1548265363.985070 -0.020506622 -0.017323462 0.002194272 0.003651445 0.005321010 -0.002783223 0.999975324
1548265364.018640 -0.019368161 -0.026264010 -0.000380919 0.003343486 0.002840342 -0.002193865 0.999987960
1548265364.052150 -0.013519548 -0.032798592 -0.000715993 0.003280525 0.000559209 -0.002809165 0.999990523
1548265364.085670 -0.012834937 -0.031069623 -0.001709575 0.005029613 0.001601685 -0.003122887 0.999981165
1548265364.119210 -0.015300917 -0.035668969 -0.002628592 0.006242952 0.003246913 -0.003051638 0.999970555
1548265364.152730 -0.021307264 -0.036509942 -0.002272059 0.008201838 0.004134905 -0.002537331 0.999954581
1548265364.186300 -0.020090302 -0.037413418 -0.003313914 0.010026699 0.002566661 -0.002938243 0.999942124
1548265364.219870 -0.016749194 -0.041226465 -0.006035762 0.011638989 0.002196915 -0.003608543 0.999923348
1548265364.253420 -0.025007065 -0.042139631 -0.006069798 0.013480459 0.003884299 -0.002794838 0.999897659
1548265364.287020 -0.029728899 -0.051510651 -0.006954900 0.013559469 0.001600606 -0.000862162 0.999906421
1548265364.320590 -0.024320761 -0.049521618 -0.008484177 0.016661093 -0.001325609 -0.002203028 0.999857903
1548265364.354090 -0.021694278 -0.053077221 -0.010761498 0.018616883 -0.001078318 -0.002199407 0.999823689
1548265364.387620 -0.023078837 -0.055156134 -0.011821049 0.020487627 0.000029246 -0.001364955 0.999789178
1548265364.421140 -0.025032090 -0.064051710 -0.012462204 0.021402003 0.000338787 -0.000542159 0.999770761
1548265364.454650 -0.019932587 -0.065195866 -0.016478166 0.023591854 -0.000172922 -0.001147744 0.999720991
1548265364.488170 -0.022973068 -0.069201492 -0.014045218 0.025406400 0.001382832 -0.000817914 0.999675930
1548265364.521680 -0.024191046 -0.073282212 -0.016282761 0.027300188 0.002560993 -0.000749303 0.999623716
1548265364.555200 -0.018861420 -0.070872530 -0.014416114 0.030153504 0.004832886 -0.000433812 0.999533474
1548265364.588730 -0.028511036 -0.084512345 -0.013864749 0.029987903 0.007815320 0.001264228 0.999518931
1548265364.622260 -0.029112585 -0.089278884 -0.014679393 0.031799484 0.004066984 0.000130513 0.999485970
1548265364.655760 -0.019601498 -0.089007810 -0.016811827 0.032579698 0.002238386 -0.002564478 0.999463320
1548265364.689280 -0.025923552 -0.092130557 -0.014087695 0.032287132 0.007971582 -0.002367886 0.999444067
1548265364.722790 -0.032933678 -0.095848449 -0.010035530 0.031655245 0.009609828 -0.002096275 0.999450445
1548265364.756310 -0.005220788 -0.093154684 -0.004329402 0.030408697 0.006700611 -0.004044846 0.999506891
1548265364.789820 -0.028436754 -0.092847824 -0.001158817 0.026965134 0.019816006 -0.002187685 0.999437511
1548265364.823340 -0.040572066 -0.096134067 0.005000998 0.023979247 0.021529416 -0.000801124 0.999480307
1548265364.856850 -0.028788744 -0.098668404 0.010506989 0.022148350 0.018083248 -0.002392461 0.999588251
1548265364.890370 -0.016439553 -0.080829732 0.014304608 0.023546062 0.021473508 -0.004074375 0.999483824
1548265364.923850 -0.047091227 -0.102673091 0.019798452 0.018006705 0.029900128 0.000017272 0.999390662
1548265364.957340 -0.021758227 -0.094588742 0.029406041 0.017214477 0.019660395 -0.000802498 0.999658167
1548265364.990840 0.007508003 -0.058945972 0.034332316 0.020865062 0.019273436 -0.002901505 0.999592304
1548265365.024360 -0.020630110 -0.079682298 0.045510683 0.014248309 0.028983012 0.001632372 0.999477029
1548265365.057890 -0.015509741 -0.073218167 0.051824957 0.012815791 0.025106927 0.002276012 0.999600053
1548265365.091390 -0.007816355 -0.058728728 0.053736921 0.012796455 0.024276605 0.001275902 0.999622583
1548265365.124870 -0.005779836 -0.057308502 0.062446415 0.009340937 0.024759911 0.002479901 0.999646723
1548265365.158360 -0.002502913 -0.051689778 0.068583645 0.006876695 0.022433439 0.002280058 0.999722123
1548265365.191870 -0.000263693 -0.035331279 0.071229734 0.005781517 0.021606088 0.001129963 0.999749184
1548265365.225420 -0.001005770 -0.031491518 0.077276632 0.001367511 0.022320561 0.001369235 0.999749005
1548265365.258930 0.003137389 -0.027926575 0.085500568 -0.003954958 0.020183502 0.001731874 0.999786973
1548265365.292450 0.009686505 -0.014898978 0.094347924 -0.007858301 0.019450689 0.000762196 0.999779642
1548265365.325960 0.011364404 -0.020197289 0.107730359 -0.014143120 0.017471518 0.000644980 0.999747097
1548265365.359540 0.029162142 -0.000382616 0.111290097 -0.018197419 0.012062826 -0.004221675 0.999752760
1548265365.393060 0.019688319 -0.005843436 0.122487359 -0.025778977 0.014828417 -0.005862567 0.999540508
1548265365.426670 0.012785274 -0.012310223 0.128623307 -0.031815436 0.013445364 -0.007428433 0.999375761
1548265365.460340 0.012621307 -0.006137631 0.137652799 -0.034805179 0.010585276 -0.008589510 0.999301136
1548265365.493960 0.005149055 -0.006098089 0.139798865 -0.037728477 0.004626125 -0.008762513 0.999238908
1548265365.527540 0.024374571 0.009175235 0.149037465 -0.037328016 -0.006317962 -0.011826626 0.999213099
1548265365.561110 0.016264431 0.005960288 0.156233892 -0.040365554 -0.008229526 -0.011577438 0.999083996
1548265365.594690 0.028749166 0.012002734 0.165487543 -0.040932659 -0.014738374 -0.013046586 0.998968005
1548265365.628220 0.033319123 0.016765503 0.169029340 -0.042538811 -0.017652005 -0.014484097 0.998833835
1548265365.661730 0.032062497 0.018973118 0.175192371 -0.044558413 -0.016425531 -0.015356958 0.998753667
1548265365.695250 0.040203691 0.034409110 0.182802320 -0.043588560 -0.016548870 -0.015503873 0.998792171
1548265365.728780 0.035554979 0.033124249 0.186959013 -0.046094887 -0.015190012 -0.017234320 0.998672843
1548265365.762300 0.046604961 0.043521941 0.188757494 -0.046579726 -0.011390911 -0.017562795 0.998695195
1548265365.795810 0.035233878 0.052150100 0.192966551 -0.047958795 -0.007629727 -0.016414208 0.998685300
1548265365.829310 0.058136504 0.059288159 0.192648888 -0.049555682 -0.009026986 -0.018441850 0.998560309
1548265365.862830 0.032248393 0.072002001 0.203478664 -0.051588971 -0.000225430 -0.016757326 0.998527765
1548265365.896350 0.039682046 0.068801269 0.210417926 -0.056080174 -0.004024446 -0.015707698 0.998294592
1548265365.929860 0.041158359 0.085364968 0.213049561 -0.055518743 -0.001049346 -0.016834008 0.998315156
1548265365.963380 0.031756975 0.093674608 0.220257506 -0.057496689 0.000361975 -0.014432966 0.998241305
1548265365.996890 0.028005503 0.103952281 0.223570988 -0.059460241 -0.001846768 -0.013896304 0.998132229
1548265366.030410 0.043931983 0.100499772 0.227010399 -0.064058408 -0.006876450 -0.014707749 0.997814059
1548265366.063700 0.057809446 0.118549734 0.230183437 -0.065239072 -0.004272483 -0.016197324 0.997729003
1548265366.097220 0.047961310 0.135401383 0.238289431 -0.067388520 0.000607362 -0.013710208 0.997632384
1548265366.130740 0.042844325 0.144530550 0.244794086 -0.071312852 0.001639530 -0.012737650 0.997371316
1548265366.164250 0.055752918 0.136960313 0.249055952 -0.077663466 -0.000047974 -0.014280089 0.996877372
1548265366.197860 0.047254972 0.136719391 0.255399406 -0.080869690 0.004988406 -0.012456615 0.996634364
1548265366.231280 0.023951139 0.153117701 0.254418433 -0.079726823 0.005800449 -0.009603950 0.996753573
1548265366.264760 0.074523792 0.159562677 0.256700397 -0.079209544 -0.006372821 -0.012331912 0.996761322
1548265366.298280 0.067198202 0.174831584 0.265223593 -0.076594830 0.007136786 -0.009888914 0.996987700
1548265366.331800 0.056173850 0.177830666 0.269813985 -0.076269194 0.010538267 -0.008521096 0.996995151
1548265366.365310 0.063541487 0.169350788 0.268715769 -0.077827461 0.011191627 -0.008558308 0.996867299
1548265366.398830 0.062530592 0.176962063 0.271990746 -0.076047234 0.013923301 -0.005790820 0.996990204
1548265366.432340 0.042802930 0.179434046 0.271097183 -0.075286448 0.017949997 -0.003906250 0.996992707
1548265366.465860 0.058410194 0.184434265 0.275597066 -0.075489759 0.012380481 -0.004113539 0.997061253
1548265366.499320 0.058639731 0.192701831 0.278735965 -0.075976826 0.014322656 -0.004289443 0.996997476
1548265366.532840 0.039742723 0.184365124 0.277840376 -0.078769818 0.016178841 -0.002029974 0.996759474
1548265366.566350 0.053501099 0.177014560 0.287412643 -0.080598220 0.010649844 -0.005364785 0.996675372
1548265366.599660 0.053319048 0.184235722 0.293624967 -0.080343358 0.013180908 -0.004914540 0.996667981
1548265366.633180 0.045694511 0.182874039 0.296228975 -0.081384465 0.013336873 -0.004076750 0.996585250
1548265366.666690 0.053902622 0.175387442 0.301235676 -0.083420813 0.009791522 -0.005291548 0.996452272
1548265366.699900 0.050885048 0.165384904 0.305624366 -0.085954018 0.010512054 -0.005045355 0.996230900
1548265366.733360 0.048204158 0.158632934 0.309522003 -0.085780151 0.009466983 -0.003297375 0.996263683
1548265366.766880 0.052756779 0.144892812 0.311254770 -0.086484328 0.007401395 -0.003779272 0.996218562
1548265366.800400 0.055414900 0.131040767 0.311024874 -0.084990680 0.006703774 -0.002101483 0.996356964
1548265366.833970 0.051266167 0.130321801 0.309089333 -0.080753222 0.004945913 -0.001489848 0.996720731
1548265366.868010 0.059717048 0.115192592 0.311568707 -0.078896202 0.002600898 -0.001517641 0.996878266
1548265366.901520 0.055928066 0.104866855 0.306070983 -0.075073369 0.003554237 0.000100732 0.997171640
1548265366.934520 0.055751737 0.101885840 0.301202327 -0.070777789 0.001626925 0.001230165 0.997490048
1548265366.967980 0.050115462 0.098021440 0.300941765 -0.067160450 0.000720297 0.000088964 0.997741938
1548265367.001490 0.045847278 0.090667196 0.296735644 -0.064946339 -0.000954671 0.002022996 0.997886240
1548265367.035370 0.056306124 0.079934441 0.299824029 -0.063054837 -0.004931205 0.002184735 0.997995496
1548265367.069000 0.053678300 0.087412097 0.294554710 -0.058563568 -0.003889088 0.001534503 0.998274922
1548265367.102510 0.046886355 0.071426496 0.292321086 -0.059019752 -0.003114596 0.001882889 0.998250186
1548265367.136030 0.056658480 0.064374581 0.292059213 -0.057181533 -0.005649178 0.001999637 0.998345852
1548265367.169530 0.061319999 0.051207796 0.290630162 -0.056294393 -0.003294894 0.002925545 0.998404503
1548265367.203040 0.056148451 0.049460042 0.286579877 -0.052329522 -0.000374188 0.004082786 0.998621464
1548265367.236560 0.064202838 0.037203725 0.282365203 -0.051089820 0.000342005 0.004919986 0.998681903
1548265367.269980 0.053145450 0.022553580 0.278630584 -0.049412601 0.004901522 0.005983339 0.998748481
1548265367.303490 0.048405156 0.015237055 0.266173810 -0.046333607 0.003810778 0.009106718 0.998877227
1548265367.336980 0.051897995 0.008660028 0.266422689 -0.041214120 -0.001052481 0.008664143 0.999112248
1548265367.370480 0.070600331 0.005536774 0.266362011 -0.035901919 -0.002323148 0.008792271 0.999313951
1548265367.403990 0.047173019 -0.003780760 0.258300900 -0.032577015 0.003458057 0.009313671 0.999419868
1548265367.437520 0.056753200 -0.018257460 0.253791511 -0.029211367 0.001050914 0.010957549 0.999512672
1548265367.471070 0.056577243 -0.011586460 0.243353009 -0.023110900 0.002213128 0.010272499 0.999677718
1548265367.504560 0.059275817 -0.028346319 0.239545614 -0.022372240 0.004538944 0.010868878 0.999680340
1548265367.538060 0.050363503 -0.040432040 0.232285962 -0.020195225 0.005929612 0.012032501 0.999706089
1548265367.571530 0.050967097 -0.040973585 0.226949185 -0.016820047 0.005716416 0.010822268 0.999783635
1548265367.605040 0.046182271 -0.056159206 0.221611395 -0.016589524 0.007790641 0.011243979 0.999768794
1548265367.638540 0.046924677 -0.063883990 0.215463385 -0.014119624 0.006632173 0.011048210 0.999817252
1548265367.672050 0.044820327 -0.065234117 0.208915889 -0.010485067 0.006149294 0.009314715 0.999882758
1548265367.705540 0.053817648 -0.060873277 0.205195859 -0.005963042 0.008584846 0.007349506 0.999918342
1548265367.739050 0.052786876 -0.068801232 0.197760195 -0.004311264 0.017041489 0.007574616 0.999816775
1548265367.772560 0.045023948 -0.081500918 0.195181593 -0.002101515 0.021634050 0.008297505 0.999729335
1548265367.806040 0.074984580 -0.099702619 0.189779669 -0.000835777 0.020651905 0.007287215 0.999759793
1548265367.839550 0.104034364 -0.121562466 0.178984076 -0.001398977 0.032057207 0.009290334 0.999441862
1548265367.873030 0.067738056 -0.125444457 0.180883870 0.002326825 0.047765814 0.011249482 0.998792529
1548265367.906530 0.086015172 -0.133472547 0.173290044 0.005651930 0.049634047 0.011402003 0.998686373
1548265367.940050 0.098774746 -0.116496757 0.162708834 0.012709564 0.060075913 0.012390452 0.998035967
1548265367.973550 0.064512745 -0.123987690 0.159946635 0.015734874 0.076663785 0.014421390 0.996828496
1548265368.007080 0.084664188 -0.133332983 0.160012007 0.017269757 0.080380261 0.015004276 0.996501684
1548265368.040590 0.073364161 -0.142283618 0.147826731 0.019331215 0.093860805 0.016392801 0.995262623
1548265368.074100 0.063990362 -0.141824618 0.136213571 0.022914579 0.104979068 0.019444568 0.994020224
1548265368.107590 0.055934791 -0.145132154 0.124041319 0.025235659 0.112952560 0.021342156 0.993050575
1548265368.141010 0.093618497 -0.160230264 0.117348142 0.024689298 0.116387680 0.023593800 0.992616594
1548265368.174520 0.086093038 -0.151386917 0.115440525 0.028364800 0.129037499 0.027188094 0.990860999
1548265368.208040 0.087108418 -0.159203470 0.109094128 0.028866999 0.138089553 0.030524457 0.989528298
1548265368.241550 0.117847681 -0.161669418 0.099598303 0.029773958 0.142302468 0.033509068 0.988807678
1548265368.275070 0.131846026 -0.160632908 0.091493525 0.030447768 0.152288333 0.036750659 0.987183154
1548265368.308590 0.126680732 -0.159485027 0.087090798 0.030849539 0.163919702 0.040042911 0.985177755
1548265368.342100 0.113401316 -0.151809812 0.092704467 0.032368124 0.174449325 0.042780794 0.983203709
1548265368.375960 0.116397977 -0.153024539 0.093015619 0.032030504 0.183982715 0.043622885 0.981438458
1548265368.409520 0.105397902 -0.157139286 0.092064537 0.031420052 0.196401551 0.048717350 0.978808403
1548265368.443030 0.108668745 -0.149520695 0.095510870 0.033488479 0.201814219 0.050308164 0.977557480
1548265368.476550 0.117702097 -0.155581355 0.091622919 0.033533651 0.207190663 0.052626796 0.976308346
1548265368.510070 0.154878110 -0.187540531 0.064528897 0.028964464 0.208903477 0.056046393 0.975899160
1548265368.543590 0.147840574 -0.197624311 0.068659127 0.028984502 0.218994647 0.059192792 0.973497510
1548265368.577180 0.149316028 -0.185493276 0.072069436 0.034183424 0.225295022 0.061861172 0.971723616
1548265368.610700 0.166271612 -0.203562573 0.055344354 0.033451527 0.228451148 0.063320458 0.970917940
1548265368.644270 0.174020186 -0.210319430 0.051265776 0.035285719 0.235174492 0.066611923 0.969025671
1548265368.677780 0.165393502 -0.211475998 0.051296037 0.038571257 0.244639635 0.069256701 0.966368079
1548265368.711300 0.172256812 -0.201524407 0.045648288 0.043349221 0.251106113 0.072407559 0.964273691
1548265368.744810 0.185757712 -0.213377237 0.035982005 0.044479996 0.255365014 0.075793177 0.962842464
1548265368.778280 0.191864192 -0.216309905 0.022950269 0.046998680 0.261471033 0.079290554 0.960800231
1548265368.811730 0.177312389 -0.216684192 0.033852477 0.050375357 0.270773619 0.082771234 0.957754076
1548265368.845250 0.202325046 -0.222293004 0.014545112 0.052626614 0.270902723 0.086359330 0.957279563
1548265368.911690 0.218318120 -0.220786601 -0.007549761 0.057537436 0.281428903 0.089166880 0.953696191
1548265368.945160 0.198578328 -0.226483002 0.000773071 0.059310649 0.289746702 0.092183039 0.950805664
1548265368.978680 0.211503148 -0.238432750 -0.010202163 0.058871709 0.292746007 0.092464685 0.949886382
1548265369.012190 0.205952197 -0.230602935 -0.010813159 0.061984923 0.300929993 0.091959953 0.947175980
1548265369.045690 0.251405090 -0.243903413 -0.046211738 0.062276971 0.299599975 0.095973052 0.947180331
1548265369.079210 0.254113793 -0.248055503 -0.056511793 0.064814582 0.301668942 0.095996514 0.946350694
1548265369.112720 0.246475548 -0.259318024 -0.053484108 0.066745803 0.308216065 0.095716916 0.944132507
1548265369.146240 0.249042496 -0.258790612 -0.060190264 0.070504218 0.313678056 0.096062139 0.942022979
1548265369.179740 0.233509079 -0.250478804 -0.054322712 0.076449618 0.319648415 0.097278558 0.939423859
1548265369.213270 0.221444711 -0.247456476 -0.055448916 0.081194386 0.323699504 0.096107751 0.937757671
1548265369.246790 0.226490229 -0.250294358 -0.063813314 0.084562145 0.326328486 0.095095463 0.936651349
1548265369.280310 0.231252253 -0.254613638 -0.077948645 0.086813524 0.327398479 0.095486052 0.936032057
1548265369.313830 0.221303955 -0.253420293 -0.075852551 0.090258047 0.330176771 0.094985113 0.934780478
1548265369.347350 0.209741130 -0.261832178 -0.070032410 0.091135390 0.335249275 0.093213230 0.933066726
1548265369.380870 0.207993641 -0.253620744 -0.071463175 0.094611622 0.339915335 0.091872089 0.931163669
1548265369.414480 0.208109692 -0.258433700 -0.087602861 0.096966259 0.339871347 0.092950970 0.930830359
1548265369.448020 0.213420779 -0.264233708 -0.094412938 0.097877264 0.338229805 0.090999112 0.931525528
1548265369.481510 0.189667776 -0.266087472 -0.076960146 0.098598041 0.344754577 0.088131264 0.929330707
1548265369.514940 0.203839913 -0.278193444 -0.094330288 0.096912615 0.345838994 0.088801794 0.929041266
1548265369.548540 0.197295755 -0.278289527 -0.100598261 0.097223997 0.346625835 0.090246461 0.928576112
1548265369.582080 0.184855431 -0.268215567 -0.092493296 0.097956941 0.348350704 0.089378804 0.927937329
1548265369.615640 0.188252196 -0.276757747 -0.088567905 0.094766371 0.351283044 0.089568146 0.927144587
1548265369.649170 0.191101864 -0.278650522 -0.095572807 0.093147688 0.353358269 0.091003552 0.926379919
1548265369.682700 0.223922402 -0.278101295 -0.124103718 0.090156801 0.348709464 0.091975525 0.928339362
1548265369.716280 0.219153270 -0.271664202 -0.121418953 0.087556265 0.350156188 0.091080725 0.928131938
1548265369.749800 0.198815674 -0.268806875 -0.103258908 0.082905546 0.357192755 0.089038670 0.926073492
1548265369.783310 0.219877556 -0.266911536 -0.110055938 0.076672442 0.360719800 0.089108892 0.925236285
1548265369.816830 0.208533436 -0.250232905 -0.104447380 0.075036079 0.364735305 0.089989141 0.923709750
1548265369.850350 0.186618209 -0.255185962 -0.074414186 0.069481030 0.373927385 0.089629658 0.920498371
1548265369.883860 0.204860032 -0.250028312 -0.093196392 0.066943489 0.373505503 0.091371574 0.920686424
1548265369.917380 0.209853888 -0.243599057 -0.097514063 0.064808056 0.372535199 0.091443084 0.921225071
1548265369.950890 0.217078358 -0.239596173 -0.097884744 0.062535338 0.372430116 0.090902932 0.921478033
1548265369.984450 0.226901799 -0.240996301 -0.100106187 0.060684219 0.373308092 0.091130972 0.921223998
1548265370.018000 0.208689466 -0.228264272 -0.085930228 0.061888471 0.378310442 0.091097020 0.919104099
1548265370.051550 0.219150767 -0.231236815 -0.098778784 0.060101170 0.377211452 0.092202321 0.919564068
1548265370.085070 0.217201099 -0.226496220 -0.097328529 0.059361864 0.378074437 0.092176273 0.919260263
1548265370.118580 0.217692286 -0.228545010 -0.101221383 0.057502039 0.378442228 0.093237616 0.919120073
1548265370.152100 0.220553428 -0.225891098 -0.102314360 0.055785000 0.378636837 0.093161896 0.919153452
1548265370.185610 0.215460524 -0.220070109 -0.099448591 0.054806963 0.379190177 0.093318425 0.918968260
1548265370.219130 0.209769085 -0.217708960 -0.093921982 0.053289324 0.380358636 0.093613617 0.918544531
1548265370.252500 0.210870370 -0.216658443 -0.101198100 0.051216703 0.379252851 0.094501317 0.919028640
1548265370.286000 0.207679182 -0.209472790 -0.101251461 0.050300550 0.377899200 0.094812892 0.919604540
1548265370.319480 0.199053198 -0.202866822 -0.092275798 0.048646100 0.378194898 0.093494505 0.919707000
1548265370.353050 0.209636077 -0.205675557 -0.088783853 0.044983979 0.378894389 0.092579752 0.919698000
1548265370.386490 0.216669455 -0.205944359 -0.100555241 0.041767810 0.377918005 0.093843371 0.920123279
1548265370.420010 0.211016059 -0.195702419 -0.095603704 0.039898310 0.377355754 0.093084700 0.920513988
1548265370.453520 0.209185898 -0.189490452 -0.084083028 0.037211310 0.379068583 0.091661066 0.920065522
1548265370.487030 0.215454653 -0.190986112 -0.089043282 0.033714339 0.379308611 0.092540920 0.920013309
1548265370.520530 0.214404881 -0.179739729 -0.086463943 0.032305487 0.379507542 0.091948979 0.920041203
1548265370.554030 0.217629462 -0.182405397 -0.083790071 0.028420515 0.380008012 0.091881268 0.919969559
1548265370.587530 0.221860677 -0.186810464 -0.083788976 0.023641579 0.379644990 0.091947511 0.920248032
1548265370.621040 0.211481884 -0.170887411 -0.071707554 0.022118360 0.382040381 0.090885788 0.919399619
1548265370.654560 0.198909983 -0.165234149 -0.060964875 0.019501070 0.385080218 0.090747006 0.918203652
1548265370.688050 0.206086814 -0.163996652 -0.061416265 0.015066764 0.384969950 0.092172489 0.918191373
1548265370.721570 0.225336045 -0.165718138 -0.067092091 0.011203000 0.382228464 0.094110712 0.919194818
1548265370.755090 0.221526116 -0.157531992 -0.064670846 0.009669753 0.381725252 0.094036736 0.919428825
1548265370.788620 0.229534417 -0.149475604 -0.063934244 0.007211193 0.380549520 0.093635716 0.919979572
1548265370.822140 0.225621670 -0.145370156 -0.059677970 0.005490243 0.381427497 0.094271682 0.919562817
1548265370.855650 0.225706428 -0.146279827 -0.058826182 0.003432666 0.380472869 0.095790081 0.919811308
1548265370.889400 0.227278441 -0.142191261 -0.059075903 0.001358077 0.379587024 0.095395066 0.920223653
1548265370.922920 0.223025993 -0.133393764 -0.053173821 -0.000760290 0.381230861 0.094240636 0.919663608
1548265370.956430 0.226610884 -0.135591999 -0.052657075 -0.004033328 0.381795198 0.095964551 0.919242620
1548265370.989950 0.226999417 -0.130822763 -0.051440790 -0.005887932 0.381171942 0.096839905 0.919399440
1548265371.023470 0.220845073 -0.120531820 -0.047832970 -0.008265516 0.381954849 0.095127858 0.919234931
1548265371.056980 0.222021043 -0.120391659 -0.048026998 -0.012723634 0.383625209 0.096058585 0.918391287
1548265371.090500 0.218039915 -0.116826110 -0.041686174 -0.016126104 0.384163409 0.096653782 0.918050349
1548265371.124050 0.230800182 -0.112952039 -0.042908788 -0.020348318 0.382283479 0.096650407 0.918751299
1548265371.157560 0.220130146 -0.113249570 -0.034606729 -0.023931796 0.384053260 0.097641654 0.917821586
1548265371.191080 0.222122878 -0.120081522 -0.034319155 -0.029359717 0.382161140 0.098605260 0.918350637
1548265371.224580 0.222523913 -0.107059591 -0.029535929 -0.030286152 0.381380051 0.098434955 0.918663502
1548265371.258090 0.224048957 -0.100574426 -0.025071122 -0.031859189 0.380175471 0.097898833 0.919166684
1548265371.291610 0.231645718 -0.111929797 -0.030216081 -0.034479387 0.376580894 0.099366307 0.920393586
1548265371.325120 0.229437262 -0.102031603 -0.028549410 -0.033404671 0.375865042 0.098921895 0.920773625
1548265371.358630 0.233592421 -0.110811807 -0.027407734 -0.033952978 0.373576552 0.100552991 0.921507895
1548265371.392130 0.230164289 -0.095033772 -0.027521543 -0.031207925 0.371859491 0.097871631 0.922587514
1548265371.425560 0.230847031 -0.090052180 -0.025861802 -0.030490533 0.371732503 0.096845746 0.922770917
1548265371.458930 0.225830853 -0.087478749 -0.023373501 -0.029922811 0.372844547 0.096958771 0.922328889
1548265371.492520 0.222227529 -0.079331160 -0.020227754 -0.028881602 0.372908562 0.096518353 0.922382414
1548265371.526110 0.232302651 -0.078243867 -0.024940329 -0.030033991 0.372017801 0.095936701 0.922765851
1548265371.559630 0.231357053 -0.078410670 -0.028192373 -0.030983606 0.372932941 0.096352428 0.922321677
1548265371.593150 0.231910780 -0.077209190 -0.025865925 -0.031392571 0.372751206 0.096320942 0.922384620
1548265371.626670 0.228038430 -0.082097560 -0.025547618 -0.033412945 0.374560922 0.096708022 0.921539605
1548265371.660180 0.228660852 -0.082270756 -0.024972692 -0.032945808 0.374584526 0.099170670 0.921285093
1548265371.693700 0.232820496 -0.074657381 -0.023629539 -0.031554047 0.372766525 0.099121936 0.922076106
1548265371.727220 0.229111448 -0.074583203 -0.023354806 -0.031361446 0.373280019 0.098486461 0.921943009
1548265371.760730 0.229950324 -0.081670724 -0.024083013 -0.032305434 0.373876452 0.100316487 0.921471298
1548265371.794250 0.235687211 -0.088538148 -0.028018722 -0.032382257 0.372266352 0.101366863 0.922005355
1548265371.827760 0.241517827 -0.089039028 -0.031517603 -0.031624086 0.371168315 0.101657234 0.922442317
1548265371.861280 0.231764317 -0.083957747 -0.027224004 -0.028464038 0.372575253 0.103049450 0.921823382
1548265371.894790 0.237533316 -0.087032564 -0.031584091 -0.027524872 0.371220738 0.102971315 0.922406852
1548265371.928310 0.235776573 -0.083261646 -0.031880360 -0.025146969 0.371698827 0.103085607 0.922269464
1548265371.961830 0.237701282 -0.092034459 -0.035544112 -0.024175052 0.371760339 0.104127310 0.922153652
1548265371.995340 0.238589972 -0.094662309 -0.039251544 -0.022131210 0.370741069 0.104679383 0.922552705
1548265372.028860 0.240008473 -0.094885036 -0.039646018 -0.020271087 0.370481014 0.103674345 0.922813356
1548265372.062370 0.237996519 -0.095140882 -0.040334467 -0.018864818 0.371571600 0.103348300 0.922441244
1548265372.095870 0.232490003 -0.098609723 -0.042427052 -0.017852845 0.372477531 0.103575744 0.922070384
1548265372.129380 0.237349659 -0.099458434 -0.046512544 -0.016188890 0.371587157 0.104138568 0.922396898
1548265372.162860 0.233471245 -0.100126453 -0.045408424 -0.014814693 0.371903658 0.104088314 0.922298133
1548265372.196380 0.229095846 -0.097507119 -0.046281397 -0.013515044 0.372427166 0.103573710 0.922164738
1548265372.229900 0.233193114 -0.105203182 -0.049906187 -0.013713498 0.371893466 0.104898542 0.922227442
1548265372.263410 0.229811877 -0.105933689 -0.047282241 -0.012563460 0.371499181 0.105281793 0.922359109
1548265372.296930 0.234333381 -0.105237879 -0.049303800 -0.012108202 0.370654494 0.103918113 0.922859490
1548265372.330440 0.231502458 -0.110020377 -0.049919438 -0.011577916 0.372290820 0.104592033 0.922131240
1548265372.363930 0.234029174 -0.118173830 -0.050177664 -0.011414080 0.371858746 0.105620004 0.922190487
1548265372.397440 0.232467294 -0.114510879 -0.051485006 -0.010191669 0.371567428 0.104380019 0.922463357
1548265372.430970 0.234163314 -0.121773876 -0.051885638 -0.010592841 0.371877670 0.104495429 0.922320724
1548265372.464510 0.231051698 -0.127468899 -0.051730171 -0.009318071 0.372631580 0.105085097 0.921963096
1548265372.498200 0.230792716 -0.126298815 -0.051763836 -0.007070253 0.372208059 0.104390949 0.922232985
1548265372.531720 0.235733360 -0.131808922 -0.057647657 -0.005675242 0.371838719 0.104540035 0.922374725
1548265372.565260 0.231271148 -0.132552683 -0.055466007 -0.003167570 0.373305559 0.104782999 0.921766460
1548265372.598790 0.229118615 -0.135732040 -0.057175528 -0.001045564 0.373041511 0.105167180 0.921834469
1548265372.632310 0.233065367 -0.144047692 -0.063079752 0.000919262 0.371896625 0.105463088 0.922263324
1548265372.665820 0.231576547 -0.140863329 -0.068855323 0.004169902 0.372489750 0.104139157 0.922165394
1548265372.699350 0.225919604 -0.140894264 -0.069937363 0.007302916 0.373862058 0.104856044 0.921509147
1548265372.732870 0.224688709 -0.142111450 -0.072023995 0.009535855 0.373964399 0.104010522 0.921543002
1548265372.766390 0.216584593 -0.146957621 -0.069478907 0.011030839 0.375991672 0.103934109 0.920709670
1548265372.799900 0.221389905 -0.152672678 -0.076413013 0.011946510 0.374950469 0.103998177 0.921115518
1548265372.833420 0.223051265 -0.154086992 -0.076791659 0.013969121 0.375391990 0.103550054 0.920957744
1548265372.866940 0.221657917 -0.156125799 -0.080609761 0.016432367 0.376202226 0.103520587 0.920589685
1548265372.900460 0.218636215 -0.163600504 -0.083500296 0.018540896 0.376783818 0.104539312 0.920196593
1548265372.933970 0.219639271 -0.164342403 -0.088328086 0.021418277 0.376260728 0.104125328 0.920395017
1548265372.967480 0.214433014 -0.167553410 -0.087573461 0.023717718 0.377207637 0.104165584 0.919946432
1548265373.001000 0.207426921 -0.170966893 -0.085245177 0.025469979 0.378229529 0.104642846 0.919425666
1548265373.034540 0.209343284 -0.177758217 -0.089877062 0.026402613 0.378171831 0.105643958 0.919308603
1548265373.068070 0.202968732 -0.176925689 -0.089618139 0.027701814 0.378856361 0.105753943 0.918975830
1548265373.101640 0.207453370 -0.179990262 -0.094950065 0.027411018 0.378445596 0.106286094 0.919092417
1548265373.135160 0.197188586 -0.182997331 -0.092204817 0.026927406 0.380291164 0.107219629 0.918236077
1548265373.168740 0.201800391 -0.190988913 -0.094739586 0.025363710 0.379304230 0.107912399 0.918607593
1548265373.202370 0.198691621 -0.187148884 -0.093398675 0.024920551 0.379903764 0.107614949 0.918406844
1548265373.235880 0.199410498 -0.190506548 -0.093081512 0.023759438 0.379689038 0.107812628 0.918503225
1548265373.269400 0.197205737 -0.197759643 -0.090350233 0.021806538 0.381358683 0.107393757 0.917908847
1548265373.302920 0.193862706 -0.196979403 -0.093543410 0.021550506 0.380824387 0.107436650 0.918131649
1548265373.336430 0.198988199 -0.199084193 -0.099167645 0.020229192 0.377358735 0.105636477 0.919800043
1548265373.369950 0.194573298 -0.198286429 -0.089834176 0.019658631 0.381095260 0.104208298 0.918433785
1548265373.403350 0.195116833 -0.204344377 -0.093136013 0.019851794 0.380852968 0.104999259 0.918440044
1548265373.436860 0.194540769 -0.202605724 -0.092247292 0.021209450 0.381009459 0.103309691 0.918536365
1548265373.470500 0.197248951 -0.208209306 -0.097169466 0.022444427 0.380603403 0.102605939 0.918754220
1548265373.504080 0.196742117 -0.211626515 -0.104066834 0.024687048 0.379285604 0.101662971 0.919346333
1548265373.537600 0.186942324 -0.213416874 -0.102267839 0.026239885 0.379022509 0.099753931 0.919620872
1548265373.570930 0.186375096 -0.211677700 -0.103649959 0.028313246 0.378395826 0.097736113 0.920034051
1548265373.604390 0.180914029 -0.215873927 -0.103904702 0.029170493 0.379955679 0.096292764 0.919516444
1548265373.637960 0.170148104 -0.213985771 -0.101416945 0.030317973 0.380954921 0.096270189 0.919068158
1548265373.671470 0.170525849 -0.217485905 -0.100430146 0.029264178 0.381312221 0.095061004 0.919080019
1548265373.704990 0.162788704 -0.219396800 -0.097527027 0.029033991 0.384427667 0.095538333 0.917738974
1548265373.738740 0.168081701 -0.226123571 -0.103787400 0.028505145 0.384544462 0.097225972 0.917529345
1548265373.772370 0.169650331 -0.226923183 -0.106987149 0.029315321 0.384354770 0.098835297 0.917411387
1548265373.805960 0.166549012 -0.229784533 -0.104913965 0.029309575 0.385262370 0.099031687 0.917009592
1548265373.839480 0.164954841 -0.233841404 -0.108643934 0.030247541 0.385174602 0.101682469 0.916725874
1548265373.872920 0.165958643 -0.241534263 -0.113630071 0.031129528 0.381243378 0.104059160 0.918071985
1548265373.906440 0.162478834 -0.229999989 -0.104677811 0.032993168 0.380921483 0.101253077 0.918454170
1548265373.939950 0.167376935 -0.236427322 -0.110618562 0.032960169 0.381881386 0.103535339 0.917802095
1548265373.973350 0.166118547 -0.238395929 -0.116925761 0.034018900 0.379614115 0.105449267 0.918485880
1548265374.006870 0.166643351 -0.241583407 -0.112609945 0.033267234 0.378888488 0.103762366 0.919004977
1548265374.040380 0.168125883 -0.246366963 -0.108665012 0.032566711 0.380523384 0.103356153 0.918400168
1548265374.073900 0.166750684 -0.242022261 -0.116579816 0.034535438 0.379523456 0.104090422 0.918659031
1548265374.107420 0.173890233 -0.245004877 -0.119666874 0.035103377 0.376939446 0.101795398 0.919957638
1548265374.140810 0.165809780 -0.241578534 -0.108788818 0.036218196 0.380517274 0.098602317 0.918788552
1548265374.174260 0.167591810 -0.249737039 -0.114332199 0.036591671 0.382102132 0.099081315 0.918064237
1548265374.207240 0.175159767 -0.240932137 -0.125213608 0.040476087 0.378986239 0.098394617 0.919265807
1548265374.240700 0.166062415 -0.254205316 -0.118766159 0.041057371 0.379336566 0.095463544 0.919404566
1548265374.274220 0.159800604 -0.252543360 -0.115813509 0.043305226 0.381263912 0.094199523 0.918634295
1548265374.307710 0.160852492 -0.252860457 -0.122346573 0.046228003 0.380063266 0.094498955 0.918958604
1548265374.341230 0.158752039 -0.247588739 -0.123381667 0.049028963 0.379033715 0.093222536 0.919368863
1548265374.374740 0.161083162 -0.253224760 -0.127315864 0.050331037 0.378227144 0.094131187 0.919538081
1548265374.408280 0.162863120 -0.254266679 -0.133685455 0.052901603 0.375807554 0.095090307 0.920286834
1548265374.441800 0.153156072 -0.253497690 -0.131307513 0.055058565 0.376013339 0.094820984 0.920104086
1548265374.475370 0.145836234 -0.257992983 -0.128986433 0.055977821 0.376792908 0.095943846 0.919613183
1548265374.508880 0.158813119 -0.256971866 -0.140916362 0.057262216 0.372857600 0.096166551 0.921113551
1548265374.542350 0.157139242 -0.254498124 -0.138337120 0.059062857 0.372155607 0.095703863 0.921331942
1548265374.575870 0.152072102 -0.264657944 -0.140389279 0.058487229 0.373518854 0.095446646 0.920843542
1548265374.609380 0.149017751 -0.269018650 -0.141747132 0.058901366 0.373334587 0.095610164 0.920874953
1548265374.642950 0.147669449 -0.268318743 -0.142951593 0.058739889 0.372749239 0.093972936 0.921290815
1548265374.676800 0.143300533 -0.268411517 -0.139884993 0.058333598 0.374578089 0.093013763 0.920671999
1548265374.710320 0.147884607 -0.259890884 -0.146204382 0.059976730 0.373433530 0.092669092 0.921065986
1548265374.743900 0.148221448 -0.261656731 -0.147799894 0.060204338 0.372598529 0.091395698 0.921516418
1548265374.777420 0.146946639 -0.275188118 -0.148926586 0.058083344 0.372679383 0.091250479 0.921634257
1548265374.811010 0.170454934 -0.244051144 -0.174468040 0.060641084 0.366946548 0.087087065 0.924169183
1548265374.844450 0.134379774 -0.268628448 -0.146424502 0.058535982 0.372069865 0.090002827 0.921974540
1548265374.877920 0.135283723 -0.274784625 -0.151145369 0.057306457 0.370430171 0.089605600 0.922750413
1548265374.911440 0.131419063 -0.273419708 -0.146613970 0.056450851 0.370212168 0.089212805 0.922928691
1548265374.944960 0.132435560 -0.271765560 -0.147335425 0.055882465 0.369251788 0.089188993 0.923350215
1548265374.978470 0.137157992 -0.273569852 -0.151283547 0.054750215 0.366931111 0.089186527 0.924342871
1548265375.011960 0.133236468 -0.271267802 -0.144778788 0.053610466 0.367211133 0.088132009 0.924399614
1548265375.045500 0.164254114 -0.241732344 -0.169877887 0.055489421 0.361325532 0.085830882 0.926821351
1548265375.079020 0.153340012 -0.267775863 -0.163367122 0.051192801 0.362123251 0.088760808 0.926481307
1548265375.112560 0.143625647 -0.270329177 -0.151496112 0.048750434 0.362935275 0.088689700 0.926302075
1548265375.146090 0.145017073 -0.275243133 -0.147112191 0.045772996 0.363312006 0.088801377 0.926295578
1548265375.179590 0.126642376 -0.259749353 -0.136464208 0.045557983 0.365763545 0.087754063 0.925440848
1548265375.213130 0.154917225 -0.235818192 -0.159777150 0.045494765 0.359773040 0.084873542 0.928057134
1548265375.246620 0.186218306 -0.209005266 -0.175599709 0.046524279 0.353372246 0.081612788 0.930753946
1548265375.280140 0.211672574 -0.193297923 -0.184864312 0.045729145 0.348922014 0.078374617 0.932748437
1548265375.313630 0.243260562 -0.168390453 -0.192275673 0.047849461 0.343521416 0.074741580 0.934942305
1548265375.347170 0.133086234 -0.252058089 -0.135517076 0.036249861 0.360803783 0.086284444 0.927934051
1548265375.380680 0.168195233 -0.235786900 -0.160100013 0.036770560 0.353121787 0.084632725 0.931015670
1548265375.414230 0.205964267 -0.211647853 -0.178364545 0.039150435 0.345206797 0.082387075 0.934083462
1548265375.447680 0.224102333 -0.202787504 -0.182555348 0.039839927 0.340921998 0.080656439 0.935777485
1548265375.481200 0.258692265 -0.205560327 -0.206040308 0.037356589 0.334942520 0.076768465 0.938362718
1548265375.514760 0.151335955 -0.245740518 -0.144124821 0.031757396 0.352486342 0.084377781 0.931464016
1548265375.548230 0.180623025 -0.252566725 -0.163138613 0.029349430 0.345176399 0.083764590 0.934331536
1548265375.581800 0.213857144 -0.258797199 -0.183275998 0.026874680 0.338684201 0.080741100 0.937044084
1548265375.615310 0.239229217 -0.267524242 -0.201722771 0.023799920 0.334265351 0.079639032 0.938806593
1548265375.648780 0.252436876 -0.277302712 -0.203472763 0.020381028 0.331314504 0.079894133 0.939910769
1548265375.682340 0.164377511 -0.239996478 -0.162212417 0.025334647 0.340559810 0.079302840 0.936529875
1548265375.715810 0.198743910 -0.266225308 -0.177302182 0.018608434 0.334617406 0.079327509 0.938824832
1548265375.749330 0.211877659 -0.281900883 -0.183996990 0.014257592 0.331509501 0.081983283 0.939774930
1548265375.782840 0.146628574 -0.247609437 -0.150874674 0.017404415 0.339059740 0.077609010 0.937396586
1548265375.816290 0.047563005 -0.239970773 -0.086003885 0.016519822 0.352781802 0.078285836 0.932278633
1548265375.849750 0.122296192 -0.222930223 -0.124723248 0.014766672 0.339891016 0.075941376 0.937277436
1548265375.883260 0.144561917 -0.253239542 -0.133449465 0.007090967 0.336788654 0.079313979 0.938207030
1548265375.916770 0.167968020 -0.298042923 -0.151411727 -0.002479498 0.331344575 0.083055407 0.939843833
1548265375.950290 0.192844942 -0.325283498 -0.152578786 -0.009866186 0.326116651 0.083585352 0.941575289
1548265375.983800 0.211205512 -0.326281667 -0.156773284 -0.014038177 0.322606683 0.085187778 0.942587376
1548265376.017320 0.074846812 -0.196361765 -0.075429142 0.001821033 0.342465669 0.076835454 0.936381459
1548265376.050810 0.079683214 -0.200877190 -0.079601899 -0.001572585 0.339699090 0.077481359 0.937335968
1548265376.084060 0.082540318 -0.197731331 -0.077071428 -0.003863372 0.338833123 0.076997854 0.937682509
1548265376.117320 0.093441658 -0.203285575 -0.083892375 -0.006579525 0.337534368 0.078573853 0.938004971
1548265376.150840 0.079970635 -0.194565445 -0.074586943 -0.007071588 0.337935477 0.078637235 0.937851667
1548265376.184350 0.090001225 -0.194208667 -0.080637082 -0.009422275 0.336504936 0.077989772 0.938399315
1548265376.217860 0.080258168 -0.185185865 -0.069992520 -0.009922239 0.339169800 0.077936240 0.937438726
1548265376.251380 0.079563498 -0.181446567 -0.070228122 -0.010349882 0.337240487 0.078731850 0.938063443
1548265376.284900 0.127705589 -0.198839918 -0.098132372 -0.014842868 0.330147177 0.078293554 0.940559745
1548265376.318420 0.124709636 -0.205443054 -0.094766118 -0.016439535 0.331406415 0.080665790 0.939889669
1548265376.351990 0.128394097 -0.205244526 -0.099005848 -0.016676808 0.328827381 0.081607647 0.940709651
1548265376.385530 0.134740412 -0.207244411 -0.099596560 -0.018408215 0.328320205 0.081302553 0.940880895
1548265376.419050 0.123915307 -0.194865063 -0.095547423 -0.017420122 0.330174774 0.081596367 0.940225065
1548265376.452570 0.132341474 -0.185102671 -0.100409046 -0.017552216 0.327735126 0.080834791 0.941141486
1548265376.486080 0.131673336 -0.176129013 -0.098146498 -0.017164228 0.328010917 0.080116965 0.941113949
1548265376.519600 0.128443077 -0.182677716 -0.098472334 -0.018823689 0.327832133 0.081108212 0.941059649
1548265376.553110 0.129197523 -0.174998179 -0.094882011 -0.018743644 0.327543825 0.080781743 0.941189647
1548265376.586630 0.127648950 -0.179274976 -0.092558630 -0.019805705 0.327841699 0.081977084 0.940960824
1548265376.620150 0.125911951 -0.176255763 -0.095676474 -0.020877490 0.326811641 0.081910200 0.941301763
1548265376.653640 0.130374700 -0.175633043 -0.096881606 -0.022551391 0.326150060 0.082455270 0.941444993
1548265376.687150 0.132533580 -0.161738604 -0.096036293 -0.022033079 0.325593323 0.082980931 0.941603780
1548265376.720900 0.129279584 -0.160761997 -0.095472604 -0.023818638 0.325283229 0.083385922 0.941631734
1548265376.754430 0.146827102 -0.158062726 -0.101281390 -0.026198218 0.323335230 0.083827235 0.942200065
1548265376.787960 0.134786099 -0.156863183 -0.088495389 -0.028807390 0.326484501 0.084542066 0.940973282
1548265376.821470 0.134373233 -0.150348902 -0.088667542 -0.029837115 0.325668812 0.085288428 0.941156447
1548265376.854980 0.135013297 -0.149797067 -0.087139443 -0.031749912 0.325954974 0.085265622 0.940996885
1548265376.888480 0.131531835 -0.148324654 -0.080432676 -0.032733269 0.327287972 0.086964585 0.940344751
1548265376.922000 0.138286605 -0.143506065 -0.083645515 -0.032870091 0.325633496 0.087529667 0.940861821
1548265376.955510 0.137740254 -0.147340178 -0.081399366 -0.034475178 0.325982571 0.089078523 0.940538049
1548265376.989030 0.140444949 -0.135790899 -0.081190877 -0.033619277 0.324893117 0.090060309 0.940852463
1548265377.022540 0.146299988 -0.148010552 -0.083173573 -0.035958920 0.323354483 0.092026524 0.941105723
1548265377.056070 0.153519318 -0.148864046 -0.083907023 -0.036577459 0.323216945 0.092085950 0.941123307
1548265377.089600 0.143249363 -0.139771506 -0.080146670 -0.035136834 0.324922234 0.093257830 0.940475345
1548265377.123210 0.144871011 -0.144420773 -0.083593667 -0.036211103 0.324152142 0.094118774 0.940614581
1548265377.156960 0.149732858 -0.141825065 -0.083842866 -0.035811294 0.323488981 0.094671011 0.940802753
1548265377.190480 0.141197562 -0.143107682 -0.080398932 -0.035917211 0.324690342 0.095790356 0.940271437
1548265377.223990 0.157182753 -0.135202736 -0.090236261 -0.035249032 0.321163625 0.095916934 0.941494226
1548265377.257510 0.147316203 -0.132247508 -0.081509948 -0.035535630 0.323132753 0.095919833 0.940809131
1548265377.291020 0.144710839 -0.118811220 -0.082694337 -0.033808369 0.323338032 0.096097931 0.940784097
1548265377.324540 0.147909969 -0.129448041 -0.082419761 -0.036291163 0.322691768 0.096723951 0.940849304
1548265377.358070 0.145094246 -0.124107003 -0.080537498 -0.036289968 0.323336303 0.096916206 0.940608263
1548265377.391610 0.143967867 -0.122921035 -0.077997372 -0.036801636 0.323236585 0.097503491 0.940561950
1548265377.425110 0.147034034 -0.121935755 -0.080340415 -0.037543461 0.321906030 0.098367125 0.940899014
1548265377.458620 0.148224756 -0.125103131 -0.074382372 -0.038840447 0.321928650 0.098796256 0.940793633
1548265377.492120 0.149005786 -0.120927989 -0.074885376 -0.038197964 0.321005523 0.099076048 0.941105902
1548265377.525590 0.151317835 -0.123834483 -0.076897629 -0.038184155 0.318942636 0.099607229 0.941751540
1548265377.559070 0.153050169 -0.123615272 -0.075108908 -0.038316518 0.317088455 0.098210983 0.942518592
1548265377.592590 0.155110583 -0.123055674 -0.074694239 -0.038099773 0.316361457 0.098148577 0.942778170
1548265377.626110 0.157921597 -0.123436183 -0.074207112 -0.038300503 0.314933091 0.097282320 0.943337858
1548265377.659620 0.146183670 -0.121147826 -0.068309046 -0.037927065 0.315271378 0.096877292 0.943281651
1548265377.693140 0.159858570 -0.115460992 -0.074596353 -0.038096208 0.312258095 0.095387012 0.944428325
1548265377.726650 0.150930792 -0.120578445 -0.066045910 -0.039241880 0.314048350 0.096505076 0.943673909
1548265377.760170 0.144684851 -0.116821200 -0.063796155 -0.039397709 0.312834799 0.095765382 0.944145739
1548265377.793690 0.154202014 -0.118890755 -0.069548838 -0.040628739 0.309921890 0.095493034 0.945081353
1548265377.827200 0.152523980 -0.119234718 -0.064488985 -0.041901782 0.310791731 0.095425174 0.944746912
1548265377.860720 0.147657931 -0.118337624 -0.061564229 -0.041939832 0.310524404 0.096776038 0.944695711
1548265377.894220 0.152976140 -0.116618849 -0.063195430 -0.042294774 0.307654351 0.096657902 0.945630550
1548265377.927660 0.155421421 -0.114895083 -0.061850928 -0.042445865 0.306952149 0.095903844 0.945928693
1548265377.961070 0.152238473 -0.127124101 -0.058505200 -0.044282075 0.306789279 0.096909091 0.945794940
1548265377.994590 0.153985485 -0.125209242 -0.058508560 -0.043448228 0.305160314 0.096399285 0.946412504
1548265378.028100 0.153087080 -0.122019336 -0.061971772 -0.042688087 0.304410815 0.095131941 0.946816623
1548265378.061620 0.146963522 -0.124022998 -0.060755942 -0.042291451 0.304174393 0.095612913 0.946861923
1548265378.095080 0.149840534 -0.123338737 -0.062959917 -0.041754384 0.301662803 0.094493322 0.947801173
1548265378.128590 0.142234474 -0.123623826 -0.057362784 -0.041481286 0.302067816 0.093071051 0.947824955
1548265378.162080 0.144054323 -0.120177597 -0.059620190 -0.040737808 0.300372541 0.092484869 0.948453128
1548265378.195630 0.139390051 -0.120769829 -0.058262859 -0.040343761 0.299636185 0.092042789 0.948745787
1548265378.229190 0.139837891 -0.126665369 -0.060312103 -0.040924035 0.297533959 0.092152596 0.949371696
1548265378.262700 0.139508441 -0.128253222 -0.061826259 -0.040916618 0.295493245 0.091011375 0.950119197
1548265378.296220 0.137253985 -0.133942425 -0.063526645 -0.041378174 0.294648200 0.090926759 0.950369716
1548265378.329730 0.136767015 -0.133602545 -0.062895358 -0.041129220 0.293197304 0.090950131 0.950826883
1548265378.363250 0.136968866 -0.137367219 -0.067465149 -0.041504178 0.291039884 0.091467589 0.951423585
1548265378.396770 0.136865899 -0.132273033 -0.061258961 -0.040464353 0.289937675 0.091091983 0.951840878
1548265378.430280 0.134476155 -0.133933321 -0.064938404 -0.040073846 0.288487583 0.091880977 0.952222049
1548265378.463800 0.127489775 -0.131381199 -0.059785709 -0.039548539 0.288443446 0.090427049 0.952396572
1548265378.497290 0.133431986 -0.141420305 -0.067374282 -0.041180912 0.286164492 0.091113016 0.952949345
1548265378.530830 0.126415551 -0.128727987 -0.064719439 -0.038427282 0.284761876 0.091875531 0.953411222
1548265378.564320 0.132029653 -0.124368735 -0.063754641 -0.037004739 0.281733751 0.089671917 0.954576194
1548265378.597840 0.125868097 -0.126871973 -0.063856326 -0.036206756 0.281532735 0.088944040 0.954734206
1548265378.631350 0.116302907 -0.132040396 -0.061959915 -0.035577442 0.280492544 0.088531278 0.955102265
1548265378.664870 0.117427051 -0.129836440 -0.066740260 -0.033687357 0.277640253 0.087210819 0.956125200
1548265378.698300 0.126711547 -0.121848926 -0.064444058 -0.031467721 0.275819510 0.086732224 0.956771076
1548265378.731820 0.118791901 -0.131704986 -0.069039539 -0.031492144 0.275927335 0.087200597 0.956696630
1548265378.765320 0.115572102 -0.127665132 -0.067825817 -0.029415864 0.274079233 0.086193077 0.957385004
1548265378.798800 0.123953931 -0.127723217 -0.069312811 -0.028153013 0.271680146 0.086035736 0.958120644
1548265378.832320 0.121293440 -0.126995981 -0.070898369 -0.026430076 0.271559268 0.086711466 0.958143055
1548265378.865830 0.109619863 -0.132903025 -0.072239287 -0.026022298 0.271659225 0.087220497 0.958079696
1548265378.899340 0.120121397 -0.124896266 -0.073259622 -0.024414135 0.269429982 0.086439483 0.958822012
1548265378.932850 0.113495260 -0.130382180 -0.074102163 -0.024992134 0.271482944 0.088328972 0.958055556
1548265378.966360 0.113733336 -0.125905231 -0.078167729 -0.024108101 0.269941896 0.089155637 0.958437026
1548265378.999850 0.117737874 -0.133757651 -0.078270569 -0.025947453 0.270351112 0.089533888 0.958238304
1548265379.033310 0.120078973 -0.135276884 -0.077916667 -0.026424270 0.270775765 0.091281332 0.957940459
1548265379.066830 0.124962710 -0.133312747 -0.078590028 -0.026210584 0.270344079 0.091610715 0.958036840
1548265379.100400 0.115181655 -0.142375469 -0.076294214 -0.027689232 0.273448229 0.091720715 0.957103252
1548265379.133910 0.110373840 -0.142420888 -0.075758271 -0.027401026 0.273330361 0.093293674 0.956993222
1548265379.167440 0.116084069 -0.143870339 -0.076488629 -0.027643399 0.271755189 0.093327545 0.957431436
1548265379.200960 0.116097793 -0.145098865 -0.076588742 -0.027915403 0.271723002 0.093393371 0.957426250
1548265379.234460 0.115103498 -0.144595608 -0.076283127 -0.027816443 0.272039235 0.093467474 0.957332075
1548265379.267990 0.117056794 -0.143758625 -0.077106036 -0.027767465 0.272045523 0.094056733 0.957274020
1548265379.301520 0.125940576 -0.142704055 -0.080957331 -0.028442634 0.272474706 0.093107440 0.957224905
1548265379.335020 0.117343962 -0.145024359 -0.075539865 -0.029998463 0.276952654 0.093975082 0.955806434
1548265379.368490 0.114451319 -0.143860251 -0.074680328 -0.030877914 0.277138203 0.095290579 0.955594420
1548265379.402010 0.120837167 -0.147757411 -0.074726447 -0.032942221 0.277179360 0.094589673 0.955583215
1548265379.435540 0.112055190 -0.147439063 -0.066186152 -0.033519290 0.280344009 0.096389286 0.954459429
1548265379.469050 0.114481933 -0.155017257 -0.067172602 -0.035176158 0.279007941 0.097828150 0.954644918
1548265379.502570 0.122240975 -0.151630118 -0.069270544 -0.035594828 0.277687341 0.097615987 0.955036044
1548265379.536100 0.120065846 -0.152960062 -0.069093741 -0.036693670 0.278649718 0.098187700 0.954655468
1548265379.569630 0.115476102 -0.150441289 -0.066166237 -0.037377529 0.278720617 0.098909184 0.954533756
1548265379.603150 0.117659174 -0.154032305 -0.063328460 -0.038640533 0.277838200 0.098803766 0.954751611
1548265379.636660 0.119523220 -0.156376466 -0.067589410 -0.039030481 0.277069449 0.099166602 0.954921544
1548265379.670160 0.120152839 -0.152488843 -0.064858235 -0.038774159 0.277175605 0.099215671 0.954896092
1548265379.703680 0.121126078 -0.157497883 -0.067712173 -0.039376263 0.276779145 0.099793620 0.954926193
1548265379.737190 0.115062416 -0.158864021 -0.062127732 -0.039066836 0.277942538 0.101154402 0.954457700
1548265379.770710 0.122635685 -0.156805754 -0.066070236 -0.038424082 0.275338709 0.101948284 0.955153763
1548265379.804220 0.121093564 -0.154122055 -0.064877048 -0.038095932 0.274885595 0.101664230 0.955327690
1548265379.837770 0.123743981 -0.154768035 -0.065393746 -0.038588498 0.274184555 0.101333365 0.955544531
1548265379.871290 0.130425230 -0.156617612 -0.066123374 -0.039760157 0.274539560 0.101533554 0.955373287
1548265379.904870 0.128776491 -0.158844814 -0.066017605 -0.040609520 0.276675731 0.102230929 0.954646647
1548265379.938390 0.129786521 -0.160096735 -0.062607706 -0.041514892 0.278284013 0.102992401 0.954058230
1548265379.971910 0.134733260 -0.158861011 -0.064070545 -0.041892368 0.278097034 0.102707982 0.954126894
1548265380.005420 0.137583390 -0.165827945 -0.064867251 -0.043090217 0.279825717 0.102778472 0.953560412
1548265380.038940 0.135673612 -0.165013418 -0.060105279 -0.042912200 0.282690316 0.102243125 0.952780724
1548265380.072450 0.130953878 -0.172038242 -0.057541441 -0.043419767 0.284892827 0.102727458 0.952049315
1548265380.105970 0.135631323 -0.170011893 -0.059423760 -0.042280644 0.284911036 0.102748573 0.952092826
1548265380.139490 0.135984644 -0.172879174 -0.060626600 -0.041540224 0.286324173 0.103306718 0.951641023
1548265380.173000 0.135987788 -0.177396908 -0.059243459 -0.040602352 0.287379652 0.104543477 0.951228201
1548265380.206520 0.140490904 -0.186528265 -0.062345922 -0.039810847 0.287557632 0.105614312 0.951089561
1548265380.240030 0.138479725 -0.186539248 -0.063631296 -0.037349317 0.288701296 0.106841125 0.950705826
1548265380.273550 0.141872674 -0.188129574 -0.064473711 -0.034900289 0.288373113 0.107731119 0.950798035
1548265380.307070 0.143234029 -0.193134770 -0.068585418 -0.033475902 0.288923889 0.107706003 0.950684905
1548265380.340620 0.130162627 -0.189223826 -0.067157730 -0.030711088 0.292196959 0.107916832 0.949753523
1548265380.374130 0.140647590 -0.186084077 -0.071303897 -0.028774571 0.291260123 0.107730851 0.950122952
1548265380.407650 0.143492058 -0.183859840 -0.076072261 -0.026811302 0.291182011 0.106780149 0.950311601
1548265380.441290 0.147390425 -0.191261321 -0.080130398 -0.026848599 0.292422324 0.105938725 0.950023890
1548265380.474800 0.143263534 -0.190774009 -0.079139397 -0.024883775 0.294461519 0.105847321 0.949457526
1548265380.508360 0.156594038 -0.197167113 -0.093630865 -0.024430750 0.292502910 0.105156012 0.950151265
1548265380.541870 0.135519147 -0.198328272 -0.076851152 -0.022906376 0.296746075 0.105098851 0.948879004
1548265380.575390 0.156664997 -0.208621308 -0.094622895 -0.022406187 0.292620599 0.104730271 0.950211942
1548265380.608870 0.157664299 -0.214977816 -0.094046354 -0.020443203 0.293306828 0.104485214 0.950071573
1548265380.642390 0.153951734 -0.211336449 -0.094883874 -0.016875733 0.294223100 0.103563361 0.949959278
1548265380.675900 0.149553731 -0.214638427 -0.098547980 -0.014681248 0.294239491 0.103386708 0.950009882
1548265380.709450 0.136221141 -0.208757997 -0.082968518 -0.010486547 0.295185685 0.102361761 0.949882925
1548265380.742980 0.158107564 -0.202549815 -0.100097060 -0.007644787 0.290350318 0.098138183 0.951844096
1548265380.776500 0.172157913 -0.209639117 -0.107298478 -0.008813146 0.293312460 0.095758066 0.951168001
1548265380.810010 0.151509553 -0.197338805 -0.086556204 -0.006528974 0.300415725 0.095601827 0.948982656
1548265380.843520 0.146122321 -0.191369131 -0.086245827 -0.006133203 0.300013870 0.095181398 0.949154675
1548265380.877040 0.156120926 -0.186022997 -0.081338719 -0.007977782 0.296999335 0.092910312 0.950313330
1548265380.910560 0.167922512 -0.174025580 -0.077554829 -0.009316291 0.296877146 0.091174327 0.950507462
1548265380.944070 0.142228365 -0.166916415 -0.052600283 -0.011505070 0.303301334 0.092530012 0.948321760
1548265380.977590 0.147784606 -0.151579723 -0.045414999 -0.012917581 0.300226271 0.092737235 0.949261367
1548265381.011100 0.186045244 -0.165045738 -0.059776157 -0.019557556 0.294226885 0.091601968 0.951134682
1548265381.044620 0.145903334 -0.152027652 -0.022850392 -0.020392889 0.301257849 0.093623862 0.948716164
1548265381.078130 0.189185068 -0.149509922 -0.046065010 -0.023140034 0.289781183 0.093579397 0.952225983
1548265381.111660 0.198124051 -0.134276599 -0.036160920 -0.024708057 0.289195269 0.093414165 0.952380955
1548265381.145270 0.164870992 -0.124238618 -0.006040834 -0.026500808 0.295076877 0.096117049 0.950257242
1548265381.178790 0.188855350 -0.147107303 -0.029193064 -0.032986611 0.284391612 0.098865367 0.953026175
1548265381.212200 0.200724840 -0.109038129 -0.003616189 -0.029558189 0.281962574 0.095384680 0.954214394
1548265381.245650 0.210121319 -0.123598017 -0.006415123 -0.034460876 0.282353371 0.097040579 0.953767359
1548265381.279130 0.194334969 -0.110161267 0.014322786 -0.033579186 0.282144517 0.096836612 0.953881323
1548265381.312580 0.215772584 -0.096029118 0.011245331 -0.034215800 0.278281927 0.093703456 0.955305278
1548265381.346070 0.217202932 -0.087479495 0.019542146 -0.036071990 0.280586034 0.093612507 0.954571605
1548265381.379580 0.224193722 -0.079435907 0.022794137 -0.038100742 0.281656593 0.091569573 0.954375684
1548265381.413070 0.246540278 -0.089732312 0.008659440 -0.043821473 0.280229837 0.092470810 0.954463243
1548265381.446590 0.233912781 -0.078295641 0.031935129 -0.046532996 0.284139425 0.091835089 0.953239620
1548265381.480100 0.233029470 -0.071797423 0.045526955 -0.048741620 0.287865549 0.091605343 0.952032626
1548265381.513620 0.221939147 -0.064575717 0.052584734 -0.049501799 0.289777845 0.094307199 0.951149046
1548265381.547160 0.236097515 -0.057094254 0.059396524 -0.051143289 0.284864694 0.094856851 0.952490747
1548265381.580680 0.244812369 -0.044819523 0.063969754 -0.051202372 0.283756346 0.094969071 0.952807188
1548265381.614190 0.233372182 -0.046693631 0.072611786 -0.052683391 0.284339368 0.097872011 0.952258706
1548265381.647710 0.252791762 -0.029423663 0.076102287 -0.052475430 0.277971536 0.098159648 0.954118907
1548265381.681350 0.266130924 -0.032414839 0.077549197 -0.055196200 0.276445895 0.100388035 0.954176784
1548265381.714870 0.256721348 -0.028628225 0.084898196 -0.055783402 0.275932699 0.102683999 0.954046845
1548265381.748390 0.274676859 -0.011838577 0.082501851 -0.055793311 0.269994795 0.102657109 0.955746531
1548265381.781950 0.283196360 -0.008756538 0.086999141 -0.058293678 0.268353552 0.104171611 0.955895662
1548265381.815470 0.277976274 -0.013227362 0.094199345 -0.060242649 0.268968076 0.107733697 0.955207050
1548265381.849000 0.287771940 0.000464491 0.097175211 -0.059505254 0.264265776 0.108583614 0.956468701
1548265381.882600 0.302971512 0.015509964 0.098211750 -0.059306081 0.261398613 0.108011544 0.957333326
1548265381.916130 0.298426658 0.025751522 0.105035484 -0.060247846 0.262844145 0.109554432 0.956703186
1548265381.949640 0.305789471 0.026918542 0.110823438 -0.062555686 0.261359096 0.111886151 0.956692040
1548265381.983160 0.310662210 0.029860469 0.113368332 -0.064529382 0.259821177 0.111510947 0.957023621
1548265382.016680 0.317432493 0.061459415 0.104931042 -0.063209303 0.258137137 0.111495160 0.957569122
1548265382.050190 0.320636660 0.064127311 0.108713508 -0.068957537 0.258863062 0.113683008 0.956718862
1548265382.083720 0.322264045 0.053484619 0.121025473 -0.074234918 0.258642346 0.115343615 0.956184685
1548265382.117240 0.331938058 0.064564988 0.120746069 -0.074958593 0.254630893 0.115383253 0.957199574
1548265382.150740 0.335834533 0.062615216 0.123759553 -0.078440025 0.254717201 0.115673907 0.956862509
1548265382.184250 0.328838110 0.073108464 0.136227429 -0.078459308 0.254965007 0.116118170 0.956741095
1548265382.217730 0.341683656 0.074290961 0.133521169 -0.080281600 0.250044078 0.116397493 0.957854092
1548265382.251240 0.335170090 0.067083187 0.140775234 -0.084880129 0.250551909 0.117585525 0.957179606
1548265382.284760 0.341186881 0.077719197 0.148920313 -0.083241850 0.241195306 0.118661068 0.959591150
1548265382.318280 0.353568822 0.097196996 0.144034609 -0.079528339 0.238545984 0.116895676 0.960784316
1548265382.351760 0.340399325 0.089105524 0.155342728 -0.079620905 0.240559399 0.118348368 0.960096538
1548265382.385270 0.359679282 0.100641862 0.145556062 -0.077439524 0.233664885 0.116577134 0.962192118
1548265382.418720 0.346211672 0.098454222 0.154985532 -0.076697305 0.234751835 0.118028484 0.961809933
1548265382.452230 0.363049954 0.100893721 0.153501526 -0.074448183 0.225200221 0.115482904 0.964575589
1548265382.485740 0.357321024 0.104225636 0.158260286 -0.070975736 0.225423843 0.114108689 0.964948595
1548265382.519250 0.355371058 0.122636192 0.155164406 -0.065570876 0.218871579 0.112143077 0.967067540
1548265382.552680 0.370622009 0.135215148 0.150848106 -0.065429270 0.215282351 0.110008746 0.968127370
1548265382.586200 0.375458628 0.131457701 0.154739425 -0.066598125 0.216200605 0.107697248 0.968102932
1548265382.619670 0.377396524 0.122102261 0.160993204 -0.066602312 0.222038433 0.106844485 0.966875017
1548265382.653230 0.372228652 0.125562578 0.161161527 -0.060749866 0.217425093 0.100577950 0.968978763
1548265382.686750 0.404273212 0.127922803 0.145428628 -0.057053518 0.217493847 0.092225775 0.970018446
1548265382.720200 0.401419014 0.131502330 0.150776848 -0.050299283 0.225895807 0.090403929 0.968642414
1548265382.753620 0.393903077 0.141254604 0.151530012 -0.041688632 0.226012915 0.083452009 0.969647348
1548265382.787120 0.391736984 0.125244707 0.143188119 -0.040155418 0.236527011 0.073309906 0.968022823
1548265382.820610 0.388737082 0.152198449 0.153016612 -0.027800836 0.241523013 0.072238281 0.967303157
1548265382.854150 0.398593813 0.147506908 0.139097974 -0.024291635 0.235826924 0.065633491 0.969271779
1548265382.887660 0.382738858 0.160230592 0.153025642 -0.018859562 0.248514712 0.056510758 0.966794372
1548265382.921200 0.386578649 0.181947038 0.156859890 -0.012920506 0.252236009 0.053204238 0.966115594
1548265382.954820 0.395049721 0.193842515 0.156488016 -0.012080281 0.256308347 0.048529577 0.965300441
1548265382.988330 0.380289406 0.198118120 0.161861926 -0.012471125 0.261543214 0.048832223 0.963875055
1548265383.022210 0.382917047 0.206168756 0.164598286 -0.013348235 0.259298712 0.046663087 0.964576900
1548265383.055750 0.379996151 0.211120442 0.171200037 -0.014584351 0.260419518 0.045793924 0.964298666
1548265383.089270 0.352179319 0.206899032 0.183301225 -0.017221341 0.261818528 0.046211403 0.963856339
1548265383.122790 0.389983982 0.215848252 0.172520146 -0.017381063 0.253826350 0.043439303 0.966117561
1548265383.156270 0.387211025 0.220883980 0.178090602 -0.017266292 0.256460905 0.045154225 0.965344906
1548265383.189710 0.382745504 0.224430606 0.182082132 -0.017611263 0.256489724 0.045242127 0.965326905
1548265383.223220 0.392320722 0.226593837 0.178209841 -0.018150026 0.256012887 0.044607650 0.965473056
1548265383.256740 0.379009306 0.235487103 0.190410703 -0.016911712 0.258520246 0.046642132 0.964730918
1548265383.290260 0.357333213 0.261977375 0.200553119 -0.012408068 0.253603131 0.047787096 0.966047585
1548265383.323770 0.404434770 0.260830194 0.174130470 -0.014710099 0.241754994 0.044590004 0.969200611
1548265383.357210 0.395134777 0.263687074 0.183024451 -0.015148129 0.243924513 0.047658145 0.968504012
1548265383.390640 0.382685781 0.272081107 0.190974250 -0.014740195 0.241818890 0.048134435 0.969014645
1548265383.424130 0.402544469 0.268678755 0.178245708 -0.017295510 0.233642519 0.046351165 0.971063137
1548265383.457630 0.405991316 0.268917978 0.184793323 -0.017541455 0.233853579 0.047263116 0.970963955
1548265383.491090 0.392562211 0.271307230 0.194681302 -0.016237775 0.234315842 0.049199492 0.970779002
1548265383.524610 0.403867215 0.265899748 0.188079923 -0.017206762 0.227957681 0.047541793 0.972357452
1548265383.558020 0.407893419 0.259606391 0.189242691 -0.018032452 0.230741367 0.047699396 0.971677959
1548265383.591540 0.400961250 0.267634779 0.193532303 -0.015878994 0.232413217 0.049360611 0.971234024
1548265383.625060 0.404939115 0.273189694 0.191587314 -0.014191005 0.228539348 0.049944479 0.972149134
1548265383.658670 0.409632057 0.277879089 0.192126304 -0.013942794 0.227332503 0.047243346 0.972570598
1548265383.692190 0.404814690 0.287619054 0.195972919 -0.011672528 0.227759495 0.048918337 0.972417772
1548265383.725760 0.401132226 0.281896353 0.195169955 -0.013305860 0.224616200 0.047041513 0.973220229
1548265383.759300 0.409858018 0.283742785 0.189528316 -0.013301802 0.221154228 0.044912364 0.974113286
1548265383.792820 0.403834283 0.271705896 0.193183601 -0.014843617 0.221825585 0.045133036 0.973928154
1548265383.826330 0.395165801 0.266217679 0.195058092 -0.014209699 0.221633509 0.044584721 0.974006593
1548265383.859820 0.408183843 0.259309679 0.186030716 -0.013415620 0.217586473 0.042877484 0.975006461
1548265383.893180 0.398451984 0.257142246 0.190095574 -0.009447538 0.222027481 0.045033764 0.973954022
1548265383.926690 0.397501975 0.262246311 0.184970245 -0.003905241 0.218010053 0.045486927 0.974878073
1548265383.960400 0.397602737 0.246741012 0.167659745 -0.002309109 0.213832557 0.042758293 0.975931346
1548265383.993920 0.398006946 0.249515951 0.169914752 0.003125211 0.217041627 0.043143265 0.975203454
1548265384.027250 0.378520697 0.240498677 0.169830203 0.006340390 0.215925038 0.043346815 0.975426674
1548265384.060770 0.396694541 0.239781290 0.149816677 0.009193903 0.209305286 0.038412176 0.977052331
1548265384.094280 0.390038371 0.234110504 0.148414716 0.012359510 0.218015879 0.038936529 0.975089848
1548265384.127800 0.371460289 0.226766348 0.151202977 0.014892190 0.218301669 0.040290445 0.974935532
1548265384.161320 0.385176450 0.220983714 0.139245853 0.016244458 0.212293103 0.036492351 0.976389289
1548265384.194830 0.381548226 0.223742068 0.138776243 0.019752245 0.219172120 0.035876431 0.974826276
1548265384.228320 0.353837103 0.216778651 0.146446541 0.021038398 0.221066624 0.036715254 0.974340260
1548265384.261840 0.379492134 0.219821975 0.134082302 0.023328247 0.211169735 0.033018991 0.976612985
1548265384.295350 0.377511442 0.218637034 0.126720518 0.024088614 0.215319142 0.031726848 0.975730896
1548265384.328870 0.363325417 0.219699517 0.132818609 0.025159555 0.218389452 0.033513624 0.974961460
1548265384.362380 0.370774567 0.217660055 0.126599595 0.024531139 0.213414162 0.032111626 0.976125717
1548265384.395930 0.379265249 0.213816211 0.119754054 0.023217902 0.213610455 0.031034902 0.976149738
1548265384.429520 0.367266566 0.215499401 0.124371916 0.023620911 0.217098475 0.033098143 0.975302398
1548265384.462960 0.369972020 0.213799581 0.125015140 0.022944070 0.215300143 0.032934960 0.975722671
1548265384.496450 0.374821693 0.211572364 0.123074196 0.022775253 0.216155320 0.033135738 0.975530684
1548265384.529960 0.371589005 0.211218968 0.120199583 0.023465551 0.218234912 0.035256777 0.974976838
1548265384.563480 0.375230908 0.213942975 0.119719848 0.024388723 0.217212126 0.035664622 0.975167751
1548265384.596980 0.377072901 0.202600762 0.112061091 0.022582337 0.219660833 0.036308751 0.974638820
1548265384.630500 0.373890668 0.208316281 0.117246315 0.025020387 0.221736833 0.038644373 0.974019170
1548265384.664010 0.376805305 0.207924888 0.116137989 0.025495553 0.221165746 0.038243830 0.974152505
1548265384.697530 0.379371881 0.211396337 0.116297461 0.026367655 0.223325253 0.038496610 0.973626494
1548265384.731040 0.376199752 0.212386400 0.108911008 0.027010508 0.225453809 0.039287038 0.973086596
1548265384.764510 0.380082905 0.212128803 0.110456966 0.026596947 0.225684196 0.039500795 0.973035932
1548265384.798080 0.378798038 0.207706422 0.105896249 0.024944536 0.227380514 0.039283514 0.972693503
1548265384.831670 0.388316065 0.204359844 0.100876808 0.022784512 0.229232699 0.038772713 0.972332180
1548265384.865180 0.376049459 0.201462939 0.104858488 0.022028092 0.236174017 0.040795710 0.970604062
1548265384.898090 0.378882498 0.194626674 0.106627390 0.020749569 0.236410394 0.041564506 0.970542073
1548265384.931430 0.382281601 0.186180443 0.093408845 0.019773666 0.238353372 0.041295979 0.970098615
1548265384.965120 0.376718044 0.181082726 0.098919243 0.020472417 0.243689030 0.045375973 0.968575001
1548265384.999250 0.365143895 0.173841417 0.099301510 0.020988604 0.243505299 0.046606626 0.968551695
1548265385.033030 0.380234599 0.164775997 0.087202460 0.020466346 0.242364839 0.045987468 0.968878508
1548265385.066620 0.372525275 0.166599929 0.089528635 0.023389187 0.247473553 0.049138553 0.967365026
1548265385.100300 0.371536642 0.160618275 0.088634685 0.023963969 0.248239070 0.050585780 0.967080235
1548265385.133930 0.375097901 0.150530890 0.078321800 0.023439171 0.250256419 0.052129719 0.966490984
1548265385.167330 0.368495941 0.158116728 0.083867252 0.026350060 0.254821330 0.055880826 0.965012491
1548265385.200680 0.364406139 0.158701584 0.084792189 0.027543658 0.254442781 0.058253158 0.964938760
1548265385.234200 0.372894019 0.157956496 0.080485903 0.027283100 0.252905220 0.058904510 0.965310752
1548265385.267990 0.364383519 0.156854510 0.079870187 0.027054584 0.255580246 0.061809573 0.964430630
1548265385.301540 0.351913273 0.155184105 0.079734437 0.026465792 0.254638612 0.064680301 0.964507759
1548265385.335020 0.371627420 0.162964776 0.072058670 0.026108244 0.248779073 0.063305266 0.966136515
1548265385.368540 0.372782022 0.161841825 0.068499483 0.023696072 0.251471847 0.064751029 0.965405464
1548265385.402050 0.356051356 0.154307127 0.073680796 0.020666512 0.254343331 0.067304671 0.964547813
1548265385.435570 0.353356183 0.159552917 0.072499625 0.018997103 0.250720024 0.066750586 0.965568721
1548265385.468870 0.365988046 0.161462739 0.065034419 0.016133916 0.248214155 0.064311318 0.966433406
1548265385.501860 0.355843633 0.154307172 0.071626939 0.012057481 0.251811922 0.064477630 0.965550601
1548265385.535280 0.344174653 0.153674603 0.072208412 0.009512108 0.250662088 0.064093426 0.965903759
1548265385.568700 0.360622585 0.154186696 0.067509450 0.006563513 0.246563300 0.061083145 0.967177510
1548265385.602150 0.355615765 0.152989313 0.069844618 0.004719557 0.249100551 0.061417796 0.966516674
1548265385.635670 0.346828848 0.153027669 0.072463922 0.003554401 0.249364421 0.061635043 0.966439784
1548265385.669230 0.353942633 0.151935011 0.069679044 0.001875876 0.246710584 0.059238419 0.967275143
1548265385.702770 0.356327981 0.155775696 0.066773869 0.001676085 0.248639286 0.058764260 0.966810465
1548265385.736280 0.342982858 0.154556185 0.070791975 0.001006004 0.251651496 0.059637703 0.965978205
