1.000000 0.000000 0.000000 0.000000 0.000000 1.000000 0.000000 0.000000 0.000000 0.000000 1.000000 0.000000
0.999991 -0.002392 -0.003462 -0.002373 0.002383 0.999994 -0.002410 -0.001145 0.003468 0.002402 0.999991 0.719723
0.999964 -0.000888 -0.008432 0.013567 0.000852 0.999991 -0.004191 -0.000670 0.008435 0.004183 0.999956 1.464887
0.999894 0.000302 -0.014530 0.058674 -0.000390 0.999982 -0.006035 0.002427 0.014528 0.006040 0.999876 2.295878
0.999843 0.000045 -0.017696 -0.019673 -0.000142 0.999985 -0.005482 -0.027797 0.017696 0.005484 0.999828 2.991760
0.999542 -0.000322 -0.030248 0.147512 0.000144 0.999983 -0.005887 -0.040577 0.030249 0.005880 0.999525 3.954466
0.999457 0.000568 -0.032934 0.091597 -0.000736 0.999987 -0.005091 -0.092160 0.032930 0.005112 0.999445 4.665516
0.999462 0.003709 -0.032587 -0.079860 -0.003995 0.999954 -0.008712 -0.031981 0.032554 0.008838 0.999431 5.401810
0.999006 0.004200 -0.044368 0.102740 -0.004411 0.999979 -0.004673 -0.104100 0.044348 0.004864 0.999004 6.299236
0.998864 0.004152 -0.047475 -0.015198 -0.004432 0.999973 -0.005790 -0.026049 0.047450 0.005993 0.998856 7.181825
0.996904 0.003076 -0.078568 0.660131 -0.002698 0.999984 0.004913 -0.210764 0.078582 -0.004686 0.996897 8.153556
0.998759 0.004413 -0.049601 -0.203815 -0.004556 0.999986 -0.002783 -0.065437 0.049588 0.003005 0.998765 8.811647
0.998611 0.004022 -0.052541 -0.244321 -0.004236 0.999983 -0.003965 -0.057809 0.052524 0.004182 0.998611 9.724561
0.998414 0.001184 -0.056293 -0.265031 -0.001443 0.999989 -0.004561 -0.066017 0.056287 0.004635 0.998404 10.630421
0.997132 0.003681 -0.075598 0.053734 -0.004485 0.999935 -0.010472 0.022222 0.075555 0.010781 0.997083 11.740450
0.998231 -0.000831 -0.059452 -0.366062 0.000619 0.999993 -0.003581 -0.092710 0.059454 0.003538 0.998225 12.363072
0.998142 0.001527 -0.060913 -0.446133 -0.001869 0.999983 -0.005566 -0.108817 0.060903 0.005670 0.998128 13.267716
0.997977 0.001755 -0.063546 -0.489005 -0.002313 0.999959 -0.008711 -0.116449 0.063528 0.008840 0.997941 14.202464
0.997837 0.005950 -0.065465 -0.547414 -0.006654 0.999922 -0.010532 -0.131026 0.065398 0.010945 0.997799 15.113651
0.997566 0.006782 -0.069400 -0.562876 -0.007478 0.999924 -0.009778 -0.147768 0.069328 0.010273 0.997541 16.074287
0.997467 0.005631 -0.070914 -0.644502 -0.006209 0.999949 -0.007934 -0.174856 0.070866 0.008354 0.997451 17.016584
0.997150 0.011141 -0.074611 -0.608437 -0.011747 0.999901 -0.007691 -0.213669 0.074518 0.008546 0.997183 17.899345
0.995055 0.027665 -0.095393 0.593073 -0.028310 0.999584 -0.005415 -0.426948 0.095203 0.008089 0.995425 17.951225
0.997049 -0.000424 -0.076763 -0.803080 -0.000211 0.999966 -0.008265 -0.161440 0.076764 0.008256 0.997015 19.831272
0.996354 -0.010517 -0.084660 -0.333198 0.009022 0.999797 -0.018017 0.372186 0.084833 0.017187 0.996247 19.651239
0.993816 0.015201 -0.109996 -0.165054 -0.015390 0.999881 -0.000871 -0.402464 0.109970 0.002558 0.993932 21.721413
0.769535 -0.156511 0.619128 -17.386190 0.254545 0.964332 -0.072606 2.334440 -0.585681 0.213469 0.781926 24.600998
0.769535 -0.156511 0.619128 -17.386190 0.254545 0.964332 -0.072606 2.334440 -0.585681 0.213469 0.781926 24.600998
0.769535 -0.156511 0.619128 -17.386190 0.254545 0.964332 -0.072606 2.334440 -0.585681 0.213469 0.781926 24.600998
0.769535 -0.156511 0.619128 -17.386190 0.254545 0.964332 -0.072606 2.334440 -0.585681 0.213469 0.781926 24.600998
0.769535 -0.156511 0.619128 -17.386190 0.254545 0.964332 -0.072606 2.334440 -0.585681 0.213469 0.781926 24.600998
0.769535 -0.156511 0.619128 -17.386190 0.254545 0.964332 -0.072606 2.334440 -0.585681 0.213469 0.781926 24.600998
0.769535 -0.156511 0.619128 -17.386190 0.254545 0.964332 -0.072606 2.334440 -0.585681 0.213469 0.781926 24.600998
0.769535 -0.156511 0.619128 -17.386190 0.254545 0.964332 -0.072606 2.334440 -0.585681 0.213469 0.781926 24.600998
0.769535 -0.156511 0.619128 -17.386190 0.254545 0.964332 -0.072606 2.334440 -0.585681 0.213469 0.781926 24.600998
0.769535 -0.156511 0.619128 -17.386190 0.254545 0.964332 -0.072606 2.334440 -0.585681 0.213469 0.781926 24.600998
0.769535 -0.156511 0.619128 -17.386190 0.254545 0.964332 -0.072606 2.334440 -0.585681 0.213469 0.781926 24.600998
0.769535 -0.156511 0.619128 -17.386190 0.254545 0.964332 -0.072606 2.334440 -0.585681 0.213469 0.781926 24.600998
0.769535 -0.156511 0.619128 -17.386190 0.254545 0.964332 -0.072606 2.334440 -0.585681 0.213469 0.781926 24.600998
0.769535 -0.156511 0.619128 -17.386190 0.254545 0.964332 -0.072606 2.334440 -0.585681 0.213469 0.781926 24.600998
0.769535 -0.156511 0.619128 -17.386190 0.254545 0.964332 -0.072606 2.334440 -0.585681 0.213469 0.781926 24.600998
0.769535 -0.156511 0.619128 -17.386190 0.254545 0.964332 -0.072606 2.334440 -0.585681 0.213469 0.781926 24.600998
0.769535 -0.156511 0.619128 -17.386190 0.254545 0.964332 -0.072606 2.334440 -0.585681 0.213469 0.781926 24.600998
0.769535 -0.156511 0.619128 -17.386190 0.254545 0.964332 -0.072606 2.334440 -0.585681 0.213469 0.781926 24.600998
0.769535 -0.156511 0.619128 -17.386190 0.254545 0.964332 -0.072606 2.334440 -0.585681 0.213469 0.781926 24.600998
0.769535 -0.156511 0.619128 -17.386190 0.254545 0.964332 -0.072606 2.334440 -0.585681 0.213469 0.781926 24.600998
0.769535 -0.156511 0.619128 -17.386190 0.254545 0.964332 -0.072606 2.334440 -0.585681 0.213469 0.781926 24.600998
0.769535 -0.156511 0.619128 -17.386190 0.254545 0.964332 -0.072606 2.334440 -0.585681 0.213469 0.781926 24.600998
0.769535 -0.156511 0.619128 -17.386190 0.254545 0.964332 -0.072606 2.334440 -0.585681 0.213469 0.781926 24.600998
0.769535 -0.156511 0.619128 -17.386190 0.254545 0.964332 -0.072606 2.334440 -0.585681 0.213469 0.781926 24.600998
0.769535 -0.156511 0.619128 -17.386190 0.254545 0.964332 -0.072606 2.334440 -0.585681 0.213469 0.781926 24.600998
0.769535 -0.156511 0.619128 -17.386190 0.254545 0.964332 -0.072606 2.334440 -0.585681 0.213469 0.781926 24.600998
0.769535 -0.156511 0.619128 -17.386190 0.254545 0.964332 -0.072606 2.334440 -0.585681 0.213469 0.781926 24.600998
0.769535 -0.156511 0.619128 -17.386190 0.254545 0.964332 -0.072606 2.334440 -0.585681 0.213469 0.781926 24.600998
0.769535 -0.156511 0.619128 -17.386190 0.254545 0.964332 -0.072606 2.334440 -0.585681 0.213469 0.781926 24.600998
0.769535 -0.156511 0.619128 -17.386190 0.254545 0.964332 -0.072606 2.334440 -0.585681 0.213469 0.781926 24.600998
0.769535 -0.156511 0.619128 -17.386190 0.254545 0.964332 -0.072606 2.334440 -0.585681 0.213469 0.781926 24.600998
0.769535 -0.156511 0.619128 -17.386190 0.254545 0.964332 -0.072606 2.334440 -0.585681 0.213469 0.781926 24.600998
0.769535 -0.156511 0.619128 -17.386190 0.254545 0.964332 -0.072606 2.334440 -0.585681 0.213469 0.781926 24.600998
0.769535 -0.156511 0.619128 -17.386190 0.254545 0.964332 -0.072606 2.334440 -0.585681 0.213469 0.781926 24.600998
0.769535 -0.156511 0.619128 -17.386190 0.254545 0.964332 -0.072606 2.334440 -0.585681 0.213469 0.781926 24.600998
0.769535 -0.156511 0.619128 -17.386190 0.254545 0.964332 -0.072606 2.334440 -0.585681 0.213469 0.781926 24.600998
0.769535 -0.156511 0.619128 -17.386190 0.254545 0.964332 -0.072606 2.334440 -0.585681 0.213469 0.781926 24.600998
0.769535 -0.156511 0.619128 -17.386190 0.254545 0.964332 -0.072606 2.334440 -0.585681 0.213469 0.781926 24.600998
0.769535 -0.156511 0.619128 -17.386190 0.254545 0.964332 -0.072606 2.334440 -0.585681 0.213469 0.781926 24.600998
0.769535 -0.156511 0.619128 -17.386190 0.254545 0.964332 -0.072606 2.334440 -0.585681 0.213469 0.781926 24.600998
0.769535 -0.156511 0.619128 -17.386190 0.254545 0.964332 -0.072606 2.334440 -0.585681 0.213469 0.781926 24.600998
0.769535 -0.156511 0.619128 -17.386190 0.254545 0.964332 -0.072606 2.334440 -0.585681 0.213469 0.781926 24.600998
0.769535 -0.156511 0.619128 -17.386190 0.254545 0.964332 -0.072606 2.334440 -0.585681 0.213469 0.781926 24.600998
0.769535 -0.156511 0.619128 -17.386190 0.254545 0.964332 -0.072606 2.334440 -0.585681 0.213469 0.781926 24.600998
0.769535 -0.156511 0.619128 -17.386190 0.254545 0.964332 -0.072606 2.334440 -0.585681 0.213469 0.781926 24.600998
0.769535 -0.156511 0.619128 -17.386190 0.254545 0.964332 -0.072606 2.334440 -0.585681 0.213469 0.781926 24.600998
0.769535 -0.156511 0.619128 -17.386190 0.254545 0.964332 -0.072606 2.334440 -0.585681 0.213469 0.781926 24.600998
0.769535 -0.156511 0.619128 -17.386190 0.254545 0.964332 -0.072606 2.334440 -0.585681 0.213469 0.781926 24.600998
0.769535 -0.156511 0.619128 -17.386190 0.254545 0.964332 -0.072606 2.334440 -0.585681 0.213469 0.781926 24.600998
0.769535 -0.156511 0.619128 -17.386190 0.254545 0.964332 -0.072606 2.334440 -0.585681 0.213469 0.781926 24.600998
0.769535 -0.156511 0.619128 -17.386190 0.254545 0.964332 -0.072606 2.334440 -0.585681 0.213469 0.781926 24.600998
0.769535 -0.156511 0.619128 -17.386190 0.254545 0.964332 -0.072606 2.334440 -0.585681 0.213469 0.781926 24.600998
0.769535 -0.156511 0.619128 -17.386190 0.254545 0.964332 -0.072606 2.334440 -0.585681 0.213469 0.781926 24.600998
0.769535 -0.156511 0.619128 -17.386190 0.254545 0.964332 -0.072606 2.334440 -0.585681 0.213469 0.781926 24.600998
0.769535 -0.156511 0.619128 -17.386190 0.254545 0.964332 -0.072606 2.334440 -0.585681 0.213469 0.781926 24.600998
0.769535 -0.156511 0.619128 -17.386190 0.254545 0.964332 -0.072606 2.334440 -0.585681 0.213469 0.781926 24.600998
0.769535 -0.156511 0.619128 -17.386190 0.254545 0.964332 -0.072606 2.334440 -0.585681 0.213469 0.781926 24.600998
0.769535 -0.156511 0.619128 -17.386190 0.254545 0.964332 -0.072606 2.334440 -0.585681 0.213469 0.781926 24.600998
0.769535 -0.156511 0.619128 -17.386190 0.254545 0.964332 -0.072606 2.334440 -0.585681 0.213469 0.781926 24.600998
0.769535 -0.156511 0.619128 -17.386190 0.254545 0.964332 -0.072606 2.334440 -0.585681 0.213469 0.781926 24.600998
0.769535 -0.156511 0.619128 -17.386190 0.254545 0.964332 -0.072606 2.334440 -0.585681 0.213469 0.781926 24.600998
0.769535 -0.156511 0.619128 -17.386190 0.254545 0.964332 -0.072606 2.334440 -0.585681 0.213469 0.781926 24.600998
0.769535 -0.156511 0.619128 -17.386190 0.254545 0.964332 -0.072606 2.334440 -0.585681 0.213469 0.781926 24.600998
0.769535 -0.156511 0.619128 -17.386190 0.254545 0.964332 -0.072606 2.334440 -0.585681 0.213469 0.781926 24.600998
0.769535 -0.156511 0.619128 -17.386190 0.254545 0.964332 -0.072606 2.334440 -0.585681 0.213469 0.781926 24.600998
0.769535 -0.156511 0.619128 -17.386190 0.254545 0.964332 -0.072606 2.334440 -0.585681 0.213469 0.781926 24.600998
0.769535 -0.156511 0.619128 -17.386190 0.254545 0.964332 -0.072606 2.334440 -0.585681 0.213469 0.781926 24.600998
0.769535 -0.156511 0.619128 -17.386190 0.254545 0.964332 -0.072606 2.334440 -0.585681 0.213469 0.781926 24.600998
0.769535 -0.156511 0.619128 -17.386190 0.254545 0.964332 -0.072606 2.334440 -0.585681 0.213469 0.781926 24.600998
0.769535 -0.156511 0.619128 -17.386190 0.254545 0.964332 -0.072606 2.334440 -0.585681 0.213469 0.781926 24.600998
0.769535 -0.156511 0.619128 -17.386190 0.254545 0.964332 -0.072606 2.334440 -0.585681 0.213469 0.781926 24.600998
0.769535 -0.156511 0.619128 -17.386190 0.254545 0.964332 -0.072606 2.334440 -0.585681 0.213469 0.781926 24.600998
0.769535 -0.156511 0.619128 -17.386190 0.254545 0.964332 -0.072606 2.334440 -0.585681 0.213469 0.781926 24.600998
0.769535 -0.156511 0.619128 -17.386190 0.254545 0.964332 -0.072606 2.334440 -0.585681 0.213469 0.781926 24.600998
