1341846647.802247 0.0000000 0.0000000 0.0000000 0.0000000 0.0000000 0.0000000 1.0000000
1341846647.970225 0.0139464 0.0030878 -0.0049156 0.0008119 0.0020653 0.0046143 0.9999869
1341846648.002341 0.0162089 0.0071776 -0.0080432 0.0007015 0.0010908 0.0047591 0.9999878
1341846648.170568 0.0269342 0.0053983 -0.0177513 -0.0060586 -0.0107373 0.0057422 0.9999075
1341846648.370216 0.0308275 -0.0040775 -0.0354005 -0.0206896 -0.0422574 -0.0053362 0.9988782
1341846648.838602 0.1279608 -0.0112987 -0.0094753 -0.0329274 -0.1411425 0.0016642 0.9894401
1341846649.810257 0.2830270 -0.0428294 0.0723576 -0.0655027 -0.2609395 -0.0257852 0.9627851
1341846650.046184 0.3371748 -0.0394747 0.1098160 -0.0684930 -0.2938091 -0.0137250 0.9533082
1341846651.218036 0.1606675 -0.0556046 0.0712368 -0.0398100 -0.1092948 -0.0132313 0.9931238
1341846652.090106 -0.1626927 -0.0640053 -0.0773101 0.0079423 0.0291088 0.0001821 0.9995447
1341846652.326148 -0.2482283 -0.0752982 -0.0667236 0.0158583 0.0579658 0.0073466 0.9981655
1341846652.594254 -0.3209298 -0.0746416 -0.0856598 0.0288196 0.0968758 0.0031659 0.9948741
1341846652.662152 -0.3149642 -0.0921265 -0.1279239 0.0300863 0.1253323 0.0036197 0.9916519
1341846652.726378 -0.3897342 -0.0850403 -0.0881216 0.0309195 0.1942317 -0.0037982 0.9804609
1341846652.830250 -0.3606425 -0.0773458 -0.0654657 0.0277977 0.2741646 -0.0086647 0.9612419
1341846652.894426 -0.3901266 -0.0812998 -0.0500261 0.0253286 0.3140349 -0.0030805 0.9490685
1341846653.030292 -0.3969634 -0.0851174 -0.0282522 0.0208218 0.3797222 0.0038787 0.9248581
1341846653.162620 -0.4756058 -0.0983634 0.0229207 0.0165771 0.4533321 0.0082655 0.8911492
1341846653.298380 -0.5006521 -0.0687323 0.0838698 0.0224805 0.5096080 0.0166642 0.8599515
1341846653.366319 -0.5512958 -0.0961485 0.1118427 0.0168608 0.5377772 0.0253033 0.8425385
1341846653.430060 -0.5470818 -0.0950080 0.0783316 0.0203712 0.5483527 0.0347121 0.8352780
1341846653.566601 -0.5662502 -0.0966656 0.0695444 0.0222056 0.5609210 0.0307727 0.8269991
1341846655.006124 -0.2714953 -0.0531999 -0.0709088 0.0300848 0.0720729 0.0174644 0.9967926
1341846655.142070 -0.2604378 -0.0455937 -0.0550617 0.0333444 0.0029674 0.0186491 0.9992655
1341846655.678110 -0.1140680 -0.0565932 -0.0948059 0.0380506 -0.1525604 0.0305678 0.9870882
1341846655.946240 -0.0727660 -0.0406369 -0.1282834 0.0249914 -0.2339186 0.0307716 0.9714477
1341846656.246093 -0.0231792 -0.0320943 -0.1044298 0.0144977 -0.2814119 0.0340768 0.9588722
1341846656.682076 -0.0025337 -0.0267622 -0.1369937 -0.0043833 -0.3398121 0.0297157 0.9400136
1341846657.092006 0.0149464 -0.0455638 -0.1222272 -0.0169369 -0.3174672 0.0357165 0.9474450
1341846657.292164 0.0067195 -0.0111692 -0.0573714 0.0042172 -0.2529629 0.0312961 0.9669605
1341846657.686517 0.0582520 -0.0253822 -0.0596801 0.0138033 -0.1272877 0.0157817 0.9916442
1341846660.270168 -0.0269820 -0.0940211 -0.0157240 -0.0940411 -0.0093555 -0.0013010 0.9955235
1341846661.910222 -0.0217554 -0.0937765 -0.0323570 0.0740877 -0.0058941 -0.0002872 0.9972343
1341846662.010311 -0.0279778 -0.0972645 -0.0297223 0.0920738 -0.0043726 -0.0039010 0.9957349
1341846662.078099 -0.0288996 -0.1017531 -0.0392674 0.1057066 -0.0067918 -0.0034206 0.9943683
1341846662.246167 -0.0244276 -0.1020846 -0.0362313 0.1500504 -0.0066863 0.0035211 0.9886495
1341846662.278007 -0.0230990 -0.1034763 -0.0416456 0.1543931 -0.0058697 0.0013785 0.9879911
1341846662.314144 -0.0285347 -0.1035282 -0.0402821 0.1601716 -0.0030457 0.0017188 0.9870830
1341846662.346164 -0.0279802 -0.1048665 -0.0364046 0.1644305 -0.0051731 0.0024934 0.9863719
1341846662.378069 -0.0282436 -0.1033544 -0.0448905 0.1707516 -0.0047435 0.0029629 0.9852982
1341846662.414229 -0.0293132 -0.1031525 -0.0419467 0.1774706 -0.0028468 0.0040259 0.9841138
1341846662.446102 -0.0282992 -0.1025736 -0.0392395 0.1839189 -0.0046446 0.0052234 0.9829166
1341846662.482229 -0.0287796 -0.1007321 -0.0404882 0.1925191 -0.0051911 0.0051018 0.9812663
1341846662.514117 -0.0287622 -0.1021432 -0.0427037 0.2011095 -0.0041438 0.0075103 0.9795312
1341846662.546261 -0.0288539 -0.1033599 -0.0369303 0.2089515 -0.0041642 0.0080210 0.9778842
1341846663.654099 -0.0284052 -0.1002653 -0.0512538 0.1387900 -0.0203569 0.0104211 0.9900578
1341846663.686099 -0.0282406 -0.0910970 -0.0510702 0.1296974 -0.0204637 0.0115927 0.9912747
1341846663.921987 -0.0278298 -0.0042939 -0.0460040 0.0605018 -0.0134551 0.0025236 0.9980742
1341846665.262005 -0.0452682 -0.0172706 -0.0477679 -0.1673447 0.0221477 -0.0047783 0.9856381
1341846666.335080 -0.0439193 -0.0120765 -0.0808367 -0.3093701 0.0413777 0.0011268 0.9500404
1341846667.074153 -0.0280104 0.0511817 -0.1165700 -0.3907175 0.0205602 0.0241711 0.9199635
1341846668.078111 -0.1364114 -0.0781848 -0.1358408 -0.2042667 0.0503742 -0.0211193 0.9773902
1341846669.150086 -0.1604450 0.0056131 -0.1424301 -0.0290758 0.0218488 -0.0623256 0.9973930
1341846670.190103 -0.1048534 0.0423303 -0.1704828 -0.1492919 0.0451048 -0.3246965 0.9328717
1341846670.696002 -0.1504006 0.0120837 -0.1726392 -0.1211246 0.1319067 -0.4355016 0.8821949
1341846670.896139 -0.1518056 0.0208588 -0.1814981 -0.0846428 0.1608026 -0.4521758 0.8732212
1341846671.132289 -0.1623752 0.0040489 -0.1660878 -0.0244773 0.1806170 -0.4630901 0.8673673
1341846671.504294 -0.0972618 -0.0093707 -0.1994177 0.0615204 0.1458572 -0.4983350 0.8524102
1341846671.604188 -0.0919630 -0.0064908 -0.2020296 0.0791586 0.1284004 -0.5189247 0.8414062
1341846671.636057 -0.0857607 -0.0051556 -0.2065495 0.0872795 0.1186553 -0.5260477 0.8376020
1341846671.904035 -0.1597307 -0.0353503 -0.2132537 0.0931692 0.0921850 -0.5628448 0.8161049
1341846672.402478 -0.1582456 -0.0499867 -0.2248292 0.0898899 0.0721505 -0.6196309 0.7763837
1341846672.708152 -0.1599230 -0.0455921 -0.2232246 0.0851567 0.0613358 -0.5990337 0.7938166
1341846672.938315 -0.1567349 -0.0349782 -0.2228173 0.0912118 0.0385400 -0.5356491 0.8386150
1341846673.106189 -0.1574379 -0.0342028 -0.2136455 0.0829610 0.0256609 -0.4841809 0.8706480
1341846673.306107 -0.1583757 -0.0378476 -0.2097137 0.0924396 0.0044191 -0.4243216 0.9007700
1341846674.410162 -0.1609888 0.0018100 -0.2042204 0.0569882 -0.0773573 -0.0693494 0.9929546
1341846675.550092 -0.1678144 0.0371760 -0.1372638 -0.0358432 -0.0503070 0.0975965 0.9933073
1341846676.028080 -0.1403222 0.0332441 -0.1517715 0.0522838 -0.0397689 0.0948888 0.9933181
1341846676.424250 -0.0433997 0.0524553 -0.2266139 0.0225662 -0.0357611 0.0794680 0.9959401
1341846676.632057 0.0023990 0.0782046 -0.2456278 0.0105669 -0.0173186 0.0790676 0.9966628
1341846677.126108 0.0676897 0.0753812 -0.2581675 0.0164083 -0.0045302 0.0742560 0.9970939
1341846677.530161 0.1030783 0.0748764 -0.2658148 0.0263756 0.0043636 0.0717735 0.9970626
