1548266677.368150 0.000000000 0.000000000 0.000000000 0.000000000 0.000000000 0.000000000 1.000000000
1548266677.401200 0.018651592 0.003195964 0.005031305 -0.002943450 -0.005370690 -0.000147205 0.999981225
1548266677.434720 0.025662597 0.011823695 0.013798847 -0.005449648 -0.000979795 0.000950686 0.999984205
1548266677.468230 0.018299162 0.019910539 0.023436673 -0.008299467 0.004450723 0.001681210 0.999954224
1548266677.501910 0.012050757 0.023636095 0.029542640 -0.011707231 0.004925928 0.002250393 0.999916792
1548266677.535450 0.027463490 0.033848222 0.046955459 -0.015046364 0.009097756 -0.001643223 0.999844074
1548266677.569020 0.034813337 0.039183665 0.048406579 -0.017773347 0.012496866 0.002198622 0.999761522
1548266677.602540 0.030946543 0.047375385 0.057740651 -0.019717161 0.012958292 0.002378518 0.999718785
1548266677.636000 0.045712713 0.045443084 0.063840538 -0.024194274 0.014250512 -0.001236547 0.999604940
1548266677.669490 0.042650662 0.051079251 0.071246073 -0.025680674 0.020019978 -0.001239193 0.999468923
1548266677.703030 0.042789750 0.057305697 0.075731613 -0.026108375 0.022306349 -0.000229673 0.999410212
1548266677.736550 0.041478921 0.062721193 0.082265221 -0.027004616 0.024359781 -0.003987364 0.999330521
1548266677.770120 0.056171745 0.066400431 0.092705183 -0.026688296 0.027118715 -0.004301048 0.999266624
1548266677.803640 0.056879386 0.075124450 0.094333187 -0.024433289 0.030381463 -0.002117925 0.999237478
1548266677.837150 0.060084678 0.083290644 0.099930793 -0.022682667 0.029917952 -0.003668682 0.999288201
1548266677.870630 0.067223482 0.084402278 0.112359323 -0.022941623 0.034230188 -0.009385671 0.999106526
1548266677.904150 0.067835897 0.092476718 0.108004384 -0.019192409 0.040001631 -0.006102371 0.998996615
1548266677.937650 0.077410951 0.100543998 0.108952135 -0.017096622 0.040532995 -0.007031253 0.999007165
1548266677.971160 0.083529584 0.112164617 0.122587226 -0.016189277 0.046950221 -0.013393011 0.998676240
1548266678.004690 0.084100179 0.120894849 0.120283037 -0.015535074 0.053253677 -0.013511114 0.998368740
1548266678.038210 0.087579921 0.131678000 0.121156357 -0.016187096 0.056493450 -0.016222471 0.998139918
1548266678.071710 0.098940663 0.138691321 0.118784420 -0.019077379 0.058107946 -0.019501334 0.997937500
1548266678.105200 0.103038013 0.149236321 0.122825623 -0.021677498 0.060276248 -0.020194482 0.997741997
1548266678.138710 0.123900309 0.155471906 0.123249158 -0.025243534 0.060299031 -0.024199005 0.997567654
1548266678.172260 0.135535404 0.167854965 0.127495959 -0.027955461 0.070646711 -0.024079502 0.996818781
1548266678.205750 0.136417419 0.163798526 0.135524556 -0.032794751 0.077094778 -0.024950774 0.996171832
1548266678.239260 0.149340987 0.169238850 0.124725774 -0.034976400 0.084031709 -0.021353964 0.995620072
1548266678.272770 0.132071063 0.168264389 0.132448822 -0.038477406 0.095979884 -0.019149667 0.994454920
1548266678.306290 0.149567112 0.173347026 0.133578867 -0.039335202 0.099979505 -0.016197713 0.994079709
1548266678.339800 0.150337160 0.173844308 0.132385671 -0.039513797 0.108585209 -0.008944963 0.993261218
1548266678.373320 0.160218224 0.175720245 0.122334860 -0.039697360 0.111708984 -0.006554008 0.992926121
1548266678.406840 0.167032957 0.184969842 0.125893340 -0.038200334 0.119832255 -0.001120106 0.992058337
1548266678.440350 0.176600695 0.178540409 0.122519933 -0.039333936 0.127325669 0.005575872 0.991065025
1548266678.473860 0.182709277 0.184423849 0.118235685 -0.037859503 0.131953031 0.010707817 0.990474820
1548266678.507020 0.202408478 0.181402564 0.103693806 -0.038454663 0.138038889 0.012228618 0.989604473
1548266678.540530 0.191742733 0.184362009 0.104888767 -0.035946477 0.150139451 0.019448774 0.987819672
1548266678.574050 0.203246087 0.178326756 0.089864455 -0.035522062 0.155170366 0.022639712 0.986989260
1548266678.607570 0.192584619 0.178760603 0.072552159 -0.033187166 0.166662827 0.026209656 0.985106647
1548266678.641080 0.216864988 0.205288872 0.085050210 -0.024688629 0.174872205 0.026137000 0.983934462
1548266678.674560 0.231217578 0.171692565 0.045674946 -0.027437510 0.182489857 0.030329345 0.982356727
1548266678.708080 0.234986037 0.151716441 0.030421486 -0.027082950 0.191094831 0.032537874 0.980658233
1548266678.741630 0.233401552 0.162711188 0.024703013 -0.020109205 0.201774865 0.033124674 0.978665054
1548266678.775150 0.241282031 0.140694931 -0.000378471 -0.018920800 0.206997946 0.036578245 0.977474213
1548266678.808660 0.225843787 0.165423438 0.004688716 -0.009081472 0.219608352 0.038707055 0.974777639
1548266678.842210 0.222225174 0.190505594 0.003901509 0.000797561 0.231214911 0.037837669 0.972166300
1548266678.875720 0.295905173 0.189135477 -0.021909460 0.003258639 0.223319873 0.043060377 0.973788202
1548266678.909240 0.308145255 0.187253579 -0.037500773 0.006745608 0.227700755 0.044309124 0.972699106
1548266678.943040 0.307271510 0.196183801 -0.047157619 0.011209489 0.238824621 0.046177644 0.969899356
1548266678.976630 0.308095992 0.188519239 -0.055793591 0.011770119 0.245890573 0.048067350 0.968033493
1548266679.010360 0.309993327 0.190773532 -0.065799005 0.014755044 0.253518313 0.050121844 0.965918481
1548266679.043870 0.321929514 0.179601222 -0.085100546 0.014865055 0.263363600 0.055868722 0.962962806
1548266679.077390 0.331366152 0.173157349 -0.092090376 0.016254010 0.266108036 0.060589984 0.961899757
1548266679.110900 0.329086989 0.171108827 -0.106930934 0.018858958 0.270800114 0.063581012 0.960348427
1548266679.144420 0.327098489 0.163379997 -0.117935218 0.019870091 0.279763877 0.069256604 0.957361400
1548266679.178310 0.343387872 0.165950373 -0.126450315 0.023542866 0.285317719 0.075339518 0.955177188
1548266679.211880 0.350402683 0.165328443 -0.134871557 0.026253939 0.289537370 0.081968285 0.953289092
1548266679.245400 0.369349837 0.170095548 -0.150370792 0.028682137 0.293736130 0.085679032 0.951606810
1548266679.278910 0.353998750 0.147025302 -0.153244078 0.026823249 0.306038350 0.095036961 0.946883857
1548266679.312430 0.375453949 0.151274383 -0.168456167 0.028677490 0.306546569 0.097940467 0.946369112
1548266679.345950 0.362275928 0.138467267 -0.176984459 0.027711449 0.318347812 0.104857527 0.941749275
1548266679.379460 0.381846130 0.138914898 -0.189565599 0.029983815 0.319000214 0.111753061 0.940665245
1548266679.412980 0.384371847 0.125942409 -0.205250680 0.029160073 0.323178232 0.115767859 0.938777566
1548266679.446490 0.391939253 0.125242591 -0.208674803 0.031093372 0.326650828 0.120264448 0.936946571
1548266679.480010 0.394894063 0.118072279 -0.219819084 0.032566383 0.330118805 0.123711221 0.935230732
1548266679.513470 0.401637226 0.113671213 -0.239116922 0.034586173 0.333080649 0.128337458 0.933483064
1548266679.546810 0.400472581 0.116924152 -0.238608792 0.037792038 0.338278204 0.129586428 0.931314647
1548266679.580320 0.409615099 0.116103843 -0.246898860 0.040753406 0.341014922 0.132040590 0.929845870
1548266679.613840 0.397935331 0.122074425 -0.250882566 0.044176467 0.349162370 0.130989835 0.926809430
1548266679.647280 0.414099246 0.103773966 -0.270657510 0.042574424 0.350832671 0.135240942 0.925642312
1548266679.680800 0.418228447 0.112957723 -0.275683135 0.046532668 0.354450494 0.134894937 0.924122810
1548266679.714310 0.405803472 0.113333941 -0.282413393 0.048452407 0.362967610 0.134832636 0.920720935
1548266679.747830 0.422718227 0.088675916 -0.298356831 0.043938369 0.367243052 0.131430626 0.919743419
1548266679.781350 0.420939654 0.073852971 -0.302481830 0.042914998 0.371089607 0.134584874 0.917789578
1548266679.814860 0.424134761 0.087453149 -0.308624566 0.046090685 0.373036861 0.132827789 0.917101920
1548266679.848450 0.419556051 0.090023756 -0.315090686 0.047326211 0.380105227 0.133832201 0.913985312
1548266679.881900 0.426910996 0.083301052 -0.327294022 0.045242779 0.386283547 0.135937020 0.911185622
1548266679.915410 0.434577405 0.071198352 -0.332938135 0.043047048 0.390011489 0.140254453 0.909047127
1548266679.948930 0.435355544 0.074523360 -0.334762454 0.042839948 0.392870218 0.139352903 0.907963932
1548266679.982520 0.440993339 0.081646852 -0.346720457 0.042438712 0.398731977 0.139678046 0.905373871
1548266680.016030 0.454752386 0.076451764 -0.355230212 0.040147629 0.402346224 0.141498864 0.903594911
1548266680.049470 0.460127741 0.082726479 -0.365655810 0.040067725 0.407381177 0.142166153 0.901234686
1548266680.082990 0.458130091 0.083185717 -0.368175685 0.039293207 0.414103419 0.142370790 0.898167551
1548266680.116510 0.469131500 0.076458730 -0.373453289 0.038474757 0.416101098 0.144492626 0.896940053
1548266680.149910 0.470775217 0.078262053 -0.377320796 0.039548248 0.418906480 0.142373919 0.895925760
1548266680.183430 0.479291052 0.091012768 -0.386122108 0.042071853 0.422633290 0.140828118 0.894303381
1548266680.216910 0.481136590 0.092266098 -0.396870911 0.042098317 0.429132044 0.139949650 0.891340315
1548266680.250380 0.474792331 0.095991120 -0.389705420 0.043308005 0.434904248 0.138003945 0.888784349
1548266680.283900 0.485405535 0.102873534 -0.407749057 0.043156337 0.436940730 0.134832412 0.888279557
1548266680.317310 0.485475034 0.109123066 -0.408237517 0.043076903 0.440952957 0.131705478 0.886768579
1548266680.350720 0.483340204 0.107379965 -0.412838101 0.040734969 0.445775330 0.129120544 0.884846270
1548266680.384130 0.492764384 0.105435111 -0.420761824 0.037582472 0.447284430 0.128662586 0.884290755
1548266680.417640 0.484405071 0.127673686 -0.416600823 0.038888410 0.451002002 0.123752855 0.883045971
1548266680.451150 0.487965465 0.111438699 -0.420940071 0.031598248 0.456035972 0.124424100 0.880653977
1548266680.484670 0.458628833 0.115796492 -0.406125784 0.028913200 0.463334233 0.122900739 0.877143562
1548266680.518190 0.479629427 0.109507486 -0.421710670 0.022549629 0.460344434 0.122969911 0.878893018
1548266680.551700 0.475961864 0.120953977 -0.420003980 0.020780580 0.461123556 0.121152125 0.878780603
1548266680.585230 0.480712265 0.123028502 -0.418883383 0.016955210 0.461346328 0.119992785 0.878904939
1548266680.618740 0.477184504 0.126241505 -0.427290380 0.014357466 0.462458074 0.121659704 0.878137350
1548266680.652250 0.478520006 0.146666840 -0.428025901 0.015996478 0.461034983 0.121146351 0.878928006
1548266680.685740 0.478957981 0.122617625 -0.425552487 0.009519227 0.462344050 0.123914748 0.877947927
1548266680.719250 0.510610521 0.140736490 -0.444644719 0.010248934 0.456250995 0.123986714 0.881111383
1548266680.752770 0.539577782 0.165487915 -0.482202888 0.012677230 0.448689193 0.124617949 0.884865880
1548266680.786310 0.547421098 0.178676054 -0.486954987 0.012885987 0.448644191 0.124082215 0.884961009
1548266680.819840 0.548012137 0.182815984 -0.492976844 0.011890887 0.449624747 0.125624001 0.884259462
1548266680.853390 0.553595304 0.193474084 -0.496745825 0.010713211 0.448854566 0.123924427 0.884905398
1548266680.886910 0.561419249 0.189527243 -0.507227957 0.005984198 0.450475186 0.124467649 0.884049833
1548266680.920560 0.556370795 0.208162993 -0.508727491 0.006601699 0.451108664 0.123245187 0.883893669
1548266680.954070 0.561694860 0.222786412 -0.514058888 0.005618738 0.448692769 0.119895428 0.885589242
1548266680.987590 0.581368744 0.245710433 -0.515034974 0.004891862 0.450538784 0.114895135 0.885319114
1548266681.021110 0.571026504 0.243426323 -0.527765930 0.002217900 0.452910990 0.117115222 0.883827329
1548266681.054490 0.577994227 0.261414498 -0.528087318 0.002616609 0.453042984 0.114477217 0.884104133
1548266681.088140 0.586582959 0.245883107 -0.539385617 -0.004444238 0.457773805 0.115014464 0.881586671
1548266681.121650 0.582428038 0.229397252 -0.541802227 -0.009557392 0.460906416 0.117656365 0.879562914
1548266681.155220 0.583800197 0.222200736 -0.540593982 -0.013668452 0.463694274 0.118678182 0.877904475
1548266681.188740 0.578159630 0.234110609 -0.551793694 -0.014622170 0.469813257 0.119396850 0.874531925
1548266681.222250 0.585688055 0.285684615 -0.568046927 -0.006696748 0.467471778 0.119596742 0.875854969
1548266681.255770 0.600721478 0.260633677 -0.580102861 -0.015237700 0.467027277 0.121316962 0.875748575
1548266681.289300 0.595486879 0.253801256 -0.595415235 -0.019345459 0.471287280 0.125624582 0.872772872
1548266681.322800 0.587668478 0.270693094 -0.592102587 -0.019046184 0.476576984 0.124692380 0.870036423
1548266681.356320 0.586652160 0.264028162 -0.610475302 -0.023956677 0.480603129 0.129497454 0.866993129
1548266681.389850 0.590443492 0.280105919 -0.619754493 -0.023762215 0.481768936 0.132341310 0.865921378
1548266681.423360 0.575559914 0.269585252 -0.616958320 -0.028954940 0.485693663 0.132811442 0.863495469
1548266681.456900 0.596279502 0.290043652 -0.646995902 -0.027773328 0.481614381 0.138059199 0.864994705
1548266681.490410 0.584591806 0.304303676 -0.655418813 -0.026935291 0.482360423 0.137770087 0.864651561
1548266681.523940 0.602785885 0.326990575 -0.677664995 -0.025148161 0.480672985 0.138982221 0.865450740
1548266681.557450 0.598610282 0.326487035 -0.684559524 -0.025384000 0.480197936 0.142065361 0.865206897
1548266681.590870 0.599302709 0.334889919 -0.696667731 -0.024919927 0.479965508 0.143662974 0.865085602
1548266681.624360 0.601504624 0.334528267 -0.702332020 -0.025675178 0.480246425 0.147684827 0.864229918
1548266681.657880 0.599291265 0.338320225 -0.715408862 -0.026344407 0.479147106 0.148827061 0.864623904
1548266681.691520 0.595863342 0.348355323 -0.720329106 -0.026410852 0.480868459 0.148421496 0.863735557
1548266681.725250 0.597662032 0.346857190 -0.727868378 -0.028257105 0.483004868 0.150969222 0.862041831
1548266681.758770 0.602785468 0.357812613 -0.741518259 -0.027383951 0.482349545 0.153978631 0.861904681
1548266681.791910 0.587941945 0.358873129 -0.743786395 -0.027379371 0.487145513 0.152727723 0.859426439
1548266681.825060 0.590837002 0.357845098 -0.759850740 -0.026855558 0.491516829 0.154311985 0.856666684
1548266681.858520 0.588144183 0.360519141 -0.763323903 -0.024155242 0.497715533 0.155570924 0.852932274
1548266681.892010 0.591290414 0.353075713 -0.778004467 -0.021961534 0.497484326 0.160431907 0.852225721
1548266681.925550 0.588170171 0.353084087 -0.791480899 -0.017860182 0.496747494 0.162591144 0.852342069
1548266681.959070 0.575440884 0.347428828 -0.803445220 -0.016134346 0.499902070 0.161423251 0.850752711
1548266681.992640 0.565829337 0.340872705 -0.811957538 -0.012972414 0.504614055 0.167174622 0.846905529
1548266682.026160 0.567990661 0.339610130 -0.821456790 -0.008688988 0.501825333 0.171615466 0.847728729
1548266682.059680 0.532739341 0.323050827 -0.810654521 -0.006079307 0.502884686 0.168895259 0.847670019
1548266682.093240 0.525558650 0.337365419 -0.847924829 0.000295423 0.497044116 0.167702183 0.851365387
1548266682.127010 0.520621240 0.344626546 -0.868909359 0.004146039 0.494479358 0.166142583 0.853152752
1548266682.160270 0.495719939 0.353302985 -0.880095303 0.006574757 0.497970164 0.160835147 0.852123559
1548266682.193740 0.474165469 0.332181245 -0.898099720 0.002380497 0.503193498 0.158269957 0.849553585
1548266682.227260 0.466292173 0.350982547 -0.882327378 0.005592633 0.513905287 0.155476421 0.843621433
1548266682.260770 0.452740729 0.345416129 -0.897281349 0.004629991 0.520564914 0.154798701 0.839659512
1548266682.294330 0.429227024 0.322715521 -0.914218485 0.000185849 0.527438939 0.151442707 0.835986376
1548266682.327890 0.431247711 0.339957088 -0.917198122 0.003195775 0.533557832 0.148960844 0.832536161
1548266682.361430 0.415856808 0.331364602 -0.929825544 0.002687995 0.539206028 0.146760434 0.829283416
1548266682.395000 0.402648509 0.302170217 -0.936646700 -0.001298543 0.547606587 0.145861253 0.823923469
1548266682.428460 0.394971788 0.293754607 -0.952991366 -0.001151579 0.552042842 0.145192310 0.821076453
1548266682.461980 0.455752105 0.337888330 -1.021786451 0.003755176 0.543810546 0.137701973 0.827824950
1548266682.495490 0.435424924 0.341372848 -1.038053632 0.007450084 0.557254970 0.134178549 0.819394588
1548266682.529010 0.433417529 0.325109363 -1.028085351 0.011780281 0.575522125 0.141026407 0.805448353
1548266682.562500 0.415618926 0.298635364 -1.051437140 0.014368257 0.573130429 0.145296782 0.806352198
1548266682.596000 0.408603996 0.295259655 -1.065767288 0.018841458 0.566641808 0.142298996 0.811364889
1548266682.629480 0.390228689 0.281021863 -1.071451783 0.020624602 0.563673913 0.141092405 0.813596547
1548266682.663000 0.382510066 0.279289097 -1.079841137 0.023511386 0.555564821 0.136783019 0.819808066
1548266682.696520 0.346378356 0.260933101 -1.073615193 0.026238337 0.553158641 0.141033635 0.820631802
1548266682.730060 0.351985335 0.270210028 -1.095790625 0.029058045 0.538781106 0.134094015 0.831197560
1548266682.763580 0.358800977 0.260332525 -1.086222887 0.028508399 0.535516322 0.134091377 0.833324075
1548266682.797090 0.337144047 0.251449436 -1.110877514 0.031169211 0.524134934 0.136850446 0.839989901
1548266682.830610 0.355874807 0.235018343 -1.107840538 0.030709038 0.514739335 0.139151156 0.845421374
1548266682.864120 0.345466733 0.224077642 -1.114770651 0.035276569 0.505725920 0.146789402 0.849381983
1548266682.897610 0.328609705 0.219798297 -1.120725393 0.036193889 0.496951163 0.140759394 0.855521083
1548266682.931100 0.267920405 0.207135648 -1.048059464 0.038330968 0.508321702 0.142408565 0.848445356
1548266682.964450 0.286627352 0.187694058 -1.161287427 0.039358795 0.482739389 0.151062787 0.861738741
1548266682.997960 0.332304060 0.184448928 -1.148164749 0.037008166 0.472471416 0.150860250 0.867549658
1548266683.031320 0.318804264 0.182540819 -1.139661789 0.036873303 0.468481243 0.152096376 0.869501233
1548266683.064810 0.256424189 0.170127615 -1.086609483 0.035886943 0.472366363 0.151727051 0.867502749
1548266683.098320 0.234170586 0.174830839 -1.052595139 0.033125479 0.474031895 0.148078188 0.867334604
1548266683.131850 0.269427329 0.122199595 -1.085464358 0.024026012 0.461319149 0.156103924 0.873062968
1548266683.165380 0.261710167 0.126978487 -1.091474652 0.021829065 0.456861436 0.151280373 0.876307786
1548266683.199200 0.262119383 0.112034082 -1.093902349 0.018235592 0.452423811 0.152200907 0.878530025
1548266683.232720 0.254739732 0.117208913 -1.097015977 0.015500248 0.449186921 0.146700308 0.881175280
1548266683.266230 0.248302087 0.110891037 -1.097751737 0.009389729 0.458293259 0.142137825 0.877311766
1548266683.299750 0.251391232 0.087625377 -1.102903366 0.004104357 0.463568330 0.151745737 0.872960925
1548266683.333260 0.255822092 0.078541979 -1.109175324 0.000773680 0.459548742 0.153786585 0.874736547
1548266683.366690 0.260037184 0.070069902 -1.105283380 -0.000888070 0.458547413 0.157000765 0.874690950
1548266683.400210 0.272826135 0.072070964 -1.112961292 0.000519612 0.450749964 0.159306586 0.878319740
1548266683.433810 0.253748983 0.083381757 -1.110496283 0.001816677 0.452929974 0.154473916 0.878059745
1548266683.467330 0.261507899 0.074033983 -1.111593246 0.003386040 0.453598231 0.160364717 0.876652896
1548266683.500870 0.264504194 0.072744846 -1.117360711 0.004664890 0.450836271 0.159189448 0.878284454
1548266683.534400 0.272020489 0.057666034 -1.122882843 0.004815217 0.451147288 0.161346823 0.877730131
1548266683.567910 0.279535502 0.031488229 -1.119663954 0.003819059 0.445890367 0.162333444 0.880235791
1548266683.601430 0.228158996 0.059870876 -1.096756220 0.009471474 0.448670775 0.153643250 0.880340040
1548266683.634940 0.252091497 0.056139830 -1.112257481 0.009558582 0.447243571 0.152998284 0.881177247
1548266683.668450 0.268003374 0.046643123 -1.123868346 0.010334496 0.444567442 0.153253525 0.882477403
1548266683.701970 0.268590897 0.054666556 -1.146223903 0.009852890 0.443002045 0.149887443 0.883847177
1548266683.735480 0.252897739 0.056046285 -1.131836534 0.006887210 0.447853327 0.151445732 0.881160676
1548266683.769000 0.284531683 0.042036105 -1.147597551 0.002677186 0.442574352 0.156702191 0.882929862
1548266683.802480 0.274147838 0.038993217 -1.133206844 0.001517529 0.442979962 0.155148998 0.883003533
1548266683.835990 0.241712078 0.057520047 -1.100427270 0.004193855 0.452601194 0.152917519 0.878493488
1548266683.869510 0.281138659 0.035543799 -1.113630533 0.000243294 0.447136045 0.159853309 0.880066037
1548266683.903020 0.281336606 0.023841102 -1.111292601 -0.001262485 0.444479883 0.160014063 0.881380498
1548266683.936510 0.271420330 0.034113169 -1.108518481 -0.000834784 0.446106017 0.158050224 0.880913675
1548266683.970030 0.292160094 0.013485730 -1.107281446 -0.004349303 0.444276661 0.165088311 0.880536854
1548266684.003540 0.300442100 0.017244644 -1.115683198 -0.003407418 0.437339246 0.164181158 0.884176075
1548266684.036890 0.291551024 -0.006939488 -1.109076142 -0.005808804 0.438488305 0.166550979 0.883150637
1548266684.070360 0.286436528 -0.002821611 -1.121490479 -0.002845236 0.430257827 0.168883473 0.886762917
1548266684.103810 0.271881342 -0.006597415 -1.113249183 0.001680086 0.419468105 0.167417452 0.892196774
1548266684.137320 0.285987228 -0.044813719 -1.101739049 0.004770643 0.411430001 0.168254212 0.895763993
1548266684.170830 0.328105301 -0.052970842 -1.124921441 0.011276792 0.392911464 0.166365221 0.904331803
1548266684.204290 0.295958102 -0.070563555 -1.110514998 0.017679997 0.393758744 0.164646775 0.904175282
1548266684.237810 0.251264006 -0.214986503 -1.112218499 0.009517016 0.390880167 0.171675637 0.904239774
1548266684.271330 0.275910676 -0.250288844 -1.140710950 0.020035826 0.362727731 0.167638928 0.916473866
1548266684.304840 0.256420106 -0.264611036 -1.096995354 0.032129712 0.357377738 0.159204513 0.919729710
1548266684.338390 0.197573811 -0.287765294 -1.098129988 0.049054746 0.348675549 0.162116349 0.921811938
1548266684.371900 0.201642439 -0.103837624 -1.164991021 0.098730884 0.303247124 0.142006233 0.937084615
1548266684.405390 0.260483533 -0.144386217 -1.144934654 0.101624474 0.286416560 0.136029080 0.942939043
1548266684.438910 0.272322834 -0.171363667 -1.161919832 0.110924378 0.275090754 0.135275126 0.945368409
1548266684.472420 0.271753550 -0.172362655 -1.165863037 0.122296616 0.261296242 0.130269125 0.948576689
1548266684.505970 0.261785537 -0.182130665 -1.164589286 0.130963951 0.254689306 0.127151936 0.949638963
1548266684.539480 0.268082887 -0.158683226 -1.165869236 0.144446075 0.243149742 0.124691680 0.951033950
1548266684.572990 0.192259386 -0.156495512 -1.142629266 0.156843498 0.240986481 0.115948521 0.950726867
1548266684.606510 0.223263189 -0.128140777 -1.155965090 0.170001835 0.226698577 0.115104139 0.952080965
1548266684.640030 0.231013268 -0.118159778 -1.160399318 0.180854261 0.216024578 0.113846034 0.952714145
1548266684.673580 0.244972229 -0.124080859 -1.160927773 0.187563911 0.203143910 0.115567744 0.954042137
1548266684.707100 0.242490306 -0.086354807 -1.174116015 0.199645817 0.190609217 0.111767724 0.954629600
1548266684.740620 0.249735132 -0.070425577 -1.177930474 0.211037129 0.177745208 0.107482590 0.955153108
1548266684.774160 0.233152702 -0.084330939 -1.178984165 0.211670026 0.180747643 0.108155921 0.954373300
1548266684.807700 0.263931125 -0.120150805 -1.185086489 0.209299043 0.175381213 0.117096089 0.954842269
1548266684.841580 0.307642162 -0.133479729 -1.178899527 0.211072817 0.158448666 0.117189847 0.957396924
1548266684.875100 0.316220701 -0.164071456 -1.175270081 0.208490163 0.151111782 0.116372019 0.959246933
1548266684.908630 0.289849520 -0.163942188 -1.181195259 0.208707064 0.150558427 0.114955351 0.959457576
1548266684.942160 0.330427289 -0.174095944 -1.179662585 0.206865400 0.134626597 0.115179606 0.962193370
1548266684.975690 0.350117028 -0.206675515 -1.165122032 0.202693269 0.121439725 0.109790049 0.965460479
1548266685.009210 0.355217546 -0.207612708 -1.149578094 0.202758178 0.109830998 0.105158210 0.967351019
1548266685.042740 0.357786030 -0.215686113 -1.150573730 0.201500520 0.098397091 0.097687148 0.969625056
1548266685.076260 0.362279683 -0.223232254 -1.147644043 0.199823186 0.091307864 0.090812102 0.971332431
1548266685.109780 0.361987859 -0.222067326 -1.137467861 0.200097218 0.084377259 0.087226897 0.972230971
1548266685.143300 0.347471386 -0.237368837 -1.130662322 0.197390854 0.078274190 0.082875885 0.973674297
1548266685.176870 0.337264210 -0.242312878 -1.125003934 0.195752770 0.073132977 0.078797616 0.974742711
1548266685.210330 0.329884410 -0.223622128 -1.122359395 0.196369484 0.066818930 0.072996669 0.975523293
1548266685.243850 0.325148493 -0.250759214 -1.120114684 0.189155221 0.063859850 0.068710566 0.977456450
1548266685.277350 0.290904880 -0.216188163 -1.106638074 0.189369395 0.066639133 0.066587597 0.977376342
1548266685.310860 0.290732056 -0.229378819 -1.092625499 0.183174014 0.060966052 0.065657705 0.978989005
1548266685.344340 0.282309592 -0.222008839 -1.079456568 0.178519577 0.058013987 0.060647447 0.980350435
1548266685.377860 0.268724799 -0.237702072 -1.072415709 0.169995263 0.058326572 0.058203965 0.981993854
1548266685.411410 0.224717066 -0.305805534 -1.090350866 0.151188374 0.072318770 0.060328823 0.984008372
1548266685.445030 0.243345588 -0.351741493 -1.073727489 0.137001798 0.083461441 0.066622727 0.984797478
1548266685.478690 0.265055120 -0.281347930 -1.013560414 0.138626859 0.084875822 0.061981473 0.984752238
1548266685.512210 0.255648166 -0.148377940 -0.969658315 0.146208629 0.086130232 0.045381904 0.984451711
1548266685.545720 0.247652695 -0.129659817 -0.948833942 0.138088375 0.091440015 0.039431978 0.985401154
1548266685.578660 0.259106576 -0.134260401 -0.924965382 0.127109393 0.094713949 0.039037272 0.986584306
1548266685.612100 0.273643792 -0.142098486 -0.919507623 0.115017153 0.098587476 0.041140195 0.987602651
1548266685.645590 0.274687737 -0.202065766 -0.920228183 0.096867621 0.102218270 0.048065975 0.988866925
1548266685.679110 0.272339582 -0.252875894 -0.920950234 0.080787770 0.100146972 0.052173160 0.990314066
1548266685.712650 0.275016904 -0.189542919 -0.885246873 0.081083082 0.099574327 0.046484169 0.990630984
1548266685.746240 0.280942947 -0.168607444 -0.860511839 0.076065511 0.100489438 0.046164639 0.990951419
1548266685.780330 0.279042602 -0.177350640 -0.848998785 0.067042150 0.103356212 0.047410145 0.991249263
1548266685.813840 0.298087180 -0.124775328 -0.829499543 0.065664962 0.108148649 0.046435181 0.990876257
1548266685.847360 0.286380649 -0.142122537 -0.817228198 0.055524252 0.115383685 0.054069243 0.990292966
1548266685.880880 0.293219537 -0.171404704 -0.812123954 0.045088712 0.112518668 0.061776903 0.990701854
1548266685.913770 0.300375670 -0.170064226 -0.799416661 0.038559955 0.111968637 0.061940324 0.991029561
1548266685.947220 0.311835498 -0.105377302 -0.798402727 0.041603450 0.114814840 0.058592837 0.990784347
1548266685.980700 0.308493197 -0.108603440 -0.770251393 0.032783166 0.123475999 0.063103907 0.989796340
1548266686.014210 0.329535455 -0.104068957 -0.758636475 0.025487049 0.126283780 0.067212120 0.989386320
1548266686.047710 0.335952461 -0.067147963 -0.736347198 0.022878475 0.133304060 0.067378551 0.988517463
1548266686.081250 0.333709776 -0.050143503 -0.728514194 0.016300134 0.142180592 0.070695795 0.987178385
1548266686.114770 0.342083037 -0.081220627 -0.708427966 0.002403048 0.147550687 0.077538535 0.986007512
1548266686.148300 0.400449932 -0.035111796 -0.696765900 -0.000802638 0.146007746 0.080214567 0.986025751
1548266686.181810 0.390185088 -0.023413228 -0.673538446 -0.009029921 0.162285030 0.081686623 0.983315468
1548266686.215320 0.372101158 -0.047646407 -0.658644557 -0.022746036 0.172190577 0.086345583 0.981008410
1548266686.248830 0.408298612 -0.006647928 -0.651762068 -0.025297370 0.172023371 0.087420799 0.980880022
1548266686.282350 0.407391667 0.002392984 -0.643830538 -0.034814365 0.185956538 0.087914467 0.977997541
1548266686.315840 0.380155116 -0.006318810 -0.627521455 -0.044813409 0.199133202 0.092585243 0.974559247
1548266686.349360 0.375640363 0.009171547 -0.626993239 -0.050969210 0.205271617 0.094104983 0.972836018
1548266686.382900 0.379186720 0.006907300 -0.624122977 -0.059140649 0.211081803 0.097633108 0.970780432
1548266686.416410 0.392781854 0.025581228 -0.610056400 -0.064520448 0.215755478 0.100754805 0.969089866
1548266686.449930 0.385545433 0.022006067 -0.596215487 -0.073660500 0.221686304 0.102838561 0.966878235
1548266686.483440 0.388825089 0.050712660 -0.597295046 -0.076545745 0.225914121 0.105049409 0.965436816
1548266686.516960 0.426145643 0.058857679 -0.595650375 -0.085845746 0.231227726 0.108931325 0.962963223
1548266686.550480 0.412664294 0.069066226 -0.580195189 -0.095029049 0.240925401 0.112537384 0.959301710
1548266686.584000 0.435233682 0.065575011 -0.565001011 -0.105624430 0.242772579 0.116083361 0.957303286
1548266686.617530 0.447072089 0.034660757 -0.575313985 -0.124741688 0.245473787 0.116862997 0.954214394
1548266686.651030 0.457055211 0.076935694 -0.564987183 -0.131771848 0.243064821 0.126712382 0.952627778
1548266686.684540 0.442921281 0.058824025 -0.550706804 -0.141011745 0.245203421 0.128514856 0.950512946
1548266686.718060 0.444720984 0.083718777 -0.550589263 -0.145375386 0.247599110 0.129439786 0.949108005
1548266686.751470 0.471349329 0.147560179 -0.550388098 -0.142353132 0.244942680 0.125735655 0.950751901
1548266686.784990 0.514079928 0.140815496 -0.558547616 -0.151622877 0.235012040 0.127056867 0.951649308
1548266686.818580 0.503274083 0.178865328 -0.552158594 -0.152609453 0.240240127 0.127448559 0.950132549
1548266686.851980 0.494078249 0.191255257 -0.534518838 -0.160019398 0.245014697 0.128401294 0.947562516
1548266686.885490 0.508120835 0.214748248 -0.530926168 -0.166275635 0.241275325 0.127035052 0.947628975
1548266686.919130 0.497818232 0.243737504 -0.518242121 -0.172058985 0.247082785 0.126774713 0.945131719
1548266686.952670 0.505079150 0.240644425 -0.508021474 -0.183166057 0.245506793 0.131803989 0.942764163
1548266686.986190 0.497389853 0.248340830 -0.492073625 -0.189729661 0.243136764 0.133443668 0.941849232
1548266687.019700 0.529541492 0.270018607 -0.497276962 -0.194052592 0.234032184 0.134445205 0.943131506
1548266687.053220 0.511040688 0.270247370 -0.476784736 -0.202520490 0.238250703 0.134576306 0.940271914
1548266687.086710 0.496196002 0.306638777 -0.464284271 -0.205834493 0.234103054 0.135654271 0.940439165
1548266687.120230 0.537232041 0.286506414 -0.465875208 -0.219066277 0.221475288 0.135636806 0.940511167
1548266687.153770 0.507292628 0.289588660 -0.447929174 -0.223357424 0.226167098 0.133251071 0.938724697
1548266687.187640 0.475876212 0.297193021 -0.440100253 -0.226219028 0.222033471 0.125944465 0.940034091
1548266687.221190 0.502392828 0.331028700 -0.437959433 -0.226526499 0.206319824 0.127673998 0.943301260
1548266687.254710 0.493429869 0.341734231 -0.432752728 -0.229407385 0.202687711 0.123434380 0.943956494
1548266687.288260 0.464198381 0.326719373 -0.405569196 -0.238808036 0.197028250 0.121992186 0.943010330
1548266687.321950 0.486710072 0.315197855 -0.406631589 -0.240047649 0.177140743 0.121390708 0.946711481
1548266687.355520 0.488746852 0.319270819 -0.415070146 -0.235120535 0.168033689 0.117974512 0.950034201
1548266687.389030 0.434556574 0.297402650 -0.402565241 -0.235487908 0.170595035 0.111641325 0.950252056
1548266687.422490 0.458347112 0.311285585 -0.407932729 -0.228921950 0.145471871 0.109667465 0.956245661
1548266687.456010 0.469296753 0.316650987 -0.421129376 -0.224131331 0.134508848 0.106777906 0.959307551
1548266687.489530 0.449669272 0.315975636 -0.417731732 -0.223651901 0.133472979 0.101439103 0.960143149
1548266687.523040 0.445413589 0.314976603 -0.416203320 -0.223425865 0.125879422 0.098923124 0.961482942
1548266687.556610 0.451264709 0.321484387 -0.423935771 -0.222517222 0.117715612 0.094408639 0.963180184
1548266687.590360 0.429607183 0.326045632 -0.418130666 -0.224770740 0.118182562 0.089714490 0.963048458
1548266687.623870 0.427427292 0.329919100 -0.415241987 -0.227403522 0.111165129 0.088025346 0.963421762
1548266687.657390 0.440632194 0.338626802 -0.417474508 -0.229667038 0.101991907 0.087697797 0.963929355
1548266687.690570 0.430602521 0.338858008 -0.409991950 -0.235308275 0.100910284 0.084955908 0.962927639
1548266687.724090 0.418161273 0.340679020 -0.402357757 -0.240135908 0.099053927 0.082720153 0.962122858
1548266687.757600 0.427335352 0.347486258 -0.405342221 -0.242363423 0.091300532 0.082825229 0.962322295
1548266687.791120 0.432026744 0.347695827 -0.403063029 -0.246556446 0.088688955 0.081162892 0.961642742
1548266687.824430 0.417998910 0.354653865 -0.398447484 -0.249382332 0.090809055 0.078818865 0.960910916
1548266687.857920 0.409359366 0.365260780 -0.392301977 -0.251818776 0.090090290 0.077902116 0.960417807
1548266687.891430 0.409263551 0.371598810 -0.390054792 -0.254533798 0.086762294 0.077650689 0.960028768
1548266687.924980 0.407649845 0.379623562 -0.387072533 -0.257749408 0.084044300 0.077362739 0.959435642
1548266687.958460 0.411270678 0.384750605 -0.381788135 -0.261733562 0.081259161 0.078185320 0.958529890
1548266687.992010 0.416978180 0.396278262 -0.379827321 -0.263445139 0.078803793 0.078830265 0.958213151
1548266688.025530 0.421660095 0.407101631 -0.378758252 -0.264726877 0.078390300 0.077783324 0.957979321
1548266688.059010 0.417706728 0.402147949 -0.373735666 -0.269547403 0.082552388 0.077459559 0.956310272
1548266688.092480 0.416243613 0.399035394 -0.367272407 -0.273018479 0.083944075 0.078006707 0.955159247
1548266688.125990 0.427826494 0.409887373 -0.369257867 -0.271532863 0.081832565 0.077356249 0.955818653
1548266688.159500 0.426475078 0.409144849 -0.364160180 -0.273159713 0.087459244 0.075521506 0.955003262
1548266688.193020 0.405417979 0.405582368 -0.358878434 -0.273908377 0.096164443 0.075304985 0.953968465
1548266688.226500 0.414575517 0.409962028 -0.360753447 -0.272505552 0.090266563 0.075949676 0.954894960
1548266688.260010 0.414494932 0.411171734 -0.359135121 -0.271364212 0.093044452 0.077322729 0.954843104
1548266688.293550 0.386601001 0.404649764 -0.353583515 -0.270959765 0.097263448 0.078362703 0.954452693
1548266688.327040 0.410739928 0.416145414 -0.363070458 -0.266390383 0.085130706 0.080958381 0.956678987
1548266688.360580 0.416946083 0.421886355 -0.364301801 -0.264615387 0.085295632 0.082322367 0.957040429
1548266688.394080 0.418001324 0.423529029 -0.366670191 -0.264344871 0.086805873 0.082411699 0.956971705
1548266688.427590 0.426817268 0.433438212 -0.368533105 -0.262323558 0.087971479 0.081910938 0.957464337
1548266688.461130 0.405646920 0.424478233 -0.362069428 -0.265122473 0.097571202 0.080168150 0.955909550
1548266688.494650 0.386951178 0.415336072 -0.359275341 -0.265096128 0.100051194 0.080065325 0.955669045
1548266688.528180 0.371718228 0.418065429 -0.362138271 -0.261247396 0.093772627 0.080091052 0.957361996
1548266688.561700 0.399022073 0.432262033 -0.374043375 -0.255506724 0.078710072 0.081425950 0.960151494
1548266688.595210 0.398011297 0.442162693 -0.379196793 -0.252718806 0.077748217 0.080251329 0.961066127
1548266688.628730 0.414476663 0.453082234 -0.385207534 -0.250533164 0.075114623 0.080257736 0.961847007
1548266688.662230 0.385513723 0.441542506 -0.380772412 -0.253543288 0.086998023 0.078841195 0.960172474
1548266688.695740 0.392277360 0.446059436 -0.384850055 -0.252496511 0.078865014 0.078709945 0.961161017
1548266688.729270 0.396390736 0.453894883 -0.389243037 -0.251874387 0.076924443 0.077236526 0.961600959
1548266688.762790 0.387731284 0.456067353 -0.387751013 -0.253984421 0.079467259 0.076334186 0.960911036
1548266688.796310 0.386145115 0.458569258 -0.385687351 -0.255786538 0.077882111 0.075114787 0.960658848
1548266688.829830 0.393912464 0.466396719 -0.387046874 -0.256050467 0.075291038 0.076156750 0.960713029
1548266688.863340 0.369495660 0.456580222 -0.380123734 -0.260742396 0.079994142 0.077368416 0.958972633
1548266688.896860 0.360236377 0.451769948 -0.374017596 -0.262328804 0.068889409 0.080945373 0.959106743
1548266688.930370 0.405653358 0.472388983 -0.383204550 -0.256682187 0.049937338 0.082479671 0.961674392
1548266688.963890 0.393124640 0.470824510 -0.379921228 -0.257739455 0.056832284 0.082144834 0.961037278
1548266688.997400 0.387561113 0.473054051 -0.381086856 -0.257141560 0.055678844 0.081590347 0.961312175
1548266689.030920 0.394307226 0.477146238 -0.378183037 -0.257959574 0.053077500 0.083117694 0.961109281
1548266689.064390 0.389069378 0.469397217 -0.371108383 -0.260426670 0.053312227 0.084676296 0.960294604
1548266689.097910 0.382195473 0.464524269 -0.367640197 -0.260078281 0.052729454 0.086144000 0.960290611
1548266689.131420 0.383094758 0.464371294 -0.364111364 -0.258133233 0.046619546 0.087162144 0.961039364
1548266689.164870 0.387415707 0.471973717 -0.367536694 -0.254677296 0.041659165 0.087196290 0.962185442
1548266689.198390 0.378973156 0.468727410 -0.362095684 -0.256861538 0.040809412 0.087281585 0.961633384
1548266689.231410 0.377592474 0.463674426 -0.355932236 -0.258410394 0.036091577 0.086477540 0.961479664
1548266689.264620 0.383702517 0.467628777 -0.356042057 -0.256544054 0.029368088 0.085055612 0.962334752
1548266689.298140 0.373238355 0.463296473 -0.352196872 -0.258025348 0.028384378 0.080768086 0.962337673
1548266689.331650 0.369606048 0.460533679 -0.346795440 -0.258830786 0.023858193 0.076022692 0.962630749
1548266689.365360 0.361590624 0.459421843 -0.340645105 -0.258734167 0.021121802 0.071094684 0.963097095
1548266689.398920 0.362237334 0.457481027 -0.339116305 -0.258488774 0.016010448 0.066579252 0.963584185
1548266689.432400 0.350434065 0.454354793 -0.335323840 -0.258805603 0.016818456 0.061632458 0.963814437
1548266689.465720 0.337897301 0.449034482 -0.329889774 -0.259368390 0.016803797 0.058871478 0.963836014
1548266689.499220 0.332251936 0.445851207 -0.323191673 -0.259306252 0.014133605 0.056931086 0.964012146
1548266689.532700 0.339653164 0.444990814 -0.322007239 -0.257804453 0.008626780 0.055889197 0.964540720
1548266689.566220 0.330793649 0.443272889 -0.316889256 -0.256609559 0.010568731 0.053316209 0.964985609
1548266689.599730 0.319426030 0.430352122 -0.310737759 -0.258033186 0.010763871 0.051521514 0.964701295
1548266689.633280 0.318562001 0.429173559 -0.308279455 -0.255427688 0.007515934 0.049981158 0.965506136
1548266689.666810 0.308436692 0.430559695 -0.305364579 -0.252363175 0.008406778 0.047412533 0.966433764
1548266689.700480 0.303254485 0.426428199 -0.301452279 -0.251183987 0.006244419 0.045419775 0.966852963
1548266689.734030 0.301112860 0.420871884 -0.298035324 -0.250006378 0.003224673 0.043178972 0.967275560
1548266689.767560 0.293370724 0.414352387 -0.296230316 -0.249083191 0.002387032 0.039971638 0.967653930
1548266689.801110 0.287954748 0.409474164 -0.295816571 -0.247014135 -0.001860858 0.037535384 0.968282819
1548266689.834680 0.292996228 0.405902416 -0.295470268 -0.245052263 -0.007403104 0.033520401 0.968901932
1548266689.868190 0.285123140 0.400350988 -0.296439886 -0.243543193 -0.007026918 0.028549315 0.969444335
1548266689.901710 0.265429348 0.416489244 -0.292878747 -0.236282542 -0.006225507 0.022996608 0.971392274
1548266689.935360 0.266042531 0.408465892 -0.293091089 -0.235118136 -0.010522487 0.018317692 0.971737206
1548266689.968960 0.250967652 0.403200448 -0.293957800 -0.233265400 -0.010718823 0.013115362 0.972265542
1548266690.002570 0.252261072 0.397454619 -0.295019984 -0.230384141 -0.014356228 0.010571276 0.972936451
1548266690.036180 0.245546862 0.393150419 -0.298808873 -0.226867333 -0.014403660 0.007457381 0.973790586
1548266690.069690 0.226684675 0.382732511 -0.299821377 -0.225641832 -0.013735132 0.006040496 0.974094808
1548266690.103280 0.241024569 0.386756986 -0.305341035 -0.220129579 -0.022200471 0.004782519 0.975206256
1548266690.136800 0.240003645 0.383476406 -0.310368478 -0.216997787 -0.021855440 0.003029349 0.975922704
1548266690.170310 0.218851894 0.372755915 -0.310368001 -0.216471493 -0.017987363 0.000983080 0.976122737
1548266690.203830 0.213275015 0.369174451 -0.313135475 -0.213228062 -0.022555016 -0.000651264 0.976741850
1548266690.237270 0.224438921 0.372888058 -0.321327120 -0.207376599 -0.028811054 -0.000414937 0.977836728
1548266690.270760 0.206117213 0.360684365 -0.322423398 -0.207176641 -0.027386611 -0.002017325 0.977918029
1548266690.304270 0.203135848 0.356517017 -0.326344132 -0.203391030 -0.033802964 -0.004677474 0.978502750
1548266690.337820 0.203886926 0.350356996 -0.329962522 -0.200480655 -0.039176393 -0.006604665 0.978891790
1548266690.371340 0.212753326 0.348009080 -0.335644364 -0.196892053 -0.045170270 -0.009057991 0.979342163
1548266690.404880 0.200501025 0.344499350 -0.341165930 -0.194853574 -0.044154238 -0.012335744 0.979760349
1548266690.438340 0.187475026 0.339419365 -0.348332882 -0.193259940 -0.046605539 -0.015642975 0.979915202
1548266690.504670 0.205245137 0.334601462 -0.358996183 -0.188548326 -0.055333059 -0.019973053 0.980300367
1548266690.538180 0.195269406 0.329267621 -0.362567216 -0.187729150 -0.054138739 -0.021737032 0.980486751
1548266690.571700 0.187198073 0.322631299 -0.367378920 -0.186565235 -0.055017024 -0.024806047 0.980587184
1548266690.605210 0.198386177 0.318400681 -0.372325003 -0.184390768 -0.061153889 -0.026502671 0.980590582
1548266690.638730 0.207527116 0.312150657 -0.378029883 -0.182439968 -0.063469991 -0.029122215 0.980733931
1548266690.672280 0.190811798 0.304187179 -0.384132713 -0.181176528 -0.057828266 -0.031864882 0.981231630
1548266690.705860 0.189003453 0.291902661 -0.388226777 -0.178906396 -0.062655061 -0.032461405 0.981332302
1548266690.739380 0.202893868 0.290515751 -0.395866126 -0.173309579 -0.067633793 -0.033916783 0.981956780
1548266690.772910 0.200205773 0.282702416 -0.400781661 -0.167756498 -0.062558845 -0.036674693 0.983157694
1548266690.806510 0.185331821 0.269100726 -0.404664844 -0.164828807 -0.058874790 -0.036176533 0.983898580
1548266690.839940 0.216192782 0.272229671 -0.412670285 -0.156857327 -0.065628588 -0.031223403 0.984943509
1548266690.873440 0.208342478 0.259296477 -0.420919329 -0.152144179 -0.059983652 -0.032086462 0.986014485
1548266690.906960 0.190590471 0.256825686 -0.435106337 -0.146319672 -0.055865884 -0.031035012 0.987170875
1548266690.940480 0.193979979 0.246767610 -0.435226560 -0.142876789 -0.061119158 -0.031028509 0.987364113
1548266690.974010 0.226255849 0.240092233 -0.437988907 -0.137117863 -0.065037176 -0.026522625 0.988061428
1548266691.007520 0.207473233 0.240192160 -0.453651547 -0.130949348 -0.059321307 -0.025659772 0.989279926
1548266691.041060 0.179761738 0.199159861 -0.445978820 -0.134252056 -0.057679858 -0.025982713 0.988925815
1548266691.074580 0.187780306 0.193595901 -0.450315654 -0.128045261 -0.063376188 -0.026587142 0.989384174
1548266691.108090 0.199208051 0.187078357 -0.453915924 -0.122291945 -0.063717172 -0.024732376 0.990137935
1548266691.141610 0.183771551 0.182467744 -0.463806301 -0.116138808 -0.061155029 -0.023363540 0.991073132
1548266691.175140 0.183264792 0.176039591 -0.468959421 -0.110250175 -0.065014251 -0.024065984 0.991483152
1548266691.208660 0.204364285 0.160110742 -0.474338144 -0.106571682 -0.066042349 -0.023100110 0.991840363
1548266691.242270 0.191385254 0.175841793 -0.477718860 -0.097363025 -0.060096283 -0.021221353 0.993206203
1548266691.275780 0.192526251 0.168010071 -0.485872924 -0.093287796 -0.060223188 -0.020842113 0.993597567
1548266691.309300 0.180622622 0.164695814 -0.489917696 -0.089220822 -0.055808987 -0.021578338 0.994212925
1548266691.342820 0.188685775 0.165503725 -0.497108042 -0.085194640 -0.056423545 -0.019694194 0.994570434
1548266691.376390 0.187489316 0.171255246 -0.502010643 -0.081256136 -0.056885108 -0.018603437 0.994894683
1548266691.409910 0.189041004 0.171602279 -0.507281482 -0.079306208 -0.057422884 -0.018060200 0.995031178
1548266691.443430 0.195274577 0.174357146 -0.512207687 -0.077929787 -0.058961272 -0.017822115 0.995054245
1548266691.476880 0.196157232 0.168276474 -0.519253671 -0.078918628 -0.060398366 -0.016907325 0.994906068
1548266691.510410 0.192681924 0.170319036 -0.519410193 -0.078887410 -0.061240703 -0.017906157 0.994839549
1548266691.543910 0.196357191 0.172554195 -0.522630155 -0.079814084 -0.062185980 -0.015931398 0.994740546
1548266691.577430 0.196071044 0.166860938 -0.524845719 -0.082264185 -0.062988117 -0.016434724 0.994482279
1548266691.610940 0.191803902 0.171681240 -0.521519125 -0.082559966 -0.063719124 -0.015517857 0.994425893
1548266691.644460 0.195996255 0.169029593 -0.523686826 -0.083802067 -0.065618046 -0.014283577 0.994216979
1548266691.677970 0.195803523 0.169374064 -0.520037770 -0.084661335 -0.066651516 -0.013485331 0.994086564
1548266691.711420 0.189721078 0.163161606 -0.524136782 -0.086135983 -0.066205449 -0.011738529 0.994011879
1548266691.744940 0.199599713 0.160306513 -0.526071012 -0.086214297 -0.070125453 -0.011461088 0.993739486
1548266691.778440 0.203966245 0.164384589 -0.524019301 -0.084683575 -0.069546543 -0.010249513 0.993924975
1548266691.811940 0.201677531 0.162700355 -0.524334371 -0.083789334 -0.068304926 -0.008284372 0.994105220
1548266691.845450 0.197985485 0.152965739 -0.525359392 -0.084247738 -0.067178801 -0.008486906 0.994141459
1548266691.878970 0.203702211 0.154727548 -0.528039753 -0.081876464 -0.066325389 -0.007257229 0.994406641
1548266691.912480 0.202827737 0.153155699 -0.526215017 -0.080456242 -0.062972836 -0.005429490 0.994752109
1548266691.946000 0.198464245 0.152444243 -0.525324881 -0.079142280 -0.060330756 -0.005713675 0.995019615
1548266691.979520 0.197844103 0.152561843 -0.526523709 -0.077684537 -0.057524718 -0.005131151 0.995303810
1548266692.013040 0.209781379 0.153346583 -0.529551387 -0.076708883 -0.057104632 -0.003840447 0.995409489
1548266692.046560 0.210881040 0.157323807 -0.528788924 -0.075760499 -0.055472992 -0.002761842 0.995577991
1548266692.080100 0.213571668 0.161754116 -0.532200933 -0.074726388 -0.054753382 -0.002250890 0.995697200
1548266692.113610 0.214327037 0.163869143 -0.532179952 -0.074062593 -0.054213390 -0.002959402 0.995774508
1548266692.147130 0.213950753 0.159780279 -0.531966209 -0.075003028 -0.051881991 -0.004785324 0.995821238
1548266692.180610 0.215661556 0.170365393 -0.530189812 -0.073447645 -0.051066335 -0.003512343 0.995984614
1548266692.214110 0.209264264 0.164949089 -0.531958282 -0.075064868 -0.049707152 -0.005084500 0.995926023
1548266692.247590 0.212706253 0.167758659 -0.531673789 -0.075222656 -0.049652994 -0.005462247 0.995914817
1548266692.281140 0.215864375 0.171529651 -0.530498445 -0.075808093 -0.049258679 -0.006264369 0.995885253
1548266692.314710 0.208516210 0.167159483 -0.531749070 -0.077748679 -0.047713526 -0.006491659 0.995809436
1548266692.348270 0.209279522 0.170922264 -0.534696817 -0.077623628 -0.048842970 -0.006853306 0.995761991
1548266692.381810 0.211365014 0.162077457 -0.533620358 -0.079634286 -0.047974661 -0.007967728 0.995637119
1548266692.415490 0.214357242 0.166481897 -0.537415206 -0.079275735 -0.046805643 -0.005065986 0.995740414
1548266692.449310 0.223997101 0.165642470 -0.533198595 -0.078935049 -0.047688276 -0.004216695 0.995729506
