1548266677.368150 0.000000000 0.000000000 0.000000000 0.000000000 0.000000000 0.000000000 1.000000000
1548266677.401200 0.012183622 0.002801761 0.005100458 -0.002996041 -0.004280289 -0.000084394 0.999986351
1548266677.434720 0.024571024 0.011360870 0.012476269 -0.005531017 -0.000805219 0.000916775 0.999983966
1548266677.468230 0.017980706 0.017358834 0.023595465 -0.008776899 0.004517101 0.001763351 0.999949753
1548266677.501910 0.011812464 0.023502162 0.029538818 -0.011728000 0.004966361 0.002265347 0.999916315
1548266677.535450 0.027546465 0.027200429 0.049594991 -0.016961778 0.008770699 -0.002717326 0.999813974
1548266677.569020 0.031538799 0.043763280 0.053683892 -0.016905053 0.012876079 0.001552784 0.999772966
1548266677.602540 0.027344152 0.051900323 0.062663399 -0.018828545 0.013387299 0.001688363 0.999731660
1548266677.636000 0.040543515 0.050304528 0.070277758 -0.023195958 0.014865334 -0.002094697 0.999618232
1548266677.669490 0.040129259 0.054926541 0.075893052 -0.024681864 0.020243542 -0.001217756 0.999489605
1548266677.703030 0.038654022 0.063120298 0.083022825 -0.024925500 0.022858223 -0.001132865 0.999427319
1548266677.736550 0.042338919 0.067565553 0.089949265 -0.025931057 0.023996068 -0.004514400 0.999365509
1548266677.770120 0.046110343 0.068898104 0.099081904 -0.026322933 0.028887684 -0.005807823 0.999219120
1548266677.803640 0.056260183 0.078829452 0.099275663 -0.023644336 0.030114861 -0.002736326 0.999262989
1548266677.837150 0.061936721 0.086909674 0.101868182 -0.021776203 0.029024780 -0.003590153 0.999335051
1548266677.870630 0.061950933 0.087263390 0.119778246 -0.022372978 0.035043512 -0.010024398 0.999085069
1548266677.904150 0.070793122 0.092969321 0.117612511 -0.019455867 0.039080873 -0.007443671 0.999018908
1548266677.937650 0.070868678 0.106222354 0.117508337 -0.016141869 0.041790474 -0.008976446 0.998955667
1548266677.971160 0.082242168 0.110313192 0.128179386 -0.016689215 0.046865202 -0.015251669 0.998645365
1548266678.004690 0.081150509 0.127870560 0.126005083 -0.013772533 0.053393744 -0.013636002 0.998385429
1548266678.038210 0.084027693 0.137163788 0.128160045 -0.014871828 0.056890503 -0.016652906 0.998130739
1548266678.071710 0.108777799 0.138282418 0.119394548 -0.019258464 0.055835150 -0.018624214 0.998080492
1548266678.105200 0.104225151 0.143643022 0.123903193 -0.022883203 0.059722204 -0.021896213 0.997712433
1548266678.138710 0.118096180 0.149776220 0.131920785 -0.026395073 0.061352659 -0.026373450 0.997418463
1548266678.172260 0.119877465 0.155524313 0.134287030 -0.030836947 0.074053720 -0.026360355 0.996428728
1548266678.205750 0.133071452 0.157002658 0.131119654 -0.033948578 0.077095665 -0.025701413 0.996114016
1548266678.239260 0.148860559 0.164986551 0.125792548 -0.035769999 0.083954856 -0.022582173 0.995571256
1548266678.272770 0.132531673 0.162816510 0.136504203 -0.039303280 0.095463514 -0.020327814 0.994448960
1548266678.306290 0.152663007 0.169996396 0.141045585 -0.039779574 0.099151641 -0.020042045 0.994074881
1548266678.339800 0.148360118 0.169450626 0.139178693 -0.040291589 0.108516805 -0.011478993 0.993211448
1548266678.373320 0.158710957 0.176300213 0.131794363 -0.039419584 0.112421967 -0.008878454 0.992838621
1548266678.406840 0.173260406 0.177981332 0.128518268 -0.039591562 0.118868582 -0.001251282 0.992119551
1548266678.440350 0.169157550 0.176365852 0.125197694 -0.039698798 0.128856361 0.003930734 0.990860522
1548266678.473860 0.177954927 0.172467992 0.117444240 -0.040260319 0.132445201 0.009004184 0.990331411
1548266678.507020 0.208757952 0.172040388 0.095580623 -0.040004104 0.136391476 0.011992834 0.989774287
1548266678.540530 0.189260200 0.177589729 0.099461533 -0.037444670 0.150566459 0.016888030 0.987746119
1548266678.574050 0.200622156 0.175521299 0.090280913 -0.036107518 0.155639946 0.019386027 0.986963332
1548266678.607570 0.208898008 0.180691317 0.085872509 -0.032658406 0.163638338 0.023049938 0.985710204
1548266678.641080 0.195391715 0.196880981 0.076106772 -0.026175030 0.179784462 0.017808905 0.983196437
1548266678.674560 0.208526194 0.173519716 0.057215802 -0.026906241 0.187687874 0.024864454 0.981545210
1548266678.708080 0.226174787 0.158363983 0.035732672 -0.025681484 0.192586794 0.029843371 0.980489790
1548266678.741630 0.268787444 0.165959865 0.031342614 -0.019715251 0.196620747 0.035439983 0.979640543
1548266678.775150 0.277477801 0.157462373 0.010241738 -0.016158098 0.201977849 0.037253153 0.978547931
1548266678.808660 0.266620666 0.166429877 0.003968354 -0.009083199 0.214275822 0.037670787 0.976004243
1548266678.842210 0.271302760 0.167279556 -0.002262637 -0.003884312 0.223526374 0.040266760 0.973857999
1548266678.875720 0.282725841 0.164082155 -0.016460393 -0.000655012 0.226588264 0.041286096 0.973114967
1548266678.909240 0.282211930 0.156137958 -0.043369181 0.001816544 0.233183190 0.042857409 0.971486270
1548266678.943040 0.291350961 0.161983490 -0.042400252 0.005561873 0.243024066 0.045042317 0.968957961
1548266678.976630 0.295349389 0.158524945 -0.059849776 0.007331533 0.248877257 0.047311530 0.967351019
1548266679.010360 0.296320140 0.145235419 -0.077775672 0.007304539 0.256558090 0.050604738 0.965175509
1548266679.043870 0.307921886 0.150005534 -0.079103634 0.010124073 0.266460449 0.054072861 0.962274611
1548266679.077390 0.306077659 0.132982895 -0.088371836 0.009627271 0.270884454 0.059321035 0.960734069
1548266679.110900 0.304204673 0.142577335 -0.105721019 0.014546983 0.275487334 0.061929207 0.959197521
1548266679.144420 0.303900003 0.134221196 -0.116099618 0.015875403 0.284931093 0.066635802 0.956097245
1548266679.178310 0.307605356 0.143160805 -0.119718298 0.021019207 0.292897105 0.073152535 0.953109741
1548266679.211880 0.314053923 0.135658681 -0.128554702 0.021695737 0.296919197 0.077308975 0.951520681
1548266679.245400 0.343616813 0.140685305 -0.155486837 0.024231615 0.297670841 0.083094656 0.950736642
1548266679.278910 0.320363194 0.120548166 -0.151966855 0.023062615 0.312327176 0.092527196 0.945176482
1548266679.312430 0.321029544 0.113144644 -0.170200348 0.023069089 0.316870391 0.095416754 0.943375111
1548266679.345950 0.339449435 0.120245494 -0.172781870 0.025914656 0.322621375 0.102684096 0.940584838
1548266679.379460 0.344904393 0.107611530 -0.180259034 0.025537716 0.327139139 0.106709942 0.938584447
1548266679.412980 0.338048220 0.108031563 -0.188898116 0.027816050 0.333729208 0.112290554 0.935543656
1548266679.446490 0.336011916 0.105694808 -0.184400067 0.030359540 0.339661360 0.117725879 0.932657003
1548266679.480010 0.373417467 0.092732571 -0.211721092 0.030318178 0.336296707 0.123563685 0.933122337
1548266679.513470 0.353719354 0.095262349 -0.211521998 0.034740690 0.344787180 0.127432868 0.929341555
1548266679.546810 0.331683517 0.099792406 -0.215751633 0.038055889 0.352790028 0.127231345 0.926230609
1548266679.580320 0.359010339 0.109519534 -0.217580006 0.043591905 0.353439003 0.129256010 0.925458550
1548266679.613840 0.404960215 0.090173073 -0.247525856 0.039000731 0.350218117 0.126948178 0.927205682
1548266679.647280 0.396666378 0.087331526 -0.252005666 0.041040942 0.357087761 0.128739908 0.924245656
1548266679.680800 0.398776770 0.083543986 -0.258358777 0.042818006 0.361137986 0.129528388 0.922479451
1548266679.714310 0.406896263 0.082822219 -0.274574399 0.043491516 0.365398884 0.129089534 0.920830071
1548266679.747830 0.413339376 0.076582998 -0.283400804 0.044425208 0.370580882 0.133132651 0.918135047
1548266679.781350 0.413419485 0.068836518 -0.285143524 0.044932306 0.374385893 0.136106879 0.916128397
1548266679.814860 0.410380185 0.072238125 -0.286246628 0.046260070 0.377838880 0.134707510 0.914850652
1548266679.848450 0.419808358 0.079897471 -0.302793592 0.047869548 0.381605983 0.135867953 0.913030863
1548266679.881900 0.414480239 0.073352903 -0.310668677 0.046285830 0.389953434 0.137169942 0.909383476
1548266679.915410 0.428043365 0.066825837 -0.322954178 0.044665672 0.392050922 0.140703872 0.908021748
1548266679.948930 0.420241833 0.074205719 -0.318084538 0.045734398 0.396805555 0.140098453 0.905994594
1548266679.982520 0.430780768 0.076443188 -0.331445903 0.043882329 0.401905924 0.139416173 0.903940916
1548266680.016030 0.440298080 0.066312924 -0.337920517 0.041255407 0.406480044 0.143429413 0.901387811
1548266680.049470 0.447530776 0.070135996 -0.350188076 0.040160332 0.411181808 0.143294603 0.899323821
1548266680.082990 0.449665219 0.070204116 -0.355541438 0.039457992 0.416960031 0.144628599 0.896476388
1548266680.116510 0.450615972 0.061982039 -0.357991755 0.038483813 0.420684218 0.146006629 0.894553423
1548266680.149910 0.462254941 0.070028611 -0.362862527 0.040702783 0.421891987 0.143790528 0.894245386
1548266680.183430 0.454361588 0.075676560 -0.365222514 0.042408925 0.428898513 0.143024877 0.890949726
1548266680.216910 0.459908903 0.083023228 -0.370636940 0.043525208 0.434772283 0.141739145 0.888250351
1548266680.250380 0.464316785 0.081448339 -0.380908638 0.042833768 0.437458962 0.139943704 0.887248933
1548266680.283900 0.463813066 0.087173544 -0.386222154 0.043023866 0.442686349 0.136715248 0.885147870
1548266680.317310 0.461574554 0.098905459 -0.381707639 0.044176195 0.447533041 0.132201403 0.883337677
1548266680.350720 0.471618503 0.083777115 -0.390131801 0.039327241 0.450511277 0.131829694 0.882107675
1548266680.384130 0.455547154 0.081479080 -0.394814372 0.036586627 0.455003232 0.130507171 0.880114377
1548266680.417640 0.447303087 0.106284827 -0.392170191 0.037751008 0.458994329 0.124415688 0.878874183
1548266680.451150 0.461383462 0.083447263 -0.398251891 0.029208634 0.462462276 0.126374394 0.877100348
1548266680.484670 0.462100446 0.107730925 -0.397265136 0.029531039 0.463883013 0.123331912 0.876772344
1548266680.518190 0.461168110 0.097341232 -0.403317302 0.023308869 0.464884639 0.124394298 0.876279056
1548266680.551700 0.466652393 0.106859818 -0.398625582 0.021409465 0.464878768 0.123922810 0.876397431
1548266680.585230 0.465157837 0.116322964 -0.414996028 0.018522020 0.463286698 0.121801302 0.877602875
1548266680.618740 0.466506749 0.104716606 -0.407897323 0.012890056 0.466199845 0.123218067 0.875961661
1548266680.652250 0.468744695 0.118607253 -0.410625726 0.013541833 0.464727789 0.123844326 0.876645446
1548266680.685740 0.462535709 0.126117766 -0.405443877 0.012652207 0.466872960 0.123812951 0.875522673
1548266680.719250 0.481930524 0.118164599 -0.421565354 0.009245457 0.462427467 0.126588047 0.877525389
1548266680.752770 0.473475158 0.131114364 -0.421370059 0.010771004 0.464310884 0.127190605 0.876425683
1548266680.786310 0.502013624 0.148716509 -0.435225278 0.011650878 0.460088432 0.127776310 0.878553450
1548266680.819840 0.495188296 0.134084955 -0.433262080 0.007374785 0.463637561 0.130297884 0.876360834
1548266680.853390 0.494297534 0.150926352 -0.448460639 0.007199919 0.461635530 0.128131643 0.877737463
1548266680.886910 0.536696136 0.179547071 -0.482402116 0.007717131 0.455598444 0.125133067 0.881312788
1548266680.920560 0.511638224 0.172121942 -0.480765224 0.003526342 0.459499151 0.125811100 0.879215360
1548266680.954070 0.520815790 0.177070841 -0.484402061 0.000860094 0.456780672 0.122971945 0.881038368
1548266680.987590 0.559736192 0.210250616 -0.478031784 0.002487357 0.456282765 0.118998609 0.881838500
1548266681.021110 0.521610022 0.136378720 -0.473372996 -0.013282048 0.466095179 0.127367109 0.875417888
1548266681.054490 0.514093161 0.168011203 -0.461208552 -0.009336369 0.469502628 0.124107607 0.874115229
1548266681.088140 0.562830865 0.226653382 -0.509665072 -0.003695779 0.462664485 0.118812382 0.878528059
1548266681.121650 0.580812633 0.262952775 -0.544855297 -0.000274174 0.459712744 0.117690265 0.880234718
1548266681.155220 0.584940493 0.270853609 -0.549889922 -0.001893435 0.460662693 0.116953097 0.879834235
1548266681.188740 0.585416675 0.277627617 -0.563591719 -0.004026662 0.466346025 0.118798062 0.876579821
1548266681.222250 0.587435842 0.282594323 -0.573026001 -0.004782398 0.466217548 0.122029215 0.876200438
1548266681.255770 0.591413438 0.293285340 -0.583376825 -0.006790194 0.466548711 0.120044574 0.876285076
1548266681.289300 0.592639506 0.294847339 -0.597756922 -0.009366712 0.470189869 0.123616219 0.873815060
1548266681.322800 0.582441390 0.302013785 -0.603655517 -0.011532632 0.474777222 0.123174444 0.871367693
1548266681.356320 0.586897731 0.306857198 -0.617895484 -0.014623624 0.478108972 0.125807285 0.869120538
1548266681.389850 0.590858340 0.303338915 -0.627572238 -0.017044967 0.479691595 0.133082464 0.867118478
1548266681.423360 0.587174058 0.311382622 -0.636781037 -0.019221665 0.480428964 0.132689744 0.866724849
1548266681.456900 0.593911827 0.310513079 -0.646407247 -0.021621982 0.480926335 0.138434812 0.865493000
1548266681.490410 0.590536952 0.312035650 -0.654593468 -0.023439245 0.480772048 0.139135018 0.865419149
1548266681.523940 0.595609963 0.314403623 -0.662674427 -0.024295900 0.482810855 0.142568737 0.863699913
1548266681.557450 0.596736014 0.313103914 -0.675420403 -0.024525499 0.480895489 0.146671116 0.864075005
1548266681.590870 0.593961537 0.318417937 -0.684445441 -0.024785208 0.481625944 0.147285461 0.863556087
1548266681.624360 0.594024718 0.322663873 -0.694191754 -0.024039177 0.481604844 0.151909351 0.862787604
1548266681.657880 0.594185054 0.322436035 -0.700284004 -0.025878016 0.480822206 0.152438089 0.863077581
1548266681.691520 0.592313886 0.325921834 -0.708800435 -0.027240839 0.481867909 0.152900711 0.862370372
1548266681.725250 0.595113456 0.328795582 -0.715454340 -0.027900407 0.484332383 0.156259596 0.860364258
1548266681.758770 0.594855428 0.330681384 -0.724417746 -0.028614676 0.485023320 0.158474505 0.859546065
1548266681.791910 0.588680923 0.338600397 -0.721730769 -0.027957082 0.489247054 0.157777607 0.857299209
1548266681.825060 0.585221529 0.333462626 -0.736435652 -0.027211316 0.494468719 0.161132291 0.853695869
1548266681.858520 0.574942410 0.351173729 -0.734534740 -0.021599740 0.501537859 0.161145970 0.849720657
1548266681.892010 0.570179880 0.338240206 -0.745390475 -0.020712629 0.503208756 0.165196568 0.847975254
1548266681.925550 0.565728605 0.340139598 -0.757692635 -0.016156064 0.502560079 0.166627392 0.848179042
1548266681.959070 0.572793543 0.324424982 -0.792216837 -0.016176162 0.500688374 0.168626904 0.848890126
1548266681.992640 0.566030383 0.329022884 -0.797966421 -0.011591089 0.505487800 0.172641501 0.845306277
1548266682.026160 0.542879820 0.314834058 -0.796383500 -0.009192462 0.507272661 0.175322577 0.843713164
1548266682.059680 0.515852988 0.309781611 -0.798882723 -0.004103727 0.505348921 0.175118476 0.844949186
1548266682.093240 0.521523595 0.329186201 -0.837044954 0.002758210 0.497996956 0.174199745 0.849497437
1548266682.127010 0.511034489 0.330498070 -0.855477750 0.005079013 0.496547163 0.170919523 0.851000369
1548266682.160270 0.492943764 0.331834674 -0.867466271 0.006359629 0.499166071 0.167119101 0.850214064
1548266682.193740 0.468463391 0.331716180 -0.878213525 0.005882175 0.504849017 0.163645774 0.847533464
1548266682.227260 0.474796414 0.349153906 -0.887614548 0.008443899 0.511902332 0.161223322 0.843736768
1548266682.260770 0.443466038 0.328531891 -0.886003137 0.004898597 0.522249043 0.158812538 0.837860644
1548266682.294330 0.430830210 0.323047698 -0.895312369 0.003257586 0.528475225 0.156347439 0.834421217
1548266682.327890 0.428039014 0.323099703 -0.901627243 0.003977922 0.535153866 0.154640093 0.830470324
1548266682.361430 0.399649203 0.338792056 -0.890798688 0.007459069 0.544286251 0.150262743 0.825298727
1548266682.395000 0.390639365 0.314416260 -0.919636369 0.003991951 0.549320340 0.148594826 0.822283864
1548266682.428460 0.383347392 0.308402628 -0.928198576 0.004865544 0.554654837 0.149582043 0.818510532
1548266682.461980 0.401263833 0.319143534 -0.951313198 0.003418799 0.556147277 0.135109097 0.820020795
1548266682.495490 0.407056153 0.325401515 -0.963525116 0.005604856 0.566762984 0.129286885 0.813654244
1548266682.529010 0.378270745 0.310809582 -0.959216893 0.011696248 0.587070942 0.136597559 0.797842085
1548266682.562500 0.351577908 0.288100362 -0.979809523 0.015346339 0.585384309 0.140364498 0.798365533
1548266682.596000 0.348147988 0.297998309 -0.988859177 0.021408210 0.579846263 0.133605868 0.803411126
1548266682.629480 0.349066287 0.286626488 -0.997443080 0.023990171 0.573772430 0.136071011 0.807275891
1548266682.663000 0.325059891 0.276369154 -1.000016928 0.024964480 0.568347514 0.129688025 0.812120020
1548266682.696520 0.306990802 0.268956065 -1.004458189 0.027780218 0.562275708 0.131104439 0.816018343
1548266682.730060 0.304764420 0.260130674 -1.019655347 0.028777815 0.550666511 0.127772152 0.824386120
1548266682.763580 0.314075768 0.258131742 -1.008636832 0.029510628 0.547862291 0.127298445 0.826299667
1548266682.797090 0.282392055 0.244155809 -1.033413768 0.033053387 0.537022054 0.135162532 0.832013130
1548266682.830610 0.290186703 0.238587573 -1.027827740 0.032754317 0.528850615 0.131033286 0.837898850
1548266682.864120 0.282894939 0.167134389 -1.040680885 0.029076448 0.520932555 0.148544699 0.840070426
1548266682.897610 0.271134704 0.162575498 -1.034722924 0.030594055 0.513083935 0.144963697 0.845455110
1548266682.931100 0.274113208 0.167244107 -1.031684875 0.033055983 0.510994792 0.145817772 0.846480250
1548266682.964450 0.256809860 0.137464166 -1.064764142 0.036014657 0.497792661 0.157736331 0.852070808
1548266682.997960 0.270269662 0.136984766 -1.059979558 0.032937232 0.488532513 0.153501958 0.858305454
1548266683.031320 0.264279068 0.126471639 -1.057548165 0.030844025 0.484021366 0.155593514 0.860559464
1548266683.064810 0.266235471 0.115355805 -1.067173123 0.028346829 0.474812061 0.156334192 0.865626693
1548266683.098320 0.237598822 0.119151384 -1.046089411 0.026506284 0.476869255 0.153899387 0.864990234
1548266683.131850 0.249231488 0.092721120 -1.070936918 0.021050012 0.466625512 0.158555210 0.869872272
1548266683.165380 0.258206666 0.099913582 -1.074892640 0.018944044 0.460506946 0.153556392 0.874068022
1548266683.199200 0.245077476 0.081667408 -1.069294095 0.015579867 0.458494723 0.155118704 0.874916017
1548266683.232720 0.245683789 0.098741934 -1.073402166 0.014317370 0.453945696 0.148753703 0.878408015
1548266683.266230 0.265838653 0.100984871 -1.068771482 0.009048925 0.460047990 0.144984394 0.875930071
1548266683.299750 0.258177251 0.068172351 -1.078862190 0.002354319 0.466712028 0.154274374 0.870846570
1548266683.333260 0.252556115 0.061608814 -1.077716231 -0.000451931 0.464459151 0.154953897 0.871932805
1548266683.366690 0.258037060 0.050922673 -1.076729894 -0.002317311 0.462875605 0.158958852 0.872051001
1548266683.400210 0.236854479 0.069772996 -1.072700143 0.002982970 0.458094031 0.157883063 0.874765098
1548266683.433810 0.236804917 0.070898183 -1.079189658 0.002535153 0.457562566 0.155235618 0.875518143
1548266683.467330 0.245804384 0.059646584 -1.077521324 0.003716116 0.458560735 0.161347017 0.873885214
1548266683.500870 0.223187551 0.063525200 -1.064525723 0.006744105 0.460415661 0.157955989 0.873511195
1548266683.534400 0.229423746 0.049648404 -1.067054510 0.007197573 0.461162180 0.161392763 0.872484982
1548266683.567910 0.203619450 0.069928236 -1.050739288 0.013976887 0.459321201 0.159234777 0.873769403
1548266683.601430 0.202977121 0.075516202 -1.049715638 0.014651977 0.455574125 0.152321786 0.876946747
1548266683.634940 0.225721881 0.064988375 -1.075770020 0.013860788 0.453011304 0.153217629 0.878130376
1548266683.668450 0.201580778 0.090071939 -1.039255023 0.020708932 0.458810151 0.149571821 0.875609875
1548266683.701970 0.212351903 0.076129727 -1.070791602 0.016384115 0.454990208 0.147132844 0.878104448
1548266683.735480 0.233637318 0.043932661 -1.089034677 0.007642817 0.454032749 0.151239067 0.878021955
1548266683.769000 0.248274773 0.027730746 -1.093767524 0.003039936 0.451513827 0.155663952 0.878575385
1548266683.802480 0.285510898 0.008277474 -1.120656252 -0.001030519 0.443592727 0.157666206 0.882250428
1548266683.835990 0.258182943 0.025445960 -1.105781198 0.000329740 0.450990260 0.154208690 0.879105985
1548266683.869510 0.293630719 -0.008623889 -1.118533373 -0.005296757 0.445856333 0.162424758 0.880228519
1548266683.903020 0.291993409 -0.012264238 -1.111335039 -0.005246833 0.443699270 0.162753046 0.881257534
1548266683.936510 0.273799270 0.003090284 -1.105895042 -0.003979607 0.446425527 0.159035385 0.880565822
1548266683.970030 0.287226528 -0.013786933 -1.101600766 -0.007009719 0.445701092 0.164881513 0.879838347
1548266684.003540 0.304524183 -0.033023704 -1.107076049 -0.009320994 0.438460261 0.167459011 0.882962763
1548266684.036890 0.295803905 -0.029586684 -1.095476389 -0.008406239 0.438881248 0.166166231 0.883006990
1548266684.070360 0.302649826 -0.028532304 -1.091727376 -0.005337727 0.429933071 0.172988996 0.886117280
1548266684.103810 0.298024893 -0.033385124 -1.085073352 -0.001293224 0.418693662 0.172334790 0.891624749
1548266684.137320 0.291501850 -0.018708140 -1.092259288 0.009213952 0.409782857 0.166952446 0.896727383
1548266684.170830 0.304289192 -0.041662585 -1.110135674 0.014854037 0.394874126 0.166950792 0.903316796
1548266684.204290 0.299803913 -0.070871517 -1.108384490 0.018546421 0.391877383 0.165419474 0.904833972
1548266684.237810 0.274043888 -0.065658443 -1.103289723 0.034368083 0.384732008 0.166591465 0.907219589
1548266684.271330 0.276035726 -0.041448593 -1.125347376 0.056021482 0.357434064 0.157853514 0.918795288
1548266684.304840 0.304907471 -0.090463251 -1.125177741 0.060641874 0.344149381 0.152564958 0.924449921
1548266684.338390 0.207447246 -0.130906731 -1.098023415 0.074867159 0.343774498 0.156725973 0.922849357
1548266684.371900 0.291813731 -0.097914398 -1.179564476 0.097357236 0.287291110 0.142382056 0.942185104
1548266684.405390 0.268082649 -0.107890502 -1.123206258 0.107405938 0.284744740 0.129356086 0.943743289
1548266684.438910 0.249785766 -0.108879872 -1.138715029 0.121205389 0.277042836 0.129523352 0.944341123
1548266684.472420 0.248950660 -0.107064486 -1.145010233 0.133008465 0.263430119 0.124098361 0.947371602
1548266684.505970 0.236196518 -0.117441222 -1.140559793 0.141662449 0.256675541 0.120256640 0.948466003
1548266684.539480 0.235584393 -0.108789846 -1.146826625 0.153598249 0.245411783 0.118431330 0.949818254
1548266684.572990 0.226722524 -0.110862985 -1.151740909 0.164049700 0.234315008 0.113185175 0.951511085
1548266684.606510 0.197156399 -0.125849321 -1.163241386 0.170983508 0.228037879 0.112097554 0.951944053
1548266684.640030 0.185655579 -0.106110103 -1.146386862 0.183433905 0.221437648 0.110013373 0.951427579
1548266684.673580 0.210178286 -0.100723967 -1.151582122 0.191700637 0.206382126 0.109155722 0.953279793
1548266684.707100 0.210273638 -0.087813735 -1.147004843 0.203151569 0.194685698 0.109341487 0.953347445
1548266684.740620 0.233720168 -0.104540244 -1.174920440 0.206663042 0.180006206 0.104779392 0.955986083
1548266684.774160 0.198018134 -0.096398190 -1.179389596 0.210789680 0.184948027 0.105013840 0.954114318
1548266684.807700 0.225606680 -0.132042810 -1.180922151 0.208721995 0.179766268 0.113381512 0.954601407
1548266684.841580 0.262599170 -0.124275289 -1.193099737 0.212506846 0.162103593 0.112141334 0.957072377
1548266684.875100 0.268053710 -0.153648958 -1.179255486 0.210460782 0.155925140 0.110729679 0.958714008
1548266684.908630 0.267795146 -0.168243602 -1.179868817 0.208302110 0.152889594 0.111170210 0.959622920
1548266684.942160 0.301769316 -0.185766876 -1.176069617 0.206004992 0.137236536 0.109822460 0.962635517
1548266684.975690 0.304436296 -0.198654130 -1.177875161 0.203865066 0.125585511 0.103605963 0.965366840
1548266685.009210 0.286461771 -0.194547296 -1.166645050 0.204743966 0.116933204 0.099778332 0.966669977
1548266685.042740 0.293525636 -0.208162904 -1.163904548 0.202615768 0.105336033 0.092598051 0.969162941
1548266685.076260 0.279705822 -0.209135354 -1.154897809 0.202273130 0.100728489 0.086068369 0.970325530
1548266685.109780 0.283689797 -0.207752287 -1.153185964 0.202054113 0.092779621 0.081770666 0.971534669
1548266685.143300 0.273683459 -0.203251258 -1.144816995 0.201684237 0.085821226 0.075696029 0.972742677
1548266685.176870 0.268704236 -0.216011524 -1.132672906 0.199182943 0.080382206 0.073077068 0.973922312
1548266685.210330 0.265144974 -0.254064560 -1.126812696 0.193105191 0.074952990 0.072182946 0.975644410
1548266685.243850 0.235146090 -0.219443694 -1.107181311 0.194487259 0.075133443 0.064751685 0.975877523
1548266685.277350 0.218124956 -0.233424470 -1.102703333 0.188050926 0.075937450 0.064460956 0.977095246
1548266685.310860 0.227869064 -0.234014705 -1.103902102 0.182709813 0.068099931 0.062810123 0.978792310
1548266685.344340 0.221308500 -0.250383317 -1.104048371 0.174089715 0.064571634 0.058719829 0.980854332
1548266685.377860 0.211989388 -0.202989072 -1.062134981 0.174352109 0.064902395 0.051561028 0.981188297
1548266685.411410 0.186719388 -0.175617352 -1.016929507 0.168255419 0.077082634 0.043678354 0.981753826
1548266685.445030 0.213063061 -0.124957055 -1.003166914 0.167101771 0.085745908 0.043470703 0.981241524
1548266685.478690 0.218829304 -0.178894520 -1.012940168 0.152251095 0.088757396 0.050568759 0.983048618
1548266685.512210 0.223085940 -0.218767390 -0.997334182 0.137111232 0.089125700 0.050019961 0.985269070
1548266685.545720 0.227273643 -0.286140680 -0.996227205 0.117883913 0.092530869 0.053506032 0.987258077
1548266685.578660 0.235992849 -0.334769607 -0.971967816 0.099217214 0.097253501 0.054122914 0.988821745
1548266685.612100 0.232546151 -0.188965082 -0.935171008 0.108265623 0.103831418 0.041424375 0.987816572
1548266685.645590 0.224477053 -0.136849448 -0.914395213 0.106453560 0.108555429 0.040193263 0.987556517
1548266685.679110 0.231318757 -0.211861119 -0.910635352 0.086279102 0.105529830 0.045970939 0.989598930
1548266685.712650 0.242878839 -0.205987871 -0.895322263 0.078449644 0.103554107 0.045190331 0.990494847
1548266685.746240 0.247577101 -0.185764059 -0.874511719 0.073721126 0.104605429 0.044837452 0.990763605
1548266685.780330 0.247486547 -0.213475615 -0.861795962 0.061854579 0.107690156 0.047883946 0.991102397
1548266685.813840 0.262938589 -0.147940576 -0.841440320 0.062431756 0.112751231 0.044936273 0.990641296
1548266685.847360 0.259185165 -0.182305917 -0.833500445 0.049931329 0.119100511 0.055814151 0.990053892
1548266685.880880 0.255941331 -0.198276505 -0.826992214 0.041291442 0.117410675 0.061002448 0.990347624
1548266685.913770 0.284494132 -0.160660163 -0.809612930 0.040069837 0.112978362 0.057970878 0.991095185
1548266685.947220 0.294722080 -0.122425042 -0.802786410 0.039129388 0.116475277 0.055976775 0.990842581
1548266685.980700 0.289417505 -0.120338269 -0.776732028 0.030931326 0.125881508 0.058771357 0.989819705
1548266686.014210 0.294373453 -0.102848068 -0.768529415 0.026288802 0.130736947 0.061993860 0.989127636
1548266686.047710 0.304066688 -0.086700805 -0.755875945 0.020281423 0.136586025 0.062964633 0.988417089
1548266686.081250 0.315540105 -0.067760415 -0.731739998 0.013839408 0.144325554 0.066303089 0.987209439
1548266686.114770 0.319990486 -0.094991237 -0.715011835 0.001007292 0.150541604 0.074205033 0.985814333
1548266686.148300 0.374005944 -0.026454087 -0.693740010 0.001151604 0.149998248 0.073891297 0.985920548
1548266686.181810 0.356153965 -0.047599636 -0.682858706 -0.012773106 0.167101935 0.078549609 0.982722640
1548266686.215320 0.351519912 -0.091070779 -0.661436260 -0.029568551 0.175210401 0.084964953 0.980412126
1548266686.248830 0.376863778 -0.017539041 -0.652678549 -0.026595129 0.176312938 0.085243158 0.980275512
1548266686.282350 0.392807215 -0.018117070 -0.637861431 -0.037801418 0.188456908 0.088085197 0.977392495
1548266686.315840 0.347897410 -0.031014029 -0.634006977 -0.047894090 0.203769013 0.089622863 0.973730981
1548266686.349360 0.365129352 -0.000452895 -0.625896573 -0.051786032 0.206555977 0.090975031 0.972818792
1548266686.382900 0.366445482 0.006428795 -0.618829966 -0.058757015 0.212923363 0.093757257 0.970783591
1548266686.416410 0.374993473 0.018746756 -0.614044070 -0.064836085 0.218205377 0.097573884 0.968845725
1548266686.449930 0.368629545 0.015739962 -0.600971758 -0.073772430 0.224120066 0.100795425 0.966523707
1548266686.483440 0.387563795 0.054366592 -0.594391584 -0.074549980 0.226059407 0.100616373 0.966030955
1548266686.516960 0.420239806 0.092820019 -0.598019421 -0.078915186 0.231152922 0.103168115 0.964207947
1548266686.550480 0.405873537 0.069779880 -0.571845174 -0.093278408 0.242355272 0.108986914 0.959523261
1548266686.584000 0.423757106 0.088031836 -0.570070386 -0.099394232 0.243367136 0.111163922 0.958402753
1548266686.617530 0.416939110 0.127156809 -0.564595938 -0.104340807 0.249450147 0.112083144 0.956203401
1548266686.651030 0.441212356 0.059615679 -0.546211660 -0.133334309 0.245833769 0.123626098 0.952105224
1548266686.684540 0.444162637 0.089201204 -0.536917746 -0.134767264 0.245040655 0.123125426 0.952172756
1548266686.718060 0.439396620 0.140528694 -0.544029772 -0.133181512 0.248162717 0.120567307 0.951914608
1548266686.751470 0.446810842 0.100356467 -0.521103680 -0.149225414 0.250365525 0.126011014 0.948245823
1548266686.784990 0.468875468 0.158925012 -0.518942535 -0.145310953 0.244722471 0.125648007 0.950372696
1548266686.818580 0.452979892 0.178402588 -0.533965826 -0.149014235 0.248940602 0.123476826 0.948987246
1548266686.851980 0.472774684 0.186012089 -0.498480767 -0.158222958 0.250374526 0.128290847 0.946477413
1548266686.885490 0.485549927 0.194499105 -0.495917916 -0.166744038 0.246773779 0.128816292 0.945888758
1548266686.919130 0.456333101 0.246868253 -0.500139356 -0.170414835 0.254200935 0.122037873 0.944164932
1548266686.952670 0.455476314 0.239414781 -0.482913733 -0.182322755 0.254607111 0.123996422 0.941572368
1548266686.986190 0.458521903 0.250387132 -0.469347179 -0.188647985 0.250167817 0.127348036 0.941068828
1548266687.019700 0.485325694 0.272381127 -0.473151386 -0.193004429 0.242454901 0.128983304 0.941981018
1548266687.053220 0.473182708 0.278293669 -0.457702458 -0.199556813 0.245021507 0.130226776 0.939777911
1548266687.086710 0.462746471 0.292694092 -0.446503043 -0.208450377 0.239482343 0.127673119 0.939625561
1548266687.120230 0.488558143 0.291047961 -0.436236471 -0.217503995 0.231531918 0.128286809 0.939482570
1548266687.153770 0.471152961 0.282235473 -0.432663709 -0.223829418 0.233005092 0.129128441 0.937515259
1548266687.187640 0.434045941 0.304960072 -0.416103512 -0.223771334 0.230989963 0.119856879 0.939257383
1548266687.221190 0.455320060 0.320131868 -0.411529511 -0.227493882 0.216638431 0.118665725 0.941930354
1548266687.254710 0.464528412 0.318467349 -0.408063471 -0.234416351 0.209097221 0.121090673 0.941628575
1548266687.288260 0.443254799 0.322537690 -0.397033840 -0.237730995 0.200533912 0.123731144 0.942316711
1548266687.321950 0.475674033 0.327929020 -0.405858040 -0.233822972 0.177884117 0.124884628 0.947674990
1548266687.355520 0.469166458 0.313530833 -0.404873878 -0.234340742 0.171835467 0.119675457 0.949333847
1548266687.389030 0.420020938 0.307412267 -0.387428164 -0.231931731 0.173200190 0.113612682 0.950421751
1548266687.422490 0.438134402 0.308669120 -0.397717267 -0.227720037 0.149919108 0.112011917 0.955573738
1548266687.456010 0.453973919 0.323419005 -0.410901964 -0.220307127 0.136819795 0.109087735 0.959606707
1548266687.489530 0.425802469 0.318517238 -0.404791057 -0.220970690 0.138351768 0.102983333 0.959908962
1548266687.523040 0.423980176 0.317101091 -0.402455121 -0.221349508 0.130244434 0.100067221 0.961263418
1548266687.556610 0.424829155 0.330435693 -0.410189718 -0.218259364 0.123084277 0.093644500 0.963557899
1548266687.590360 0.392347842 0.339608550 -0.399495780 -0.219833627 0.126646340 0.087048307 0.963356912
1548266687.623870 0.399706751 0.342884541 -0.404666305 -0.222044513 0.116687126 0.087503351 0.964066148
1548266687.657390 0.410157472 0.348273009 -0.404483259 -0.225425631 0.107698686 0.085729517 0.964486778
1548266687.690570 0.401001930 0.350983530 -0.396478027 -0.230755642 0.106811300 0.082955852 0.963567078
1548266687.724090 0.388410300 0.352826327 -0.395291477 -0.234028056 0.104980610 0.081515193 0.963101864
1548266687.757600 0.396674037 0.351119846 -0.386171907 -0.240687013 0.097194314 0.081455566 0.962282717
1548266687.791120 0.404344052 0.357707530 -0.384681284 -0.243237615 0.093883879 0.080302306 0.962066948
1548266687.824430 0.393726438 0.362035602 -0.382129490 -0.246500418 0.095477879 0.078656927 0.961215138
1548266687.857920 0.385608882 0.365088731 -0.376577824 -0.250618011 0.094739713 0.077913515 0.960283518
1548266687.891430 0.385671049 0.371079355 -0.374582112 -0.253404766 0.091495335 0.077861451 0.959870934
1548266687.924980 0.385433465 0.379492223 -0.371562392 -0.256492823 0.088449650 0.077802852 0.959340811
1548266687.958460 0.385361642 0.384901136 -0.366525859 -0.260199964 0.086428776 0.077537715 0.958547831
1548266687.992010 0.391291171 0.392094225 -0.362597644 -0.263110131 0.084034607 0.077752307 0.957948744
1548266688.025530 0.398473173 0.401406765 -0.361303359 -0.264980584 0.083000168 0.077399708 0.957551837
1548266688.059010 0.395333886 0.400888681 -0.356262654 -0.268811256 0.086838759 0.077286892 0.956151783
1548266688.092480 0.390790910 0.395601660 -0.348885655 -0.272811651 0.089219116 0.077471323 0.954783738
1548266688.125990 0.405285954 0.406084001 -0.351047516 -0.271504611 0.086452268 0.077128991 0.955438316
1548266688.159500 0.405765593 0.405050993 -0.347341835 -0.272947162 0.091443844 0.075306289 0.954707742
1548266688.193020 0.381438464 0.400491625 -0.342183709 -0.273936450 0.100798160 0.074033834 0.953581452
1548266688.226500 0.388900071 0.406902403 -0.344794422 -0.271753967 0.095649995 0.075289249 0.954637289
1548266688.260010 0.386029750 0.407504469 -0.342827976 -0.270713836 0.098978564 0.076009400 0.954536438
1548266688.293550 0.364386320 0.399197638 -0.338152736 -0.270830780 0.101714842 0.078367703 0.954024792
1548266688.327040 0.386538953 0.415437251 -0.346321017 -0.265117407 0.089865319 0.080188155 0.956664443
1548266688.360580 0.392128289 0.417516291 -0.346943378 -0.264375478 0.090720423 0.082137160 0.956623673
1548266688.394080 0.394937336 0.422563702 -0.349462718 -0.263157785 0.091675527 0.082398757 0.956845880
1548266688.427590 0.398597449 0.426740110 -0.350654900 -0.262806237 0.094257087 0.081014410 0.956809878
1548266688.461130 0.378451914 0.419103146 -0.345910966 -0.264962047 0.103294447 0.078893267 0.955458641
1548266688.494650 0.365276158 0.410260469 -0.345231920 -0.264813691 0.104260959 0.079379506 0.955354512
1548266688.528180 0.344253808 0.414793849 -0.348944813 -0.259996444 0.099658705 0.079462402 0.957160234
1548266688.561700 0.371857256 0.429818869 -0.357189804 -0.254836202 0.084438682 0.080739729 0.959900916
1548266688.595210 0.373007417 0.437028825 -0.363283008 -0.252655953 0.082962297 0.079693124 0.960693121
1548266688.628730 0.388176590 0.446403831 -0.366458684 -0.251119733 0.080656618 0.079052627 0.961344898
1548266688.662230 0.362009138 0.434674352 -0.362323821 -0.254293382 0.091807269 0.078511551 0.959553123
1548266688.695740 0.365768433 0.438889474 -0.367232800 -0.253117293 0.084555708 0.078063354 0.960566521
1548266688.729270 0.368892461 0.452353835 -0.371567637 -0.250951916 0.082630582 0.075738497 0.961487889
1548266688.762790 0.361091614 0.454681963 -0.370247662 -0.253084987 0.085007176 0.074963212 0.960782170
1548266688.796310 0.359163970 0.455695093 -0.369121492 -0.255071491 0.083576560 0.074526154 0.960416257
1548266688.829830 0.363440543 0.464307398 -0.370235175 -0.255025566 0.081647627 0.074742503 0.960577548
1548266688.863340 0.346897781 0.454725146 -0.364540339 -0.259951502 0.084269293 0.077383965 0.958819926
1548266688.896860 0.314838678 0.438837200 -0.358315051 -0.263358593 0.080777027 0.077360563 0.958192408
1548266688.930370 0.356706917 0.446805120 -0.351599127 -0.265365660 0.063490927 0.079807416 0.958739161
1548266688.963890 0.354101449 0.449764848 -0.350390166 -0.265073240 0.067936294 0.081369199 0.958383977
1548266688.997400 0.346576393 0.453192800 -0.353854179 -0.263728350 0.067293026 0.080147348 0.958903253
1548266689.030920 0.341568559 0.457322985 -0.345937788 -0.265456021 0.067659281 0.079321943 0.958469272
1548266689.064390 0.345779479 0.455619067 -0.341149688 -0.266422778 0.065281801 0.082106754 0.958131373
1548266689.097910 0.342581809 0.446703136 -0.339319855 -0.265819460 0.063932158 0.085502163 0.958092928
1548266689.131420 0.338086098 0.454623312 -0.339675099 -0.262455344 0.058994792 0.083087057 0.959548533
1548266689.164870 0.342981905 0.456643313 -0.339786649 -0.260403752 0.053988401 0.084769934 0.960254788
1548266689.198390 0.338511497 0.454320103 -0.334613621 -0.262038797 0.052057307 0.085697539 0.959834158
1548266689.231410 0.331299156 0.445669711 -0.326148361 -0.265655100 0.048980474 0.082570694 0.959275961
1548266689.264620 0.334913701 0.447852194 -0.325268179 -0.263949007 0.043047734 0.081796862 0.960097432
1548266689.298140 0.327232540 0.447029650 -0.322434515 -0.264160275 0.041210447 0.078209519 0.960418820
1548266689.331650 0.315414965 0.461767703 -0.316017985 -0.261763811 0.038726203 0.069473222 0.961848974
1548266689.365360 0.327962816 0.420123875 -0.320441991 -0.266793966 0.029926823 0.074909419 0.960371792
1548266689.398920 0.313691735 0.444777638 -0.309540093 -0.264260799 0.029568540 0.063228607 0.961922050
1548266689.432400 0.294121742 0.440351248 -0.300161690 -0.266194850 0.032822609 0.055751998 0.961745679
1548266689.465720 0.291873276 0.431363463 -0.295975149 -0.267078191 0.030400204 0.056206472 0.961553931
1548266689.499220 0.289598525 0.430029690 -0.294798255 -0.266266406 0.026061058 0.053746130 0.962046981
1548266689.532700 0.331429809 0.444004804 -0.308579326 -0.256955236 0.009680981 0.059577152 0.964536607
1548266689.566220 0.303940266 0.435532063 -0.301631361 -0.257465929 0.016822658 0.052962072 0.964688182
1548266689.599730 0.285075217 0.433489859 -0.293306261 -0.256183475 0.018757839 0.049815644 0.965161443
1548266689.633280 0.295883924 0.431614727 -0.294026464 -0.253638238 0.012221239 0.049087718 0.965975523
1548266689.666810 0.281411618 0.430195898 -0.289669991 -0.251243055 0.014413451 0.046262607 0.966710389
1548266689.700480 0.275144815 0.423991472 -0.285723776 -0.250629067 0.012738162 0.044478063 0.966977000
1548266689.734030 0.271510571 0.419481874 -0.282194376 -0.249170542 0.009819591 0.041322660 0.967527807
1548266689.767560 0.264566392 0.418385446 -0.279835850 -0.246896669 0.009008544 0.038247280 0.968244791
1548266689.801110 0.269988656 0.408302695 -0.278868794 -0.246408179 0.001942388 0.039321255 0.968366206
1548266689.834680 0.266733408 0.400785655 -0.280950248 -0.245205432 -0.001323700 0.032844696 0.968913734
1548266689.868190 0.260766894 0.401983351 -0.278380632 -0.242220238 -0.001661022 0.027118387 0.969840825
1548266689.901710 0.251491249 0.395547658 -0.279622614 -0.240325913 -0.002667155 0.022687322 0.970423400
1548266689.935360 0.250650376 0.390436023 -0.280816197 -0.238317624 -0.006653361 0.017926782 0.970999002
1548266689.968960 0.236362964 0.383918256 -0.281291872 -0.236754373 -0.007095043 0.012673173 0.971460938
1548266690.002570 0.237381026 0.375854701 -0.281456649 -0.234703913 -0.010688547 0.009911756 0.971957624
1548266690.036180 0.234974772 0.374253035 -0.285664678 -0.230379820 -0.011799676 0.007616707 0.972999394
1548266690.069690 0.215866432 0.365536571 -0.286237836 -0.228726819 -0.011179144 0.005854876 0.973408878
1548266690.103280 0.226137221 0.365045041 -0.291376621 -0.224444672 -0.018522682 0.004246021 0.974301517
1548266690.136800 0.225292608 0.361234039 -0.295694590 -0.221476614 -0.018253336 0.002519622 0.974991560
1548266690.170310 0.206939593 0.352653950 -0.296185702 -0.220452413 -0.015184688 0.000695150 0.975279272
1548266690.203830 0.201825440 0.347652137 -0.297279656 -0.217800915 -0.019863488 -0.000694557 0.975790799
1548266690.237270 0.209333912 0.349838763 -0.305898637 -0.212379843 -0.025067780 -0.001180331 0.976864874
1548266690.270760 0.192529216 0.337204635 -0.305658937 -0.212402657 -0.024070211 -0.002255123 0.976883113
1548266690.304270 0.190057397 0.334541470 -0.308763564 -0.208496183 -0.030312685 -0.004391480 0.977543473
1548266690.337820 0.193873078 0.329045892 -0.314133495 -0.205004558 -0.036829714 -0.006343823 0.978047252
1548266690.371340 0.201065585 0.325433463 -0.320138663 -0.201598465 -0.042428922 -0.008877452 0.978508592
1548266690.404880 0.186480656 0.322123557 -0.325780660 -0.199507788 -0.040744670 -0.012401044 0.978970230
1548266690.438340 0.179395691 0.317573994 -0.331639498 -0.197936177 -0.044733301 -0.014847450 0.979081094
1548266690.504670 0.195577860 0.312181622 -0.342613012 -0.193284869 -0.053075004 -0.019658634 0.979508817
1548266690.538180 0.184401006 0.306794673 -0.345910490 -0.192531347 -0.051633712 -0.021546334 0.979694545
1548266690.571700 0.173795342 0.298355818 -0.350646347 -0.191742510 -0.052022174 -0.024954429 0.979747772
1548266690.605210 0.182596609 0.293133587 -0.355891317 -0.189919919 -0.057357702 -0.026413787 0.979766667
1548266690.638730 0.193985566 0.293311208 -0.363362372 -0.186138809 -0.060456194 -0.029570019 0.980215788
1548266690.672280 0.176465020 0.283301294 -0.369437039 -0.185352772 -0.054497391 -0.031872623 0.980641901
1548266690.705860 0.166003764 0.269869953 -0.371195644 -0.184187204 -0.056734927 -0.033028744 0.980696321
1548266690.739380 0.191059858 0.271940976 -0.381160468 -0.177023128 -0.064432301 -0.032210939 0.981567025
1548266690.772910 0.187246069 0.254199833 -0.382735610 -0.174208283 -0.059495457 -0.035898991 0.982254028
1548266690.806510 0.176645264 0.253221393 -0.389773995 -0.168108359 -0.056360602 -0.035110511 0.983529508
1548266690.839940 0.192666322 0.234291866 -0.392886877 -0.165292874 -0.060513027 -0.033264659 0.983824134
1548266690.873440 0.199998707 0.237616986 -0.403966188 -0.156291261 -0.058064822 -0.030799352 0.985521674
1548266690.906960 0.183805972 0.233039603 -0.415568471 -0.151349023 -0.054292154 -0.029438458 0.986549139
1548266690.940480 0.183752239 0.227014169 -0.420335412 -0.146528259 -0.058601286 -0.029873446 0.987017214
1548266690.974010 0.213741615 0.218622833 -0.423498511 -0.141082287 -0.061992317 -0.026225159 0.987706900
1548266691.007520 0.200438827 0.212619945 -0.434829354 -0.136749342 -0.057583522 -0.024188396 0.988634765
1548266691.041060 0.180562302 0.188391805 -0.430808902 -0.136197358 -0.057874806 -0.025177440 0.988669217
1548266691.074580 0.183962762 0.175251350 -0.436791092 -0.131723076 -0.062454097 -0.025794754 0.988980830
1548266691.108090 0.191144347 0.170284748 -0.440545648 -0.125505969 -0.061883703 -0.024784457 0.989850700
1548266691.141610 0.184287354 0.172107846 -0.447614253 -0.118110351 -0.061244659 -0.022336196 0.990858257
1548266691.175140 0.187272847 0.166983247 -0.456147939 -0.111853026 -0.065511398 -0.022888528 0.991298795
1548266691.208660 0.201844782 0.153631344 -0.461036265 -0.108036190 -0.066033162 -0.023753813 0.991667032
1548266691.242270 0.189670950 0.162087113 -0.461179763 -0.100181215 -0.059642378 -0.022246167 0.992930830
1548266691.275780 0.199230924 0.157218903 -0.469315052 -0.095541224 -0.061342735 -0.021291796 0.993305385
1548266691.309300 0.193481132 0.156281844 -0.472583979 -0.090898700 -0.058435246 -0.021851484 0.993904054
1548266691.342820 0.190965682 0.152914956 -0.478375643 -0.087931797 -0.057112962 -0.020280698 0.994281054
1548266691.376390 0.197470695 0.159330040 -0.485016793 -0.083695866 -0.059072331 -0.019011369 0.994557202
1548266691.409910 0.197144940 0.158970907 -0.490639627 -0.081906304 -0.059150178 -0.018700657 0.994707465
1548266691.443430 0.198301673 0.162552968 -0.493591100 -0.080222540 -0.060038622 -0.018300775 0.994798839
1548266691.476880 0.203187466 0.160268947 -0.501871884 -0.080648512 -0.061919164 -0.016638523 0.994678319
1548266691.510410 0.201785088 0.159916788 -0.501438916 -0.081126794 -0.063326493 -0.017209964 0.994541109
1548266691.543910 0.204719052 0.164392143 -0.505134106 -0.081276648 -0.064222500 -0.015553270 0.994498670
1548266691.577430 0.210007980 0.162680075 -0.508018017 -0.083030805 -0.065837018 -0.015646739 0.994246721
1548266691.610940 0.204599395 0.168982819 -0.503282130 -0.082971588 -0.066549636 -0.014993283 0.994214296
1548266691.644460 0.206271529 0.160240233 -0.504996181 -0.085527502 -0.067885846 -0.013917313 0.993922949
1548266691.677970 0.204263359 0.157916442 -0.505286813 -0.086590961 -0.068354703 -0.013369745 0.993806243
1548266691.711420 0.200115547 0.153915003 -0.502966583 -0.088038079 -0.068802625 -0.012318860 0.993661821
1548266691.744940 0.204675153 0.151613042 -0.508431375 -0.087860137 -0.071432039 -0.011199811 0.993505239
1548266691.778440 0.211776018 0.151645750 -0.507496536 -0.087205887 -0.071441799 -0.010236653 0.993572533
1548266691.811940 0.205720663 0.152530074 -0.505059004 -0.086062908 -0.069490358 -0.009548812 0.993817449
1548266691.845450 0.212019458 0.144099131 -0.508237720 -0.086129300 -0.070049062 -0.008072597 0.993785560
1548266691.878970 0.214047536 0.139168605 -0.513957918 -0.084989354 -0.068544254 -0.006210830 0.994001985
1548266691.912480 0.215164632 0.143033355 -0.513152838 -0.082585573 -0.065425895 -0.004861093 0.994422197
1548266691.946000 0.214773953 0.147101775 -0.511387587 -0.080260001 -0.063579150 -0.004778858 0.994732738
1548266691.979520 0.216332197 0.144232959 -0.512222111 -0.079417571 -0.061090998 -0.003514683 0.994961500
1548266692.013040 0.223358080 0.148694545 -0.513353884 -0.077888623 -0.059693802 -0.002801222 0.995169401
1548266692.046560 0.220597580 0.151452169 -0.517067194 -0.076684430 -0.057156961 -0.002290922 0.995413125
1548266692.080100 0.225498199 0.158830643 -0.519368827 -0.075137571 -0.056872729 -0.001715764 0.995548546
1548266692.113610 0.227549464 0.157395557 -0.516399145 -0.075148180 -0.056805242 -0.002444054 0.995550036
1548266692.147130 0.230567127 0.153665468 -0.516994715 -0.076106504 -0.055218082 -0.003484817 0.995563447
1548266692.180610 0.220272258 0.158604980 -0.516619921 -0.075692944 -0.051779971 -0.003414853 0.995779991
1548266692.214110 0.219728991 0.157001510 -0.520828247 -0.076386109 -0.051461808 -0.004741153 0.995738089
1548266692.247590 0.229468301 0.160612524 -0.518156290 -0.076491803 -0.052690852 -0.004915877 0.995664835
1548266692.281140 0.221840918 0.162720785 -0.517308831 -0.077457137 -0.050272096 -0.006094805 0.995708764
1548266692.314710 0.206859350 0.157762557 -0.517472029 -0.079425320 -0.047210056 -0.006163382 0.995703161
1548266692.348270 0.218013406 0.163189098 -0.516750872 -0.078993745 -0.050987069 -0.006932632 0.995546222
1548266692.381810 0.219800383 0.154880121 -0.519715905 -0.080978662 -0.049734775 -0.007562023 0.995445490
1548266692.415490 0.222795814 0.155160353 -0.521417081 -0.081236348 -0.048692103 -0.005945942 0.995486975
1548266692.449310 0.226372391 0.154540285 -0.519820809 -0.081012920 -0.048629697 -0.005678146 0.995509803
