1341846092.023798 0.0000000 0.0000000 0.0000000 0.0000000 0.0000000 0.0000000 1.0000000
1341846092.528072 0.0083977 -0.0071721 0.0021122 0.0275898 0.0016325 -0.0154152 0.9994991
1341846092.559842 0.0095194 -0.0086322 0.0005996 0.0321460 0.0034194 -0.0178909 0.9993172
1341846092.696012 0.0099921 -0.0058769 0.0023767 0.0488222 0.0064273 -0.0199533 0.9985875
1341846093.027860 0.0177498 -0.0381918 -0.0038329 0.0944679 0.0069135 -0.0251280 0.9951867
1341846093.125933 0.0275982 -0.0355263 -0.0049076 0.1097357 0.0089535 -0.0293131 0.9934881
1341846093.357904 0.0234560 -0.0373729 -0.0082113 0.1471306 0.0147621 -0.0214753 0.9887737
1341846093.593995 0.0324757 -0.0529101 -0.0158070 0.1850992 0.0137783 -0.0099311 0.9825731
1341846093.761995 0.0292151 -0.0694064 -0.0206728 0.2115740 0.0135549 -0.0114081 0.9772014
1341846093.794228 0.0242943 -0.0714665 -0.0210472 0.2186521 0.0107807 -0.0058385 0.9757258
1341846093.861841 0.0359181 -0.0683459 -0.0255540 0.2303980 0.0081759 -0.0087189 0.9730231
1341846093.893823 0.0289617 -0.0786342 -0.0302573 0.2359074 0.0086461 -0.0091412 0.9716941
1341846094.161786 0.0589796 -0.0847740 -0.0285714 0.2739361 0.0079604 -0.0054680 0.9616994
1341846094.533970 0.0498013 -0.0764113 -0.0215569 0.2347797 0.0107729 0.0031907 0.9719837
1341846094.597899 0.0588911 -0.0692323 -0.0249467 0.2198880 0.0077082 0.0062508 0.9754747
1341846094.633912 0.0581887 -0.0562291 -0.0248898 0.2126172 0.0066042 0.0117256 0.9770429
1341846094.866031 0.0503747 -0.0359837 -0.0203248 0.1685962 0.0102031 0.0271614 0.9852580
1341846095.002198 0.0506920 -0.0091361 -0.0117271 0.1354571 0.0070277 0.0298524 0.9903085
1341846095.134021 0.0492577 -0.0151735 -0.0111393 0.1111702 0.0132327 0.0369989 0.9930242
1341846095.737902 0.0571446 0.0132777 -0.0100748 0.0306910 0.0149116 0.0571116 0.9977846
1341846095.973926 0.0659772 0.0372502 -0.0056116 0.0032515 0.0171248 0.0594905 0.9980767
1341846096.709906 0.0657478 0.0560440 -0.0131589 -0.0706438 0.0138592 0.0367085 0.9967296
1341846097.514061 0.0756105 0.0948412 -0.0061983 -0.1884062 0.0208321 0.0205588 0.9816549
1341846098.418076 0.0787873 0.0882118 -0.0075432 -0.1301769 0.0403715 -0.0178238 0.9905081
1341846098.721860 0.0783411 0.0423606 -0.0097622 -0.0750990 0.0417999 -0.0023736 0.9962968
1341846098.889904 0.0785114 0.0344671 -0.0167130 -0.0166603 0.0350926 0.0123248 0.9991692
1341846099.189822 0.0855204 0.0119140 -0.0219992 0.0672684 0.0256627 0.0087297 0.9973666
1341846099.332076 0.0884033 0.0192457 -0.0244209 0.0848254 0.0263430 0.0143334 0.9959444
1341846099.463909 0.0972973 0.0205194 -0.0203021 0.0838120 0.0400536 0.0145014 0.9955707
1341846099.761986 0.1258889 0.0070358 -0.0259130 0.0896585 0.1262542 0.0128692 0.9878541
1341846099.825926 0.1443088 0.0100631 -0.0206526 0.0958578 0.1444028 0.0266486 0.9845044
1341846099.961831 0.1566336 0.0087895 -0.0153835 0.1010109 0.1816493 0.0347343 0.9775448
1341846099.993861 0.1554326 0.0106781 -0.0080104 0.1014813 0.1921962 0.0346501 0.9754801
1341846100.029846 0.1558318 0.0072056 -0.0158477 0.1014041 0.2017433 0.0358937 0.9735135
1341846100.069920 0.1579614 0.0044705 -0.0201923 0.1023910 0.2131707 0.0370110 0.9709297
1341846100.335884 0.1599142 0.0095992 -0.0120320 0.1093348 0.2699735 0.0530689 0.9551669
1341846100.367898 0.1531975 0.0100636 -0.0265755 0.1084929 0.2759964 0.0527081 0.9535602
1341846100.400000 0.1539802 0.0098847 -0.0378986 0.1081026 0.2774315 0.0521270 0.9532200
1341846100.435828 0.1569048 0.0074889 -0.0382496 0.1085074 0.2839449 0.0502277 0.9513562
1341846100.535834 0.1601586 0.0005296 -0.0526075 0.1105917 0.3015854 0.0431491 0.9460200
1341846101.437821 0.1430618 0.0124905 -0.0324089 0.1025665 0.2974089 0.0354024 0.9485646
1341846101.501812 0.1468271 0.0130682 -0.0304029 0.1021121 0.2829914 0.0344582 0.9530486
1341846101.569873 0.1425700 0.0207316 -0.0335619 0.1020724 0.2754214 0.0320776 0.9553509
1341846101.670644 0.1236014 0.0137857 -0.0407056 0.0972523 0.2566040 0.0312304 0.9611041
1341846101.705786 0.1308329 0.0111969 -0.0249109 0.0986051 0.2472241 0.0354095 0.9632775
1341846101.738127 0.1294987 0.0140043 -0.0239625 0.1013259 0.2426009 0.0359040 0.9641519
1341846101.769786 0.1171293 0.0126099 -0.0370870 0.1018011 0.2373993 0.0388480 0.9652818
1341846101.805816 0.1203745 0.0150117 -0.0199319 0.1025399 0.2309900 0.0365707 0.9668463
1341846101.869834 0.1073565 0.0149084 -0.0409475 0.1029142 0.2229699 0.0384935 0.9686131
1341846101.973942 0.1089949 0.0148103 -0.0256603 0.1036083 0.2026910 0.0394030 0.9729487
1341846102.005947 0.0946793 0.0140392 -0.0400735 0.1037738 0.1916719 0.0417676 0.9750633
1341846102.073879 0.0906485 0.0157521 -0.0352157 0.1065279 0.1762807 0.0422908 0.9776443
1341846102.173907 0.0778456 0.0188355 -0.0369041 0.0994129 0.1506769 0.0378675 0.9828426
1341846102.305875 0.0526611 0.0250132 -0.0464591 0.0911959 0.1096267 0.0248200 0.9894692
1341846102.677806 0.0402359 0.0269610 -0.0693756 0.0931821 0.0197386 0.0224457 0.9952003
1341846103.045829 0.0410878 0.0268188 -0.0742974 0.0843670 -0.0765307 0.0406098 0.9926611
1341846103.345951 -0.0289802 0.0138952 -0.1374226 0.0816747 -0.1610666 0.0180993 0.9833917
1341846103.545990 0.0572886 0.0172222 -0.0858534 0.0736448 -0.2679951 0.0155488 0.9604756
1341846103.582021 0.0359198 0.0177837 -0.1209913 0.0741279 -0.2753301 0.0152473 0.9583663
1341846103.650229 0.0376210 0.0151563 -0.0819826 0.0747254 -0.3092752 0.0261496 0.9476714
1341846103.714025 0.0290987 0.0315068 -0.1057268 0.0728303 -0.3306148 0.0322158 0.9403998
1341846103.813998 0.0452761 0.0232444 -0.0955119 0.0694341 -0.3699901 0.0405675 0.9255487
1341846103.883046 0.0548510 0.0202342 -0.0827736 0.0614782 -0.4010250 0.0400380 0.9131245
1341846103.917830 0.0595672 0.0185575 -0.0870887 0.0598736 -0.4081324 0.0413986 0.9100161
1341846103.949988 0.0424711 0.0236859 -0.1014654 0.0592114 -0.4156201 0.0399996 0.9067271
1341846103.981996 0.0498627 0.0223753 -0.0845405 0.0558117 -0.4315057 0.0350635 0.8996991
1341846104.017780 0.0587669 0.0162558 -0.0858863 0.0541283 -0.4389426 0.0340324 0.8962373
1341846104.049832 0.0318305 0.0169517 -0.0966059 0.0554637 -0.4427267 0.0323379 0.8943551
1341846104.082120 0.0501313 0.0247120 -0.0965403 0.0553803 -0.4587016 0.0234883 0.8865519
1341846104.150184 0.0687009 0.0237856 -0.1124810 0.0515185 -0.4745172 0.0211395 0.8784830
1341846104.417992 0.0529215 0.0189325 -0.1646819 0.0374965 -0.5212014 0.0071884 0.8525793
1341846104.517786 0.0998150 -0.0414105 -0.1088834 0.0309424 -0.5294841 0.0036067 0.8477477
1341846104.653963 0.1087811 -0.0580368 -0.1172119 0.0305875 -0.5274158 0.0023840 0.8490532
1341846104.822207 0.1688859 -0.0812068 -0.0571540 0.0357119 -0.4801744 0.0027491 0.8764415
1341846104.921931 0.1568090 -0.0465522 -0.0159816 0.0415533 -0.4498096 0.0086990 0.8921149
1341846104.954032 0.1507438 -0.0448834 -0.0050279 0.0443488 -0.4336393 0.0073742 0.8999643
1341846104.989984 0.1529000 -0.0452596 -0.0082579 0.0468984 -0.4194754 0.0087515 0.9065122
1341846105.021966 0.1597726 -0.0503138 0.0066974 0.0473960 -0.4065304 0.0143854 0.9122937
1341846105.053992 0.1477784 -0.0498581 0.0094682 0.0514611 -0.3869950 0.0169621 0.9204884
1341846105.089855 0.1551847 -0.0466017 0.0052576 0.0565604 -0.3726464 0.0194870 0.9260431
1341846105.121922 0.1597194 -0.0466417 -0.0001511 0.0602281 -0.3541828 0.0247002 0.9329078
1341846105.158015 0.1564016 -0.0406509 0.0030331 0.0662236 -0.3350075 0.0255711 0.9395374
1341846105.189943 0.1718427 -0.0331330 -0.0079762 0.0678170 -0.3202869 0.0256964 0.9445406
1341846105.258397 0.1504044 -0.0406519 0.0125743 0.0703267 -0.2930739 0.0347740 0.9528655
1341846105.289917 0.1549250 -0.0341643 -0.0052035 0.0703713 -0.2847447 0.0404923 0.9551590
1341846105.357830 0.1573900 -0.0428256 0.0131569 0.0675037 -0.2712556 0.0478745 0.9589430
1341846105.389824 0.1563750 -0.0362359 0.0106516 0.0702904 -0.2624558 0.0500112 0.9610802
1341846105.525969 0.1683082 -0.0409296 0.0265610 0.0752388 -0.2154670 0.0489631 0.9723763
1341846105.626122 0.1769643 -0.0427348 0.0203234 0.0783890 -0.1804569 0.0524489 0.9790503
1341846105.758468 0.1697423 -0.0333018 0.0181161 0.0874515 -0.1354005 0.0544973 0.9854182
1341846105.893922 0.2126050 -0.0424093 0.0127015 0.0908954 -0.0902672 0.0555463 0.9902043
1341846106.261942 0.1977579 -0.0162748 0.0240490 0.0916934 -0.0115440 0.0328449 0.9951785
1341846106.967484 0.1867257 -0.0298874 0.0059542 0.0500877 -0.0092878 -0.2175373 0.9747217
1341846107.434304 0.1629156 0.0033405 0.0211315 0.0245587 -0.0322186 -0.3887466 0.9204537
1341846107.938092 0.1866383 0.0140664 -0.0019703 -0.0148972 -0.0281071 -0.5293501 0.8478069
1341846108.373928 0.1852533 0.0424040 0.0077558 -0.0684113 0.0201110 -0.6127255 0.7870724
1341846108.673868 0.1925483 0.0287033 0.0079911 -0.0654731 0.0468526 -0.6080591 0.7897989
1341846109.178396 0.1900627 0.0248735 0.0330111 -0.0211557 0.0906806 -0.5744030 0.8132593
1341846109.377812 0.1782015 0.0166164 0.0400114 0.0303634 0.0637657 -0.5189428 0.8518863
1341846109.613999 0.1743879 0.0067492 0.0319803 0.0512055 0.0389503 -0.4349959 0.8981311
1341846109.913863 0.1701718 -0.0125940 0.0091293 0.0758423 0.0046643 -0.3198620 0.9444122
1341846110.181980 0.1704221 -0.0176577 0.0067766 0.0918024 -0.0043786 -0.2810743 0.9552750
1341846110.517949 0.1718658 -0.0209797 -0.0070340 0.0938572 -0.0194353 -0.2123535 0.9724809
1341846111.589761 0.1770651 -0.0283431 -0.0090096 0.0765974 -0.0494208 0.0095319 0.9957910
1341846111.957857 0.1879126 -0.0477205 -0.0112417 0.0739171 -0.0580898 0.1235262 0.9878781
1341846112.293912 0.2057850 -0.0657532 -0.0118980 0.0916483 -0.0712188 0.2319550 0.9657771
1341846112.562160 0.2057728 -0.0770639 -0.0184975 0.1070261 -0.0735256 0.2870006 0.9490891
1341846113.233852 0.2358746 -0.0742627 -0.0098269 0.0989762 -0.0438211 0.4686989 0.8767011
1341846114.137798 0.2520379 -0.0723988 -0.0170208 0.0853354 -0.0316273 0.6812978 0.7263269
1341846114.941865 0.2393552 -0.0606734 -0.0066675 0.0905397 -0.0436047 0.6367011 0.7645344
