1548339348.693900 0.0000000 0.0000000 0.0000000 -0.0000000 -0.0000000 -0.0000000 1.0000000
1548339348.727420 0.0001693 0.0077369 0.0017387 0.0009929 0.0033233 0.0013782 0.9999931
1548339348.794440 -0.0133243 -0.0076836 -0.0074705 -0.0037958 0.0083057 0.0046485 0.9999475
1548339348.960460 -0.0029209 0.0090686 -0.0110789 0.0001150 0.0138589 0.0058086 0.9998871
1548339349.161070 -0.0207417 0.0012193 -0.0196848 -0.0058751 0.0284301 -0.0007722 0.9995782
1548339349.496470 -0.0224775 0.0193316 -0.0253022 -0.0027875 0.0438815 0.0150595 0.9989194
1548339349.932620 -0.0210181 0.0526230 -0.0119376 -0.0307740 0.0631954 0.0356607 0.9968890
1548339350.468540 0.0039734 0.1017256 0.0135695 -0.0592337 0.1031917 0.0429974 0.9919648
1548339351.205830 0.0716288 0.0233239 -0.0299588 -0.0315774 0.1359132 0.0558406 0.9886417
1548339351.239350 0.0872937 0.0193463 -0.0365812 -0.0291064 0.1454124 0.0593469 0.9871606
1548339351.306380 0.1025717 0.0079060 -0.0429638 -0.0250392 0.1584972 0.0679137 0.9847027
1548339351.373420 0.1246440 0.0013805 -0.0519152 -0.0213791 0.1705432 0.0719437 0.9824877
1548339351.540990 0.1699179 -0.0142692 -0.0676962 -0.0103793 0.2069358 0.0802758 0.9750004
1548339351.742060 0.2127447 -0.0384659 -0.0971448 0.0052455 0.2448398 0.0909691 0.9652723
1548339351.943030 0.2504603 -0.0522078 -0.1256833 0.0106331 0.2793909 0.1056461 0.9542885
1548339352.077080 0.2610407 -0.0628771 -0.1258981 0.0075193 0.3005542 0.1181295 0.9463910
1548339352.412290 0.3165697 -0.0783714 -0.1687978 0.0052800 0.3482637 0.1237860 0.9291725
1548339352.546190 0.3222095 -0.0656930 -0.1844139 0.0007825 0.3676035 0.1247661 0.9215750
1548339352.680240 0.3276340 -0.0549780 -0.1873634 -0.0101855 0.3856085 0.1250945 0.9140863
1548339352.780780 0.3358000 -0.0541350 -0.1936654 -0.0168246 0.3895644 0.1287861 0.9117953
1548339352.881280 0.3453108 -0.0339839 -0.1963697 -0.0205926 0.3971216 0.1320067 0.9079894
1548339352.948310 0.3535538 -0.0269229 -0.2020663 -0.0235692 0.4044597 0.1360380 0.9040744
1548339353.115800 0.3925838 -0.0194500 -0.2296760 -0.0281499 0.4308619 0.1452713 0.8902033
1548339353.350380 0.3683291 -0.0166544 -0.2211919 -0.0182231 0.4841055 0.1499488 0.8618731
1548339353.585020 0.3723282 -0.0184143 -0.2392593 -0.0111023 0.5096452 0.1663609 0.8440750
1548339353.719080 0.3698887 -0.0195514 -0.2522596 -0.0062143 0.5254971 0.1734725 0.8328995
1548339353.853330 0.3753102 -0.0276035 -0.2612731 -0.0032973 0.5396423 0.1773527 0.8229954
1548339354.020910 0.3635961 -0.0348883 -0.2535934 0.0008609 0.5645721 0.1818098 0.8051104
1548339354.121480 0.3830747 -0.0181524 -0.3234808 0.0052594 0.5697205 0.1917681 0.7991345
1548339354.188520 0.4073506 0.0016351 -0.3756997 0.0083111 0.5682205 0.1992595 0.7983433
1548339354.255550 0.4340878 0.0273752 -0.4187915 0.0075057 0.5657352 0.2021954 0.7993775
1548339354.322540 0.4570706 0.0497918 -0.4595017 0.0036083 0.5661260 0.2078101 0.7976862
1548339354.389430 0.4714520 0.0757895 -0.4953470 0.0024559 0.5657624 0.2117754 0.7969053
1548339354.456360 0.4894237 0.1020954 -0.5297208 0.0034131 0.5647138 0.2131659 0.7972747
1548339354.489910 0.4998762 0.1079415 -0.5412641 0.0038607 0.5665856 0.2172481 0.7948391
1548339354.523500 0.5043061 0.1210355 -0.5613750 0.0063783 0.5658229 0.2175662 0.7952790
1548339354.590460 0.5104776 0.1353743 -0.5940443 0.0086614 0.5659456 0.2216718 0.7940354
1548339354.623970 0.5129808 0.1406437 -0.6049687 0.0065663 0.5676080 0.2219765 0.7927828
1548339354.691080 0.5288641 0.1629072 -0.6447943 0.0042618 0.5632049 0.2211997 0.7961487
1548339354.724590 0.5323307 0.1699354 -0.6596893 0.0020124 0.5638596 0.2217916 0.7955292
1548339354.791550 0.5428360 0.1913995 -0.6941999 0.0020273 0.5618863 0.2257791 0.7958037
1548339354.825050 0.5516293 0.2010319 -0.7110325 0.0025991 0.5614957 0.2310088 0.7945759
1548339354.892030 0.5625733 0.2340877 -0.7350056 0.0066980 0.5621747 0.2303355 0.7942672
1548339354.925600 0.5687242 0.2450183 -0.7485166 0.0083284 0.5625398 0.2362169 0.7922633
1548339354.959110 0.5761690 0.2614135 -0.7600412 0.0092543 0.5610912 0.2349100 0.7936677
1548339354.992630 0.5798888 0.2760783 -0.7687691 0.0093864 0.5633265 0.2355603 0.7918880
1548339355.059530 0.5898319 0.3066458 -0.7875372 0.0082266 0.5625982 0.2351425 0.7925426
1548339355.126560 0.6034141 0.3302163 -0.7997620 0.0021577 0.5641829 0.2409219 0.7897149
1548339355.361760 0.6006687 0.3443975 -0.7676120 -0.0058933 0.6121047 0.2557324 0.7482607
1548339355.461970 0.6119189 0.3365792 -0.7674108 -0.0087741 0.6307443 0.2672023 0.7284832
1548339355.562510 0.6271442 0.3343227 -0.7865529 -0.0128751 0.6472204 0.2784982 0.7094920
1548339355.596140 0.6297864 0.3307593 -0.7914189 -0.0162229 0.6539528 0.2817304 0.7019334
1548339355.730080 0.6160216 0.3552488 -0.8254404 -0.0140875 0.6647372 0.2821748 0.6915948
1548339355.864150 0.6003094 0.3837175 -0.8603585 -0.0180391 0.6702687 0.2886856 0.6834290
1548339356.232750 0.5219585 0.4565403 -0.9628049 0.0023672 0.6808406 0.2929020 0.6713114
1548339356.836170 0.4096625 0.4197305 -0.9280933 -0.0127570 0.7494901 0.3240474 0.5771438
1548339358.377900 0.2367733 0.4900326 -1.2012755 -0.0084830 0.8117117 0.3269546 0.4838935
1548339358.746970 0.2207812 0.5971601 -1.3562398 -0.0142664 0.7893782 0.3415430 0.5099282
1548339358.948040 0.2295032 0.6511152 -1.4474968 -0.0291298 0.7817427 0.3383177 0.5230402
1548339359.048610 0.2335275 0.6870528 -1.4931599 -0.0210688 0.7802337 0.3422925 0.5230940
1548339359.149160 0.2298005 0.7156228 -1.5492101 -0.0115651 0.7753839 0.3466401 0.5277185
1548339359.216130 0.2303619 0.7376305 -1.5809773 -0.0053801 0.7754937 0.3491778 0.5259805
1548339359.283120 0.2203312 0.7576321 -1.6169593 0.0015529 0.7729392 0.3492388 0.5297121
1548339359.350080 0.2198439 0.7743664 -1.6527718 0.0078117 0.7703223 0.3492750 0.5334320
1548339359.450520 0.2112818 0.7979810 -1.7083991 0.0188809 0.7681533 0.3502368 0.5356475
1548339359.484080 0.2016625 0.8196239 -1.7229922 0.0270221 0.7677277 0.3500687 0.5360186
1548339359.551110 0.1807079 0.8445851 -1.7717999 0.0345010 0.7658448 0.3509056 0.5377330
1548339359.718690 0.2746496 0.8034647 -1.7382283 0.0403758 0.7708992 0.3560203 0.5266249
1548339360.187520 0.3723238 0.8443764 -1.8471894 0.0527053 0.7487813 0.3361103 0.5688397
1548339360.288060 0.3886850 0.8556980 -1.8459519 0.0495440 0.7420812 0.3278678 0.5825493
1548339360.422280 0.4104683 0.8820022 -1.8474829 0.0476291 0.7323846 0.3284350 0.5945374
1548339361.393980 0.6170769 0.9032379 -1.8770179 0.0407623 0.7779266 0.3646767 0.5100781
1548339361.427500 0.6213045 0.9172046 -1.8841904 0.0419139 0.7829914 0.3643257 0.5024286
1548339361.527910 0.6312525 0.9172375 -1.8969841 0.0418277 0.7925292 0.3647286 0.4869508
1548339361.728710 0.6418822 0.9280883 -1.9466159 0.0389175 0.8006749 0.3711018 0.4687095
1548339361.795800 0.6596160 0.9409560 -1.9465023 0.0387535 0.8045915 0.3731630 0.4603044
1548339361.929990 0.6701958 0.9570895 -1.9879534 0.0380175 0.8042967 0.3753880 0.4590701
1548339362.064080 0.6802211 0.9771933 -2.0293925 0.0371907 0.8040289 0.3751772 0.4597786
1548339362.131140 0.6831961 0.9894490 -2.0408573 0.0374811 0.8027838 0.3732278 0.4635022
1548339362.198170 0.6849003 1.0011396 -2.0368512 0.0382939 0.7990475 0.3698486 0.4725130
1548339362.399300 0.6937997 1.0339513 -2.0551739 0.0278213 0.7859601 0.3602632 0.5017003
1548339362.667520 0.7144170 1.0630903 -2.0514278 0.0186969 0.7770966 0.3614642 0.5148931
1548339363.002570 0.7468681 1.0798802 -2.0131328 0.0100856 0.7660854 0.3536128 0.5366279
1548339363.505420 0.7973707 1.0455637 -1.9697284 0.0236335 0.7413713 0.3474717 0.5736493
1548339363.840580 0.8309264 1.0204535 -1.9526790 0.0412325 0.7139071 0.3491675 0.6055730
1548339364.008140 0.8567019 1.0047345 -1.9380455 0.0498459 0.6946843 0.3393506 0.6322739
1548339364.812550 0.8787541 0.9572557 -1.9169259 0.0931286 0.6083007 0.2838080 0.7353573
1548339364.947170 0.8819028 0.9619570 -1.9170903 0.0882047 0.5902524 0.2761509 0.7533677
1548339365.148290 0.8812770 0.9708922 -1.8942468 0.0776272 0.5728633 0.2676509 0.7708208
1548339365.315450 0.8797127 0.9894581 -1.8816278 0.0727056 0.5623878 0.2570439 0.7825359
1548339365.482900 0.8749779 0.9891846 -1.8654230 0.0736626 0.5517902 0.2472720 0.7930686
1548339365.583330 0.8690304 0.9966350 -1.8579937 0.0720923 0.5469103 0.2401115 0.7987731
1548339365.918800 0.8711537 0.9699914 -1.8541852 0.0816820 0.5281931 0.2404461 0.8102628
1548339366.220450 0.8711954 0.9470053 -1.8463273 0.0929183 0.5186509 0.2302139 0.8181498
1548339366.253970 0.8744874 0.9400223 -1.8466710 0.0935150 0.5173736 0.2289798 0.8192362
1548339366.321010 0.8718687 0.9406967 -1.8420044 0.0967694 0.5163044 0.2264991 0.8202217
1548339367.058620 0.8614789 0.9398328 -1.8206235 0.0920555 0.5034146 0.2149505 0.8318027
