1548339959.129720 0.000000000 0.000000000 0.000000000 0.000000000 0.000000000 0.000000000 1.000000000
1548339959.163130 -0.004000476 0.000859833 -0.003280310 0.000919086 0.000169784 -0.001222101 0.999998808
1548339959.195850 -0.009446557 0.002511956 -0.005454039 0.002102791 0.000771018 -0.003358375 0.999991834
1548339959.229360 -0.012076065 0.001166791 -0.005267284 0.002736941 0.001660167 -0.005252603 0.999981105
1548339959.263210 -0.011691730 0.000440356 -0.006788643 0.003617820 0.002206098 -0.005833863 0.999974012
1548339959.330250 -0.016110225 -0.000826509 -0.008006110 0.004696638 0.001860106 -0.007175194 0.999961495
1548339959.363520 -0.015988167 -0.002121074 -0.009405296 0.004482854 0.000701866 -0.005566225 0.999974191
1548339959.430550 -0.019797506 0.003427549 -0.011694377 0.003149544 -0.001992209 -0.004605635 0.999982417
1548339959.464010 -0.023468006 -0.000249694 -0.013582769 0.001171225 -0.001720295 -0.002982146 0.999993384
1548339959.497580 -0.023141444 -0.001589578 -0.012042753 -0.000794712 -0.003617211 -0.002654468 0.999989629
1548339959.531100 -0.016679212 -0.010094691 -0.003806422 -0.004029749 -0.005891038 -0.002786105 0.999970615
1548339959.564660 -0.018940583 -0.010702272 -0.006366241 -0.005025955 -0.005513255 -0.003717978 0.999965250
1548339959.598180 -0.016542399 -0.008835896 -0.010952997 -0.005145682 -0.006945417 -0.003356437 0.999957025
1548339959.631780 -0.025984814 -0.007760505 -0.011494585 -0.004829295 -0.008315605 -0.006046598 0.999935448
1548339959.665330 -0.028541245 -0.010339017 -0.014322426 -0.004791138 -0.006554887 -0.007813901 0.999936521
1548339959.698850 -0.028028442 -0.003892929 -0.023039728 -0.002951755 -0.007757386 -0.005897247 0.999948144
1548339959.732370 -0.027712777 -0.006015860 -0.022417923 -0.002588371 -0.012835839 -0.007156947 0.999888659
1548339959.765890 -0.021991419 -0.010943350 -0.015683703 -0.003373115 -0.014547062 -0.009595977 0.999842465
1548339959.799400 -0.017062807 -0.011983550 -0.017705301 -0.003321708 -0.015015340 -0.008250563 0.999847710
1548339959.832910 -0.017007886 -0.009450404 -0.022605842 -0.003036747 -0.016909489 -0.009110712 0.999810934
1548339959.866430 -0.018783357 -0.011055949 -0.022209223 -0.004597904 -0.014753830 -0.010603566 0.999824405
1548339959.899950 -0.011849841 -0.015246705 -0.019007048 -0.006437426 -0.015826689 -0.007902767 0.999822795
1548339959.933480 -0.009277043 -0.015371027 -0.015350992 -0.007807235 -0.018709974 -0.009611778 0.999748290
1548339959.966990 -0.012809425 -0.010431271 -0.020801490 -0.008235056 -0.016902946 -0.011596878 0.999755979
1548339960.000510 -0.017930850 -0.006421911 -0.026184857 -0.008926195 -0.014907042 -0.011456157 0.999783397
1548339960.034040 -0.017491061 -0.004944981 -0.026950350 -0.010044346 -0.014235622 -0.012633937 0.999768376
1548339960.067560 -0.025512772 -0.004706330 -0.030399567 -0.011284743 -0.011919609 -0.013077084 0.999779761
1548339960.101080 -0.021744190 -0.003035715 -0.029220004 -0.012197937 -0.012587450 -0.012579783 0.999767244
1548339960.134600 -0.022248892 0.000421891 -0.033257693 -0.011847333 -0.013029273 -0.012966674 0.999760866
1548339960.168120 -0.025925720 -0.005859976 -0.031146498 -0.013436686 -0.011619980 -0.012332651 0.999766111
1548339960.201680 -0.039997969 -0.002119572 -0.031996321 -0.013565046 -0.008715143 -0.012719626 0.999789119
1548339960.235260 -0.018612251 -0.003245911 -0.028023873 -0.013718392 -0.010543014 -0.010463678 0.999795556
1548339960.269020 -0.032451093 -0.008593054 -0.026345911 -0.014909751 -0.006868633 -0.010105207 0.999814153
1548339960.302680 -0.040463880 -0.005561440 -0.029944463 -0.014734356 -0.005513281 -0.010043272 0.999825835
1548339960.336260 -0.028370874 -0.004411998 -0.029483559 -0.015354829 -0.005659545 -0.010256783 0.999813437
1548339960.369790 -0.029373839 0.002119012 -0.032750662 -0.015351183 -0.004267556 -0.009767450 0.999825358
1548339960.403300 -0.025240786 0.005888938 -0.040121473 -0.016197665 -0.004717062 -0.010143065 0.999806225
1548339960.436820 -0.016618120 0.005948099 -0.051645428 -0.018159995 -0.004474942 -0.009651856 0.999778509
1548339960.470350 0.005502413 0.006846546 -0.034302268 -0.020981845 -0.005993719 -0.008241867 0.999727905
1548339960.503900 0.029206935 0.004832332 -0.029367670 -0.023595810 -0.008888490 -0.005682109 0.999665916
1548339960.537460 0.004679232 0.011158659 -0.034880087 -0.024497010 -0.003735857 -0.008011641 0.999660790
1548339960.570980 0.019238478 0.020526903 -0.042186707 -0.023508940 -0.006001725 -0.007566841 0.999676943
1548339960.604500 -0.006387695 0.005185254 -0.028550388 -0.026403846 -0.002496824 -0.008547746 0.999611676
1548339960.638160 -0.016827187 0.000559042 -0.023349138 -0.026381947 -0.000636114 -0.008847348 0.999612570
1548339960.671730 -0.017721957 0.002085906 -0.018412862 -0.024333209 -0.001545328 -0.007960874 0.999670982
1548339960.705240 -0.027538599 -0.000588250 -0.013832849 -0.022253454 -0.003318035 -0.008273249 0.999712586
1548339960.738760 -0.021085043 -0.001433986 -0.014681199 -0.019227305 -0.006112435 -0.009832926 0.999748111
1548339960.772280 -0.020728482 -0.005380461 -0.016983476 -0.016227929 -0.007994193 -0.008342376 0.999801576
1548339960.805820 -0.015509325 -0.000805087 -0.024431253 -0.011692347 -0.010380274 -0.008744337 0.999839485
1548339960.839340 -0.023702668 -0.009037491 -0.021538837 -0.010030995 -0.009347599 -0.008989410 0.999865592
1548339960.872820 -0.017581778 -0.023220628 -0.018029056 -0.009573149 -0.011416398 -0.007916145 0.999857664
1548339960.906340 -0.014813036 -0.025872225 -0.015152350 -0.007172145 -0.013293494 -0.007796116 0.999855518
1548339960.939860 -0.025047300 -0.026636055 -0.016890522 -0.005054742 -0.012333621 -0.008228792 0.999877274
1548339960.973170 -0.028883809 -0.025669850 -0.011074551 -0.002264869 -0.012696687 -0.006287549 0.999897063
1548339961.006680 -0.015737534 -0.023152068 -0.016735792 0.000567879 -0.016831776 -0.004799400 0.999846697
1548339961.040040 -0.007857209 -0.014310877 -0.023926675 0.003654574 -0.018008813 -0.003764239 0.999824047
1548339961.073430 0.001698019 -0.020538073 -0.013140647 0.003610190 -0.018844150 -0.002106539 0.999813676
1548339961.106930 -0.009474089 -0.022874014 -0.009760130 0.004071219 -0.017607221 -0.002669616 0.999833107
1548339961.140440 -0.000448944 -0.018875960 -0.021784425 0.006067016 -0.018730672 -0.002627141 0.999802709
1548339961.173940 -0.012816337 -0.020682994 -0.011588354 0.006236333 -0.015606293 -0.003030914 0.999854207
1548339961.207460 -0.030737955 -0.026744621 -0.002806216 0.005538788 -0.012041691 -0.002871127 0.999908030
1548339961.240980 -0.027776361 -0.025563858 -0.007745302 0.005864722 -0.011951831 -0.004393585 0.999901712
1548339961.274490 -0.033335477 -0.027699897 -0.002067577 0.005398390 -0.010355010 -0.003783189 0.999924660
1548339961.308010 -0.042408742 -0.019563626 -0.002131341 0.005909054 -0.009346100 -0.004468684 0.999928892
1548339961.341520 -0.043089848 -0.028852733 -0.002493714 0.002905905 -0.008082898 -0.005073361 0.999950230
1548339961.375040 -0.038620375 -0.007142792 -0.012319679 0.004966154 -0.007220828 -0.004265243 0.999952495
1548339961.408540 -0.051953387 0.000320122 -0.012849692 0.004025088 -0.004600135 -0.004498699 0.999971211
1548339961.441980 -0.071198843 0.004827946 -0.012475315 0.001874107 -0.000233033 -0.006734748 0.999975562
1548339961.474800 -0.101509303 0.010027326 -0.007783134 0.000151965 0.007306335 -0.008361624 0.999938369
1548339961.508300 -0.111851268 0.013765833 -0.013144031 -0.001426856 0.010007545 -0.008605019 0.999911904
1548339961.541820 -0.018926330 0.003137752 -0.002084110 -0.005531127 -0.001947361 -0.004586244 0.999972284
1548339961.575330 -0.031106405 0.006090244 -0.005958676 -0.007072132 0.002006939 -0.005100491 0.999959946
1548339961.608850 -0.038559318 0.009086275 -0.007087085 -0.007952076 0.003880960 -0.004253396 0.999951839
1548339961.642370 -0.067620143 0.010631341 -0.001825456 -0.008974920 0.009190274 -0.005066745 0.999904633
1548339961.676120 -0.022695383 -0.001640698 -0.000565931 -0.011745665 0.003308190 -0.003721113 0.999918640
1548339961.709650 -0.034156736 0.001639674 -0.002168654 -0.011991468 0.005709438 -0.004400100 0.999902129
1548339961.743160 -0.039926685 0.002813597 -0.001575342 -0.012341148 0.006042439 -0.004890504 0.999893665
1548339961.776660 -0.052729215 0.006152437 -0.000956605 -0.012706114 0.007607999 -0.006316680 0.999870360
1548339961.810140 -0.059869833 0.009343364 -0.004555733 -0.012614184 0.008551897 -0.007568787 0.999855220
1548339961.843660 -0.069676630 0.010522831 -0.004565046 -0.012246359 0.009455024 -0.008560782 0.999843657
1548339961.877210 -0.078919314 0.007019490 -0.003933661 -0.012929204 0.010084288 -0.009532619 0.999820113
1548339961.910740 -0.084446661 0.002389711 -0.006467471 -0.014087213 0.011211783 -0.010122285 0.999786675
1548339961.944260 -0.069960825 0.008317495 -0.014278377 -0.012827976 0.008572203 -0.008929626 0.999841094
1548339961.977780 -0.064473756 0.009706563 -0.018576415 -0.012243025 0.004808295 -0.008154421 0.999880254
1548339962.011290 -0.061942402 -0.000006557 -0.015834272 -0.014182639 0.003583939 -0.009412000 0.999848723
1548339962.044810 -0.056509070 0.005574026 -0.019761113 -0.013291249 0.001740996 -0.007952456 0.999878526
1548339962.078310 -0.046946980 0.001981242 -0.018692741 -0.014557092 -0.001966004 -0.008244080 0.999858141
1548339962.111790 -0.060213219 0.000619596 -0.019209938 -0.015117475 -0.001019223 -0.009361950 0.999841392
1548339962.145300 -0.040828399 0.002028608 -0.018586367 -0.015149803 -0.005457377 -0.008694069 0.999832571
1548339962.178800 -0.041592401 0.002067453 -0.019025680 -0.015666950 -0.008404788 -0.010205323 0.999789894
1548339962.212320 -0.047121655 0.008426167 -0.021823356 -0.015205799 -0.008879326 -0.011480781 0.999779046
1548339962.245850 -0.038043957 -0.008212967 -0.017240977 -0.018517230 -0.011437983 -0.011098855 0.999701500
1548339962.279380 -0.034833223 -0.013741829 -0.015114667 -0.020232461 -0.016423712 -0.010728127 0.999602854
1548339962.313060 -0.041632157 -0.018780217 -0.014786127 -0.021638572 -0.019522784 -0.012484889 0.999497294
1548339962.346410 -0.039016731 -0.014287699 -0.014412272 -0.021785006 -0.022367585 -0.013211647 0.999425113
1548339962.379890 -0.044865955 -0.016414359 -0.013547835 -0.023742415 -0.025780931 -0.013885430 0.999289155
1548339962.413390 -0.046174482 -0.009462347 -0.012190228 -0.023679806 -0.028490406 -0.015679335 0.999190569
1548339962.446900 -0.045411672 -0.000748013 -0.012075321 -0.023873864 -0.031180998 -0.015958786 0.999101162
1548339962.480470 -0.050487973 -0.001396918 -0.014833477 -0.025465799 -0.034609918 -0.018282009 0.998909116
1548339962.514300 -0.068451256 0.000508084 -0.015299535 -0.026761597 -0.032583900 -0.021017628 0.998889565
1548339962.547820 -0.076267667 0.012326806 -0.016762879 -0.026494179 -0.032747183 -0.021394771 0.998883367
1548339962.581370 -0.089499548 0.015756426 -0.019274432 -0.026764547 -0.032430403 -0.023813067 0.998831749
1548339962.615000 -0.098043561 0.014761603 -0.020242900 -0.026880693 -0.032259066 -0.024422064 0.998819470
1548339962.648510 -0.113303237 0.012957564 -0.020303689 -0.027300049 -0.033170775 -0.024094731 0.998786211
1548339962.682030 -0.109817848 0.013027879 -0.020925814 -0.026903216 -0.036426276 -0.025582144 0.998646557
1548339962.715510 -0.070497766 0.008679776 -0.012170452 -0.027269140 -0.043295719 -0.023530813 0.998412848
1548339962.749020 -0.076899119 0.007849496 -0.011817061 -0.026555948 -0.046269421 -0.022877082 0.998313844
1548339962.782540 -0.092357785 0.014960882 -0.015999317 -0.024646800 -0.047325451 -0.023022780 0.998309970
1548339962.816020 -0.068827346 0.003491706 -0.011513861 -0.025741745 -0.052999526 -0.020727968 0.998047471
1548339962.849530 -0.052165251 0.009342219 -0.007046991 -0.024094515 -0.057743810 -0.018679438 0.997865856
1548339962.883050 -0.076460063 0.010567683 -0.014975766 -0.022817330 -0.056382265 -0.018114619 0.997984111
1548339962.916560 -0.076648690 0.014689149 -0.014656107 -0.021544809 -0.056734398 -0.017443387 0.998004377
1548339962.950080 -0.079737939 0.013151785 -0.015442166 -0.021663500 -0.056964196 -0.016851736 0.997998893
1548339962.983520 -0.055058885 0.008093401 -0.011293036 -0.021954276 -0.061970145 -0.016742712 0.997696042
1548339963.017030 -0.063512690 0.013889014 -0.010951212 -0.020789538 -0.060724758 -0.018069305 0.997774422
1548339963.050510 -0.088267192 0.019614898 -0.013858153 -0.019874087 -0.058505975 -0.019626198 0.997896254
1548339963.084020 -0.086091071 0.023915974 -0.011360281 -0.019284444 -0.060138520 -0.022034345 0.997760475
1548339963.117540 -0.075752519 0.019327084 -0.008694541 -0.019914461 -0.061661277 -0.023292204 0.997626543
1548339963.151060 -0.082458891 0.019399188 -0.006776287 -0.019862637 -0.061904516 -0.023704089 0.997602820
1548339963.184570 -0.097171992 0.019053612 -0.007337012 -0.018942984 -0.061962795 -0.025316961 0.997577429
1548339963.218090 -0.112415612 0.023248972 -0.007048773 -0.016802233 -0.061325442 -0.026991405 0.997611284
1548339963.251600 -0.114437453 0.014824335 -0.007947741 -0.016231729 -0.062531240 -0.026884349 0.997548759
1548339963.285120 -0.099158198 -0.002435438 -0.006880042 -0.016842822 -0.068359874 -0.027421294 0.997141600
1548339963.319010 -0.109300956 -0.000622500 -0.006480090 -0.014379244 -0.068954714 -0.028975183 0.997095227
1548339963.352530 -0.114196293 -0.001578409 -0.007437606 -0.012575549 -0.070007302 -0.029077496 0.997043312
1548339963.386040 -0.118458204 0.002244242 -0.008648973 -0.010398702 -0.072865546 -0.030022493 0.996835589
1548339963.419690 -0.129567876 0.005374596 -0.009753540 -0.008887885 -0.071356639 -0.030785484 0.996936023
1548339963.453200 -0.121394359 0.006500065 -0.008176053 -0.007896370 -0.072910056 -0.029849835 0.996860445
1548339963.486720 -0.134924114 0.002816053 -0.010713217 -0.007353450 -0.074630894 -0.031174341 0.996696711
1548339963.520230 -0.139835581 0.008877642 -0.015517550 -0.005807658 -0.078583248 -0.032898657 0.996347606
1548339963.553750 -0.084600978 -0.016247721 -0.006850015 -0.010380247 -0.092842884 -0.028028686 0.995232046
1548339963.587140 -0.095309556 -0.005148399 -0.004429525 -0.008175389 -0.095991001 -0.033110105 0.994797766
1548339963.620650 -0.099644281 -0.017976241 -0.002102718 -0.011619034 -0.101903133 -0.033316817 0.994168341
1548339963.654020 -0.110173203 -0.007932524 -0.001528682 -0.010234991 -0.105883293 -0.038844705 0.993566811
1548339963.687540 -0.119895466 -0.007689176 -0.005034443 -0.011336292 -0.106384464 -0.040408019 0.993438959
1548339963.720980 -0.124398775 -0.033837892 -0.000858323 -0.017840389 -0.112510167 -0.036537845 0.992818296
1548339963.754230 -0.131906435 -0.017463969 -0.003832153 -0.015746096 -0.119536206 -0.045938972 0.991641462
1548339963.787730 -0.151600882 -0.002565993 0.005917529 -0.014447341 -0.117860541 -0.049925521 0.991669118
1548339963.821130 -0.165331006 0.003704870 -0.008333470 -0.014440555 -0.118206665 -0.049569678 0.991645873
1548339963.854640 -0.157660380 -0.001378385 0.017875869 -0.015369399 -0.123130374 -0.051803742 0.990918338
1548339963.887990 -0.159836307 -0.007926982 0.019253151 -0.015994582 -0.123866104 -0.050663963 0.990875661
1548339963.921480 -0.176001236 -0.000970877 0.003433646 -0.013137760 -0.124146447 -0.050970450 0.990866840
1548339963.954990 -0.200278267 -0.001169346 0.016818300 -0.011192264 -0.124919772 -0.051436968 0.990769446
1548339963.988510 -0.189867884 -0.001306138 0.026833640 -0.008582958 -0.126880631 -0.049031511 0.990668237
1548339964.021990 -0.182248950 -0.011994204 0.010708999 -0.007072888 -0.129773125 -0.046597850 0.990422904
1548339964.055500 -0.178205132 -0.012447692 0.019382825 -0.004072410 -0.135597318 -0.046570517 0.989660561
1548339964.089010 -0.180913419 -0.027462652 0.030736817 -0.004608579 -0.136310801 -0.048730891 0.989456117
1548339964.122520 -0.210641623 -0.011682608 0.015197867 -0.000422021 -0.130538166 -0.047722779 0.990293920
1548339964.156040 -0.216400281 -0.012476022 0.018949112 -0.000259785 -0.131212965 -0.048521772 0.990166008
1548339964.189560 -0.232655212 -0.018551825 0.023959352 -0.001863669 -0.128814295 -0.050924264 0.990358591
1548339964.223070 -0.239438325 -0.015170014 0.021274976 -0.002131914 -0.127122924 -0.052016392 0.990519822
1548339964.256590 -0.244901627 -0.012841495 0.024900340 -0.002421700 -0.127589136 -0.054242395 0.990339816
1548339964.290150 -0.260406584 -0.005164657 0.025326876 -0.001831727 -0.125417694 -0.056557443 0.990488887
1548339964.323770 -0.268512428 -0.003167913 0.022611838 -0.002406476 -0.122507460 -0.058258597 0.990753293
1548339964.357520 -0.267424881 -0.003076784 0.026625426 -0.003444845 -0.122353077 -0.060491249 0.990635455
1548339964.391180 -0.265066296 -0.004866946 0.030222248 -0.004866709 -0.121539436 -0.061828036 0.990647137
1548339964.424710 -0.279192150 -0.005350897 0.032051127 -0.006133940 -0.116466261 -0.063024566 0.991173983
1548339964.458240 -0.282878220 -0.005820097 0.030249992 -0.007214391 -0.113942921 -0.063739553 0.991414249
1548339964.491750 -0.303280205 0.003017288 0.025149355 -0.006756571 -0.107999444 -0.064460315 0.992035985
1548339964.525270 -0.297225922 -0.006593210 0.034764286 -0.009923506 -0.107424453 -0.064921111 0.992041707
1548339964.558790 -0.302705079 -0.001755541 0.033598099 -0.009858571 -0.104090765 -0.064858876 0.992401779
1548339964.592320 -0.309422761 0.000254421 0.029735744 -0.010247407 -0.099431194 -0.065618671 0.992825568
1548339964.625840 -0.326208264 0.004781967 0.021390555 -0.009951155 -0.090944365 -0.064976357 0.993684113
1548339964.659360 -0.317074358 0.003422447 0.027692562 -0.010418504 -0.089222446 -0.062890455 0.993969619
1548339964.692880 -0.311788440 -0.002472661 0.038066491 -0.012759652 -0.086929105 -0.063056365 0.994135022
1548339964.726440 -0.305545032 -0.009672897 0.037973214 -0.015766025 -0.084380142 -0.063635774 0.994274557
1548339964.759950 -0.306019187 0.001897068 0.039340191 -0.016066495 -0.080807619 -0.063448660 0.994578421
1548339964.793430 -0.300300688 -0.010044290 0.032794259 -0.020898256 -0.078177288 -0.062973008 0.994729102
1548339964.826950 -0.325422436 -0.004621761 0.018125735 -0.023575228 -0.070478067 -0.062199671 0.995293021
1548339964.860500 -0.303596050 -0.006627690 0.035208371 -0.027494805 -0.070458867 -0.063894652 0.995086432
1548339964.893980 -0.298015088 -0.010607985 0.037529323 -0.031487782 -0.067421436 -0.064421877 0.995144546
1548339964.927480 -0.307542354 -0.007514548 0.037415896 -0.034070123 -0.061767828 -0.063651860 0.995475948
1548339964.960790 -0.305502862 -0.004885923 0.039748594 -0.035815105 -0.057822078 -0.063473582 0.995663047
1548339964.994120 -0.313382626 -0.005704020 0.038657494 -0.037202083 -0.051394556 -0.062804654 0.996007085
1548339965.027630 -0.310733676 -0.003266845 0.036971565 -0.037341241 -0.047565486 -0.062135328 0.996234059
1548339965.061220 -0.304833382 0.000188496 0.037950203 -0.036784317 -0.045006264 -0.061161075 0.996433973
1548339965.094740 -0.303777099 -0.002006072 0.041153748 -0.037939034 -0.041233595 -0.061092980 0.996558130
1548339965.128180 -0.311399281 -0.000203329 0.032219261 -0.038601331 -0.035448324 -0.060453951 0.996794164
1548339965.161520 -0.313582152 -0.004940446 0.039353762 -0.040555999 -0.031394646 -0.059951805 0.996882796
1548339965.195040 -0.316279680 0.002920739 0.035280094 -0.040287301 -0.026184447 -0.061451912 0.996952832
1548339965.228560 -0.315518260 0.005124650 0.024834041 -0.040249817 -0.022569248 -0.060069028 0.997126997
1548339965.262060 -0.317272127 0.001889907 0.027344992 -0.042605363 -0.018008782 -0.059399970 0.997162044
1548339965.295390 -0.311650097 0.008050073 0.023480158 -0.043363601 -0.014671946 -0.060776971 0.997101068
1548339965.328790 -0.319660068 0.013441671 0.022597777 -0.044640370 -0.009350506 -0.059716862 0.997172832
1548339965.362300 -0.324827343 0.007776099 0.033752598 -0.048282601 -0.003327002 -0.060240272 0.997009933
1548339965.395820 -0.325876206 0.013642228 0.026750417 -0.048754316 0.002456432 -0.061055891 0.996939898
1548339965.429900 -0.334204882 0.015747095 0.038375206 -0.049182784 0.008628007 -0.059885584 0.996955514
1548339965.463410 -0.337780595 0.013188834 0.044972640 -0.049785782 0.014636621 -0.060857430 0.996796608
1548339965.496930 -0.339546025 0.012061345 0.050998442 -0.049533978 0.021331541 -0.059943747 0.996743739
1548339965.530070 -0.350427449 0.015777577 0.046226632 -0.046462104 0.029729480 -0.057095405 0.996843815
1548339965.563590 -0.346915573 0.002101952 0.060488429 -0.047488298 0.035387222 -0.055721741 0.996688366
1548339965.597100 -0.367022574 0.011016518 0.044710383 -0.042191774 0.046205778 -0.054714546 0.996539593
1548339965.631060 -0.362004995 0.011489503 0.056541864 -0.039726399 0.053172939 -0.053324424 0.996368885
1548339965.664580 -0.357509017 0.003998464 0.069579296 -0.037966933 0.060667105 -0.049801115 0.996191680
1548339965.698090 -0.364698172 -0.000855816 0.064865626 -0.034991484 0.066713788 -0.047002412 0.996050000
1548339965.731590 -0.365814805 0.015443166 0.043302041 -0.027999364 0.072006732 -0.042779285 0.996092856
1548339965.765110 -0.368405104 0.008660058 0.043181840 -0.027277611 0.078705870 -0.040013827 0.995720983
1548339965.798640 -0.365115821 0.008768347 0.037471078 -0.026042484 0.083717808 -0.037206966 0.995454013
1548339965.832160 -0.370065421 0.006723634 0.038072597 -0.026572997 0.090562269 -0.036786344 0.994856358
1548339965.865680 -0.364462465 0.002778750 0.037928231 -0.027848516 0.095274881 -0.035614774 0.994423866
1548339965.899190 -0.360218316 0.003298881 0.039193843 -0.028072482 0.099914506 -0.035070945 0.993981421
1548339965.932710 -0.343473464 0.003290711 0.030709885 -0.027979288 0.102649167 -0.034122843 0.993738353
1548339965.966340 -0.325412601 0.013875821 0.029340379 -0.025528774 0.103314169 -0.033292256 0.993763626
1548339965.999970 -0.328470409 0.008222634 0.030649122 -0.025281364 0.108534679 -0.032272235 0.993246973
1548339966.033490 -0.317044407 0.006529841 0.026304113 -0.024561726 0.112099491 -0.030735688 0.992917836
1548339966.067000 -0.306125939 0.010051240 0.020904293 -0.022341456 0.114882916 -0.028807977 0.992709875
1548339966.100520 -0.293205857 0.001076791 0.021320524 -0.022385275 0.117324166 -0.027264493 0.992466927
1548339966.134210 -0.273407698 0.000493774 0.016690565 -0.021092713 0.119897231 -0.025433324 0.992236316
1548339966.167730 -0.256370246 -0.001950813 0.018069137 -0.019996822 0.120912991 -0.022796227 0.992199838
1548339966.201240 -0.241432324 -0.008425121 0.011735885 -0.019543650 0.121513240 -0.021761712 0.992158771
1548339966.234810 -0.221665680 -0.004829302 0.010328240 -0.017528357 0.123070218 -0.020162668 0.992038250
1548339966.268320 -0.193307549 -0.017929560 0.010624894 -0.018640252 0.122403689 -0.017244812 0.992155492
1548339966.335310 -0.134959400 -0.024912510 0.000129708 -0.017657146 0.120359346 -0.016678410 0.992433190
1548339966.368820 -0.115399763 -0.032556839 0.003890072 -0.018418523 0.120627098 -0.015981408 0.992398322
1548339966.401730 -0.070935272 -0.032407198 0.002511875 -0.018422518 0.116909631 -0.013820769 0.992875516
1548339966.435240 -0.053804711 -0.020552732 -0.008185910 -0.016212538 0.118676350 -0.014943707 0.992688179
1548339966.468740 -0.031934280 -0.021301869 -0.006416081 -0.016231241 0.119694747 -0.013702339 0.992583454
1548339966.502260 -0.012993096 -0.022290748 -0.003900872 -0.015930638 0.119795099 -0.012833255 0.992587864
1548339966.535790 0.009704197 -0.004830016 -0.014651341 -0.011405116 0.119790912 -0.011872876 0.992662668
1548339966.569300 0.030902414 -0.017747972 -0.015619330 -0.011788388 0.120979324 -0.010507032 0.992529392
1548339966.602820 0.059922747 -0.008627006 -0.018987682 -0.008438291 0.120391421 -0.009625244 0.992643952
1548339966.636330 0.070613764 -0.008723238 -0.016315687 -0.006659240 0.122901693 -0.008281062 0.992361963
1548339966.669840 0.064782366 -0.010964504 -0.020792771 -0.005171195 0.126866609 -0.006868246 0.991882503
1548339966.703340 0.059451777 -0.005439719 -0.023118310 -0.002523849 0.130929187 -0.006907748 0.991364419
1548339966.736860 0.042470202 -0.002937210 -0.020295221 -0.000546508 0.138318866 -0.006272665 0.990367711
1548339966.770380 0.030253965 -0.007650570 -0.024665259 -0.000754338 0.144561350 -0.006283270 0.989475608
1548339966.803890 0.045371719 -0.007560203 -0.025268255 -0.000334493 0.148693770 -0.004717259 0.988871932
1548339966.837410 0.050209899 -0.013579564 -0.021696292 -0.000830667 0.154638797 -0.002016554 0.987968683
1548339966.870920 0.088853039 -0.012704900 -0.037048332 -0.000354559 0.151553184 0.000900489 0.988448620
1548339966.904430 0.091552734 -0.009261895 -0.038814347 0.001111173 0.156896025 0.003137606 0.987609506
1548339966.937940 0.096523680 -0.013675038 -0.031779919 0.000810832 0.163288578 0.006954108 0.986553490
1548339966.971440 0.100609884 -0.016608551 -0.031524412 0.001493002 0.167309850 0.009581940 0.985856652
1548339967.004960 0.024348311 -0.007920397 -0.013632614 0.003126616 0.183513448 0.006687885 0.982989490
1548339967.071990 0.012565744 0.002581476 -0.008051178 0.007232872 0.195093721 0.009905926 0.980707884
1548339967.105450 0.020994663 0.002607577 -0.012773380 0.007540198 0.197060063 0.010366429 0.980307639
1548339967.138910 0.057727978 -0.004230468 -0.020969909 0.006812389 0.196589619 0.013616445 0.980367661
1548339967.172360 0.032974176 -0.001071129 -0.013107151 0.007065841 0.204381153 0.014703546 0.978755414
1548339967.205870 0.032913916 0.002298175 -0.013907375 0.007209463 0.207220748 0.015299172 0.978147984
1548339967.239360 0.039623979 0.010307004 -0.017349893 0.007793449 0.209520310 0.016050458 0.977641523
1548339967.272880 0.059117042 -0.003355651 -0.027896093 0.004800316 0.208329707 0.017142752 0.977896631
1548339967.306380 0.041129507 -0.004193918 -0.026118396 0.003559422 0.213221237 0.016263353 0.976862073
1548339967.339900 0.021206731 -0.003320381 -0.021879133 0.002324417 0.219947338 0.016167307 0.975374997
1548339967.373410 0.024366554 -0.002183139 -0.022590678 0.001191538 0.221495628 0.016883941 0.975014448
1548339967.406930 0.016360339 -0.001804885 -0.019406628 0.000141347 0.223922521 0.016475292 0.974467695
1548339967.440450 0.064623773 -0.001461479 -0.031874292 -0.000738713 0.217628121 0.018697718 0.975852370
1548339967.473970 0.050961468 -0.003601639 -0.028358430 -0.002110243 0.220192716 0.018895475 0.975271046
1548339967.507520 0.049455754 0.001568843 -0.029849136 -0.002214036 0.220749140 0.018758589 0.975147724
1548339967.541030 0.068658404 0.004114366 -0.032176103 -0.002768784 0.218836591 0.018321527 0.975585580
1548339967.574740 0.066457935 -0.002072261 -0.035134099 -0.004527968 0.219201505 0.019549558 0.975473225
1548339967.608330 0.066343144 -0.002011811 -0.035071820 -0.005121291 0.219162554 0.019341489 0.975483179
1548339967.641840 0.058580883 0.008545127 -0.034630757 -0.003914046 0.219667852 0.018773844 0.975386202
1548339967.675360 0.066231079 -0.005829379 -0.036930081 -0.006888993 0.218150362 0.020162959 0.975682557
1548339967.708900 0.064103477 -0.004080826 -0.035622165 -0.007285853 0.217965126 0.020465808 0.975714743
1548339967.742460 0.080489442 -0.004697661 -0.039655991 -0.008223389 0.215039656 0.021122897 0.976342261
1548339967.776100 0.072234325 0.008031488 -0.040578417 -0.007008099 0.215007722 0.020763515 0.976366460
1548339967.809610 0.081539534 0.007562262 -0.041821238 -0.007791293 0.213186562 0.020671323 0.976761758
1548339967.843010 0.085184202 0.002263051 -0.041126490 -0.009612011 0.212236628 0.020816140 0.976949275
1548339967.876520 0.076801978 0.005475461 -0.040961046 -0.009948171 0.211999848 0.020349657 0.977007151
1548339967.910040 0.087954216 0.006743643 -0.041781645 -0.010580579 0.209340841 0.019723849 0.977586508
1548339967.943690 0.080991596 0.011502715 -0.040955652 -0.010376826 0.209960267 0.019500902 0.977460384
1548339967.977250 0.040048517 0.023201630 -0.029518444 -0.009254201 0.215261996 0.018378962 0.976339519
1548339968.010790 0.033723414 0.036433429 -0.030820174 -0.008366310 0.216137096 0.018050445 0.976160288
1548339968.044330 0.064010069 0.024884887 -0.035687152 -0.011828698 0.211504951 0.021006819 0.977079570
1548339968.077850 0.073379792 0.017308325 -0.039609656 -0.014550773 0.206961766 0.023008268 0.977970183
1548339968.111370 0.068877704 0.031840779 -0.038462948 -0.013654517 0.205857113 0.022137340 0.978236318
1548339968.144900 0.076368101 0.028439388 -0.039551061 -0.016067529 0.202931762 0.022730639 0.978797138
1548339968.178440 0.074006774 0.022575138 -0.045773409 -0.019125300 0.199104577 0.023827186 0.979501843
1548339968.211930 0.088627778 0.029844649 -0.043743625 -0.020009652 0.190715253 0.022642776 0.981180191
1548339968.245450 0.039011300 0.017842337 -0.032293029 -0.023038469 0.194318831 0.022948770 0.980399311
1548339968.278950 0.059718952 0.020782415 -0.033713233 -0.023917269 0.183946609 0.022386292 0.982390165
1548339968.312480 0.050598066 0.032124691 -0.046547852 -0.022385444 0.174000129 0.019399291 0.984300017
1548339968.346020 0.070544779 0.030494401 -0.042151205 -0.023275902 0.162107781 0.016129764 0.986366630
1548339968.379600 0.094533138 0.028286980 -0.039216965 -0.023815399 0.147306725 0.014728620 0.988694429
1548339968.413210 0.087672152 0.034673367 -0.049627200 -0.021173874 0.136999533 0.011179465 0.990281701
1548339968.446730 0.102554023 0.032305583 -0.046066392 -0.021027068 0.126424104 0.009293789 0.991709828
1548339968.480250 0.121065408 0.024576316 -0.042348996 -0.023211589 0.114899218 0.006307471 0.993085921
1548339968.513760 0.145221934 0.016528646 -0.040567026 -0.025432065 0.103673533 0.003861307 0.994278669
1548339968.547280 0.163287625 -0.000818359 -0.028406756 -0.029566845 0.094878979 0.003489124 0.995043516
1548339968.580790 0.178704649 -0.002483828 -0.041293696 -0.030504944 0.086852036 0.002817894 0.995750070
1548339968.614220 0.183578014 -0.003646793 -0.033048462 -0.032019783 0.079759367 0.001439548 0.996298671
1548339968.647730 0.216269448 -0.010090427 -0.026502257 -0.034186736 0.067576431 0.001016051 0.997127712
1548339968.681180 0.246009901 -0.012800909 -0.009486204 -0.035575777 0.057522487 0.002751790 0.997706354
1548339968.714760 0.266478837 -0.003761481 -0.018378597 -0.033975270 0.048859809 0.000854598 0.998227239
1548339968.748210 0.295135945 -0.004106639 -0.013692867 -0.032986429 0.038925707 0.001040811 0.998696983
1548339968.781730 0.323458105 -0.007276782 -0.003655701 -0.032650318 0.029751476 0.001444384 0.999022901
1548339968.815240 0.350955546 -0.004433831 -0.003138128 -0.030559156 0.019951114 0.000929026 0.999333382
1548339968.848740 0.373726398 -0.000803261 0.000130779 -0.028571313 0.010744636 -0.001802923 0.999532402
1548339968.882090 0.391099364 -0.001720519 -0.001817364 -0.026907545 0.003852426 -0.002257525 0.999627948
1548339968.915590 0.402041525 -0.002540774 -0.002098802 -0.026673200 -0.002204936 -0.003962525 0.999633908
1548339968.949100 0.445299715 -0.003403084 0.011940757 -0.024831573 -0.013660140 -0.002698516 0.999594688
1548339968.982610 0.471643716 -0.004012014 0.015739299 -0.023732694 -0.022420727 -0.003408139 0.999461055
1548339969.016130 0.497090161 -0.009463055 0.031142237 -0.023238007 -0.030858977 -0.001699388 0.999252141
1548339969.049650 0.226332173 0.009684075 -0.018865040 -0.017363125 0.003109165 -0.015148075 0.999729693
1548339969.083170 0.224688500 0.004765549 -0.022418147 -0.016805168 -0.001990812 -0.017195214 0.999708951
1548339969.116700 0.082100257 0.044915866 -0.039723087 -0.009358965 0.014989588 -0.024668125 0.999539495
1548339969.150220 -0.019209223 0.006758722 -0.062825389 -0.012990991 0.021508167 -0.020089647 0.999482393
1548339969.183740 -0.007488638 0.006241450 -0.052996445 -0.013642877 0.006246618 -0.026173135 0.999544799
1548339969.217260 -0.035564449 0.039912347 -0.026131049 -0.010088746 0.008873302 -0.031647600 0.999408782
1548339969.250780 -0.087234661 0.009531695 0.004468461 -0.014166385 0.013223394 -0.029809918 0.999367714
1548339969.284300 -0.065080509 0.008453500 0.001638103 -0.014438935 -0.000734986 -0.032944705 0.999352574
1548339969.317810 -0.052086297 0.007457894 -0.008008684 -0.015468934 -0.008032887 -0.036984749 0.999163806
1548339969.351340 -0.026769744 -0.020319594 -0.032710556 -0.018296704 -0.016591717 -0.033546127 0.999131918
1548339969.384860 -0.002909066 -0.016164625 -0.022013793 -0.017441895 -0.027685801 -0.033249799 0.998911321
1548339969.418380 -0.005173503 -0.029141204 -0.033521838 -0.020060385 -0.030415125 -0.036740992 0.998660445
1548339969.451910 -0.020007094 -0.027453557 -0.030870276 -0.018518001 -0.031561509 -0.035032198 0.998716056
1548339969.485450 -0.049918320 0.003240866 -0.010038402 -0.014166183 -0.035535350 -0.041784402 0.998394012
1548339969.518960 -0.047940504 0.012364241 -0.004441781 -0.012183350 -0.037875563 -0.046057783 0.998146176
1548339969.552460 -0.022037694 -0.001338875 -0.016358761 -0.011032267 -0.043005276 -0.043334946 0.998073637
1548339969.585970 0.131260261 0.049647413 0.006379220 0.000075512 -0.068262585 -0.042254902 0.996772170
1548339969.619490 0.102483779 0.041115399 -0.008202977 0.000665147 -0.065849446 -0.046168797 0.996760666
1548339969.653010 0.066556662 0.030823389 -0.012849960 0.001570953 -0.059904352 -0.046563569 0.997116268
1548339969.686520 0.041661296 0.025184611 -0.018979838 0.003188720 -0.058660325 -0.044904772 0.997262418
1548339969.719970 0.011704255 0.013170977 -0.023875754 0.003394493 -0.056799058 -0.047055617 0.997270346
1548339969.753140 -0.028416365 -0.002515726 -0.028191522 0.002018405 -0.049829066 -0.047939755 0.997604489
1548339969.785830 -0.062151097 -0.009289389 -0.028819209 0.002089119 -0.044765703 -0.045409847 0.997962713
1548339969.819220 -0.104157209 -0.027215956 -0.004847637 -0.000511905 -0.038653590 -0.043403458 0.998309493
1548339969.852730 -0.131879508 -0.025294434 -0.021668911 -0.001131062 -0.033406377 -0.047853649 0.998294950
1548339969.886200 -0.160592794 -0.020282272 -0.022303654 -0.000404749 -0.027231941 -0.049523484 0.998401582
1548339969.919710 -0.188502207 -0.002019184 -0.036341339 0.002824403 -0.023889929 -0.049968220 0.998461068
1548339969.953230 -0.194010407 -0.013265739 -0.032009333 0.000744560 -0.022222111 -0.052089185 0.998394907
1548339969.986750 -0.154600844 -0.005295760 -0.044264156 0.002509128 -0.026186397 -0.052608043 0.998268664
1548339970.020310 -0.103572913 0.010743701 -0.052386101 0.004784951 -0.033055924 -0.051642586 0.998106956
1548339970.053830 -0.106882274 -0.009297926 -0.044869538 0.000228249 -0.031453203 -0.052873977 0.998105705
1548339970.087640 -0.032026168 -0.008631302 -0.049147844 0.000160127 -0.039483435 -0.051682316 0.997882783
1548339970.121160 0.058956504 0.035480838 -0.045313600 0.006031005 -0.052120637 -0.049955323 0.997372329
1548339970.154680 0.075738303 0.053180605 -0.049735568 0.006711817 -0.053249404 -0.052170932 0.997194886
1548339970.188260 0.003142053 -0.030331211 -0.038876839 -0.011579084 -0.036800530 -0.051708639 0.997916758
1548339970.222570 -0.017433755 -0.029387377 -0.036338937 -0.014474161 -0.029996123 -0.051765021 0.998103738
1548339970.256080 -0.044688128 -0.020385187 -0.038666174 -0.014742983 -0.025207004 -0.051235117 0.998259604
1548339970.289640 -0.078747451 -0.012503333 -0.047258221 -0.014664983 -0.016968483 -0.051408418 0.998425841
1548339970.323190 -0.105868272 -0.007337451 -0.049323142 -0.015512056 -0.008117134 -0.050691042 0.998560905
1548339970.356740 -0.134522945 -0.013292764 -0.041147966 -0.017680202 0.000530334 -0.048823494 0.998650789
1548339970.390250 -0.154728368 -0.018579785 -0.039831493 -0.018163564 0.005715790 -0.045832962 0.998767614
1548339970.423770 -0.165184751 -0.007650989 -0.055019967 -0.014728364 0.008151563 -0.044334594 0.998874903
1548339970.457250 -0.177775413 -0.012982944 -0.046644915 -0.015550759 0.010659639 -0.043493092 0.998875797
1548339970.490740 -0.200232416 -0.003280843 -0.054680113 -0.014163090 0.012959139 -0.043725219 0.998859167
1548339970.524250 -0.098912731 -0.010624040 -0.060895298 -0.015152847 0.000115759 -0.040094972 0.999080956
1548339970.557800 -0.070066296 -0.001599253 -0.060262099 -0.015048474 -0.001846616 -0.038157474 0.999156713
1548339970.591290 0.007589826 0.004606205 -0.058040209 -0.015379068 -0.013776033 -0.036165774 0.999132514
1548339970.624800 0.020170301 0.020689975 -0.058466002 -0.015033004 -0.014527380 -0.036137573 0.999128163
1548339970.658300 -0.030535990 0.041575417 -0.055616606 -0.015428981 -0.005390512 -0.036319200 0.999206603
1548339970.691810 -0.047841638 0.042792555 -0.057306554 -0.019191595 -0.004109733 -0.035595797 0.999173522
1548339970.725330 -0.045114361 0.048477631 -0.054030161 -0.022686372 -0.007386114 -0.037849698 0.998998582
1548339970.758900 -0.017993972 0.052110858 -0.053840522 -0.026766736 -0.007916536 -0.038245831 0.998878479
1548339970.792360 -0.014183898 0.053407744 -0.048157636 -0.030891832 -0.004900044 -0.038936313 0.998752058
1548339970.825790 -0.016720662 0.055210538 -0.041331317 -0.033694204 -0.001303198 -0.039908975 0.998634219
1548339970.859290 -0.009390720 0.047589432 -0.036666147 -0.036289379 0.000815016 -0.038222343 0.998609781
1548339970.892820 -0.016977604 0.052587487 -0.035742920 -0.036624417 0.004488911 -0.037932508 0.998598874
1548339970.926430 -0.009190254 0.056148939 -0.035182275 -0.036844250 0.006008012 -0.038021374 0.998579383
1548339970.960070 -0.018001903 0.066148348 -0.037962567 -0.035662901 0.012739406 -0.038525008 0.998539805
1548339970.993760 -0.009692596 0.058582906 -0.028021172 -0.036274057 0.015579599 -0.036668751 0.998547375
1548339971.027110 -0.024557309 0.067861229 -0.023251234 -0.033242319 0.021228988 -0.036416981 0.998557985
1548339971.060400 -0.013954978 0.061405748 -0.024465345 -0.032589629 0.023753636 -0.034944452 0.998575270
1548339971.093920 -0.010551673 0.059701171 -0.023750728 -0.030972049 0.028223813 -0.034621872 0.998521626
1548339971.127540 -0.009923005 0.042685840 -0.020161385 -0.031347096 0.031631678 -0.032512102 0.998478770
1548339971.161340 0.008088823 0.043407295 -0.018670294 -0.028511046 0.032710999 -0.032286648 0.998536289
1548339971.194850 -0.000919149 0.042194054 -0.021187741 -0.026046274 0.038236603 -0.031401016 0.998435557
1548339971.228280 0.004809927 0.038805481 -0.019809037 -0.023996022 0.041398428 -0.030815767 0.998379052
1548339971.261600 -0.005640478 0.039536905 -0.024161309 -0.021937527 0.048268855 -0.030817049 0.998117805
1548339971.295120 -0.030598711 0.043438155 -0.015281118 -0.019756652 0.058061671 -0.031325839 0.997625768
1548339971.328630 -0.053345997 0.038860209 -0.014257406 -0.018347172 0.066644348 -0.030198764 0.997150898
1548339971.362150 -0.029888373 0.022497684 -0.012470714 -0.018496480 0.069441259 -0.028059825 0.997019768
1548339971.395250 -0.020077210 0.016997095 -0.014196039 -0.016732180 0.072418556 -0.026509799 0.996881545
1548339971.428670 0.000766351 0.018387608 -0.009956002 -0.013898922 0.073127076 -0.024908703 0.996914625
1548339971.462140 0.004486830 0.020377465 -0.011696943 -0.010550650 0.076608621 -0.023832012 0.996720552
1548339971.495450 0.011275603 0.009491253 -0.011354317 -0.009509312 0.080550946 -0.022499396 0.996451139
1548339971.528970 0.012051346 0.022232421 -0.008560308 -0.004364848 0.085003622 -0.020896576 0.996151924
1548339971.562480 0.011300731 0.009284304 -0.009105018 -0.003288743 0.088514246 -0.019265497 0.995883107
1548339971.596000 0.019755108 0.018886905 -0.012175714 0.001278763 0.091592610 -0.018274538 0.995627999
1548339971.629510 0.033352233 0.007990922 -0.007221271 0.002545880 0.094098635 -0.015579059 0.995437682
1548339971.663030 0.050373230 0.017098099 -0.014640293 0.007045689 0.095286369 -0.013944012 0.995327294
1548339971.696550 0.024541626 0.017798198 -0.009652955 0.009844502 0.102788419 -0.013205480 0.994566858
1548339971.730060 0.022343658 0.015152166 -0.013717216 0.011771502 0.108126342 -0.011877050 0.993996501
1548339971.763580 0.008538372 0.017523181 -0.008831737 0.014155990 0.113896161 -0.011286992 0.993327677
1548339971.797440 0.046849832 0.005047244 -0.017455336 0.014724612 0.112306304 -0.009207051 0.993521869
1548339971.831070 0.053854860 0.006502374 -0.018035345 0.017886944 0.115567319 -0.007554576 0.993109822
1548339971.864880 0.050687745 0.000840011 -0.015830591 0.020200951 0.119598754 -0.005648040 0.992600739
1548339971.898480 0.066895008 0.002150758 -0.023248279 0.023653297 0.120631188 -0.004276870 0.992406368
1548339971.932050 0.061305244 0.003391994 -0.025979089 0.027159808 0.126158133 -0.001683360 0.991636872
1548339971.965570 0.064534806 -0.001677744 -0.023082821 0.029133091 0.129516438 0.000716951 0.991148949
1548339971.999100 0.066505164 -0.012827164 -0.025505794 0.030082630 0.131562859 0.002536028 0.990848064
1548339972.032610 0.097354181 -0.004086374 -0.037655912 0.034197491 0.130573660 0.004841425 0.990836859
1548339972.066130 0.086262658 -0.009458247 -0.031127049 0.035096068 0.134873003 0.006293759 0.990221202
1548339972.099640 0.071123406 -0.007220696 -0.029498480 0.037131593 0.138254210 0.007365108 0.989673078
1548339972.133150 0.042304702 0.006436199 -0.030009599 0.040866524 0.144386142 0.006863578 0.988653421
1548339972.166630 0.010836473 0.008429104 -0.029643552 0.041959114 0.152510732 0.007992204 0.987378359
1548339972.200140 -0.001119904 0.013144313 -0.029713778 0.043232076 0.157837003 0.009009687 0.986477256
1548339972.233650 -0.026912566 0.019342516 -0.035156459 0.044643324 0.165196314 0.009913320 0.985199928
1548339972.267160 0.122025914 -0.004969246 -0.056203440 0.039920449 0.149071530 0.016952941 0.987874806
1548339972.300670 0.115942247 -0.018031875 -0.043794181 0.036902558 0.156019509 0.019673506 0.986868322
1548339972.334190 0.111455984 -0.035375562 -0.035652053 0.033349354 0.160245493 0.022283727 0.986261964
1548339972.367680 0.084617145 -0.023151109 -0.046380717 0.035062533 0.167475805 0.021832671 0.985010564
1548339972.401180 0.066780150 -0.016218696 -0.051616050 0.035587102 0.175632864 0.023802405 0.983524323
1548339972.434690 0.065810405 -0.021367526 -0.047021344 0.034338295 0.179439440 0.025371537 0.982842147
1548339972.468210 0.054914169 -0.021728706 -0.045566533 0.034398831 0.182842031 0.025686564 0.982204497
1548339972.501730 0.055602990 -0.016135681 -0.041186526 0.035918154 0.185046926 0.023949422 0.981781006
1548339972.535240 0.022508312 -0.002533180 -0.047932189 0.038782228 0.192947283 0.021411983 0.980208576
1548339972.568760 0.003159201 0.001354240 -0.050279960 0.039229088 0.199620366 0.020162277 0.978880107
1548339972.602290 0.005616022 -0.007332271 -0.037230313 0.037546821 0.202948064 0.020835208 0.978247523
1548339972.635830 0.004174946 -0.009515565 -0.022449723 0.037627015 0.205832034 0.019592740 0.977667391
1548339972.669860 -0.015139683 -0.011082937 -0.014709346 0.037601754 0.213441774 0.018002747 0.976065874
1548339972.703380 -0.000003787 -0.016852137 0.012462217 0.036830924 0.219162419 0.014370765 0.974887073
1548339972.736970 -0.091106035 0.031795505 -0.039220296 0.047223076 0.233370557 0.015633354 0.971114695
1548339972.770480 -0.105614334 0.045543090 -0.027674420 0.051983539 0.240420073 0.012703517 0.969192684
1548339972.804000 -0.135833561 0.043692563 -0.012116914 0.054284226 0.252817571 0.016456379 0.965849698
1548339972.837520 -0.158007726 0.069445200 -0.019906646 0.062051632 0.258584440 0.016833464 0.963846624
1548339972.871030 -0.166779637 0.053066898 -0.006152292 0.062154125 0.264341354 0.018312426 0.962250054
1548339972.904550 -0.186977208 0.060139287 -0.012578060 0.065737844 0.271226674 0.020731304 0.960044146
1548339972.937990 -0.194325432 0.046912976 0.004637621 0.065640897 0.278541505 0.022960678 0.957903266
1548339972.971470 -0.222563773 0.048708830 0.002637222 0.067212738 0.284778684 0.022743851 0.955963492
1548339973.004270 -0.253299087 0.054391876 0.005292181 0.068378009 0.292816550 0.020053770 0.953509688
1548339973.037760 -0.197651863 0.074744575 -0.010304783 0.072555430 0.289162695 0.013937159 0.954424620
1548339973.071280 -0.233383238 0.065566257 -0.001518233 0.072911002 0.300922990 0.015908200 0.950724065
1548339973.104790 -0.222284645 0.074883297 -0.012099355 0.075721830 0.303105503 0.013746021 0.949844360
1548339973.138310 -0.208961546 0.076194011 -0.018774353 0.077265017 0.306574374 0.013605861 0.948608041
1548339973.171820 -0.251927227 0.064028211 -0.016579816 0.075468600 0.316910654 0.018652970 0.945264101
1548339973.205340 -0.270547092 0.056610901 0.008419720 0.075930387 0.325461030 0.021665009 0.942252815
1548339973.238860 -0.330652803 0.074275635 0.010999521 0.077957511 0.334809959 0.023270108 0.938766956
1548339973.272370 -0.249165013 0.077152960 -0.027687619 0.077705078 0.322484493 0.017289281 0.943221509
1548339973.305890 -0.222308278 0.073958367 -0.029440433 0.075979844 0.321605057 0.015639018 0.943691015
1548339973.339400 -0.061740920 -0.056287684 -0.077678777 0.053441681 0.302027106 0.021860478 0.951549113
1548339973.373100 -0.089705840 -0.061496727 -0.070480384 0.051291060 0.309583575 0.026190871 0.949126601
1548339973.406640 -0.125601202 -0.065909408 -0.063394569 0.048834637 0.316111863 0.028463455 0.947036624
1548339973.440170 -0.097335316 -0.054686144 -0.027415171 0.048910595 0.317368031 0.018235853 0.946864724
1548339973.473900 -0.116783559 -0.048977084 -0.036767859 0.049772609 0.319171607 0.019505275 0.946187973
1548339973.507420 -0.134577006 -0.043876022 -0.026527120 0.050379895 0.315825343 0.015653308 0.947349548
1548339973.540930 -0.146213129 -0.042196579 -0.008932918 0.049304508 0.313467115 0.009598577 0.948269606
1548339973.574240 -0.149033025 -0.044947546 0.009952205 0.047556121 0.308237612 0.009610781 0.950071394
1548339973.607740 -0.119163774 -0.055978682 -0.039116256 0.043911885 0.292905062 0.003378178 0.955126703
1548339973.641230 -0.126083836 -0.060012557 -0.019950993 0.039775643 0.290240824 0.001216801 0.956125915
1548339973.674570 -0.146772325 -0.050629746 -0.010604131 0.036972679 0.289240688 -0.003537266 0.956535578
1548339973.707870 -0.163626641 -0.049086187 -0.001521187 0.033269003 0.289731622 -0.003645341 0.956522584
1548339973.741390 -0.183341309 -0.031351004 0.008980966 0.032040183 0.289438844 -0.005693185 0.956643164
1548339973.774910 -0.164588749 -0.052860402 -0.007592539 0.025849406 0.282797903 -0.001434428 0.958830059
1548339973.808420 -0.099248029 -0.064503133 -0.048600301 0.022619419 0.268886656 0.002759477 0.962902248
1548339973.841940 0.028014703 -0.087456122 -0.091191813 0.018220009 0.249138921 0.008704609 0.968257248
1548339973.875450 0.197227761 -0.135674700 -0.128624678 0.010992629 0.222345263 0.020794740 0.974684238
1548339973.908930 0.039324813 0.013386454 -0.066673622 0.033706363 0.245820463 0.010186769 0.968675554
1548339973.942420 0.033192672 0.008031961 -0.065740131 0.032036345 0.246449068 0.010933111 0.968564391
1548339973.975940 0.009504110 0.008406241 -0.054152336 0.031499326 0.248693272 0.010962046 0.968007863
1548339974.009450 0.035854332 -0.005845202 -0.062070895 0.028884148 0.242335290 0.013035138 0.969674885
1548339974.042990 -0.004133675 -0.005878019 -0.049061246 0.028382558 0.245441303 0.013035257 0.968908191
1548339974.076480 -0.007498391 -0.020226527 -0.045371443 0.025038911 0.241791874 0.014390484 0.969898283
1548339974.110000 0.038411934 0.007024988 -0.058676820 0.028050920 0.231203809 0.013796795 0.972402990
1548339974.143480 0.037423130 0.015488148 -0.060070742 0.028141446 0.231571391 0.013360958 0.972319007
1548339974.176950 0.040529821 0.001750065 -0.057214994 0.024776444 0.229197368 0.014807153 0.972951889
1548339974.210550 0.032927997 0.009352839 -0.052228387 0.024270952 0.226783231 0.012575506 0.973561585
1548339974.244100 0.025983188 0.011512753 -0.049383476 0.023535641 0.224930316 0.011773294 0.974019408
1548339974.311300 0.022165662 0.020906541 -0.046018008 0.020723639 0.219149411 0.008704149 0.975432396
1548339974.344820 0.023784962 0.013242953 -0.043542106 0.017821193 0.216184035 0.009295415 0.976145744
1548339974.378360 0.023700431 0.021477165 -0.042188309 0.017413886 0.210003331 0.006822972 0.977521777
1548339974.412110 0.023559142 0.036231615 -0.040551562 0.017841866 0.207433432 0.004445756 0.978076279
1548339974.445630 0.022972591 0.027434509 -0.038511675 0.014634039 0.205492184 0.004490404 0.978538990
1548339974.478910 0.009699067 0.022855900 -0.033574726 0.011705533 0.202819750 0.002226234 0.979143620
1548339974.512400 0.016650645 0.035154849 -0.032481957 0.011823235 0.200351924 0.001500771 0.979651511
1548339974.545750 -0.009873578 0.012934499 -0.023611596 0.007742969 0.200865611 0.002950335 0.979583740
1548339974.579260 0.234379709 -0.111405656 -0.097015657 -0.011805477 0.156400159 0.013683431 0.987528443
1548339974.612660 0.002460125 0.034055609 -0.027558247 0.010029306 0.189591169 0.000363823 0.981811821
1548339974.646300 -0.006172113 0.015954753 -0.023827575 0.006849391 0.186158702 0.001022397 0.982495248
1548339974.679810 -0.002377957 0.014375151 -0.025278311 0.006063812 0.177000627 -0.000905968 0.984191656
1548339974.713210 0.003037112 0.019193394 -0.024237946 0.006381052 0.174208567 -0.002649876 0.984684527
1548339974.746720 -0.046382140 0.002866330 -0.011204911 0.004009153 0.177292615 -0.003545391 0.984143615
1548339974.780240 -0.013128481 0.025492001 -0.020766227 0.007416182 0.164037541 -0.007901635 0.986394584
1548339974.813760 0.037235640 -0.010400159 -0.025592092 0.002353629 0.153829068 -0.007334323 0.988067448
1548339974.847270 0.010710158 -0.028683366 -0.025456447 0.001192090 0.151900113 -0.008878061 0.988355279
1548339974.880790 -0.000566649 -0.009785327 -0.020898215 0.006326808 0.147195801 -0.010762345 0.989028573
1548339974.914200 -0.005014196 -0.002154269 -0.023246309 0.009579500 0.144443244 -0.011744727 0.989396989
1548339974.947710 -0.013011345 -0.009498282 -0.010001870 0.011061786 0.140435457 -0.010342214 0.989974022
1548339974.981230 0.181224108 -0.136423036 -0.095579199 -0.004613491 0.097733460 0.002233012 0.995199442
1548339975.014740 -0.029338369 -0.009386671 -0.024073550 0.015025537 0.125820473 -0.010651769 0.991882026
1548339975.048370 -0.042551115 -0.065931618 -0.015799023 0.008625551 0.120257452 -0.007734082 0.992675126
1548339975.082010 -0.029698908 -0.030542281 -0.024969786 0.014786706 0.107867002 -0.011112818 0.993993223
1548339975.115530 0.012295756 -0.020322021 -0.034074713 0.016877333 0.097379833 -0.011906966 0.995032966
1548339975.149070 -0.019503120 -0.028352527 -0.026968468 0.015866056 0.095877059 -0.014047191 0.995167613
1548339975.182680 0.001377918 -0.027141059 -0.033653714 0.016152671 0.086078443 -0.015953708 0.996029615
1548339975.216200 0.017451799 -0.028104084 -0.035449710 0.015907846 0.080433637 -0.017523861 0.996478975
1548339975.249710 0.011997757 -0.029458698 -0.033416111 0.015538591 0.075267524 -0.019137278 0.996858597
1548339975.283130 -0.001982021 -0.030074202 -0.027116936 0.015499551 0.071058504 -0.021805558 0.997113287
1548339975.316650 -0.019235639 -0.010451719 -0.033521011 0.018686220 0.069663078 -0.023757597 0.997112572
1548339975.350170 -0.073890835 0.000095055 -0.027466899 0.020066347 0.073207997 -0.024235956 0.996820211
1548339975.383680 -0.085827008 0.000840377 -0.025422651 0.020440746 0.068883851 -0.026297886 0.997068524
1548339975.417230 -0.112529628 0.002369065 -0.022420047 0.020806057 0.069119550 -0.027743030 0.997005463
1548339975.450780 -0.128278777 0.004718967 -0.025156522 0.021427473 0.067987345 -0.027307337 0.997082174
1548339975.484320 -0.141110674 0.008695326 -0.021899775 0.022159562 0.065700255 -0.028678991 0.997180998
1548339975.517960 -0.160824925 0.004691214 -0.024711967 0.021242443 0.065427653 -0.031131011 0.997145355
1548339975.551450 -0.179977104 0.004820964 -0.024931949 0.021128308 0.066492535 -0.031536635 0.997064590
1548339975.584870 -0.191343486 0.005227354 -0.023261225 0.021277236 0.065224834 -0.033239782 0.997089803
1548339975.618480 -0.210080326 -0.002094100 -0.024021650 0.019703610 0.065865241 -0.035957258 0.996985734
1548339975.652030 -0.202778146 0.004672288 -0.030119566 0.020100482 0.062231943 -0.036446549 0.997193456
1548339975.685540 -0.148510352 0.011081178 -0.041767251 0.021089492 0.050838061 -0.037821144 0.997767687
1548339975.719090 -0.084978566 -0.011448029 -0.028209830 0.017526614 0.039361313 -0.036812771 0.998392880
1548339975.752610 -0.095659211 -0.008691736 -0.028867567 0.017725281 0.037800133 -0.037668906 0.998417795
1548339975.786120 -0.090762287 -0.012610190 -0.028337833 0.016481277 0.033749297 -0.038149815 0.998565972
1548339975.819640 -0.095375508 -0.004613145 -0.028738009 0.016313585 0.031604882 -0.038341299 0.998631537
1548339975.853120 -0.090561122 0.001312167 -0.025377907 0.015429587 0.027945787 -0.038177542 0.998760939
1548339975.886640 -0.096956693 -0.002489801 -0.025200408 0.012752979 0.025066232 -0.038501285 0.998862743
1548339975.920140 -0.112384662 0.014008698 -0.026107179 0.013062128 0.022912195 -0.040759958 0.998820841
1548339975.953720 -0.115934759 0.018642379 -0.024061467 0.011789890 0.019934051 -0.041538335 0.998868465
1548339975.987180 -0.113261752 0.013285460 -0.022304026 0.008696578 0.015302017 -0.042270605 0.998951137
1548339976.020680 -0.104524352 0.011044593 -0.022542225 0.006155490 0.009881114 -0.043898433 0.998968184
1548339976.054200 -0.099582627 0.009753689 -0.021269573 0.003893572 0.006523687 -0.046274588 0.998899877
1548339976.087720 -0.109791063 0.013762959 -0.018747311 0.002315855 0.005518478 -0.048145063 0.998822451
1548339976.121220 -0.110324927 0.019276353 -0.010740874 0.001152682 0.000896425 -0.049825523 0.998756886
1548339976.154720 -0.119405650 0.037541110 -0.018462002 0.001937439 -0.000754862 -0.052918509 0.998596668
1548339976.188100 -0.094972610 0.015304830 -0.010728687 -0.003717578 -0.005452774 -0.052290864 0.998610079
1548339976.221580 -0.122117445 0.032657862 -0.012014753 -0.003810521 -0.004296337 -0.053139534 0.998570561
1548339976.255100 -0.123129614 0.035968315 -0.011169654 -0.005955529 -0.006435515 -0.054162987 0.998493612
1548339976.288610 -0.134991929 0.039801221 -0.009123601 -0.008446422 -0.005613273 -0.054217506 0.998477638
1548339976.322130 -0.133167669 0.034323990 -0.007149208 -0.011556234 -0.008682116 -0.053775039 0.998448491
1548339976.355650 -0.125101075 0.031149084 -0.004995269 -0.013671806 -0.013298645 -0.055189114 0.998293757
1548339976.389160 -0.124257497 0.044311404 0.000581280 -0.013431424 -0.016807428 -0.056386642 0.998177171
1548339976.422680 -0.115196154 0.032295812 0.008630771 -0.016900366 -0.022243703 -0.057796802 0.997937441
1548339976.456190 -0.115064532 0.038502332 0.009710139 -0.017128579 -0.024465038 -0.059098523 0.997805297
1548339976.489910 -0.119501367 0.028206065 0.013958742 -0.019755123 -0.026810428 -0.058573980 0.997727454
1548339976.523440 -0.108814232 0.029493835 0.016547665 -0.019943012 -0.032106329 -0.057478931 0.997631013
1548339976.556970 -0.114197634 0.031022010 0.019690439 -0.019859213 -0.034563705 -0.057200134 0.997566581
1548339976.590520 -0.122335315 0.025557896 0.018682994 -0.021362070 -0.036431253 -0.056365293 0.997516632
1548339976.624120 -0.133082286 0.019151751 0.022186467 -0.022935640 -0.038585350 -0.055252198 0.997462988
1548339976.657640 -0.129866168 0.022377621 0.027908927 -0.022541810 -0.042160932 -0.055386651 0.997319698
1548339976.691150 -0.120786391 0.020210709 0.029372811 -0.022413203 -0.044762243 -0.055303954 0.997213840
1548339976.724670 -0.120433658 0.015641730 0.034431800 -0.022060689 -0.045352016 -0.055287722 0.997195959
1548339976.758140 -0.128505334 0.015636444 0.033090182 -0.020186070 -0.044703670 -0.055616301 0.997246683
1548339976.791660 -0.153316766 0.007166601 0.028272090 -0.019297341 -0.044247247 -0.055941008 0.997266471
1548339976.825200 -0.151112676 0.010198688 0.027075447 -0.016394498 -0.048809223 -0.056758162 0.997059405
1548339976.858720 -0.137002513 0.012009704 0.037605219 -0.013981586 -0.055628978 -0.057327654 0.996706307
1548339976.892230 -0.138347819 0.009527553 0.034883048 -0.013307801 -0.058017146 -0.058557037 0.996507943
1548339976.925740 -0.149896592 0.009606024 0.030509442 -0.012837182 -0.058993693 -0.058057074 0.996486008
1548339976.959270 -0.133342072 0.004401079 0.032171771 -0.013140711 -0.066649020 -0.058274411 0.995986640
1548339976.992770 -0.143929005 0.020652749 0.034620792 -0.011035313 -0.067321889 -0.059360359 0.995902777
1548339977.026290 -0.195822045 0.011024439 0.019790452 -0.012891248 -0.063250065 -0.057646591 0.996248066
1548339977.059810 -0.159290284 0.015474290 0.029968869 -0.011597896 -0.075850263 -0.054019466 0.995587349
1548339977.093320 -0.136082068 0.012359908 0.041478734 -0.011171967 -0.084754266 -0.054447945 0.994850457
1548339977.126840 -0.118026428 0.019875484 0.030574214 -0.008435528 -0.092113018 -0.051928431 0.994357824
1548339977.160350 -0.155968472 0.002832236 0.032256398 -0.010976093 -0.093320154 -0.055514362 0.994026721
1548339977.193870 -0.161606610 0.009846882 0.037260830 -0.009668980 -0.093244292 -0.056776967 0.993976057
1548339977.227390 -0.174306542 0.013231163 0.036381435 -0.009114872 -0.091448322 -0.056907058 0.994140744
1548339977.260920 -0.158893675 -0.005043684 0.039197758 -0.011482988 -0.095304668 -0.056586158 0.993772209
1548339977.294430 -0.141810372 -0.014672543 0.045172755 -0.012049135 -0.098376006 -0.055873808 0.993506491
1548339977.327950 -0.169474155 -0.004087486 0.030820671 -0.009859809 -0.096677050 -0.055985201 0.993691087
1548339977.361450 -0.154332057 0.005908680 0.035262313 -0.007644643 -0.104627132 -0.057400346 0.992824256
1548339977.394990 -0.176576197 -0.002321427 0.031694744 -0.009464226 -0.105415545 -0.061495706 0.992479861
1548339977.428510 -0.130308241 0.047529023 0.017011689 -0.001619189 -0.117383912 -0.056054749 0.991501987
1548339977.462030 -0.087782048 0.060181826 0.016831763 0.000359548 -0.134925097 -0.058344852 0.989136517
1548339977.495540 -0.095415927 0.012988977 0.037710689 -0.009850569 -0.139575362 -0.067897230 0.987831771
1548339977.529060 -0.048984498 0.050935719 0.024581200 -0.004561580 -0.151393160 -0.065602668 0.986283720
1548339977.562570 -0.028658418 0.026374318 0.039074156 -0.009823352 -0.165083095 -0.071274780 0.983651876
1548339977.596280 -0.039434645 0.015195036 0.054557078 -0.013543583 -0.169068500 -0.077185452 0.982483983
1548339977.629790 -0.068884432 0.042424500 0.034538694 -0.011210516 -0.170328170 -0.077441901 0.982275605
1548339977.663650 -0.064351015 0.040526003 0.039653968 -0.013239312 -0.180402979 -0.081074059 0.980156362
1548339977.697170 -0.063196369 0.049038868 0.032156598 -0.013669945 -0.187917888 -0.081948079 0.978664637
1548339977.730560 -0.128013909 0.022997297 0.033352409 -0.021044854 -0.186861113 -0.090570681 0.977975965
1548339977.764080 -0.122616887 0.020849055 0.037156064 -0.023343842 -0.198722094 -0.092542052 0.975397646
1548339977.797590 -0.131881729 0.021347063 0.042483337 -0.025131999 -0.203970283 -0.095343091 0.973999083
1548339977.831110 -0.134364188 0.033263411 0.036367849 -0.024782190 -0.205997825 -0.096453562 0.973471880
1548339977.864620 -0.121966898 0.031686176 0.036946785 -0.026468834 -0.213294610 -0.096459024 0.971854150
1548339977.897920 -0.139133900 0.022340782 0.041224219 -0.029626366 -0.215071931 -0.099744104 0.971039355
1548339977.931440 -0.121885441 0.044322535 0.047588080 -0.026968244 -0.220321357 -0.097484931 0.970169008
1548339977.964950 -0.125527889 0.022711633 0.047683053 -0.031865571 -0.223909244 -0.100101821 0.968931794
1548339977.998470 -0.130428806 0.018451292 0.047600877 -0.034094427 -0.225072101 -0.101290807 0.968462884
1548339978.031930 -0.145128384 0.012279264 0.054990705 -0.037126951 -0.223063871 -0.102738664 0.968663454
1548339978.065450 -0.137861043 0.020715358 0.054710127 -0.037291583 -0.223345056 -0.100916676 0.968783855
1548339978.098960 -0.157769978 0.018165542 0.056394946 -0.040161345 -0.220127225 -0.102872349 0.969199836
1548339978.132480 -0.146632910 0.036041625 0.056922529 -0.038902424 -0.219825596 -0.100382708 0.969580650
1548339978.166000 -0.146268636 0.016466208 0.067146845 -0.044186082 -0.218826950 -0.102890603 0.969317257
1548339978.199510 -0.134920388 0.033223532 0.074831538 -0.042649858 -0.216768831 -0.101022676 0.970044672
1548339978.232940 -0.137995481 0.018661371 0.078894794 -0.046098653 -0.212587342 -0.102615342 0.970644951
1548339978.266450 -0.122594893 0.014869641 0.084182270 -0.046805508 -0.210616305 -0.101668753 0.971140325
1548339978.300040 -0.125316963 0.026422871 0.083784133 -0.044493746 -0.204833031 -0.100104026 0.972647369
1548339978.333550 -0.118535087 0.030102268 0.086077347 -0.041714706 -0.200175434 -0.098975815 0.973854959
1548339978.367090 -0.138482749 0.022205595 0.096125789 -0.042161714 -0.192981049 -0.097875766 0.975397885
1548339978.400600 -0.121114053 0.020458259 0.098033667 -0.038629863 -0.192862481 -0.096306287 0.975723803
1548339978.434100 -0.124900371 0.029487722 0.090844959 -0.032865759 -0.188193113 -0.094733655 0.976999819
1548339978.467620 -0.128803715 0.029069953 0.087158762 -0.028952980 -0.183208570 -0.092869550 0.978249252
1548339978.501130 -0.125628307 0.025205305 0.090902343 -0.026316693 -0.180320725 -0.091765657 0.978964210
1548339978.534650 -0.125163555 0.024585966 0.089474052 -0.023397340 -0.176006213 -0.089702569 0.980014205
1548339978.568170 -0.119494997 0.025626503 0.093380079 -0.020385196 -0.173371524 -0.088558115 0.980655015
1548339978.601680 -0.130028754 0.010725538 0.087480955 -0.022276368 -0.166792333 -0.085885651 0.981991708
1548339978.635200 -0.117914535 0.023278879 0.083071701 -0.016776212 -0.163943127 -0.085049890 0.982653439
1548339978.668720 -0.117262878 0.006040115 0.089469545 -0.018481862 -0.159691259 -0.084685944 0.983354211
1548339978.702260 -0.109427594 -0.001396320 0.091053247 -0.018258877 -0.156869918 -0.084782958 0.983803988
1548339978.735800 -0.117112644 -0.008815614 0.097506374 -0.018140452 -0.150366962 -0.085084714 0.984795034
1548339978.769340 -0.115292504 -0.002866241 0.097913556 -0.016146833 -0.146025360 -0.083485581 0.985619605
1548339978.802860 -0.104786195 0.003255562 0.101856440 -0.015103127 -0.143446773 -0.082109220 0.986130357
1548339978.836370 -0.107598402 -0.001283239 0.099544674 -0.016178735 -0.137670323 -0.082014680 0.986944139
1548339978.869870 -0.127304554 -0.012240110 0.098141074 -0.018565597 -0.129960820 -0.083523355 0.987820506
1548339978.903380 -0.125542521 -0.003243806 0.103112958 -0.017616989 -0.125436202 -0.082476325 0.988510549
1548339978.936900 -0.120031156 -0.005223920 0.101497598 -0.018129352 -0.120141789 -0.081447639 0.989243925
1548339978.970440 -0.120978259 0.005685128 0.097888306 -0.016884632 -0.113824837 -0.077987619 0.990291238
1548339979.003980 -0.176063687 -0.026907545 0.093052633 -0.022743544 -0.101885751 -0.081904791 0.991157770
1548339979.037500 -0.207982421 -0.028394369 0.097788088 -0.022859437 -0.091219880 -0.081127383 0.992257357
1548339979.071010 -0.163825437 -0.031492785 0.105962567 -0.022462049 -0.093289748 -0.076767206 0.992420912
1548339979.104220 -0.113978460 -0.034785084 0.110087283 -0.021888509 -0.096776046 -0.074002825 0.992309868
1548339979.137660 -0.061713096 -0.051786378 0.105114073 -0.023281476 -0.098868437 -0.075408079 0.991966009
1548339979.171070 -0.007330119 -0.056826308 0.106934771 -0.023769714 -0.098456815 -0.071039401 0.992317796
1548339979.204580 -0.147754103 0.021377519 0.096972749 -0.013552185 -0.071143053 -0.072464459 0.994738102
1548339979.238020 -0.220289275 0.005930505 0.106364556 -0.016555622 -0.055674847 -0.073627420 0.995592892
1548339979.271530 -0.208060578 0.012056169 0.079772785 -0.014674895 -0.051334318 -0.072458617 0.995941341
1548339979.305050 -0.184153005 0.003387740 0.092709094 -0.016461704 -0.050959427 -0.067703843 0.996267200
1548339979.338560 -0.162238330 -0.001242153 0.085244633 -0.017012777 -0.050673682 -0.065164290 0.996441841
1548339979.372080 -0.139028609 -0.000073811 0.082804859 -0.016889522 -0.049255621 -0.065636337 0.996484041
1548339979.405600 -0.117981128 -0.005032357 0.086895175 -0.017951708 -0.046889883 -0.062496524 0.996781409
1548339979.439110 -0.090413980 -0.013250651 0.090067342 -0.019468488 -0.048088077 -0.059993424 0.996849716
1548339979.472630 -0.068135276 -0.007429864 0.064916700 -0.017695131 -0.048886292 -0.063867293 0.996603191
1548339979.506130 -0.047543578 0.007921890 0.018729310 -0.014509779 -0.047355860 -0.064008877 0.996719480
1548339979.539560 -0.020609001 -0.008785322 0.002058609 -0.018084833 -0.049125139 -0.060218163 0.996811628
1548339979.573080 0.032036692 -0.057763338 0.102280237 -0.027292540 -0.057542432 -0.052957721 0.996563792
1548339979.606680 -0.010867367 -0.070691437 0.094728760 -0.030091170 -0.046974942 -0.057287913 0.996797860
1548339979.640210 -0.054005019 -0.059144683 0.079096675 -0.029915849 -0.035283741 -0.056650802 0.997321844
1548339979.673730 -0.133788064 -0.077651747 0.091247164 -0.035470210 -0.021419246 -0.058248613 0.997441828
1548339979.707250 -0.166042522 -0.060055982 0.065257922 -0.032887314 -0.013113286 -0.059432887 0.997604251
1548339979.741250 -0.201051041 -0.052134067 0.049889445 -0.032232296 -0.004039520 -0.061946642 0.997550666
1548339979.775270 -0.223291963 -0.004183041 0.024233695 -0.022429977 0.001756658 -0.064511061 0.997663319
1548339979.808800 -0.259536475 0.012668701 -0.004072058 -0.021119382 0.009885102 -0.065636545 0.997571111
1548339979.842380 -0.298987627 0.030585635 -0.028680732 -0.018724773 0.020238219 -0.068509288 0.997269392
1548339979.875910 -0.339106053 0.042641051 -0.036133423 -0.017380234 0.029915623 -0.071490839 0.996841013
1548339979.909430 -0.386267513 0.022672400 0.002173251 -0.027285561 0.034118854 -0.058730964 0.997317433
1548339979.942930 -0.423261613 0.036195632 -0.002253415 -0.025646778 0.043221962 -0.059982389 0.996933401
1548339979.976440 -0.463740289 0.045124125 -0.006937961 -0.024810448 0.053257078 -0.061278801 0.996389985
1548339980.009960 -0.495095849 0.045756526 0.000917233 -0.027423354 0.058200095 -0.055000763 0.996411383
1548339980.043490 -0.530812502 0.062982351 -0.008288942 -0.025110666 0.066802233 -0.056642715 0.995840609
1548339980.076990 -0.565888524 0.079584219 -0.018915718 -0.022710342 0.076759681 -0.057648517 0.995122552
1548339980.110510 -0.582325399 0.075824231 -0.005556169 -0.024223700 0.081398711 -0.054328572 0.994904995
1548339980.144020 -0.569205165 0.079134047 -0.003300782 -0.025118945 0.082517743 -0.053067803 0.994858623
1548339980.176770 -0.555452704 0.041491460 -0.001097328 -0.031949520 0.083365858 -0.049208704 0.994790375
1548339980.210280 -0.492873639 -0.026249943 0.005848857 -0.043460879 0.075861916 -0.042011298 0.995284438
1548339980.243790 -0.063891962 -0.007808641 0.076102994 -0.040893521 0.023095235 -0.040177338 0.998088241
1548339980.277180 -0.079706036 0.006989717 0.063699663 -0.037217587 0.029112004 -0.040309910 0.998069346
1548339980.310690 -0.088112354 0.018017245 0.071411677 -0.034572359 0.034913678 -0.038601443 0.998045921
1548339980.344200 -0.070299074 0.012903851 0.076412082 -0.033981554 0.034502860 -0.035951503 0.998179495
1548339980.377710 -0.033192035 -0.041730329 0.076419696 -0.042786498 0.030490873 -0.035574999 0.997985005
1548339980.411230 -0.066288240 -0.047092453 0.101036370 -0.044076353 0.041891150 -0.035977080 0.997500896
1548339980.444740 -0.148139402 -0.019334476 0.096180767 -0.036250025 0.057967082 -0.033056684 0.997112334
1548339980.478260 -0.129217565 -0.021090629 0.106535956 -0.035092432 0.057175852 -0.032493670 0.997217953
1548339980.511780 -0.150302514 -0.021503847 0.083208643 -0.032621361 0.060191810 -0.032030694 0.997139335
1548339980.545290 -0.136319816 -0.067777790 0.116425782 -0.040043898 0.061124690 -0.031603303 0.996825695
1548339980.578810 -0.137014553 -0.083152153 0.120784976 -0.040579934 0.063224591 -0.030393355 0.996710658
1548339980.612320 -0.142054930 -0.067909211 0.113519013 -0.035251517 0.066238344 -0.030754045 0.996706605
1548339980.645840 -0.127960399 -0.100698672 0.119086988 -0.038796254 0.066294342 -0.029232863 0.996616960
1548339980.679350 -0.140141040 -0.025558582 0.103778295 -0.023052212 0.070136063 -0.030718949 0.996797800
1548339980.712870 -0.023820097 -0.031603254 0.073031507 -0.020098303 0.053980485 -0.025482876 0.998014450
1548339980.746330 -0.057941619 -0.034272358 0.080555737 -0.018923387 0.062228721 -0.025125761 0.997566164
1548339980.779820 -0.083253533 -0.042336706 0.082603507 -0.018825499 0.067338385 -0.025753671 0.997220099
1548339980.813340 -0.118215516 -0.038110420 0.087255456 -0.016908204 0.074762203 -0.026833968 0.996696889
1548339980.846850 -0.162981749 -0.051396862 0.100617379 -0.018328086 0.084986426 -0.027466690 0.995834827
1548339980.880420 -0.203481779 -0.047563497 0.115015723 -0.016335329 0.093891978 -0.026397001 0.995098293
1548339980.913950 -0.225712255 -0.040499706 0.100401908 -0.013548918 0.098500773 -0.027751300 0.994657695
1548339980.947480 -0.256206334 -0.049150113 0.108261786 -0.014492829 0.104093961 -0.030695463 0.993988037
1548339980.981030 -0.284350991 -0.045365658 0.107977353 -0.013380771 0.110008933 -0.031858899 0.993329763
1548339981.014540 -0.325326324 -0.037895948 0.119115517 -0.012769824 0.119377308 -0.034978677 0.992150426
1548339981.048060 -0.357571989 -0.029731289 0.129280075 -0.011761461 0.127494916 -0.035779756 0.991123855
1548339981.081530 -0.381171554 -0.024426598 0.142636344 -0.011512358 0.134113431 -0.034888797 0.990284741
1548339981.115040 -0.439854473 -0.028298585 0.170411155 -0.012555410 0.148902833 -0.033176366 0.988215387
1548339981.148610 -0.466989428 -0.038403396 0.187329590 -0.015334373 0.157773659 -0.032860715 0.986809254
1548339981.182120 -0.490844399 -0.060699787 0.211332753 -0.020892138 0.165386409 -0.033196270 0.985448539
1548339981.215640 -0.528120697 -0.064493082 0.222495288 -0.022158148 0.176122561 -0.031972319 0.983599305
1548339981.249160 -0.499786466 -0.059309356 0.214665562 -0.020680087 0.176092684 -0.029014476 0.983728528
1548339981.282670 -0.440807492 -0.034841448 0.206987217 -0.015603585 0.171432912 -0.023348771 0.984795451
1548339981.316170 -0.401721656 -0.012443186 0.189462379 -0.010228214 0.167936921 -0.021203682 0.985516608
1548339981.349690 -0.392723054 -0.019924140 0.183412284 -0.011182108 0.168303028 -0.021463906 0.985438168
1548339981.383200 -0.425029099 -0.052097283 0.186261982 -0.016241541 0.175554901 -0.023010988 0.984066665
1548339981.416710 -0.503730714 -0.065604858 0.222293541 -0.018803263 0.190135479 -0.024355361 0.981275558
1548339981.450230 -0.530464292 -0.068920866 0.236779645 -0.019598641 0.197234601 -0.024924967 0.979843438
1548339981.483750 -0.486622989 -0.066910386 0.217717782 -0.018740499 0.193943515 -0.022653986 0.980572045
1548339981.517240 -0.488604367 -0.059585556 0.213677734 -0.017919641 0.194505751 -0.022745177 0.980473876
1548339981.550760 -0.495463610 -0.067232437 0.219690353 -0.020755578 0.196376607 -0.023136096 0.980035782
1548339981.584280 -0.492882639 -0.039115090 0.212973922 -0.017534995 0.197749957 -0.024080845 0.979799747
1548339981.617740 -0.479333580 -0.102943815 0.218678921 -0.029000513 0.196848720 -0.019387735 0.979813099
1548339981.650780 -0.466730356 -0.116172627 0.218109697 -0.033495005 0.196249127 -0.018250048 0.979811847
1548339981.684220 -0.481166661 -0.105656296 0.223439559 -0.033882584 0.201517746 -0.018589398 0.978722155
1548339981.717740 -0.459179491 -0.076048404 0.208391219 -0.030319864 0.197817296 -0.018359125 0.979597867
1548339981.751220 -0.437357098 -0.079408593 0.195978343 -0.032393981 0.192791581 -0.017662168 0.980545819
1548339981.784770 -0.344199896 -0.001094344 0.145023122 -0.019529920 0.177416131 -0.019235229 0.983754098
1548339981.818360 -0.194836318 -0.013827590 0.120791279 -0.022508420 0.153466359 -0.014389285 0.987792671
1548339981.851890 0.000212668 0.011034763 0.085762627 -0.019145243 0.120550483 -0.008875192 0.992482901
1548339981.885770 0.015905829 -0.002524135 0.084385842 -0.021367682 0.116741225 -0.008083995 0.992899537
1548339981.919290 0.014510189 -0.009830506 0.086722985 -0.022198252 0.115408875 -0.008278369 0.993035495
1548339981.952570 0.009694486 -0.018067440 0.085078485 -0.022515325 0.113417082 -0.007616847 0.993263125
1548339981.986080 0.001966565 -0.021867568 0.088310450 -0.021536028 0.110254079 -0.008120146 0.993636906
1548339982.019600 0.044039968 -0.012613958 0.080668710 -0.018267505 0.101156145 -0.006405122 0.994682252
1548339982.053110 0.029699855 -0.023688853 0.086262889 -0.018144790 0.099459894 -0.006356913 0.994855821
1548339982.086770 -0.029402444 -0.032883160 0.089944854 -0.017364014 0.103026964 -0.008796216 0.994488120
1548339982.120360 0.004640778 -0.029608680 0.084153846 -0.014242146 0.094217785 -0.009931111 0.995400190
1548339982.153870 0.016218906 -0.019722722 0.081046209 -0.011191039 0.089891724 -0.009514073 0.995843232
1548339982.187390 0.003445349 -0.010562709 0.079957061 -0.009024686 0.086853035 -0.007543010 0.996151686
1548339982.220920 0.004878233 -0.001281654 0.082616150 -0.006097733 0.082138106 -0.010676267 0.996545136
1548339982.254450 -0.018339500 -0.009476488 0.082037196 -0.006810452 0.083413638 -0.011675469 0.996423364
1548339982.287960 -0.022808732 -0.007295297 0.080123112 -0.005771617 0.080687582 -0.012175700 0.996648371
1548339982.321450 -0.006876413 0.012526195 0.084990606 -0.001880628 0.074894674 -0.013028033 0.997104585
1548339982.354970 -0.018221986 -0.001749258 0.083619617 -0.003267583 0.074782908 -0.014216876 0.997093141
1548339982.388440 -0.021193614 0.000882005 0.080171846 -0.002628310 0.073107138 -0.014522828 0.997214913
1548339982.421930 -0.025609309 -0.003413552 0.081133649 -0.002849154 0.072148576 -0.016712155 0.997249842
1548339982.488890 -0.015053811 -0.002814657 0.083502725 -0.003003207 0.068256944 -0.017216126 0.997514725
1548339982.522380 -0.018779790 -0.007140773 0.085564911 -0.003332559 0.068031862 -0.019159142 0.997493625
1548339982.555900 -0.015562104 -0.007796978 0.082660832 -0.003216683 0.069329947 -0.018771481 0.997411966
1548339982.589420 -0.041734822 -0.009488865 0.085813299 -0.004109444 0.073912658 -0.016083976 0.997126520
1548339982.622930 -0.028694587 -0.012984792 0.083198026 -0.005157199 0.068163149 -0.015475519 0.997540832
1548339982.656400 -0.030287713 0.004571960 0.085152075 -0.003150959 0.067937583 -0.015202289 0.997568786
1548339982.689860 -0.022217644 0.010469617 0.082036383 -0.004158183 0.064426899 -0.013573932 0.997821450
1548339982.723330 -0.050858755 -0.000960157 0.082459487 -0.008689002 0.067255996 -0.014357120 0.997594595
1548339982.756790 -0.051836994 -0.001918782 0.079456247 -0.011503378 0.065183453 -0.014499338 0.997701645
1548339982.790240 -0.049414426 -0.001620640 0.083554216 -0.014117158 0.061829176 -0.015307280 0.997869492
1548339982.823750 -0.050082255 -0.003703516 0.086038418 -0.016648192 0.060402349 -0.015836414 0.997909606
1548339982.857270 -0.063146427 -0.021700181 0.091049790 -0.021057745 0.058644556 -0.014817674 0.997946799
1548339982.890720 -0.042950444 -0.021917630 0.088504538 -0.022250265 0.051769819 -0.016186155 0.998279929
1548339982.924230 -0.038981508 -0.022585958 0.094260715 -0.023104059 0.048348825 -0.015881537 0.998436987
1548339982.957750 -0.051905930 -0.032103695 0.095538393 -0.024502950 0.045719184 -0.016799117 0.998512447
1548339982.991330 -0.061848436 -0.032786764 0.100837953 -0.024279164 0.040764030 -0.019241255 0.998688459
1548339983.024850 -0.057683568 -0.018855887 0.102646373 -0.021528391 0.036034733 -0.021527946 0.998886645
1548339983.058370 -0.057751361 -0.040486924 0.103635438 -0.024035625 0.030648574 -0.021905581 0.999001026
1548339983.091880 -0.054203197 -0.014592510 0.100829788 -0.019435901 0.025335971 -0.026772995 0.999131382
1548339983.125400 -0.053586796 -0.023164364 0.102161936 -0.020329377 0.022680957 -0.028975237 0.999115944
1548339983.159580 -0.051126197 -0.033733226 0.099185586 -0.021188790 0.018987961 -0.030547388 0.999128282
1548339983.193090 -0.051040303 -0.030810276 0.107106015 -0.019907512 0.015428463 -0.033010054 0.999137640
1548339983.226660 -0.050277255 -0.021778822 0.105558030 -0.017531376 0.013488833 -0.035359588 0.999129832
1548339983.260180 -0.055755969 -0.022951366 0.103810616 -0.016520301 0.013684286 -0.033664282 0.999202967
1548339983.293700 -0.054344364 -0.027528141 0.104287021 -0.016036436 0.012039818 -0.032092456 0.999283731
1548339983.327210 -0.049668312 -0.009363038 0.103518434 -0.012352516 0.011143238 -0.031421613 0.999367774
1548339983.360720 -0.071472727 -0.010958481 0.105379432 -0.012211913 0.013785904 -0.029973334 0.999381006
1548339983.394240 -0.046999827 -0.015286470 0.104632773 -0.012889992 0.008145595 -0.028037479 0.999490559
1548339983.427760 -0.058130302 0.005085784 0.099862531 -0.011105812 0.009793486 -0.030534903 0.999424040
1548339983.461370 -0.064877577 0.009262834 0.105501682 -0.012275167 0.011464183 -0.030783512 0.999384940
1548339983.494880 -0.078428224 0.000361358 0.102636993 -0.015474762 0.012654645 -0.031637333 0.999299467
1548339983.528310 -0.103871524 -0.000954794 0.105319969 -0.017930593 0.014279817 -0.034493096 0.999142051
1548339983.561820 -0.078324668 -0.002774805 0.108445100 -0.019966930 0.009421674 -0.035093728 0.999140143
1548339983.595190 -0.071819276 -0.007988770 0.107126936 -0.021960367 0.006975297 -0.035204086 0.999114454
1548339983.628400 -0.082820266 0.003798189 0.107062221 -0.021144798 0.006648759 -0.037217673 0.999061346
1548339983.661800 -0.061784655 0.008790527 0.106731690 -0.021047404 0.002832002 -0.037485458 0.999071479
1548339983.695320 -0.066819884 0.005313462 0.105713889 -0.022403341 0.003572606 -0.037565973 0.999036610
1548339983.728830 -0.056911722 0.005305919 0.112150259 -0.023154428 0.001042592 -0.036958035 0.999047995
1548339983.762350 -0.055618025 0.004861468 0.112312257 -0.023787819 -0.000609090 -0.036964182 0.999033272
1548339983.795980 -0.067352854 0.008112734 0.109832823 -0.023927117 -0.000574627 -0.037697926 0.999002516
1548339983.829580 -0.059343591 0.010891052 0.111210093 -0.024606789 -0.002721393 -0.038631339 0.998946786
1548339983.863160 -0.062545054 0.012138657 0.111708127 -0.025605107 -0.002560936 -0.039221022 0.998899162
1548339983.896690 -0.057062741 0.009637948 0.113006823 -0.027122160 -0.004533614 -0.040230121 0.998812020
1548339983.930210 -0.057246257 0.012672571 0.111802056 -0.027791049 -0.004839094 -0.041376319 0.998745322
1548339983.963720 -0.060765915 0.026444819 0.110710956 -0.026762642 -0.003522242 -0.042237584 0.998742878
1548339983.997220 -0.058964841 0.022762207 0.111319050 -0.028615544 -0.003461732 -0.042251058 0.998691142
1548339984.030740 -0.056629013 0.019806955 0.108133443 -0.029841570 -0.003084836 -0.042717107 0.998636663
1548339984.064270 -0.054937765 0.015548599 0.109983064 -0.031025849 -0.001405078 -0.042133551 0.998629153
1548339984.097790 -0.047462825 0.013585126 0.111468978 -0.031368665 -0.001090307 -0.041557193 0.998642981
1548339984.131340 -0.067487761 0.016107395 0.108335771 -0.030756522 0.002880375 -0.041570570 0.998657882
1548339984.165010 -0.049968783 0.022056451 0.111809000 -0.029080974 0.001762424 -0.041226566 0.998724937
1548339984.198370 -0.067170545 0.011109792 0.105618745 -0.030063150 0.005733583 -0.041423414 0.998672843
1548339984.232040 -0.054250341 0.013464176 0.107118025 -0.028750593 0.004395635 -0.040749002 0.998746037
1548339984.265410 -0.039551891 0.002829622 0.109371625 -0.029454993 0.003350411 -0.040900327 0.998723328
1548339984.298920 -0.041871920 0.005398429 0.110785469 -0.028036634 0.004905741 -0.040473331 0.998775184
1548339984.332410 -0.042965937 0.008298878 0.109283447 -0.026515488 0.005557960 -0.040605206 0.998807907
1548339984.365920 -0.044280205 0.020794073 0.107762165 -0.023540523 0.007395970 -0.041168354 0.998847485
1548339984.399460 -0.048418287 0.020731036 0.107267827 -0.022874583 0.009413311 -0.040506240 0.998873055
1548339984.432980 -0.047686521 0.014412580 0.106881581 -0.023390340 0.009911597 -0.039815277 0.998884082
1548339984.466500 -0.051237397 0.022488764 0.105710052 -0.021539053 0.011096578 -0.039963819 0.998907328
1548339984.500090 -0.052993633 0.009060338 0.107638083 -0.023526696 0.011807909 -0.039126776 0.998887479
1548339984.533610 -0.052552290 0.017261576 0.104268067 -0.021893974 0.012850797 -0.038974270 0.998917639
1548339984.567130 -0.054035075 0.014272646 0.105582543 -0.022462144 0.013765980 -0.037959434 0.998931944
1548339984.600640 -0.039805196 0.013549744 0.109075427 -0.022614246 0.012248895 -0.037410840 0.998968959
1548339984.634150 -0.050771177 0.017595075 0.103339955 -0.022260241 0.014905560 -0.037349977 0.998943090
1548339984.667670 -0.046437345 0.016577270 0.105583936 -0.022806594 0.015942520 -0.036756709 0.998936772
1548339984.701180 -0.048381958 0.012076792 0.107114166 -0.023886206 0.017061926 -0.036475934 0.998903334
1548339984.734700 -0.050424177 0.009992865 0.108746365 -0.024171220 0.017422361 -0.036624953 0.998884797
1548339984.768220 -0.043688502 0.011366459 0.108780667 -0.023440788 0.016720161 -0.036554139 0.998916805
1548339984.801770 -0.034047242 0.003429936 0.109833159 -0.024212778 0.016152738 -0.036036026 0.998926520
1548339984.835290 -0.037355576 0.005498531 0.108720943 -0.023087986 0.017285304 -0.035610963 0.998949468
1548339984.868810 -0.040513806 0.002580572 0.109679505 -0.022594135 0.018366644 -0.035122141 0.998958766
1548339984.902320 -0.050230503 0.006832706 0.105885468 -0.020881124 0.020261550 -0.035483219 0.998946607
1548339984.935840 -0.045587230 0.009328357 0.108461030 -0.019883046 0.019597869 -0.035464834 0.998980880
1548339984.969350 -0.044283792 0.001517314 0.107492380 -0.020505702 0.019151069 -0.036738545 0.998930931
1548339985.002870 -0.044383653 -0.000158271 0.108205952 -0.020339575 0.018823007 -0.037735425 0.998903394
1548339985.036390 -0.051887896 0.004433902 0.106891043 -0.019123379 0.019569281 -0.039630555 0.998839676
1548339985.069900 -0.045470614 -0.002696582 0.109104276 -0.019884182 0.018457402 -0.040667556 0.998804331
1548339985.103370 -0.047727093 -0.002151356 0.108864740 -0.019335674 0.018425789 -0.042454150 0.998741329
1548339985.136890 -0.050309006 0.006596721 0.110601716 -0.017498527 0.018715339 -0.044029299 0.998701632
1548339985.170400 -0.049896475 0.002920051 0.109409183 -0.017829077 0.018969972 -0.045239635 0.998636901
1548339985.203930 -0.050821420 0.003833398 0.109356828 -0.017335026 0.019432871 -0.046448354 0.998581171
1548339985.237380 -0.052119248 0.004010499 0.110085003 -0.017137997 0.019833816 -0.047291655 0.998537123
1548339985.270870 -0.047331259 0.004530994 0.109807104 -0.016697556 0.019866884 -0.047456201 0.998536110
1548339985.304390 -0.048239879 -0.010532603 0.108872816 -0.019135848 0.019943634 -0.047173172 0.998504281
1548339985.337910 -0.046290372 -0.003946510 0.113373220 -0.017980527 0.019432707 -0.047062438 0.998541057
1548339985.371410 -0.046131648 -0.004839546 0.115254484 -0.018436564 0.018937591 -0.046814583 0.998553872
1548339985.404930 -0.049224522 -0.000796278 0.112291962 -0.018326599 0.018211706 -0.047215801 0.998550534
1548339985.438440 -0.049105499 0.008514431 0.115409762 -0.018177249 0.017287303 -0.047799043 0.998541951
1548339985.471960 -0.055364635 0.002547236 0.113443680 -0.020665586 0.017932523 -0.047836546 0.998480380
1548339985.505470 -0.052427787 0.003192581 0.111865826 -0.022289170 0.017130179 -0.048418581 0.998431444
1548339985.538950 -0.047315501 -0.004043750 0.125315800 -0.025195934 0.014644297 -0.047678560 0.998437524
1548339985.572460 -0.104382679 0.013711008 0.126289830 -0.024039276 0.018001975 -0.049425367 0.998326182
1548339985.605980 -0.076393969 0.007221047 0.148711830 -0.025249720 0.001465325 -0.043112729 0.998750031
1548339985.639480 -0.069800034 0.002154426 0.126015201 -0.028041625 -0.017161634 -0.052004751 0.998105526
1548339985.672980 -0.066130407 -0.004343365 0.119783290 -0.029863745 -0.021452639 -0.051519260 0.997994840
1548339985.706490 -0.043959238 -0.014885093 0.120582454 -0.032818202 -0.033420037 -0.051431727 0.997577488
1548339985.740010 -0.117916912 -0.011430481 0.121394373 -0.034465473 -0.030076496 -0.055269424 0.997423112
1548339985.773530 -0.064399801 -0.003158220 0.120973364 -0.034126595 -0.041370679 -0.056443818 0.996964335
1548339985.807040 -0.079142138 0.004642085 0.118999772 -0.034207050 -0.041248314 -0.057279095 0.996919036
1548339985.840560 -0.075040206 -0.003560442 0.123534620 -0.036526967 -0.043534432 -0.058097892 0.996692121
1548339985.874070 -0.077652298 -0.003035931 0.124331526 -0.037129141 -0.044381894 -0.057779953 0.996650934
1548339985.907560 -0.068513364 -0.004979667 0.126227319 -0.037323054 -0.045906439 -0.057125684 0.996612370
1548339985.941000 -0.069762088 0.008279448 0.127702639 -0.035037939 -0.046203617 -0.056708831 0.996705413
1548339985.974500 -0.062516987 -0.010551888 0.130714878 -0.037474047 -0.048241116 -0.056106605 0.996554315
1548339986.008020 -0.070723109 -0.007821753 0.131119817 -0.036335398 -0.045317214 -0.056683369 0.996701121
1548339986.041540 -0.071867816 -0.007676078 0.125335500 -0.035067350 -0.044835873 -0.055443030 0.996838033
1548339986.075050 -0.062008161 -0.012038345 0.126832008 -0.034755088 -0.044768356 -0.055698898 0.996837735
1548339986.108570 -0.061594527 -0.007697033 0.130138606 -0.032698654 -0.041710716 -0.053994000 0.997133732
1548339986.142080 -0.054711778 -0.008450937 0.128842488 -0.030998703 -0.041647241 -0.053107169 0.997238278
1548339986.175600 -0.061447874 0.002349839 0.127488598 -0.027788628 -0.036494289 -0.053013954 0.997539699
1548339986.209150 -0.062486578 0.002302065 0.130781546 -0.026598088 -0.032285381 -0.050448157 0.997850299
1548339986.242670 -0.062552959 0.003127084 0.129868850 -0.025805935 -0.030312670 -0.050025627 0.997954190
1548339986.276180 -0.052039206 0.012908862 0.133124754 -0.023762438 -0.028692415 -0.049395427 0.998084247
1548339986.309730 -0.054296009 0.015598238 0.128626034 -0.023369243 -0.026335903 -0.048853938 0.998185158
1548339986.343250 -0.046049703 0.018013986 0.131069183 -0.023713972 -0.025400750 -0.049530283 0.998167872
1548339986.376760 -0.055547155 0.008362629 0.130055949 -0.026088478 -0.022254307 -0.048886277 0.998215556
1548339986.410280 -0.055709019 0.008347741 0.133492708 -0.027055852 -0.022197591 -0.049527146 0.998159468
1548339986.443800 -0.048261337 0.015756588 0.131963640 -0.026505919 -0.022513203 -0.051594831 0.998062432
1548339986.477310 -0.053054452 0.019795589 0.132756904 -0.026695717 -0.018177267 -0.053633410 0.998038232
1548339986.510830 -0.046826791 0.018175339 0.138079062 -0.027497653 -0.016345628 -0.053987689 0.998029113
1548339986.544310 -0.041593757 0.003347627 0.136930078 -0.029588412 -0.015291528 -0.055379856 0.997909725
1548339986.577790 -0.047110979 0.009266472 0.137768164 -0.027935283 -0.010631320 -0.056550354 0.997952223
1548339986.611310 -0.043884739 0.004008740 0.141347557 -0.027770676 -0.008826653 -0.056281213 0.997989595
1548339986.644790 -0.048901290 0.001828275 0.141921803 -0.027074151 -0.006571517 -0.056384638 0.998020291
1548339986.678260 -0.044504154 0.011120806 0.134479046 -0.024080468 -0.005007400 -0.057912558 0.998018622
1548339986.711740 -0.046501521 0.019716619 0.135351956 -0.021814203 -0.000770807 -0.058170252 0.998068035
1548339986.745260 -0.044909634 0.009947682 0.141833544 -0.022833884 0.001351523 -0.058186404 0.998043656
1548339986.778760 -0.036178488 0.015416319 0.141042218 -0.021305090 0.002131681 -0.058999009 0.998028398
1548339986.812250 -0.046800964 0.024341682 0.138499856 -0.019525627 0.006877447 -0.060283095 0.997966647
1548339986.845760 -0.040476646 0.014455794 0.142084092 -0.021046823 0.007919713 -0.060205977 0.997932673
1548339986.879280 -0.044199139 0.028000882 0.139385566 -0.019013634 0.010196743 -0.061098378 0.997898519
1548339986.912790 -0.032734483 0.015922798 0.141182020 -0.021218263 0.010238578 -0.061166953 0.997849464
1548339986.946310 -0.034880497 0.019638384 0.141861364 -0.020958973 0.012691271 -0.060974792 0.997838497
1548339986.979830 -0.039200351 0.022617647 0.143225461 -0.020828867 0.014708314 -0.060486566 0.997843266
1548339987.013340 -0.035633221 0.024968205 0.143264368 -0.020653615 0.015732646 -0.059911683 0.997865975
1548339987.046860 -0.037008304 0.015356970 0.142237246 -0.022514153 0.017433912 -0.058538813 0.997878909
1548339987.080370 -0.034083046 0.016719630 0.142698392 -0.022631209 0.017953923 -0.057739604 0.997913659
1548339987.113890 -0.037594341 0.024158087 0.142142907 -0.021920592 0.019577483 -0.057706192 0.997900844
1548339987.147410 -0.039231848 0.024404788 0.141429827 -0.022622027 0.021185150 -0.056695413 0.997910321
1548339987.180950 -0.037258733 0.025938945 0.143752575 -0.023140363 0.021108689 -0.056029592 0.997937679
1548339987.214490 -0.036274377 0.030447353 0.142174333 -0.022992196 0.021892872 -0.055845905 0.997934520
1548339987.247950 -0.036959659 0.031487606 0.143169835 -0.023544196 0.022960609 -0.054890707 0.997950673
1548339987.281470 -0.044206843 0.028180292 0.144560695 -0.024674507 0.023831675 -0.054313548 0.997934520
1548339987.315040 -0.041356090 0.023876633 0.144600034 -0.025644014 0.023306428 -0.053268623 0.997978806
1548339987.348580 -0.035765503 0.026018068 0.146413118 -0.025606712 0.022493981 -0.052028783 0.998063743
1548339987.382320 -0.037919670 0.022760214 0.144190550 -0.026362842 0.022979185 -0.051513936 0.998059750
1548339987.415920 -0.034900595 0.024865970 0.145148665 -0.026458334 0.022575978 -0.051357139 0.998074532
1548339987.449450 -0.033690829 0.029238202 0.142824292 -0.025984475 0.022494581 -0.051490083 0.998081982
1548339987.482990 -0.036696173 0.030700119 0.143020913 -0.025991708 0.023049401 -0.052068956 0.998039067
1548339987.516480 -0.033780355 0.023342334 0.141939238 -0.027219022 0.022722008 -0.052136317 0.998010337
1548339987.550000 -0.033041596 0.022846915 0.143194169 -0.027217649 0.022548737 -0.052272290 0.998007178
1548339987.583510 -0.035068911 0.027164085 0.143906072 -0.026324984 0.023002632 -0.053090751 0.997977555
1548339987.617030 -0.032988228 0.020776270 0.143104196 -0.026467571 0.023353770 -0.052714035 0.997985601
1548339987.650540 -0.032256793 0.018110255 0.143289313 -0.025953410 0.023582587 -0.052785523 0.997989953
1548339987.684040 -0.031606667 0.013274921 0.140580729 -0.025671115 0.023821818 -0.053016029 0.997979343
