1341846434.710184 0.0000000 0.0000000 0.0000000 0.0000000 0.0000000 0.0000000 1.0000000
1341846434.746225 0.0062838 -0.0047532 -0.0101838 0.0026238 0.0013902 0.0033436 0.9999900
1341846434.778203 0.0159896 -0.0056451 -0.0172830 0.0044197 0.0022057 0.0042547 0.9999787
1341846434.878202 0.0336785 -0.0081769 -0.0264762 0.0016407 0.0004465 -0.0074542 0.9999708
1341846435.213955 0.1233006 -0.0501549 -0.0603379 0.0122511 -0.0478414 -0.0191908 0.9985954
1341846435.482273 0.2118327 -0.0599849 -0.0466947 0.0171160 -0.0929783 -0.0064506 0.9955001
1341846435.717877 0.2743066 -0.0636871 -0.0538819 0.0242559 -0.1080874 -0.0161742 0.9937139
1341846435.986080 0.3652083 -0.0845552 -0.0601171 0.0269856 -0.1379349 -0.0141939 0.9899719
1341846436.185994 0.4422505 -0.0847922 -0.0465640 0.0251818 -0.1627319 -0.0019391 0.9863470
1341846436.485966 0.5003082 -0.0872545 -0.0323600 0.0243190 -0.1817903 0.0000975 0.9830365
1341846436.790021 0.5313688 -0.1082264 0.0358081 0.0178745 -0.2324867 -0.0097469 0.9723865
1341846437.158050 0.6488263 -0.0836409 0.0578635 0.0019316 -0.2806718 0.0041085 0.9597930
1341846437.500080 0.7167307 -0.0924378 0.1329326 -0.0628406 -0.3223390 0.0017341 0.9445346
1341846437.863213 0.7925141 -0.1061231 0.2047179 -0.0381767 -0.3139016 -0.0141825 0.9485817
1341846438.262251 0.8127996 -0.1026615 0.2674537 -0.0400730 -0.3105122 -0.0078097 0.9496922
1341846442.286112 -0.6661924 -0.1050700 0.3637418 -0.0180155 0.2296513 0.0122369 0.9730293
1341846442.359932 -0.7126424 -0.1094421 0.3999175 -0.0319359 0.2543447 0.0118590 0.9665135
1341846442.455016 -0.7065652 -0.1133593 0.4263794 -0.0418407 0.2736003 0.0187652 0.9607497
1341846442.522074 -0.7065976 -0.1139032 0.4218405 -0.0455007 0.2837166 0.0311430 0.9573216
1341846442.585989 -0.7031047 -0.1136876 0.4190606 -0.0580771 0.3031091 0.0368482 0.9504705
1341846443.090123 -0.6170679 -0.1220071 0.4452783 -0.0474638 0.3241381 0.0384923 0.9440339
1341846443.868057 -0.6391951 -0.1319536 0.4596476 -0.0837926 0.3489702 0.0698235 0.9307649
1341846448.753983 -0.1410532 -0.1018253 0.1475587 -0.1726806 0.0318874 0.0081221 0.9844280
1341846449.757969 -0.1415654 -0.2892527 0.2675765 -0.2309790 0.0597404 0.0126824 0.9710401
1341846450.230042 -0.1484517 -0.3898514 0.4267493 -0.2493033 0.0671150 -0.0058708 0.9660792
1341846452.174074 -0.1523543 -0.4553674 0.4362144 -0.2431415 0.0138657 -0.0482844 0.9686891
1341846453.152099 -0.2181294 -0.2185422 0.2265754 -0.1411742 0.0337475 -0.0205400 0.9891962
1341846454.256124 -0.3173538 0.0460676 0.2299113 0.0156097 0.0418385 -0.0500389 0.9977484
1341846455.153946 -0.3083287 0.2842639 0.2741559 0.1037582 0.0433851 -0.0035960 0.9936494
1341846455.926012 -0.3022918 0.5158524 0.3834870 0.1669149 0.0172840 0.0008449 0.9858195
1341846456.462149 -0.3113188 0.6719381 0.3924431 0.2225687 0.0211678 -0.0295957 0.9742377
1341846457.034139 -0.3209613 0.8299238 0.4340350 0.2364453 0.0088824 -0.0255829 0.9712673
1341846457.802137 -0.2903580 0.7666562 0.4134352 0.2147535 0.0453575 -0.0148717 0.9755011
1341846458.573927 -0.2528956 0.4198486 0.3594433 0.1474040 0.0606518 -0.0004738 0.9872149
1341846459.682060 -0.2654173 0.1388704 0.2416466 -0.0237905 0.0514156 -0.1489467 0.9872210
1341846460.719720 -0.3202428 0.1912974 0.2005699 -0.1417813 -0.0415055 -0.5324598 0.8334638
1341846461.826110 -0.3138932 0.1389542 0.2203616 -0.1000817 0.0167458 -0.4063703 0.9080564
1341846463.298219 -0.2988301 0.0378629 0.1949373 0.0722026 0.0323556 0.2614161 0.9619779
1341846463.466070 -0.2909147 0.0284453 0.1968763 0.0979790 0.0388584 0.3034957 0.9469849
1341846463.634009 -0.2926344 0.0314594 0.1881285 0.1111394 0.0465372 0.3429015 0.9316120
1341846463.702198 -0.2919991 0.0304903 0.1895399 0.1110057 0.0503098 0.3582750 0.9256272
1341846464.006721 -0.2960444 0.0388648 0.1734744 0.1200185 0.0680148 0.4573453 0.8785242
1341846464.170247 -0.2774185 0.0562547 0.1937122 0.1162120 0.0811395 0.5267460 0.8381228
1341846464.270037 -0.3038496 0.0728511 0.1937035 0.1230888 0.0980713 0.5720153 0.8050029
1341846464.506083 -0.2987472 0.0869374 0.1929772 0.1579410 0.1369076 0.6389822 0.7402788
1341846464.642006 -0.3124127 0.0948850 0.1894456 0.1389035 0.1538543 0.6586152 0.7233676
1341846464.910024 -0.3327905 0.1055382 0.1792871 0.0989867 0.1641491 0.6813540 0.7064087
1341846465.446399 -0.3413520 0.1163209 0.1826447 0.0474778 0.1290255 0.6653023 0.7338060
1341846465.946253 -0.3412589 0.1124525 0.1696518 0.0420235 0.0996849 0.5128759 0.8516192
1341846466.450241 -0.3290145 0.1029037 0.1823784 0.0226142 0.0740483 0.3341248 0.9393435
1341846467.490150 -0.2678067 0.1268297 0.1911623 -0.0188972 0.0120876 0.0029540 0.9997440
1341846468.194517 -0.0727384 0.2040200 0.0358339 0.0068160 -0.0739752 0.0252820 0.9969162
1341846469.502529 0.0283454 0.1901906 -0.0197508 -0.0265128 0.0026360 0.0120821 0.9995720
