1548266677.368150 -0.004174478 0.012656925 -0.001412570 -0.004888085 -0.010378421 -0.001985280 0.999932225
1548266677.401200 0.048279085 0.011280229 -0.001525959 -0.005005890 -0.022126861 0.002966666 0.999738237
1548266677.434720 0.054303165 0.009190240 0.004990069 -0.007232240 -0.015634432 0.002814445 0.999847657
1548266677.468230 0.029369754 0.011415258 0.025568842 -0.009488401 -0.004927891 0.005317186 0.999928704
1548266677.501910 0.048327824 0.018228053 0.030570964 -0.011819435 -0.009448180 0.010942441 0.999825633
1548266677.535450 0.065112345 0.018362323 0.040100318 -0.014448243 -0.002210459 0.013708116 0.999799205
1548266677.569020 0.060707798 0.026026851 0.052844289 -0.014822932 0.004494004 0.018380645 0.999711077
1548266677.602540 0.053155335 0.035542216 0.062384859 -0.017591888 0.006023368 0.018354583 0.999658619
1548266677.636000 0.083345241 0.043054632 0.063256955 -0.021045288 0.004196135 0.017607910 0.999614651
1548266677.669490 0.072846380 0.044155825 0.072739525 -0.024130150 0.008874665 0.009978977 0.999619626
1548266677.703030 0.065698002 0.048985724 0.082173837 -0.022325082 0.011932872 0.007422366 0.999651992
1548266677.736550 0.079904300 0.053411337 0.087961459 -0.026982421 0.012110394 0.008356889 0.999527613
1548266677.770120 0.081166492 0.056077441 0.094664745 -0.025275751 0.017911964 0.004220740 0.999511122
1548266677.803640 0.070554032 0.068032764 0.102410859 -0.027405439 0.023373263 0.001859385 0.999349376
1548266677.837150 0.074723438 0.085779545 0.104583345 -0.026314037 0.022960515 0.002505848 0.999386866
1548266677.870630 0.097853017 0.084646660 0.109169898 -0.025809972 0.032816286 -0.001367095 0.999127153
1548266677.904150 0.097890050 0.100385295 0.112636794 -0.027384993 0.042390748 -0.003389137 0.998719981
1548266677.937650 0.108698975 0.111318849 0.108150077 -0.025629471 0.043463149 -0.004233549 0.998717258
1548266677.971160 0.124380618 0.125465219 0.113256286 -0.022525318 0.047538084 -0.003310597 0.998609924
1548266678.004690 0.129162308 0.132246621 0.114950519 -0.024939271 0.054863020 -0.006832079 0.998159008
1548266678.038210 0.134893965 0.140553333 0.116666309 -0.027580351 0.053503624 -0.010087540 0.998135726
1548266678.071710 0.129291400 0.148102966 0.122946845 -0.031241739 0.059916946 -0.021421919 0.997484343
1548266678.105200 0.133714849 0.147987083 0.125058347 -0.033153978 0.060681520 -0.023712440 0.997324565
1548266678.138710 0.156331334 0.154791460 0.124848993 -0.034771816 0.059501448 -0.026393714 0.997273217
1548266678.172260 0.150789351 0.157637095 0.127463659 -0.039002472 0.074596265 -0.028012222 0.996056986
1548266678.205750 0.159459347 0.158466998 0.127679896 -0.048719409 0.081501315 -0.024568393 0.995178551
1548266678.239260 0.183228399 0.162813138 0.122782963 -0.048586111 0.085567213 -0.022241577 0.994898464
1548266678.272770 0.185172433 0.165009781 0.122535424 -0.050141561 0.094958722 -0.015546768 0.994096053
1548266678.306290 0.193138974 0.171468285 0.130164782 -0.051371648 0.099493626 -0.010538689 0.993655327
1548266678.339800 0.191295326 0.166335742 0.123314551 -0.049116393 0.103918787 -0.010548427 0.993316262
1548266678.373320 0.199672771 0.171266011 0.118719972 -0.042751110 0.104858486 -0.003649956 0.993561130
1548266678.406840 0.213565394 0.172421420 0.115971267 -0.041242197 0.108853688 0.003997432 0.993193826
1548266678.440350 0.204348170 0.173309738 0.111759599 -0.040615616 0.121031378 0.008502854 0.991780963
1548266678.473860 0.219491419 0.184012502 0.110810079 -0.042038733 0.127967435 0.010469597 0.990831705
1548266678.507020 0.228232045 0.185768498 0.109815378 -0.038121192 0.136047985 0.008666434 0.989930610
1548266678.540530 0.238051663 0.180630603 0.098173374 -0.038886418 0.147034193 0.009161536 0.988324268
1548266678.574050 0.241380141 0.182025943 0.092509320 -0.037834461 0.151603808 0.018895861 0.987536220
1548266678.607570 0.246405168 0.178691863 0.079084849 -0.036850357 0.162673908 0.021774979 0.985751034
1548266678.641080 0.277415821 0.172375335 0.057085217 -0.037155479 0.170388251 0.024703707 0.984366315
1548266678.674560 0.272683266 0.170597713 0.055568604 -0.034782653 0.182685127 0.030269503 0.982089644
1548266678.708080 0.276609987 0.165424999 0.042826762 -0.031960751 0.194618786 0.031047209 0.979866373
1548266678.741630 0.281783078 0.165824659 0.038239009 -0.030917290 0.204601764 0.033335115 0.977788837
1548266678.775150 0.275586282 0.165182837 0.024499802 -0.025834414 0.214058699 0.033749419 0.975895708
1548266678.808660 0.277510152 0.175492694 0.013470564 -0.013498543 0.219479899 0.036350930 0.974846128
1548266678.842210 0.284193451 0.165145891 -0.011344365 -0.013331900 0.231145644 0.039660884 0.972019015
1548266678.875720 0.288364701 0.163506446 -0.022182097 -0.011038178 0.235555352 0.040875847 0.970938206
1548266678.909240 0.297471646 0.163331355 -0.038316079 -0.007855566 0.245742999 0.042318490 0.968378962
1548266678.943040 0.304749099 0.160598752 -0.053208760 -0.007923255 0.253764690 0.045790373 0.966149029
1548266678.976630 0.299244348 0.163984633 -0.053979236 -0.003296935 0.257898402 0.048574754 0.964944578
1548266679.010360 0.318608066 0.161184384 -0.069155543 -0.001066911 0.262121932 0.057343637 0.963328948
1548266679.043870 0.321731898 0.161870126 -0.080985348 0.002481222 0.273271024 0.064082192 0.959796991
1548266679.077390 0.318417668 0.143342343 -0.091900728 0.000275122 0.280191567 0.067388469 0.957575796
1548266679.110900 0.332110278 0.148193375 -0.112035029 -0.000486634 0.281873254 0.070803044 0.956835493
1548266679.144420 0.349532941 0.145946977 -0.121836932 0.005006505 0.284188856 0.074406396 0.955863650
1548266679.178310 0.355302593 0.139506061 -0.137844186 0.005726734 0.288435751 0.082091832 0.953956473
1548266679.211880 0.357178891 0.144370538 -0.148383944 0.015062994 0.287764807 0.089917267 0.953351670
1548266679.245400 0.368852823 0.146465477 -0.158205624 0.021914784 0.296977315 0.092722214 0.950119365
1548266679.278910 0.350548018 0.136287797 -0.154645753 0.025019367 0.303539315 0.096724101 0.947566548
1548266679.312430 0.363988357 0.129279918 -0.170405871 0.023587095 0.311964640 0.099607471 0.944563425
1548266679.345950 0.376835275 0.111047581 -0.189665346 0.019769058 0.317812357 0.111351917 0.941384746
1548266679.379460 0.386931516 0.107727985 -0.204889047 0.022365975 0.318091449 0.121819073 0.939934948
1548266679.412980 0.393890153 0.099252255 -0.213318831 0.023069938 0.319439355 0.127194937 0.938747956
1548266679.446490 0.405449008 0.101382310 -0.218148154 0.024549148 0.321956001 0.129522970 0.937531585
1548266679.480010 0.408728421 0.095174343 -0.233348651 0.025713636 0.324690587 0.132568788 0.936130519
1548266679.513470 0.414225407 0.096693600 -0.242165793 0.029827760 0.332970875 0.133626859 0.932944030
1548266679.546810 0.415094372 0.093724568 -0.242255401 0.034549333 0.334035196 0.136525588 0.931980469
1548266679.580320 0.414479586 0.086954138 -0.250901726 0.044499897 0.337977102 0.140150127 0.929596245
1548266679.613840 0.421705971 0.085208578 -0.258302087 0.050762792 0.346837612 0.142424343 0.925657667
1548266679.647280 0.433452654 0.076773112 -0.280255525 0.046562917 0.352796319 0.145540629 0.923138439
1548266679.680800 0.436117016 0.073490210 -0.297544463 0.050626971 0.357081897 0.143052030 0.921664552
1548266679.714310 0.444610657 0.074812068 -0.307123183 0.047259468 0.363234131 0.142113487 0.919582114
1548266679.747830 0.435962547 0.069621393 -0.300917861 0.045520725 0.373879410 0.142497762 0.915334058
1548266679.781350 0.441291521 0.061136329 -0.306990292 0.047437104 0.375199964 0.145433975 0.914233924
1548266679.814860 0.443169981 0.066419992 -0.323906483 0.047492215 0.375219788 0.143498019 0.914528796
1548266679.848450 0.464117121 0.066318004 -0.342264623 0.048752531 0.375611090 0.147056570 0.913736212
1548266679.881900 0.460188423 0.064352493 -0.351125695 0.049700494 0.383341764 0.146486395 0.910560645
1548266679.915410 0.461489539 0.062351503 -0.356663738 0.050523585 0.385754988 0.144910636 0.909747968
1548266679.948930 0.472744844 0.064988829 -0.365836833 0.050491230 0.384505513 0.150068666 0.909442435
1548266679.982520 0.480919607 0.067860776 -0.379577854 0.048968199 0.390920153 0.152368288 0.906403583
1548266680.016030 0.479064547 0.058975091 -0.381162476 0.043885185 0.394015729 0.150653904 0.905609793
1548266680.049470 0.482090625 0.073637667 -0.384629170 0.039723086 0.404283358 0.146586973 0.901936418
1548266680.082990 0.482202693 0.065685017 -0.377038557 0.032633935 0.412716712 0.143224016 0.898936496
1548266680.116510 0.482754111 0.062856321 -0.386090498 0.034129972 0.411939935 0.143198728 0.899241213
1548266680.149910 0.509424228 0.063093930 -0.406643884 0.036519044 0.412134771 0.144926370 0.898781195
1548266680.183430 0.514727607 0.072563024 -0.412727346 0.039710114 0.415210327 0.145525062 0.897132068
1548266680.216910 0.519593955 0.075446563 -0.422928067 0.037925297 0.425129593 0.142057374 0.893110410
1548266680.250380 0.508421802 0.076863547 -0.410481252 0.040916173 0.429189711 0.141995394 0.891043976
1548266680.283900 0.510561676 0.082117190 -0.415390110 0.041744226 0.435371540 0.144478516 0.887600699
1548266680.317310 0.514476477 0.092277394 -0.421695251 0.040903347 0.434027957 0.139952560 0.889021895
1548266680.350720 0.525174164 0.118474042 -0.444946923 0.045423026 0.432811330 0.132195801 0.890581479
1548266680.384130 0.522199287 0.117993216 -0.443385307 0.039831593 0.437760283 0.129620524 0.888807009
1548266680.417640 0.517337587 0.120720871 -0.447253753 0.035002473 0.441114696 0.126948936 0.887736797
1548266680.451150 0.519451124 0.150579917 -0.454904456 0.040016984 0.445985532 0.119302346 0.886150380
1548266680.484670 0.524815563 0.150201004 -0.457213866 0.037263913 0.449656369 0.114781852 0.885011682
1548266680.518190 0.532667707 0.141990676 -0.451392589 0.030329030 0.452461450 0.115647118 0.883733292
1548266680.551700 0.527277552 0.159387032 -0.459000795 0.033264627 0.446567996 0.116437590 0.886517217
1548266680.585230 0.535322997 0.158709570 -0.465453580 0.029433653 0.448431739 0.115407286 0.885846371
1548266680.618740 0.535699392 0.159907064 -0.464386665 0.024130285 0.453876157 0.114042205 0.883407346
1548266680.652250 0.527958006 0.160849956 -0.452470280 0.019791890 0.451588675 0.115303269 0.884523095
1548266680.685740 0.534291289 0.159318069 -0.457056015 0.016644925 0.454119247 0.116002870 0.883199858
1548266680.719250 0.542872432 0.165670550 -0.463467156 0.019695171 0.451569992 0.120869827 0.883791337
1548266680.752770 0.555082419 0.171976644 -0.472337955 0.020774025 0.454583520 0.118492762 0.882542763
1548266680.786310 0.572504912 0.165872318 -0.481065799 0.017069725 0.455190047 0.113651674 0.882946172
1548266680.819840 0.574676472 0.161759806 -0.485575766 0.016380701 0.459593157 0.116323252 0.880326476
1548266680.853390 0.585179016 0.185742017 -0.503511281 0.012746859 0.455909398 0.110914277 0.882996128
1548266680.886910 0.593215689 0.187189391 -0.512262274 0.005079682 0.458772810 0.108518825 0.881887391
1548266680.920560 0.593925152 0.191422282 -0.509825952 0.002328828 0.460315687 0.109847434 0.880929955
1548266680.954070 0.590371238 0.194981428 -0.506930866 -0.000451357 0.459910047 0.108825853 0.881271512
1548266680.987590 0.595456631 0.188211380 -0.518632416 -0.011836485 0.466009804 0.103575937 0.878616404
1548266681.021110 0.605618776 0.206211661 -0.524250397 -0.014562814 0.466596647 0.103378970 0.878287129
1548266681.054490 0.608626415 0.225817931 -0.542943184 -0.013191726 0.470076290 0.102948911 0.876502014
1548266681.088140 0.614102343 0.230384895 -0.550384546 -0.015994247 0.475509822 0.106353415 0.873111416
1548266681.121650 0.609413634 0.235978521 -0.558191291 -0.016816485 0.475105697 0.108827550 0.873011081
1548266681.155220 0.600671757 0.227352124 -0.565798570 -0.017358130 0.477680376 0.107278714 0.871786345
1548266681.188740 0.601458732 0.237369505 -0.570928745 -0.017750601 0.484131561 0.108478483 0.868063343
1548266681.222250 0.598722347 0.249185744 -0.565702316 -0.020764876 0.484499100 0.107576460 0.867903651
1548266681.255770 0.598160397 0.245193063 -0.586125634 -0.027949777 0.477339038 0.113129434 0.870958084
1548266681.289300 0.624733835 0.281420468 -0.621172518 -0.026928251 0.476269783 0.120471956 0.870590875
1548266681.322800 0.619437440 0.285292802 -0.636425098 -0.026752468 0.477522019 0.125730914 0.869165556
1548266681.356320 0.615216295 0.288855689 -0.643035364 -0.028087650 0.482661937 0.132593517 0.865255741
1548266681.389850 0.610927286 0.280280108 -0.625659732 -0.029337536 0.486564431 0.138062720 0.862167645
1548266681.423360 0.618989869 0.295744892 -0.657639251 -0.025645882 0.480553161 0.141035310 0.865170497
1548266681.456900 0.618678060 0.301514057 -0.667161044 -0.027536855 0.482193929 0.144052613 0.863701095
1548266681.490410 0.617102333 0.303233881 -0.673268050 -0.026176710 0.478077244 0.150827907 0.864874483
1548266681.523940 0.600562156 0.300344394 -0.665231885 -0.024002346 0.484748639 0.151899999 0.861027894
1548266681.557450 0.597075151 0.295854305 -0.670493545 -0.021526652 0.481295212 0.153530939 0.862739690
1548266681.590870 0.597001843 0.301671960 -0.685638079 -0.022448324 0.477391450 0.152320782 0.865096443
1548266681.624360 0.602908250 0.307553508 -0.702436811 -0.019836541 0.475603168 0.155294619 0.865616381
1548266681.657880 0.618625363 0.318135228 -0.736494191 -0.020442870 0.468052233 0.156511160 0.869490341
1548266681.691520 0.625988774 0.314495468 -0.759283922 -0.022903771 0.467583541 0.162391544 0.868602346
1548266681.725250 0.622415788 0.316694552 -0.764018812 -0.022996598 0.467539912 0.166190177 0.867904610
1548266681.758770 0.618567845 0.325558159 -0.769241639 -0.021612324 0.474305241 0.165044931 0.864481126
1548266681.791910 0.612258429 0.328768586 -0.777129161 -0.021099526 0.477351872 0.161583857 0.863470125
1548266681.825060 0.604216625 0.324140308 -0.775354916 -0.019521255 0.485317729 0.159901984 0.859370106
1548266681.858520 0.589862078 0.325538701 -0.768871231 -0.019549954 0.495601270 0.161290512 0.853218935
1548266681.892010 0.607768542 0.324363083 -0.788487946 -0.014993249 0.495440585 0.166849055 0.852335158
1548266681.925550 0.601819908 0.323960405 -0.800538716 -0.013964334 0.500707902 0.164030146 0.849818042
1548266681.959070 0.592546998 0.326380338 -0.818672183 -0.010934796 0.507356241 0.161157261 0.846462292
1548266681.992640 0.566946049 0.312395260 -0.811053636 -0.008807959 0.513807752 0.163958938 0.842046009
1548266682.026160 0.559831176 0.293095336 -0.815412192 -0.006463853 0.511016864 0.167959531 0.842976618
1548266682.059680 0.543677379 0.301275665 -0.830908777 -0.002497711 0.505214366 0.167141866 0.846649752
1548266682.093240 0.528424809 0.305880362 -0.846970433 0.010846251 0.503158467 0.163704123 0.848477976
1548266682.127010 0.516463996 0.319486780 -0.865585543 0.013754553 0.499341453 0.160182603 0.851358009
1548266682.160270 0.501660092 0.322822490 -0.885462412 0.014994513 0.502797726 0.156269194 0.850029147
1548266682.193740 0.487512472 0.309648170 -0.907540567 0.011672285 0.506334016 0.153149585 0.848548659
1548266682.227260 0.508651522 0.337924215 -0.928006502 0.012973704 0.514415131 0.154221817 0.843459772
1548266682.260770 0.498828295 0.333163480 -0.935870778 0.016010368 0.519239710 0.153278900 0.840618445
1548266682.294330 0.488351587 0.334334331 -0.945761749 0.012059257 0.524076076 0.147687828 0.838681791
1548266682.327890 0.450769490 0.303625425 -0.926134963 0.002959859 0.538814200 0.142085847 0.830350594
1548266682.361430 0.456662930 0.319473482 -0.951765276 0.008072605 0.538432391 0.138061795 0.831242644
1548266682.395000 0.446100175 0.317135738 -0.953229983 0.009822786 0.545850742 0.139492862 0.826130875
1548266682.428460 0.439362790 0.302443934 -0.959924394 0.009937153 0.546215884 0.142955196 0.825295870
1548266682.461980 0.425034286 0.323239728 -0.967878018 0.010722542 0.547507542 0.136808507 0.825471957
1548266682.495490 0.421715865 0.362288744 -1.002383211 0.016517893 0.559285158 0.123124737 0.819614281
1548266682.529010 0.450695717 0.315268701 -1.029885204 0.015358197 0.569331988 0.136829053 0.810495542
1548266682.562500 0.402327942 0.258508381 -1.022616965 0.013869651 0.579459794 0.148807787 0.801180518
1548266682.596000 0.386481303 0.256124336 -1.036357321 0.010395673 0.574248542 0.143323774 0.805970743
1548266682.629480 0.361035567 0.251685952 -1.039749638 0.012350385 0.574422446 0.142772168 0.805917136
1548266682.663000 0.367492360 0.237685478 -1.053986245 0.012774626 0.566431624 0.145140756 0.811126492
1548266682.696520 0.353828185 0.222113775 -1.057664069 0.013632346 0.557201733 0.143936844 0.817693447
1548266682.730060 0.340201947 0.222674463 -1.059772805 0.022056013 0.544823058 0.138677564 0.826710288
1548266682.763580 0.336508610 0.211700928 -1.061604686 0.020579064 0.542082506 0.139847241 0.828351259
1548266682.797090 0.328129169 0.205111352 -1.081084072 0.028214945 0.532726657 0.143737392 0.833514120
1548266682.830610 0.328013289 0.196535344 -1.082876271 0.029989408 0.522853235 0.144227200 0.839597311
1548266682.864120 0.328573889 0.158789722 -1.108375418 0.032039963 0.511166743 0.151817033 0.845360036
1548266682.897610 0.307505140 0.182043405 -1.089009515 0.037804201 0.505997111 0.142947658 0.849766870
1548266682.931100 0.302249826 0.185692794 -1.088131078 0.036220484 0.504982503 0.143482081 0.850349129
1548266682.964450 0.319311989 0.165793849 -1.151175965 0.037677598 0.490362238 0.155615411 0.856684959
1548266682.997960 0.319328523 0.187071571 -1.139237295 0.038570105 0.481560909 0.152901321 0.862109404
1548266683.031320 0.319122599 0.188242363 -1.156948629 0.032760265 0.476652789 0.159716461 0.863839994
1548266683.064810 0.322879790 0.193994923 -1.169408346 0.035284794 0.461025520 0.156544306 0.872756743
1548266683.098320 0.293247752 0.136903036 -1.108587477 0.028921783 0.470261569 0.163626270 0.866743348
1548266683.131850 0.305193635 0.131345935 -1.115680515 0.027277860 0.462391164 0.164185001 0.870915389
1548266683.165380 0.296592922 0.140280552 -1.110732621 0.025033749 0.458635984 0.162465717 0.873287602
1548266683.199200 0.302975573 0.123137005 -1.112175452 0.018504636 0.454528583 0.164962962 0.875127743
1548266683.232720 0.307759606 0.134976571 -1.121640847 0.012892890 0.455570269 0.157679745 0.876028881
1548266683.266230 0.261418349 0.108436223 -1.124415749 0.010070218 0.470766695 0.156552951 0.868198412
1548266683.299750 0.304447300 0.092406820 -1.136991387 -0.000478809 0.470836536 0.166205346 0.866422824
1548266683.333260 0.320011135 0.078389961 -1.135773688 -0.003432114 0.467155176 0.168956655 0.867875516
1548266683.366690 0.304736262 0.079173830 -1.137936656 -0.007564609 0.467325957 0.175243209 0.866509691
1548266683.400210 0.299357807 0.071919012 -1.143832016 -0.009634671 0.461214185 0.176084416 0.869587791
1548266683.433810 0.289388034 0.083735038 -1.124295597 -0.004317525 0.466387333 0.166175995 0.868820898
1548266683.467330 0.322979619 0.063403853 -1.135548262 -0.007441295 0.459774482 0.164907306 0.872558097
1548266683.500870 0.314181842 0.072115335 -1.143343007 -0.004200852 0.462029167 0.161067656 0.872105849
1548266683.534400 0.316573513 0.056339446 -1.147987518 0.000476538 0.459499514 0.164651517 0.872782818
1548266683.567910 0.311867058 0.048444360 -1.151892902 0.001023856 0.456463638 0.164331537 0.874434128
1548266683.601430 0.297683155 0.067561698 -1.149981694 0.005204062 0.453409593 0.156734760 0.877397785
1548266683.634940 0.305857587 0.055350299 -1.146860840 0.000178985 0.451776436 0.158058519 0.878017952
1548266683.668450 0.317185553 0.042017936 -1.155938017 0.000697634 0.449427153 0.154676309 0.879823838
1548266683.701970 0.297863183 0.049421865 -1.157719206 0.004097321 0.453745713 0.150918437 0.878249205
1548266683.735480 0.295137820 0.053347459 -1.157293182 0.002334651 0.452565996 0.151290037 0.878800258
1548266683.769000 0.314364020 0.034923414 -1.155128182 -0.008105071 0.446617672 0.155779845 0.881021908
1548266683.802480 0.314146012 0.025561154 -1.146105659 -0.005840612 0.446414830 0.156725410 0.880974933
1548266683.835990 0.302315171 0.045195508 -1.142351686 -0.009790029 0.449460054 0.158671309 0.879041086
1548266683.869510 0.319620591 0.019298232 -1.136457125 -0.010430942 0.446869477 0.160319102 0.880054914
1548266683.903020 0.323017674 0.009936478 -1.134977379 -0.014787123 0.439040686 0.161808700 0.883652964
1548266683.936510 0.311339684 0.024465650 -1.135101779 -0.012697763 0.444151560 0.161067165 0.881263597
1548266683.970030 0.332960904 -0.001638651 -1.130481895 -0.016525091 0.446024715 0.172446058 0.878095230
1548266684.003540 0.342652366 -0.017202503 -1.141291048 -0.011788614 0.436130264 0.174812231 0.882661943
1548266684.036890 0.343334615 -0.007869290 -1.140553341 -0.008380725 0.435268612 0.171901731 0.883697230
1548266684.070360 0.294157645 -0.044456934 -1.117493920 -0.011485085 0.433275053 0.173114319 0.884405028
1548266684.103810 0.307154030 -0.035198736 -1.125380590 -0.006766260 0.416875604 0.176842542 0.891569215
1548266684.137320 0.318060820 -0.037208282 -1.130962572 0.003176815 0.408598076 0.174564846 0.895859718
1548266684.170830 0.312818269 -0.030957611 -1.125468855 0.012997668 0.397646054 0.170365928 0.901489948
1548266684.204290 0.320194429 -0.040182648 -1.128511596 0.017339751 0.391941583 0.167939014 0.904365864
1548266684.237810 0.308689551 -0.113440893 -1.159453634 0.015176195 0.381088850 0.177170443 0.907277028
1548266684.271330 0.300304142 -0.122862608 -1.164881446 0.032347491 0.356772557 0.166301661 0.918700571
1548266684.304840 0.314925813 -0.148433112 -1.148431636 0.041197622 0.343110290 0.163997265 0.923949664
1548266684.338390 0.256681548 -0.137718076 -1.196545855 0.065860493 0.327827183 0.166335047 0.927644536
1548266684.371900 0.272164427 -0.165431776 -1.178919737 0.079796536 0.292697911 0.151704892 0.940715723
1548266684.405390 0.293932097 -0.172041747 -1.161727639 0.090382000 0.281535918 0.142978115 0.944524155
1548266684.438910 0.281896041 -0.179387020 -1.169971352 0.097936879 0.269724867 0.142304900 0.947315248
1548266684.472420 0.272896902 -0.182012634 -1.181125623 0.108264773 0.254160153 0.137678678 0.951170824
1548266684.505970 0.272667742 -0.192667057 -1.178494738 0.110311618 0.243450522 0.131798139 0.954564006
1548266684.539480 0.256932011 -0.187191666 -1.185842716 0.120208095 0.232400800 0.131970501 0.956098148
1548266684.572990 0.253977355 -0.186454098 -1.188494736 0.130804538 0.221519683 0.125755935 0.958125591
1548266684.606510 0.267085491 -0.184242497 -1.198869639 0.142258122 0.219682430 0.120390826 0.957605506
1548266684.640030 0.294135877 -0.187590815 -1.188934920 0.147215569 0.209349218 0.120057052 0.959211544
1548266684.673580 0.305458987 -0.151771734 -1.192402066 0.159927679 0.194664379 0.114905476 0.960898355
1548266684.707100 0.324400175 -0.171695316 -1.195804193 0.166828527 0.180102115 0.114631370 0.962596031
1548266684.740620 0.312463792 -0.158642801 -1.213591808 0.180607667 0.167339250 0.110731590 0.962869130
1548266684.774160 0.258570947 -0.213901197 -1.206062927 0.178603604 0.176058653 0.118055907 0.960815751
1548266684.807700 0.286398309 -0.213853127 -1.193303455 0.180306174 0.172223823 0.119934150 0.960960165
1548266684.841580 0.286108931 -0.213543827 -1.194512272 0.183979978 0.160035239 0.118356102 0.962565283
1548266684.875100 0.273729508 -0.257815043 -1.211523294 0.185104540 0.157895831 0.125936059 0.961740778
1548266684.908630 0.262124917 -0.325235852 -1.210883318 0.177418803 0.158631048 0.134328550 0.961932742
1548266684.942160 0.321009781 -0.459707212 -1.224714795 0.162600368 0.141297290 0.146945715 0.965403104
1548266684.975690 0.285125149 -0.399816427 -1.207598093 0.177723827 0.132842206 0.134157519 0.965799643
1548266685.009210 0.362939833 -0.545822578 -1.199133123 0.162226421 0.120167770 0.141774956 0.969093472
1548266685.042740 0.305861209 -0.304336213 -1.193519655 0.191336977 0.111795341 0.114306837 0.968414121
1548266685.076260 0.291137187 -0.325286650 -1.182241579 0.194009663 0.107025046 0.112015409 0.968689031
1548266685.109780 0.304038827 -0.329365669 -1.179973155 0.189906406 0.093402205 0.108777763 0.971276986
1548266685.143300 0.291921554 -0.339898166 -1.175201087 0.191544656 0.084418444 0.102123903 0.972499295
1548266685.176870 0.289110406 -0.357278935 -1.164268736 0.191596030 0.082486293 0.104027320 0.972453232
1548266685.210330 0.276999695 -0.367342802 -1.159101472 0.190053001 0.082031146 0.098995631 0.973319379
1548266685.243850 0.281129957 -0.335933497 -1.152687780 0.192210496 0.080933299 0.093562034 0.973525075
1548266685.277350 0.297307316 -0.364987036 -1.141476356 0.179931979 0.077086941 0.092419656 0.976289247
1548266685.310860 0.303888213 -0.371768371 -1.134207690 0.174956701 0.071214208 0.083683710 0.978425125
1548266685.344340 0.282985056 -0.357914099 -1.121698140 0.170404533 0.070397105 0.076430234 0.979880075
1548266685.377860 0.278869010 -0.340339957 -1.104277964 0.162015217 0.068524495 0.069045747 0.981981745
1548266685.411410 0.201793590 -0.137134568 -1.041579447 0.178412847 0.085369275 0.042737910 0.979313236
1548266685.445030 0.237325247 -0.182328257 -1.033825290 0.162149082 0.091267475 0.050023057 0.981262257
1548266685.478690 0.280874044 -0.257940257 -1.036427757 0.141885097 0.088466699 0.058839192 0.984164728
1548266685.512210 0.273413881 -0.235135336 -1.017868494 0.138418184 0.086932128 0.053410170 0.985104342
1548266685.545720 0.252930140 -0.195956846 -0.992232631 0.133573926 0.090088085 0.044299783 0.985941009
1548266685.578660 0.230058597 -0.214364405 -0.983943480 0.113827701 0.097036585 0.045497810 0.987702944
1548266685.612100 0.230316249 -0.181981408 -0.943142187 0.107921280 0.104787651 0.042412018 0.987711378
1548266685.645590 0.224130900 -0.218542516 -0.936413568 0.092154135 0.110554456 0.052481991 0.988195815
1548266685.679110 0.224689187 -0.235286915 -0.927618121 0.078101861 0.107880306 0.055543305 0.989533668
1548266685.712650 0.232530065 -0.219170306 -0.905049736 0.071571684 0.104177960 0.054210531 0.990497685
1548266685.746240 0.230509842 -0.218208746 -0.887814721 0.059963284 0.103448558 0.051878967 0.991469300
1548266685.780330 0.230797041 -0.202031776 -0.872941220 0.060762305 0.104986372 0.052395473 0.991231819
1548266685.813840 0.254278022 -0.176802788 -0.839814767 0.057725102 0.112369144 0.055828115 0.990416180
1548266685.847360 0.266047699 -0.171317045 -0.826503935 0.049861461 0.119500031 0.069205469 0.989163374
1548266685.880880 0.276499395 -0.185070101 -0.827237342 0.042171887 0.113775614 0.070053689 0.990135911
1548266685.913770 0.284538290 -0.148901964 -0.806687885 0.040834485 0.110482747 0.071985450 0.990426273
1548266685.947220 0.281109825 -0.117749886 -0.792180992 0.041207311 0.124236846 0.071398772 0.988822218
1548266685.980700 0.283641287 -0.118551085 -0.788533290 0.035404494 0.131596052 0.076802069 0.987689447
1548266686.014210 0.316850466 -0.130734215 -0.758381509 0.019904654 0.134132146 0.085158442 0.987096962
1548266686.047710 0.355086312 -0.098410658 -0.738374148 0.015013848 0.136327803 0.090385930 0.986417608
1548266686.081250 0.352402495 -0.098838985 -0.725521231 0.010006664 0.146215516 0.090692327 0.985035934
1548266686.114770 0.347125406 -0.095056402 -0.714924667 -0.003561164 0.160446357 0.087854531 0.983120474
1548266686.148300 0.370435787 -0.030094363 -0.707273200 -0.002403168 0.166763851 0.086598060 0.982183699
1548266686.181810 0.373003912 -0.029889097 -0.696728233 -0.014253791 0.177405041 0.092090946 0.979716050
1548266686.215320 0.352946191 -0.053798379 -0.684725151 -0.028862280 0.187067229 0.096822658 0.977137756
1548266686.248830 0.389045047 -0.017495640 -0.669790145 -0.026817050 0.185639825 0.097211091 0.977429642
1548266686.282350 0.397989484 -0.000192005 -0.655719567 -0.038294665 0.199856986 0.098883911 0.974070160
1548266686.315840 0.375747738 -0.012715338 -0.650634523 -0.048768541 0.209986405 0.104812000 0.970845911
1548266686.349360 0.392292114 0.004176721 -0.639784365 -0.054838658 0.206561032 0.103341969 0.971414278
1548266686.382900 0.401875503 0.018764049 -0.632929863 -0.059095844 0.212971946 0.108399118 0.969226631
1548266686.416410 0.406872572 0.021800944 -0.627004451 -0.063766229 0.220350954 0.108834954 0.967230209
1548266686.449930 0.403136286 0.032221537 -0.614993389 -0.071838021 0.223532411 0.105620908 0.966290217
1548266686.483440 0.421998127 0.039410678 -0.606115548 -0.084475571 0.227058805 0.106598607 0.964336515
1548266686.516960 0.418535983 0.061294614 -0.606387510 -0.088565500 0.242089217 0.104061501 0.960583243
1548266686.550480 0.432988682 0.053677868 -0.594075748 -0.099504535 0.249216629 0.108642794 0.957176401
1548266686.584000 0.439568408 0.062574941 -0.584260616 -0.106308575 0.253025274 0.114067414 0.954811669
1548266686.617530 0.463642070 0.051089870 -0.585157593 -0.117917800 0.242345571 0.123228588 0.955080485
1548266686.651030 0.466410676 0.081831862 -0.565176172 -0.126676384 0.241015650 0.127047995 0.953794190
1548266686.684540 0.456407998 0.108452150 -0.567929678 -0.125113007 0.241700562 0.124358699 0.954181580
1548266686.718060 0.451862244 0.123070439 -0.557341475 -0.133311255 0.244998073 0.122888020 0.952419334
1548266686.751470 0.468148237 0.136768450 -0.552030567 -0.140745796 0.246718846 0.125090546 0.950617056
1548266686.784990 0.460129480 0.152651149 -0.539455964 -0.140771930 0.247527728 0.126674082 0.950193119
1548266686.818580 0.467592321 0.184728005 -0.536535520 -0.140998460 0.247739217 0.123948245 0.950463859
1548266686.851980 0.459055989 0.192708614 -0.527657759 -0.147999122 0.257388322 0.126926175 0.946433969
1548266686.885490 0.457378477 0.216846729 -0.517961581 -0.155580089 0.257552189 0.127678997 0.945071309
1548266686.919130 0.453743835 0.226438404 -0.507727495 -0.162497563 0.260179145 0.127947149 0.943149448
1548266686.952670 0.470376741 0.254365787 -0.507207320 -0.165689098 0.256913802 0.131434762 0.943009716
1548266686.986190 0.470876719 0.237655833 -0.491867994 -0.174365343 0.252760079 0.136964727 0.941780087
1548266687.019700 0.499169025 0.265196158 -0.504221613 -0.180447873 0.238640203 0.138094904 0.944149997
1548266687.053220 0.504316240 0.270885835 -0.491281519 -0.188380744 0.234640094 0.137151967 0.943740462
1548266687.086710 0.476067406 0.285667327 -0.466497101 -0.197971671 0.232753007 0.133488817 0.942769320
1548266687.120230 0.502773795 0.290131350 -0.458377158 -0.208739547 0.232543462 0.137698802 0.939888493
1548266687.153770 0.477823506 0.304083563 -0.441326883 -0.209075631 0.233078340 0.138338708 0.939587287
1548266687.187640 0.471348356 0.314712267 -0.436716211 -0.214091516 0.228041968 0.135525286 0.940103494
1548266687.221190 0.484814703 0.326404332 -0.440873798 -0.213257035 0.218652160 0.138236514 0.942127028
1548266687.254710 0.469363065 0.332623420 -0.422411788 -0.216710841 0.213809386 0.139851328 0.942212059
1548266687.288260 0.433502329 0.315243340 -0.390639729 -0.228486475 0.206917259 0.134665046 0.941724219
1548266687.321950 0.474863701 0.304207377 -0.394049998 -0.231118893 0.180634081 0.142167456 0.945380241
1548266687.355520 0.467775082 0.306761861 -0.395464120 -0.226705047 0.172514207 0.139909952 0.948297883
1548266687.389030 0.421892549 0.302961926 -0.371455489 -0.228192215 0.169102314 0.132284785 0.949649123
1548266687.422490 0.439788390 0.294935587 -0.393945530 -0.227289331 0.143972287 0.129585281 0.954368480
1548266687.456010 0.459948743 0.299054210 -0.405881256 -0.222798586 0.128467883 0.129851870 0.957598708
1548266687.489530 0.441578646 0.300778030 -0.410080933 -0.218141727 0.131486763 0.122699265 0.959202955
1548266687.523040 0.420558144 0.299198238 -0.409013807 -0.212033358 0.127617233 0.117165980 0.961783671
1548266687.556610 0.434526466 0.312237436 -0.414512970 -0.215536005 0.122026982 0.115637019 0.961915654
1548266687.590360 0.414275193 0.318920677 -0.412096146 -0.217101314 0.122571083 0.105212011 0.962690907
1548266687.623870 0.402887726 0.318027764 -0.412492976 -0.221868703 0.116283155 0.101013035 0.962833772
1548266687.657390 0.418799249 0.330685154 -0.412288855 -0.222834430 0.108196258 0.097422430 0.963922848
1548266687.690570 0.417389536 0.338457462 -0.411192063 -0.226180033 0.097939186 0.095988104 0.964384152
1548266687.724090 0.406790175 0.342460278 -0.405767524 -0.235345402 0.097704911 0.093530426 0.962454337
1548266687.757600 0.412079433 0.344171900 -0.404248150 -0.237588869 0.091743384 0.087956143 0.963015264
1548266687.791120 0.402786229 0.345905732 -0.403984066 -0.245144664 0.095104648 0.085993439 0.960970514
1548266687.824430 0.392686564 0.349180563 -0.404709268 -0.245578273 0.098608811 0.084714647 0.960620134
1548266687.857920 0.383755760 0.350265560 -0.393296482 -0.255143879 0.099333289 0.079015708 0.958535871
1548266687.891430 0.391422554 0.352741619 -0.390875417 -0.256576862 0.098639559 0.082825444 0.957903177
1548266687.924980 0.382513614 0.358086063 -0.389948160 -0.264936590 0.098182515 0.082813814 0.955672888
1548266687.958460 0.382329694 0.359010703 -0.382284461 -0.270175373 0.094116334 0.079483760 0.954897751
1548266687.992010 0.386190995 0.366959960 -0.378780049 -0.272777985 0.088715879 0.078384208 0.954765720
1548266688.025530 0.391304071 0.374200198 -0.377731644 -0.277834242 0.091535209 0.078176344 0.953057133
1548266688.059010 0.380862221 0.375142402 -0.374083637 -0.277298799 0.091419124 0.079833907 0.953086810
1548266688.092480 0.377868489 0.372699301 -0.369914781 -0.281956541 0.093141565 0.083709763 0.951219130
1548266688.125990 0.391913988 0.382561636 -0.367088181 -0.281840899 0.091661161 0.077036805 0.951960750
1548266688.159500 0.391975464 0.388199744 -0.362189494 -0.283658230 0.098332247 0.076775202 0.950775655
1548266688.193020 0.366537958 0.380607608 -0.357349536 -0.284753939 0.105623150 0.075806015 0.949743330
1548266688.226500 0.370555606 0.383996032 -0.355942119 -0.278575758 0.096705385 0.078584336 0.952296234
1548266688.260010 0.379338325 0.387700451 -0.356435718 -0.278689572 0.100213267 0.082141553 0.951599805
1548266688.293550 0.356680374 0.384472904 -0.347040600 -0.271984152 0.101359647 0.080576301 0.953550367
1548266688.327040 0.383630359 0.386152816 -0.359895147 -0.269647557 0.092362179 0.080110461 0.955165817
1548266688.360580 0.387020387 0.384915512 -0.363746551 -0.262639147 0.087111062 0.083168792 0.957348052
1548266688.394080 0.383916252 0.391725314 -0.368867058 -0.256944534 0.086597657 0.084020696 0.958864367
1548266688.427590 0.401715955 0.398608376 -0.373773934 -0.257764982 0.091410488 0.082471159 0.958331803
1548266688.461130 0.389801969 0.393883839 -0.370022624 -0.259698173 0.100837507 0.081224540 0.956969817
1548266688.494650 0.361792730 0.387737955 -0.370518801 -0.258472005 0.107203021 0.080589069 0.956663544
1548266688.528180 0.348846029 0.392713100 -0.376414824 -0.251940621 0.100532815 0.081037790 0.959089127
1548266688.561700 0.379070032 0.411196108 -0.388275367 -0.245379162 0.088888333 0.084211552 0.961663322
1548266688.595210 0.382119734 0.414986743 -0.396800372 -0.243404703 0.084760765 0.084890588 0.962477715
1548266688.628730 0.391852535 0.415602737 -0.398583226 -0.240000164 0.079412761 0.088752755 0.963439922
1548266688.662230 0.364272639 0.411152333 -0.390999032 -0.235524136 0.086949159 0.083901500 0.964328141
1548266688.695740 0.360218677 0.423551982 -0.393594687 -0.237439638 0.081376421 0.079917756 0.964683082
1548266688.729270 0.369020648 0.439105151 -0.391955898 -0.244402225 0.082163340 0.078133869 0.963022241
1548266688.762790 0.364860413 0.439482300 -0.386754566 -0.243925720 0.082555039 0.074778809 0.963375855
1548266688.796310 0.357215822 0.438090935 -0.382041029 -0.248030757 0.081191603 0.078528488 0.962144451
1548266688.829830 0.358558259 0.445286300 -0.379878102 -0.247889656 0.075174438 0.080357703 0.962518655
1548266688.863340 0.325333146 0.434560507 -0.371786929 -0.252023493 0.080224598 0.081286770 0.960958185
1548266688.896860 0.335090929 0.436018048 -0.363181119 -0.255604328 0.066353166 0.084781339 0.960768343
1548266688.930370 0.372515745 0.451394373 -0.373491879 -0.243536069 0.046675402 0.084366799 0.965087474
1548266688.963890 0.377807970 0.450108976 -0.363476178 -0.245570557 0.047394048 0.089132431 0.964108042
1548266688.997400 0.365705912 0.457283417 -0.369095374 -0.246683263 0.043691120 0.085250729 0.964349919
1548266689.030920 0.368277952 0.454293296 -0.368636832 -0.247655319 0.043993468 0.088132059 0.963827867
1548266689.064390 0.364457768 0.443353500 -0.362432601 -0.252087446 0.045319782 0.090356255 0.962410403
1548266689.097910 0.359629242 0.436367128 -0.362507823 -0.250811500 0.045280216 0.092244523 0.962566487
1548266689.131420 0.378738241 0.431554745 -0.355929160 -0.254186938 0.036079989 0.097828515 0.961517975
1548266689.164870 0.361465084 0.443946021 -0.366197350 -0.250805426 0.038393121 0.093084848 0.962786486
1548266689.198390 0.365581640 0.437901803 -0.365660044 -0.249372913 0.037433678 0.096671474 0.962842924
1548266689.231410 0.366366917 0.434594491 -0.362324304 -0.253486588 0.031284328 0.096754553 0.961979416
1548266689.264620 0.360704131 0.437907693 -0.363411010 -0.255551150 0.027447350 0.094479557 0.961776412
1548266689.298140 0.352594024 0.439702895 -0.356483044 -0.254504549 0.027010010 0.085575786 0.962899101
1548266689.331650 0.347988236 0.436936952 -0.355271400 -0.256128591 0.029199850 0.080953991 0.962804219
1548266689.365360 0.328036070 0.440585007 -0.353935950 -0.254949269 0.028477646 0.074549585 0.963655671
1548266689.398920 0.330460796 0.433226082 -0.345773222 -0.257744258 0.020655441 0.066458723 0.963703527
1548266689.432400 0.322779959 0.438745245 -0.347996457 -0.260807498 0.025010363 0.059335477 0.963241004
1548266689.465720 0.313129873 0.432117183 -0.342989313 -0.262566380 0.028310505 0.052693297 0.963058060
1548266689.499220 0.308177448 0.422797186 -0.335550678 -0.260852267 0.027954090 0.051946109 0.963574733
1548266689.532700 0.306557128 0.426218468 -0.332420032 -0.260065363 0.019251468 0.052122744 0.963990979
1548266689.566220 0.303968428 0.423735652 -0.326624793 -0.256079457 0.017361173 0.046857563 0.965363284
1548266689.599730 0.290509247 0.416080631 -0.321239659 -0.259904477 0.021622266 0.042458869 0.964458078
1548266689.633280 0.285148206 0.412263590 -0.317730728 -0.256904569 0.021825414 0.041315582 0.965306540
1548266689.666810 0.283170211 0.410168356 -0.319002922 -0.255820184 0.018529526 0.040274226 0.965707345
1548266689.700480 0.284975504 0.414562079 -0.314068044 -0.259886201 0.014469864 0.042930753 0.964575936
1548266689.734030 0.278296499 0.401620675 -0.307897606 -0.252228641 0.010559193 0.041574561 0.966716490
1548266689.767560 0.278336108 0.399788220 -0.304449869 -0.249356779 0.006541466 0.036883293 0.967686948
1548266689.801110 0.272941409 0.393842355 -0.294215783 -0.247750853 0.003829046 0.033050465 0.968252302
1548266689.834680 0.273536381 0.393434517 -0.292881722 -0.248842061 -0.005731743 0.029466955 0.968078754
1548266689.868190 0.271226282 0.383666440 -0.290937541 -0.249942756 -0.002617733 0.022546479 0.967994537
1548266689.901710 0.260713830 0.380998022 -0.293941728 -0.243798428 -0.002783822 0.020279321 0.969609883
1548266689.935360 0.257069123 0.376750194 -0.292442839 -0.238586895 -0.011193925 0.015977001 0.970925190
1548266689.968960 0.251231849 0.369964574 -0.294680431 -0.233453021 -0.015540176 0.014554955 0.972134941
1548266690.002570 0.250979538 0.362254637 -0.302650280 -0.233429871 -0.016313973 0.005925439 0.972218720
1548266690.036180 0.245358842 0.358177924 -0.301221440 -0.230869335 -0.012821865 -0.001737220 0.972898727
1548266690.069690 0.222494544 0.345301799 -0.298589747 -0.229171424 -0.015083268 -0.004409223 0.973259221
1548266690.103280 0.238029249 0.341808339 -0.308553715 -0.219141626 -0.022611941 -0.009310370 0.975386572
1548266690.136800 0.234590305 0.343163917 -0.320047908 -0.218816696 -0.025980194 -0.014864567 0.975306786
1548266690.170310 0.217319439 0.334506047 -0.321117811 -0.217267696 -0.017417351 -0.012523900 0.975876291
1548266690.203830 0.215738641 0.322476654 -0.317561477 -0.209114197 -0.025193814 -0.015793699 0.977439043
1548266690.237270 0.219668275 0.326249165 -0.324329067 -0.206468308 -0.029021592 -0.015954359 0.977892654
1548266690.270760 0.207183096 0.315874193 -0.325600282 -0.204893354 -0.027286542 -0.013955359 0.978304352
1548266690.304270 0.201058219 0.309779459 -0.334852482 -0.203178079 -0.035550776 -0.014011240 0.978395879
1548266690.337820 0.201230982 0.300217982 -0.330837872 -0.198269228 -0.039565906 -0.013566695 0.979254715
1548266690.371340 0.205172701 0.296613283 -0.336196011 -0.192494148 -0.045225750 -0.017641587 0.980096632
1548266690.404880 0.195923434 0.292141305 -0.341649827 -0.193910995 -0.048088774 -0.018126136 0.979672108
1548266690.438340 0.191369433 0.296550285 -0.349898122 -0.193126039 -0.053031065 -0.015574006 0.979615991
1548266690.504670 0.203007178 0.284746963 -0.356244638 -0.192672958 -0.057804181 -0.018768908 0.979379158
1548266690.538180 0.201507221 0.277774556 -0.357902554 -0.190782972 -0.058097272 -0.015240788 0.979792980
1548266690.571700 0.194563138 0.269424964 -0.361907796 -0.190792883 -0.058859059 -0.015875410 0.979735504
1548266690.605210 0.193574542 0.266340345 -0.374048310 -0.189693301 -0.061995356 -0.014503747 0.979776846
1548266690.638730 0.202359115 0.267357708 -0.377354311 -0.190431855 -0.065932040 -0.012456232 0.979404675
1548266690.672280 0.184698970 0.265393951 -0.381240190 -0.187084821 -0.057543080 -0.013144989 0.980568852
1548266690.705860 0.177968513 0.243500803 -0.377366746 -0.185415025 -0.062920595 -0.019237318 0.980455095
1548266690.739380 0.193088209 0.244126353 -0.388348241 -0.180745618 -0.068792858 -0.022506843 0.980862889
1548266690.772910 0.205820030 0.236781166 -0.389159527 -0.177157170 -0.067379668 -0.024846360 0.981558952
1548266690.806510 0.182682583 0.221158338 -0.402611680 -0.172876616 -0.063021512 -0.026535652 0.982566956
1548266690.839940 0.194365094 0.207642315 -0.406028071 -0.166052189 -0.062167672 -0.024975932 0.983838429
1548266690.873440 0.188777829 0.207215756 -0.414495528 -0.163585058 -0.061765407 -0.025277089 0.984269288
1548266690.906960 0.169677061 0.203681750 -0.422673003 -0.157816605 -0.057329855 -0.023836376 0.985514604
1548266690.940480 0.180101942 0.203045386 -0.435267722 -0.152001292 -0.056895978 -0.024433629 0.986438773
1548266690.974010 0.195694378 0.199079418 -0.431794508 -0.146168908 -0.057333421 -0.023032224 0.987328236
1548266691.007520 0.185665122 0.183566212 -0.435337315 -0.141353623 -0.051844169 -0.026498965 0.988245486
1548266691.041060 0.184149798 0.182165800 -0.440676993 -0.134708283 -0.051007030 -0.025885879 0.989232977
1548266691.074580 0.180557743 0.158369583 -0.446729897 -0.128830944 -0.055236323 -0.023882827 0.989838950
1548266691.108090 0.180233120 0.156035284 -0.456269641 -0.124649113 -0.051707420 -0.027511416 0.990470627
1548266691.141610 0.178327900 0.143325257 -0.469028618 -0.116133597 -0.054957548 -0.023189556 0.991440820
1548266691.175140 0.186135053 0.143470791 -0.471815347 -0.105983390 -0.063618278 -0.020750356 0.992113733
1548266691.208660 0.200390011 0.143407561 -0.473733551 -0.102784368 -0.064623511 -0.021263047 0.992374455
1548266691.242270 0.192207479 0.141531135 -0.484442879 -0.095815544 -0.055959554 -0.022069935 0.993579804
1548266691.275780 0.201853914 0.142064168 -0.491724174 -0.091429216 -0.059402782 -0.020010265 0.993836806
1548266691.309300 0.195656591 0.136146807 -0.489800776 -0.087032094 -0.055375852 -0.021522261 0.994432362
1548266691.342820 0.194486149 0.136045192 -0.501746100 -0.082175004 -0.056688907 -0.022104856 0.994758771
1548266691.376390 0.191833937 0.130825698 -0.505365349 -0.079271632 -0.052292191 -0.018835297 0.995302349
1548266691.409910 0.198900797 0.126232829 -0.507238916 -0.075341813 -0.053661884 -0.021260976 0.995485803
1548266691.443430 0.189517360 0.128973468 -0.514408511 -0.074362559 -0.050460236 -0.023719837 0.995671303
1548266691.476880 0.199336471 0.127161747 -0.508151042 -0.076155990 -0.051597011 -0.022514333 0.995505459
1548266691.510410 0.202503526 0.131742071 -0.512492952 -0.081220017 -0.055767345 -0.024614055 0.994830368
1548266691.543910 0.205284091 0.133375969 -0.516927311 -0.081246851 -0.063688960 -0.022273111 0.994407650
1548266691.577430 0.205018720 0.133876871 -0.520356396 -0.081382593 -0.065490089 -0.025280460 0.994207634
1548266691.610940 0.207597772 0.137807063 -0.523840478 -0.085444948 -0.068403511 -0.020762467 0.993775146
1548266691.644460 0.200883918 0.132951124 -0.530776349 -0.087761916 -0.068245928 -0.022729775 0.993540989
1548266691.677970 0.208518490 0.136438614 -0.534292609 -0.093356643 -0.065552369 -0.023732363 0.993188904
1548266691.711420 0.207617877 0.139685895 -0.530841651 -0.092462847 -0.066231020 -0.017703628 0.993353238
1548266691.744940 0.204962898 0.143112641 -0.534452032 -0.094733477 -0.066320442 -0.011133294 0.993228683
1548266691.778440 0.208151768 0.138995692 -0.527734025 -0.090691818 -0.062915167 -0.007907868 0.993858210
1548266691.811940 0.205913282 0.142234968 -0.523621846 -0.089307507 -0.066433911 -0.003769386 0.993778897
1548266691.845450 0.209743570 0.139210386 -0.532800419 -0.088996186 -0.065507400 0.002160170 0.993873127
1548266691.878970 0.218046807 0.139656027 -0.527227258 -0.086120731 -0.068470887 0.001307282 0.993928191
1548266691.912480 0.210108991 0.138270189 -0.524014500 -0.089225169 -0.070035243 0.002762787 0.993542299
1548266691.946000 0.215281976 0.141405941 -0.520326572 -0.089891210 -0.072762969 0.006115477 0.993271223
1548266691.979520 0.216162098 0.139407043 -0.514958950 -0.087594683 -0.072058269 0.006561798 0.993524897
1548266692.013040 0.215315603 0.141290382 -0.511485076 -0.084707891 -0.068874519 0.009546892 0.993976725
1548266692.046560 0.221311173 0.144843561 -0.509654671 -0.087888543 -0.060697450 0.007602824 0.994250281
1548266692.080100 0.218878058 0.146189652 -0.513564635 -0.093117913 -0.058227205 0.006301113 0.993931055
1548266692.113610 0.219071215 0.144133804 -0.513427952 -0.091855427 -0.055730351 0.007971389 0.994179644
1548266692.147130 0.224503580 0.150015149 -0.512816342 -0.091956457 -0.053253794 0.007476992 0.994309880
1548266692.180610 0.218495539 0.148791594 -0.518623153 -0.092030233 -0.054904111 0.008423634 0.994205722
1548266692.214110 0.217401125 0.153072122 -0.510441225 -0.092360680 -0.054408134 0.005484561 0.994222902
1548266692.247590 0.221685761 0.156067397 -0.516619842 -0.091413705 -0.056949162 0.002340449 0.994180492
1548266692.281140 0.226383695 0.155998297 -0.526488183 -0.095163098 -0.057652638 0.001198447 0.993790079
1548266692.314710 0.222333759 0.152278254 -0.533777809 -0.097060108 -0.053176422 0.001647889 0.993855567
1548266692.348270 0.229243471 0.148645047 -0.538709358 -0.100212502 -0.058003787 -0.001794057 0.993272267
1548266692.381810 0.238917115 0.148435639 -0.541301869 -0.100774337 -0.056073962 -0.002641784 0.993324350
1548266692.415490 0.228671623 0.141297627 -0.545650126 -0.099072117 -0.051761630 0.003553428 0.993726734
1548266692.449310 0.232117483 0.137259900 -0.546875445 -0.096536153 -0.054899103 0.005856823 0.993797040
