1548265919.500970 0.0000000 0.0000000 0.0000000 0.0000000 0.0000000 0.0000000 1.0000000
1548265919.634760 -0.0446246 0.0319429 -0.0041806 0.0056785 0.0098275 0.0160683 0.9998065
1548265919.668010 -0.0044929 0.0206409 -0.0081498 0.0050915 -0.0033857 0.0159345 0.9998543
1548265919.768080 0.0152279 0.0265609 -0.0280739 0.0113625 0.0030642 0.0339438 0.9993545
1548265919.867510 0.0263456 0.0430693 -0.0420584 0.0179520 0.0152473 0.0494186 0.9985004
1548265919.901030 0.0155516 0.0544820 -0.0394030 0.0202556 0.0221505 0.0554367 0.9980109
1548265920.302970 0.0294652 0.0375541 -0.0667630 0.0287151 0.0505040 0.0882587 0.9944019
1548265920.437250 0.0209528 0.0270618 -0.0739110 0.0374762 0.0663467 0.1024174 0.9918187
1548265920.671930 -0.0020334 0.0026701 -0.0874061 0.0453631 0.0834601 0.1098268 0.9894012
1548265920.872980 -0.0078476 -0.0124654 -0.0954497 0.0452524 0.0997767 0.1144015 0.9873748
1548265921.073780 0.0343773 -0.0117461 -0.1043507 0.0440472 0.1122399 0.1171500 0.9857677
1548265921.241350 -0.0051282 -0.0080566 -0.0893873 0.0391618 0.1405249 0.1245059 0.9814364
1548265921.341900 -0.0961156 -0.0475985 -0.0438592 0.0251181 0.1693585 0.1273035 0.9769752
1548265921.375410 -0.1343965 -0.0652315 -0.0299270 0.0198533 0.1805293 0.1278247 0.9750261
1548265921.442440 -0.2056675 -0.0883437 0.0208327 0.0138134 0.2065415 0.1334695 0.9691933
1548265921.475950 -0.2408962 -0.1004555 0.0438406 0.0115704 0.2185509 0.1355101 0.9663015
1548265921.542770 -0.3000446 -0.1191703 0.0899399 0.0081161 0.2420684 0.1403131 0.9600257
1548265921.676930 -0.2911894 -0.1079042 0.0921599 0.0107313 0.2588285 0.1513463 0.9539323
1548265921.810960 -0.1694731 -0.0416158 0.0072235 0.0209295 0.2540493 0.1568960 0.9541512
1548265921.944940 -0.2778777 -0.1096000 0.0796687 0.0158251 0.3009916 0.1665411 0.9388385
1548265922.011870 -0.3247768 -0.1549716 0.1247826 0.0095016 0.3206803 0.1736018 0.9310941
1548265922.078920 -0.3674927 -0.2019497 0.1813304 0.0010754 0.3409549 0.1810226 0.9224855
1548265922.145940 -0.4152737 -0.2418553 0.2416897 -0.0078451 0.3638187 0.1875506 0.9123591
1548265922.212960 -0.4587986 -0.2773208 0.3052620 -0.0163153 0.3852907 0.1933790 0.9021583
1548265922.279990 -0.4929664 -0.3141153 0.3908338 -0.0253462 0.4091779 0.1981608 0.8903164
1548265922.347040 -0.5335083 -0.3342140 0.4579784 -0.0306312 0.4282620 0.2010971 0.8804620
1548265922.414080 -0.5695056 -0.3601449 0.5202216 -0.0374345 0.4446292 0.2028210 0.8716463
1548265922.514620 -0.6126522 -0.3957734 0.6116385 -0.0449199 0.4690061 0.2056960 0.8577323
1548265922.581640 -0.6400812 -0.4203516 0.6685677 -0.0482897 0.4838563 0.2079462 0.8487105
1548265922.648690 -0.6708006 -0.4488773 0.7353442 -0.0524196 0.5055678 0.2112116 0.8348910
1548265922.715730 -0.6893982 -0.4720080 0.8039793 -0.0535199 0.5278305 0.2170321 0.8194069
1548265922.782740 -0.7157670 -0.5033907 0.8490005 -0.0568430 0.5389352 0.2166221 0.8120299
1548265922.883160 -0.6963858 -0.4858265 0.8067170 -0.0500027 0.5446147 0.2239696 0.8066797
1548265923.118180 -0.6798565 -0.5037491 0.7734818 -0.0524886 0.5629284 0.2332202 0.7911795
1548265923.319330 -0.7113916 -0.5981116 1.0117429 -0.0616215 0.6106901 0.2486235 0.7492975
1548265923.554030 -0.6806031 -0.6239395 0.9667779 -0.0521471 0.6347320 0.2654556 0.7238296
1548265923.788240 -0.6617929 -0.6273133 0.9477977 -0.0431437 0.6676463 0.2729659 0.6912863
1548265923.989380 -0.6542833 -0.5909355 0.9651347 -0.0344208 0.6946769 0.2722903 0.6649039
1548265924.257630 -0.6132077 -0.5802672 0.9551148 -0.0387164 0.7191874 0.2800363 0.6347048
1548265924.391690 -0.5405962 -0.6607124 1.1290660 -0.0525250 0.7490229 0.2899174 0.5934255
1548265924.458730 -0.4952112 -0.6888286 1.2148751 -0.0586316 0.7603681 0.2961675 0.5750543
1548265924.525760 -0.4495946 -0.6930174 1.3033408 -0.0623232 0.7742277 0.2996682 0.5539731
1548265924.592790 -0.3883798 -0.6935445 1.3859644 -0.0685293 0.7894492 0.2999173 0.5311528
1548265924.659760 -0.3111290 -0.6964813 1.4551749 -0.0775319 0.8046208 0.2989250 0.5071667
1548265924.760300 -0.1821025 -0.7021881 1.5345969 -0.0866975 0.8260933 0.2991759 0.4696245
1548265924.860830 -0.0915026 -0.7037036 1.5868152 -0.0875107 0.8443066 0.2990561 0.4359515
1548265924.960940 -0.0042845 -0.7114885 1.6421245 -0.0908286 0.8633073 0.2986686 0.3965447
1548265925.028070 0.0526749 -0.7160640 1.6772476 -0.0941713 0.8748193 0.3010941 0.3676484
1548265925.095100 0.1210171 -0.7143871 1.7122900 -0.0990624 0.8853441 0.3040618 0.3374890
1548265925.162130 0.1912409 -0.7176276 1.7271820 -0.1055006 0.8931119 0.3091453 0.3092733
1548265925.229170 0.2625791 -0.7086577 1.7463822 -0.1106324 0.9009781 0.3115396 0.2809661
1548265925.296200 0.3313484 -0.6894457 1.7655180 -0.1161127 0.9084527 0.3121584 0.2525640
1548265925.396750 0.2925145 -0.6877612 1.7315768 -0.1155508 0.9101236 0.3176543 0.2396224
1548265925.497610 0.4340255 -0.6686687 1.7689292 -0.1272692 0.9171511 0.3206503 0.1995489
1548265925.564640 0.5180444 -0.6567485 1.7866460 -0.1336019 0.9223160 0.3196682 0.1711608
1548265925.665250 0.2678576 -0.6575851 1.7372156 -0.1173889 0.9251249 0.3115500 0.1824839
1548265925.765890 0.4234951 -0.6473836 1.7656231 -0.1268943 0.9336428 0.3078732 0.1319964
1548265925.866610 0.5728577 -0.6308163 1.7801481 -0.1361161 0.9373485 0.3086665 0.0870351
1548265925.933640 0.6546795 -0.6106953 1.7835342 -0.1436074 0.9375353 0.3104004 0.0636865
1548265926.033840 0.6393313 -0.5976038 1.7774212 -0.1470988 0.9368191 0.3127671 0.0539322
1548265926.167720 0.6525669 -0.5762417 1.7716860 -0.1556378 0.9366190 0.3116511 0.0373521
1548265926.368950 0.3990128 -0.5737863 1.8066725 -0.1461766 0.9407460 0.3003328 0.0585620
1548265926.503100 0.5737447 -0.5462924 1.7885714 -0.1637500 0.9385511 0.3032153 0.0191896
1548265926.570410 0.6543254 -0.5360497 1.7738761 -0.1727360 0.9367152 0.3045032 0.0021327
1548265926.637610 0.7212736 -0.5248795 1.7459475 -0.1780739 0.9349919 0.3061957 -0.0180000
1548265926.738360 0.6764274 -0.5202036 1.7483611 -0.1737942 0.9363233 0.3038557 -0.0276774
1548265926.872190 0.6744587 -0.4986694 1.7248222 -0.1712559 0.9348639 0.3071503 -0.0485759
1548265927.039710 0.6648738 -0.4569259 1.7060721 -0.1697442 0.9319789 0.3143204 -0.0616837
1548265927.274150 0.6842332 -0.4299703 1.6470040 -0.1789926 0.9257675 0.3246961 -0.0740846
1548265927.374700 0.6927254 -0.4407685 1.6073261 -0.1792427 0.9257069 0.3220128 -0.0851274
1548265927.542280 0.6825212 -0.4271702 1.5780774 -0.1705596 0.9309201 0.3049592 -0.1062876
1548265927.843860 0.6596246 -0.4345511 1.4750679 -0.1521400 0.9290500 0.3030345 -0.1479513
1548265928.011420 0.6566598 -0.4264324 1.4185616 -0.1467748 0.9270727 0.3006230 -0.1691719
1548265928.212270 0.6563457 -0.4214227 1.3469768 -0.1452253 0.9224274 0.3055979 -0.1861377
1548265928.413320 0.6523475 -0.4370059 1.2753006 -0.1441817 0.9216763 0.3004443 -0.1986393
1548265928.614420 0.6400078 -0.4562741 1.2103751 -0.1423521 0.9196451 0.2887945 -0.2249142
1548265928.815660 0.6060955 -0.4601099 1.1696327 -0.1298736 0.9115540 0.2829612 -0.2685796
1548265929.016860 0.5998853 -0.4337470 1.1170471 -0.1157236 0.9020602 0.2844173 -0.3033189
1548265929.318760 0.6465685 -0.3759916 1.0322908 -0.1183031 0.9073517 0.2902495 -0.2801296
1548265929.787710 0.6421325 -0.3045239 0.8493403 -0.1296913 0.9012061 0.3073294 -0.2766879
1548265930.324040 0.5784850 -0.2042548 0.6260976 -0.1397749 0.9018733 0.3410043 -0.2253966
1548265930.893660 0.5689738 -0.1124652 0.5139464 -0.1358928 0.9016655 0.3856074 -0.1408524
1548265931.362790 0.6313498 -0.0464018 0.5019789 -0.1552868 0.8925967 0.4210223 -0.0435593
1548265931.630880 0.6848040 -0.0161637 0.4914553 -0.1686777 0.8799573 0.4437748 0.0169427
1548265932.267440 0.7610286 -0.0718772 0.5084818 -0.1549589 0.8780249 0.4429722 0.0939981
1548265932.870660 0.8448315 -0.1515382 0.5902557 -0.1759982 0.8737503 0.4249136 0.1582200
1548265933.272850 0.8969671 -0.1955317 0.6611508 -0.1816451 0.8645355 0.4130003 0.2213917
1548265933.909870 0.9439577 -0.2791927 0.7214085 -0.1662092 0.8397561 0.4052497 0.3208688
1548265934.312360 0.9396641 -0.3242329 0.7937919 -0.1522575 0.8236284 0.3794863 0.3929936
1548265934.681050 0.9489440 -0.3769628 0.8826414 -0.1567046 0.8102202 0.3516451 0.4419644
1548265934.748080 0.9709721 -0.3801274 0.8699621 -0.1538962 0.8058440 0.3567059 0.4468693
1548265935.083190 0.9788497 -0.3686634 0.9307804 -0.1546892 0.7724686 0.3544398 0.5037220
1548265935.217360 0.9415731 -0.3513260 0.9895075 -0.1589663 0.7697607 0.3369959 0.5182973
1548265935.987990 0.9637793 -0.3189690 1.0830107 -0.1697075 0.7439361 0.3248233 0.5587918
1548265936.189080 0.9457128 -0.3037013 1.1347874 -0.1789095 0.7249897 0.2998552 0.5936903
1548265936.356640 0.9286733 -0.3016585 1.1828958 -0.1821726 0.7135115 0.2846270 0.6137605
1548265936.423700 0.9356993 -0.3030323 1.1796298 -0.1804978 0.7048903 0.2852190 0.6238592
1548265936.557800 0.9168382 -0.2899981 1.2254834 -0.1812163 0.6927837 0.2781606 0.6401860
1548265936.658340 0.9015104 -0.2925785 1.2518101 -0.1885028 0.6793913 0.2780896 0.6523499
1548265936.826030 0.9216042 -0.2626385 1.2999883 -0.2057977 0.6520545 0.2825237 0.6727946
1548265937.094200 0.9394770 -0.2437976 1.3185568 -0.2111281 0.6280342 0.2884755 0.6912162
1548265937.295240 0.9438801 -0.2457821 1.3312742 -0.2087771 0.6291144 0.2867594 0.6916619
