1341846313.592026 0.0000000 0.0000000 0.0000000 0.0000000 0.0000000 0.0000000 1.0000000
1341846313.822075 0.0478162 0.0070017 0.0006151 0.0014826 -0.0081324 0.0047996 0.9999543
1341846313.853928 0.0523671 0.0046603 0.0030299 0.0005759 -0.0058488 0.0037321 0.9999757
1341846313.957927 0.0971369 0.0108998 -0.0023369 -0.0030099 -0.0033984 0.0061753 0.9999706
1341846314.225969 0.1332541 0.0291580 0.0201292 -0.0129663 0.0259628 0.0191297 0.9993957
1341846314.526085 0.1932547 0.0231108 0.0185181 -0.0131502 0.0478154 0.0037886 0.9987624
1341846315.061965 0.2965465 0.0241386 0.0194153 -0.0092907 0.0887850 0.0269888 0.9956418
1341846315.361981 0.3476883 0.0227344 0.0373956 -0.0158040 0.0742835 0.0308877 0.9966334
1341846316.638009 0.2092333 -0.0052734 0.0079002 0.0099271 0.0856316 0.0272369 0.9959050
1341846316.805932 0.1705623 -0.0063167 0.0136817 0.0187469 0.0843202 0.0308368 0.9957850
1341846317.137887 0.0887502 -0.0181615 0.0119070 0.0255700 0.0601159 0.0365515 0.9971942
1341846317.306289 0.0627178 -0.0171585 0.0148883 0.0302249 0.0408676 0.0481988 0.9975436
1341846317.509927 0.0183730 -0.0130846 0.0247522 0.0444022 0.0410895 0.0632750 0.9961608
1341846317.777923 -0.0535316 -0.0145906 0.0247197 0.0498495 0.0345555 0.0651482 0.9960304
1341846317.909910 -0.0819393 -0.0154990 0.0310760 0.0455503 0.0330882 0.0532850 0.9969910
1341846318.245970 -0.1749721 -0.0328057 0.0221021 0.0515302 0.0205065 0.0427716 0.9975443
1341846318.514144 -0.2415070 -0.0295824 0.0404830 0.0663459 -0.0210248 0.0414644 0.9967130
1341846318.814121 -0.3336650 -0.0363249 0.0266247 0.0698971 -0.0289785 0.0366406 0.9964598
1341846318.918047 -0.3469902 -0.0312165 0.0487751 0.0770001 -0.0570781 0.0307562 0.9949207
1341846319.018123 -0.3961071 -0.0406615 0.0241865 0.0789659 -0.0725173 0.0257237 0.9939033
1341846319.081905 -0.3880842 -0.0446769 0.0244204 0.0860105 -0.0799599 0.0236033 0.9927998
1341846319.186069 -0.4143041 -0.0208883 0.0161768 0.0932934 -0.0845626 0.0356178 0.9914015
1341846319.218149 -0.4149355 -0.0104903 0.0114045 0.0906351 -0.0797733 0.0336801 0.9921125
1341846319.250034 -0.4293819 -0.0136306 0.0108877 0.0842844 -0.0729198 0.0327384 0.9932306
1341846319.286594 -0.4367549 -0.0264592 0.0123520 0.0813846 -0.0700388 0.0372656 0.9935202
1341846319.318034 -0.4400325 -0.0270664 0.0154355 0.0821185 -0.0695853 0.0403043 0.9933730
1341846319.350268 -0.4593264 -0.0295401 0.0120094 0.0826663 -0.0683922 0.0465256 0.9931386
1341846319.386163 -0.4672765 -0.0313666 0.0035278 0.0844945 -0.0727476 0.0545243 0.9922679
1341846319.418386 -0.4716426 -0.0301674 0.0062996 0.0854725 -0.0783781 0.0553940 0.9917070
1341846319.453961 -0.4753958 -0.0261122 0.0121290 0.0862106 -0.0805458 0.0521049 0.9916477
1341846319.486271 -0.4883560 -0.0251329 0.0011384 0.0854005 -0.0801541 0.0508088 0.9918168
1341846319.554083 -0.5038035 -0.0294674 0.0075476 0.0798860 -0.0863552 0.0501066 0.9917915
1341846319.586296 -0.5173001 -0.0315090 0.0054654 0.0802907 -0.0853962 0.0458213 0.9920490
1341846319.754063 -0.5600516 -0.0198286 -0.0081124 0.0781528 -0.1033936 0.0436809 0.9906028
1341846320.258015 -0.5234830 -0.0442894 0.0243625 0.0830749 -0.1201721 0.0554421 0.9877163
1341846320.321954 -0.5002208 -0.0525517 0.0316185 0.0971452 -0.1224573 0.0551941 0.9861646
1341846320.357890 -0.4890303 -0.0370563 0.0343660 0.1031965 -0.1224530 0.0561996 0.9854935
1341846320.390064 -0.4643389 -0.0414519 0.0051075 0.1041269 -0.1187795 0.0560357 0.9858544
1341846320.426544 -0.4429839 -0.0422323 0.0384015 0.1069925 -0.1131128 0.0531773 0.9863723
1341846320.458122 -0.4530562 -0.0287460 0.0544099 0.1091025 -0.1047451 0.0497469 0.9872438
1341846320.490186 -0.4378884 -0.0386938 0.0647892 0.1119001 -0.0982445 0.0508792 0.9875413
1341846320.525911 -0.4207975 -0.0432815 0.0222344 0.1150360 -0.0894498 0.0476737 0.9881765
1341846320.594093 -0.3951913 -0.0458753 0.0372265 0.1168578 -0.0816283 0.0404996 0.9889595
1341846320.631955 -0.3754850 -0.0402410 0.0353512 0.1200110 -0.0745414 0.0396341 0.9891765
1341846320.699927 -0.3514617 -0.0408668 0.0296840 0.1197564 -0.0688836 0.0369503 0.9897212
1341846320.731822 -0.3353935 -0.0381952 0.0294367 0.1218223 -0.0625426 0.0356008 0.9899396
1341846320.799999 -0.3254083 -0.0309819 0.0137017 0.1127961 -0.0623809 0.0312732 0.9911648
1341846320.831871 -0.2351221 -0.0497173 0.0118569 0.1126403 -0.0588349 0.0291383 0.9914644
1341846320.900014 -0.3053520 -0.0316309 0.0269558 0.1064233 -0.0473454 0.0330518 0.9926430
1341846320.967866 -0.2751995 -0.0142948 0.0294616 0.1081408 -0.0426214 0.0284731 0.9928133
1341846321.068047 -0.2469143 -0.0265977 0.0308260 0.0996623 -0.0383604 0.0223902 0.9940295
1341846321.099840 -0.2421481 -0.0267442 0.0247946 0.0972330 -0.0368408 0.0229270 0.9943153
1341846323.441956 0.0234460 -0.3847874 0.0919963 0.0883651 -0.0035312 0.0271590 0.9957116
1341846325.417931 0.0083351 -0.1146118 0.1270977 0.0681561 -0.0220378 0.0186455 0.9972569
1341846327.026301 -0.0370318 0.3433329 0.2288020 0.0724925 0.0366105 0.0712678 0.9941456
1341846327.294023 0.0216640 0.4085590 0.2479623 0.0681011 0.0546069 0.0567968 0.9945624
1341846327.461965 -0.0502122 0.5296345 0.2674846 0.0648536 0.0762466 0.0357596 0.9943348
1341846327.561895 -0.0573765 0.5226934 0.2812023 0.0510997 0.0740995 0.0430797 0.9950086
1341846327.766017 -0.0546180 0.6100022 0.2917361 0.0501924 0.0588764 0.0462942 0.9959273
1341846328.098045 -0.0522411 0.6645488 0.3039044 0.0019245 0.0608310 0.0434197 0.9972014
1341846328.502194 -0.0427842 0.4769276 0.2683294 0.0329930 0.0503818 0.0326246 0.9976516
1341846331.382003 0.0139417 -0.0933513 0.0926909 0.0238153 -0.0442318 0.0300154 0.9982862
1341846332.390180 -0.0042363 -0.0353882 0.3781253 0.0608586 0.0154636 0.0206325 0.9978133
1341846332.894069 0.0122040 0.0001251 0.5240029 0.0475985 0.0120116 0.0349834 0.9981815
1341846333.394119 0.0577029 0.0306943 0.6149831 0.0171676 0.0229306 0.0302730 0.9991311
1341846334.166115 0.0347200 0.0183733 0.5454703 0.0352115 0.0300860 0.0282660 0.9985269
1341846335.741982 -0.0706998 0.0153600 0.1161582 0.0457619 0.0050502 0.0136875 0.9988458
1341846335.910005 -0.0838309 0.0247559 0.0639929 0.0428767 0.0077570 0.0145385 0.9989445
1341846336.042129 -0.0951837 0.0254685 0.0222240 0.0405019 0.0039109 0.0123936 0.9990950
1341846336.183953 -0.1069671 0.0286694 -0.0175184 0.0407519 -0.0004818 0.0121107 0.9990958
1341846336.309977 -0.1168126 0.0211078 -0.0426983 0.0412835 -0.0031743 0.0164668 0.9990067
1341846336.377975 -0.1157388 0.0253161 -0.0634899 0.0441016 -0.0045322 0.0166876 0.9988774
1341846336.477990 -0.1222603 0.0321348 -0.0863015 0.0438753 -0.0042393 0.0162029 0.9988966
1341846336.510056 -0.1245429 0.0293396 -0.0924278 0.0439405 -0.0035172 0.0170997 0.9988816
1341846336.578003 -0.1302309 0.0361586 -0.1076902 0.0450347 -0.0035984 0.0203379 0.9987719
1341846336.614020 -0.1274271 0.0375429 -0.1118320 0.0444978 -0.0031533 0.0194279 0.9988156
1341846336.678036 -0.1364392 0.0382856 -0.1216367 0.0416668 -0.0035840 0.0196703 0.9989315
1341846336.746016 -0.1417843 0.0327281 -0.1307674 0.0468948 -0.0075977 0.0213636 0.9986424
1341846336.882056 -0.1533886 0.0402789 -0.1573980 0.0529836 -0.0169476 0.0253534 0.9981296
1341846336.981980 -0.1635589 0.0502734 -0.1811635 0.0650058 -0.0312128 0.0279173 0.9970058
1341846337.014238 -0.1662891 0.0487887 -0.1949948 0.0620665 -0.0334718 0.0254353 0.9971862
1341846337.046017 -0.1410561 0.0500365 -0.1883639 0.0595002 -0.0368058 0.0224835 0.9972961
1341846337.114317 -0.1606429 0.0491810 -0.1936643 0.0571897 -0.0381776 0.0180706 0.9974694
1341846337.382159 -0.1628163 0.0480904 -0.2079269 0.0466616 -0.0447057 0.0142176 0.9978086
1341846338.422377 -0.1291206 0.0698756 -0.0661402 0.0082762 -0.0187999 0.0217659 0.9995521
1341846338.958108 -0.0891865 0.0762265 0.0935014 -0.0031738 -0.0185228 0.0206364 0.9996104
1341846339.762241 -0.0148092 0.1006856 0.3232043 -0.0157133 -0.0015509 0.0170612 0.9997298
1341846340.601909 0.0502089 0.0930736 0.4602896 -0.0045325 0.0001839 0.0241013 0.9996992
1341846341.612466 0.0598002 0.0848550 0.3929410 0.0141781 -0.0116642 0.0163813 0.9996973
