1341846647.802247 0.0000000 0.0000000 0.0000000 -0.0000000 -0.0000000 -0.0000000 1.0000000
1341846647.866652 -0.0108209 0.0135456 0.0008423 0.0045539 0.0051541 0.0018855 0.9999745
1341846647.934224 -0.0155384 0.0214597 -0.0017099 0.0045174 0.0085524 0.0016720 0.9999518
1341846648.270152 0.0034621 0.0248825 -0.0149653 -0.0052579 -0.0208356 0.0001623 0.9997691
1341846648.370216 0.0084136 0.0198248 -0.0144371 -0.0173811 -0.0385059 -0.0065397 0.9990858
1341846648.706058 0.0688893 0.0114728 -0.0114521 -0.0322536 -0.1090214 -0.0088192 0.9934769
1341846648.738116 0.0818356 0.0068862 0.0046914 -0.0335835 -0.1209637 -0.0055950 0.9920729
1341846648.942154 0.1520350 -0.0149413 -0.0167923 -0.0375024 -0.1670071 0.0028883 0.9852380
1341846649.042101 0.1331772 -0.0017617 0.0165348 -0.0408972 -0.1879025 -0.0014349 0.9813348
1341846649.616167 0.2481445 -0.0161780 0.0820182 -0.0696214 -0.2303883 -0.0224435 0.9703455
1341846649.810257 0.2796858 -0.0356996 0.0750074 -0.0651453 -0.2589525 -0.0275514 0.9632968
1341846649.846059 0.2963605 -0.0169411 0.0654319 -0.0640999 -0.2690189 -0.0290490 0.9605604
1341846649.914184 0.3027599 -0.0309356 0.1077707 -0.0700827 -0.2823847 -0.0277794 0.9563345
1341846650.182236 0.3759945 -0.0212154 0.1644884 -0.0571724 -0.2999615 -0.0105005 0.9521787
1341846650.350453 0.3942095 -0.0325548 0.1570185 -0.0538320 -0.2944070 -0.0188300 0.9539770
1341846650.450353 0.3987380 -0.0377480 0.1676699 -0.0521185 -0.2857472 -0.0212391 0.9566510
1341846650.484849 0.4003291 -0.0356411 0.1617542 -0.0528514 -0.2825916 -0.0239444 0.9574839
1341846650.514091 0.3971422 -0.0445770 0.1844488 -0.0552163 -0.2782502 -0.0249401 0.9585959
1341846650.550746 0.3894008 -0.0467405 0.1876837 -0.0501634 -0.2712120 -0.0243924 0.9609020
1341846650.618092 0.3736094 -0.0404274 0.1600176 -0.0444055 -0.2565007 -0.0277632 0.9651242
1341846650.682114 0.3511528 -0.0409915 0.1585913 -0.0422864 -0.2413386 -0.0330303 0.9689565
1341846650.718110 0.3443625 -0.0457496 0.1508829 -0.0423984 -0.2355330 -0.0351020 0.9703064
1341846650.750112 0.3342725 -0.0425374 0.1545000 -0.0405770 -0.2281536 -0.0383923 0.9720213
1341846650.782116 0.3118233 -0.0512711 0.1611160 -0.0407794 -0.2174225 -0.0368482 0.9745290
1341846650.818115 0.2946977 -0.0506400 0.1463750 -0.0376510 -0.2112647 -0.0352424 0.9760674
1341846650.850139 0.2878612 -0.0400113 0.1280652 -0.0348030 -0.2060370 -0.0371805 0.9772180
1341846650.886238 0.2820205 -0.0328556 0.1411448 -0.0351572 -0.1949738 -0.0390614 0.9793995
1341846650.918288 0.2623663 -0.0435432 0.1379433 -0.0369626 -0.1836760 -0.0369303 0.9815972
1341846650.986247 0.2423881 -0.0353629 0.1387777 -0.0367496 -0.1661537 -0.0317042 0.9849047
1341846651.086169 0.2054926 -0.0332044 0.1107008 -0.0384054 -0.1388841 -0.0231510 0.9892929
1341846651.118423 0.1888817 -0.0517077 0.1041616 -0.0404794 -0.1274909 -0.0208609 0.9907938
1341846651.186391 0.1544208 -0.0408898 0.0754223 -0.0358128 -0.1114289 -0.0150009 0.9930136
1341846651.286406 0.1197727 -0.0414598 0.0699563 -0.0399937 -0.0943975 -0.0144838 0.9946254
1341846652.494100 -0.3507880 -0.0482138 -0.0530400 0.0307211 0.0814682 0.0037539 0.9961953
1341846652.594254 -0.3760740 -0.0571395 -0.0798030 0.0318478 0.1046311 -0.0005649 0.9940009
1341846652.626356 -0.3761540 -0.0573075 -0.0587574 0.0335118 0.1159490 -0.0002185 0.9926897
1341846652.662152 -0.3315933 -0.0476963 -0.1043536 0.0352561 0.1272177 -0.0034200 0.9912422
1341846652.694113 -0.3217319 -0.0520416 -0.1128342 0.0337186 0.1510492 -0.0057271 0.9879345
1341846652.726378 -0.3141757 -0.0574017 -0.1134963 0.0350291 0.1777511 -0.0064664 0.9834306
1341846652.762129 -0.3260080 -0.0460195 -0.0971039 0.0362524 0.2065122 -0.0097929 0.9777232
1341846652.794152 -0.3595873 -0.0593109 -0.0954988 0.0310757 0.2419484 -0.0107913 0.9697314
1341846652.830250 -0.3525497 -0.0536442 -0.0802621 0.0320916 0.2677709 -0.0104082 0.9628918
1341846652.862014 -0.3948281 -0.0472954 -0.0401617 0.0313690 0.2936988 -0.0095175 0.9553357
1341846652.894426 -0.3838108 -0.0538112 -0.0465861 0.0302698 0.3092029 -0.0057570 0.9504969
1341846652.962213 -0.4043237 -0.0467718 -0.0141971 0.0317856 0.3472217 -0.0036510 0.9372372
1341846653.030292 -0.3861192 -0.0586496 -0.0183981 0.0250585 0.3748720 -0.0015664 0.9267366
1341846653.062672 -0.4189703 -0.0699856 -0.0103861 0.0267635 0.3921227 0.0017405 0.9195219
1341846653.099024 -0.4031886 -0.0517267 -0.0185707 0.0276048 0.4051529 0.0008609 0.9138318
1341846653.130475 -0.3963552 -0.0518418 -0.0095093 0.0238028 0.4224741 -0.0000507 0.9060624
1341846653.162620 -0.4155064 -0.0615474 -0.0080401 0.0224886 0.4390466 0.0016052 0.8981814
1341846653.298380 -0.4548932 -0.0647061 0.0396458 0.0227214 0.4931850 0.0111001 0.8695569
1341846653.366319 -0.4796465 -0.0651766 0.0803996 0.0211162 0.5192194 0.0167691 0.8542155
1341846653.430060 -0.4867583 -0.0457790 0.1011482 0.0264131 0.5374642 0.0219727 0.8425864
1341846653.530205 -0.4782321 -0.0491012 0.1314682 0.0274550 0.5511548 0.0178750 0.8337596
1341846653.698738 -0.4841173 -0.0357405 0.0672367 0.0265989 0.5424858 0.0174281 0.8394629
1341846653.734313 -0.4874156 -0.0388174 0.0687794 0.0241027 0.5377380 0.0186476 0.8425611
1341846653.802358 -0.5063298 -0.0470060 0.0701074 0.0220204 0.5296611 0.0219768 0.8476386
1341846653.866214 -0.5233234 -0.0475224 0.0615281 0.0212392 0.5140707 0.0256938 0.8570998
1341846654.034140 -0.5091028 -0.0513802 0.0587575 0.0067848 0.4741436 0.0232252 0.8801150
1341846654.070172 -0.4964907 -0.0569756 0.0678813 0.0082968 0.4639022 0.0245758 0.8855066
1341846654.102438 -0.4911076 -0.0576132 0.0680934 0.0128105 0.4531248 0.0262998 0.8909670
1341846654.170244 -0.4934061 -0.0508472 0.0566402 0.0204168 0.4292320 0.0259067 0.9025918
1341846654.202087 -0.4874070 -0.0584213 0.0686406 0.0210380 0.4136869 0.0208693 0.9099368
1341846654.234434 -0.4919367 -0.0557318 0.0656663 0.0230593 0.4054353 0.0182022 0.9136515
1341846654.302117 -0.4905155 -0.0577501 0.0528593 0.0231399 0.3771170 0.0150622 0.9257540
1341846654.338026 -0.4725545 -0.0643541 0.0782635 0.0204237 0.3695188 0.0123847 0.9289162
1341846654.369979 -0.4854950 -0.0568152 0.0240481 0.0220093 0.3571002 0.0163029 0.9336644
1341846654.402172 -0.5023742 -0.0570643 0.0516270 0.0240679 0.3410134 0.0161483 0.9396116
1341846654.438133 -0.4412774 -0.0468353 0.0303405 0.0233722 0.3180625 0.0146425 0.9476685
1341846654.470186 -0.4533736 -0.0544021 0.0294544 0.0199646 0.3100519 0.0150604 0.9503907
1341846654.502267 -0.4805521 -0.0552593 0.0565473 0.0201488 0.2957406 0.0138849 0.9549549
1341846654.539064 -0.4109431 -0.0498077 0.0213162 0.0208352 0.2689608 0.0126684 0.9628424
1341846654.570053 -0.4000398 -0.0474838 0.0254181 0.0180954 0.2636662 0.0106609 0.9643853
1341846654.606030 -0.4066324 -0.0503747 0.0344966 0.0175389 0.2496915 0.0083673 0.9681304
1341846654.637980 -0.3781911 -0.0500485 0.0168794 0.0212804 0.2257582 0.0081507 0.9739168
1341846654.670155 -0.3633637 -0.0505599 0.0045512 0.0237468 0.2177459 0.0082613 0.9756816
1341846654.706022 -0.3702611 -0.0486483 0.0244432 0.0265503 0.2070512 0.0087060 0.9779310
1341846655.042239 -0.3100680 -0.0394105 -0.0525672 0.0316693 0.0628002 0.0173725 0.9973723
1341846655.142070 -0.2963881 -0.0215365 -0.0387649 0.0365953 0.0082925 0.0162294 0.9991640
1341846655.206124 -0.2319271 -0.0241089 -0.0566043 0.0316635 -0.0353096 0.0108173 0.9988161
1341846655.274211 -0.1888436 -0.0379617 -0.0690670 0.0348472 -0.0610839 0.0148763 0.9974132
1341846655.310175 -0.1823017 -0.0508580 -0.0706319 0.0388582 -0.0620856 0.0182660 0.9971468
1341846655.748050 -0.1337517 -0.0191851 -0.1158564 0.0410721 -0.1696989 0.0265728 0.9842811
1341846655.810222 -0.1033048 -0.0299588 -0.0882956 0.0361023 -0.1922832 0.0311610 0.9801800
1341846655.910355 -0.1030532 -0.0276010 -0.1235977 0.0285809 -0.2194689 0.0281146 0.9747955
1341846655.946240 -0.0967023 -0.0103998 -0.1067310 0.0289649 -0.2304644 0.0272971 0.9722664
1341846656.014188 -0.0822449 -0.0091376 -0.1000207 0.0233078 -0.2413772 0.0264893 0.9697897
1341846656.046211 -0.0805782 -0.0168293 -0.1061233 0.0206593 -0.2443188 0.0279001 0.9690734
1341846656.078165 -0.0794937 -0.0141739 -0.1093164 0.0205704 -0.2486146 0.0297445 0.9679272
1341846656.146158 -0.0774524 -0.0198925 -0.1268382 0.0161436 -0.2585046 0.0292997 0.9654307
1341846656.314258 -0.0664037 -0.0115539 -0.1199507 0.0153987 -0.2809745 0.0262296 0.9592331
1341846656.382222 -0.0577687 -0.0093150 -0.1135323 0.0108195 -0.2899056 0.0252511 0.9566609
1341846656.414253 -0.0591622 -0.0098269 -0.1108929 0.0120930 -0.3001692 0.0255097 0.9534681
1341846656.582247 -0.0328839 -0.0016638 -0.1279091 0.0004811 -0.3274295 0.0256676 0.9445268
1341846656.614195 -0.0301690 -0.0060957 -0.1285660 -0.0012917 -0.3301275 0.0251430 0.9436005
1341846656.682076 -0.0361382 -0.0051863 -0.1308442 -0.0019390 -0.3347414 0.0261875 0.9419441
1341846656.749974 -0.0289299 -0.0001974 -0.1380272 -0.0051379 -0.3408753 0.0254395 0.9397502
1341846656.782653 -0.0321818 -0.0127013 -0.1436890 -0.0066483 -0.3421837 0.0244781 0.9392906
1341846656.956112 -0.0163672 0.0084327 -0.1017157 -0.0116807 -0.3409109 0.0246144 0.9397008
1341846657.024108 -0.0174135 0.0033422 -0.1066849 -0.0135755 -0.3309607 0.0258258 0.9431934
1341846657.056121 -0.0103151 0.0044735 -0.1013419 -0.0144062 -0.3263659 0.0276161 0.9447302
1341846657.092006 -0.0191364 0.0004415 -0.0665410 -0.0115759 -0.3163781 0.0299979 0.9480880
1341846657.155973 -0.0119247 -0.0022079 -0.1050540 -0.0000794 -0.2938397 0.0320069 0.9553187
1341846657.192094 -0.0192099 0.0049380 -0.1088828 0.0030676 -0.2757410 0.0312924 0.9607176
1341846657.224195 -0.0153566 0.0028462 -0.0996490 0.0049277 -0.2668998 0.0297675 0.9632518
1341846657.292164 -0.0172740 -0.0006651 -0.0907885 0.0061513 -0.2467540 0.0258638 0.9687135
1341846657.354367 -0.0013597 0.0002856 -0.0960216 0.0053579 -0.2311464 0.0229684 0.9726331
1341846657.386193 0.0019693 -0.0042998 -0.0882256 0.0044782 -0.2209139 0.0229788 0.9750123
1341846657.418105 0.0047974 -0.0073313 -0.0813474 0.0071204 -0.2105702 0.0227592 0.9772878
1341846657.454277 0.0111346 -0.0063709 -0.0883379 0.0083335 -0.2005068 0.0207809 0.9794365
1341846657.486117 0.0282630 -0.0073169 -0.0778312 0.0092170 -0.1901641 0.0214207 0.9814754
1341846657.522092 0.0324167 -0.0129074 -0.0660723 0.0117656 -0.1766407 0.0193289 0.9840152
1341846657.554062 0.0146037 -0.0051650 -0.0701139 0.0155957 -0.1667904 0.0198343 0.9856695
1341846657.586078 0.0352470 -0.0037503 -0.0664500 0.0150098 -0.1572683 0.0139776 0.9873429
1341846657.622205 0.0245349 -0.0113744 -0.0548333 0.0146051 -0.1427175 0.0142635 0.9895529
1341846657.654161 0.0109746 -0.0102927 -0.0684215 0.0162970 -0.1338424 0.0123433 0.9907917
1341846657.686517 0.0298194 -0.0117534 -0.0670215 0.0163910 -0.1255571 0.0089939 0.9919102
1341846657.722061 0.0390165 -0.0139420 -0.0341503 0.0178319 -0.1117726 0.0111258 0.9935116
1341846657.754104 0.0169723 -0.0073689 -0.0388612 0.0192402 -0.1008608 0.0084738 0.9946784
1341846657.790066 0.0664832 -0.0059494 -0.0636223 0.0153073 -0.0946145 0.0080195 0.9953640
1341846658.694141 -0.0204552 0.0338596 -0.0003710 -0.0665859 0.0224237 -0.0035149 0.9975225
1341846659.766421 -0.0273035 -0.0516737 0.0106175 -0.1207783 0.0211330 0.0011983 0.9924538
1341846661.074059 -0.0476794 -0.0970166 -0.0268720 0.0290250 0.0020647 0.0102031 0.9995245
1341846661.742341 -0.0589137 -0.0920449 -0.0307815 0.0458794 -0.0044333 0.0025949 0.9989338
1341846662.010311 -0.0632894 -0.0875153 -0.0330268 0.0942308 0.0010525 -0.0070790 0.9955246
1341846662.046195 -0.0612767 -0.0876113 -0.0368487 0.1030079 -0.0014288 -0.0061548 0.9946605
1341846662.214136 -0.0594439 -0.0869980 -0.0420540 0.1442230 0.0005443 -0.0018505 0.9895434
1341846662.246167 -0.0583145 -0.0832535 -0.0418721 0.1535183 -0.0015114 -0.0008116 0.9881443
1341846662.314144 -0.0564910 -0.0814420 -0.0454204 0.1635770 0.0016751 -0.0039466 0.9865213
1341846662.414229 -0.0580483 -0.0835773 -0.0358551 0.1815380 0.0015499 -0.0012651 0.9833819
1341846662.482229 -0.0594114 -0.0884087 -0.0488091 0.1953014 -0.0008577 -0.0000064 0.9807429
1341846663.786304 -0.0545672 -0.0026429 -0.0321799 0.1170297 -0.0131905 0.0038912 0.9930332
1341846663.921987 -0.0651699 0.0224464 -0.0238121 0.0652163 -0.0069844 -0.0029223 0.9978425
1341846665.430162 -0.0344026 0.0023487 -0.0560096 -0.1928748 0.0232449 -0.0102915 0.9808940
1341846665.934076 -0.0431985 -0.0014348 -0.0715427 -0.2560299 0.0360943 -0.0074939 0.9659657
1341846666.302195 -0.0614237 -0.0144659 -0.0794175 -0.2988392 0.0436706 -0.0046168 0.9532926
1341846666.602180 -0.0638146 0.0393565 -0.0914637 -0.3492833 0.0436239 0.0119615 0.9359247
1341846666.802119 -0.0822656 0.0200832 -0.0927526 -0.3705636 0.0399816 0.0191351 0.9277489
1341846667.006200 -0.0778834 0.0398994 -0.1082622 -0.3837524 0.0346324 0.0191046 0.9225886
1341846667.038153 -0.0796231 0.0462526 -0.1199760 -0.3843656 0.0313852 0.0190982 0.9224496
1341846667.074153 0.0702986 0.1385455 -0.1258976 -0.3759186 0.0014216 0.0184467 0.9264680
1341846667.106156 -0.0828574 0.0374726 -0.1155507 -0.3989649 0.0321152 0.0135246 0.9163039
1341846667.138108 -0.0844535 0.0280402 -0.1098555 -0.4008196 0.0286776 0.0134532 0.9156092
1341846667.206107 -0.0723434 0.0265476 -0.1147511 -0.3975536 0.0281637 0.0075833 0.9171153
1341846667.274016 0.0880781 0.0923634 -0.1004066 -0.3771468 -0.0044416 0.0043643 0.9261326
1341846667.306189 0.1108813 0.0499763 -0.0766744 -0.3766272 -0.0062387 0.0005941 0.9263437
1341846667.342253 0.1389159 0.1330180 -0.1074194 -0.3469669 -0.0145993 0.0010625 0.9377632
1341846667.406982 0.1384409 0.0583862 -0.0816965 -0.3456852 -0.0136995 -0.0071295 0.9382235
1341846667.442109 0.1211827 0.0561608 -0.0908325 -0.3342741 -0.0109434 -0.0056031 0.9423957
1341846667.474109 0.1291440 0.0596599 -0.0911846 -0.3205583 -0.0148363 -0.0062372 0.9470921
1341846667.542298 0.0613884 -0.0468205 -0.0799660 -0.3117119 -0.0036124 -0.0142980 0.9500622
1341846667.642293 0.0727173 0.0155133 -0.1293929 -0.2648280 -0.0047230 -0.0140392 0.9641819
1341846667.810099 0.0350073 0.0146073 -0.1343600 -0.2443946 0.0076124 -0.0176348 0.9694856
1341846668.010215 -0.0342837 -0.0000448 -0.1331524 -0.2057919 0.0299204 -0.0214006 0.9779041
1341846668.178208 -0.0896584 0.0181771 -0.1337681 -0.1578839 0.0454051 -0.0191205 0.9862279
1341846668.346231 -0.1601047 0.0087177 -0.1235849 -0.1077127 0.0580403 -0.0161543 0.9923549
1341846668.478153 -0.2431885 -0.0719069 -0.0841500 -0.0831388 0.0695335 -0.0109351 0.9940491
1341846668.714133 -0.1983656 -0.0445497 -0.1156448 -0.0049125 0.0540565 -0.0200073 0.9983253
1341846669.318030 -0.1673089 0.0359361 -0.1345831 -0.0412262 0.0170302 -0.0945302 0.9945222
1341846669.518033 -0.1710203 0.0351065 -0.1487466 -0.0671462 0.0090449 -0.1542462 0.9857067
1341846669.854118 -0.1564422 0.0570978 -0.1589730 -0.1069075 0.0242897 -0.2365767 0.9654078
1341846669.986285 -0.1596227 0.0525736 -0.1647187 -0.1273875 0.0330506 -0.2706158 0.9536494
1341846670.121996 -0.1573784 0.0440914 -0.1670170 -0.1438341 0.0465082 -0.3097547 0.9387230
1341846670.358377 -0.1733840 0.0512718 -0.1579311 -0.1540544 0.0815661 -0.3715030 0.9119210
1341846670.464003 -0.1923645 0.0382084 -0.1524758 -0.1448589 0.1068518 -0.3985156 0.8993242
1341846670.628412 -0.1874156 0.0434355 -0.1623225 -0.1295139 0.1305459 -0.4242881 0.8866586
1341846670.696002 -0.1929212 0.0350986 -0.1556656 -0.1203485 0.1400322 -0.4373419 0.8801360
1341846670.764128 -0.2014494 0.0298888 -0.1677216 -0.1107444 0.1517236 -0.4502165 0.8729380
1341846670.796059 -0.1977585 0.0390245 -0.1636315 -0.1031697 0.1583975 -0.4546563 0.8703757
1341846670.832246 -0.1861807 0.0343797 -0.1717783 -0.0950230 0.1598362 -0.4535285 0.8716277
1341846670.863970 -0.1902580 0.0351798 -0.1742484 -0.0909648 0.1618766 -0.4511846 0.8728997
1341846670.896139 -0.1932320 0.0358248 -0.1798999 -0.0847491 0.1682064 -0.4511594 0.8723413
1341846670.932028 -0.1786657 0.0284052 -0.1605022 -0.0741961 0.1722326 -0.4491441 0.8735563
1341846670.964063 -0.1781059 0.0291528 -0.1588751 -0.0633731 0.1720147 -0.4429359 0.8776119
1341846671.000270 -0.1909967 0.0111863 -0.1790006 -0.0590008 0.1728374 -0.4441182 0.8771574
1341846671.032112 -0.1938085 0.0126216 -0.1809482 -0.0499639 0.1800443 -0.4484235 0.8740732
1341846671.064030 -0.1861817 0.0100451 -0.1719974 -0.0416987 0.1817640 -0.4520318 0.8722904
1341846671.101398 -0.1900138 0.0100866 -0.1744576 -0.0351270 0.1824658 -0.4576549 0.8694966
1341846671.132289 -0.1846988 0.0101674 -0.1724353 -0.0237390 0.1843194 -0.4662146 0.8649317
1341846671.168159 -0.1843327 0.0088990 -0.1639690 -0.0111037 0.1812552 -0.4679126 0.8649168
1341846671.200149 -0.1826077 0.0027038 -0.1765242 -0.0013993 0.1758476 -0.4707894 0.8645421
1341846671.232280 -0.1878733 -0.0001285 -0.2054963 0.0084916 0.1760302 -0.4762924 0.8614446
1341846671.268147 -0.1857876 -0.0002594 -0.1751088 0.0188124 0.1776773 -0.4793342 0.8592529
1341846671.300337 -0.1784242 0.0005711 -0.1780572 0.0269646 0.1731107 -0.4785171 0.8604226
1341846671.336125 -0.1885533 -0.0085668 -0.1998344 0.0313195 0.1712001 -0.4848367 0.8571132
1341846671.368236 -0.1804216 -0.0080193 -0.1923871 0.0379284 0.1708522 -0.4866375 0.8558942
1341846671.400327 -0.1794292 -0.0057309 -0.1786795 0.0432447 0.1668555 -0.4892260 0.8549544
1341846671.436064 -0.1849174 -0.0087248 -0.1970730 0.0473909 0.1638335 -0.4952780 0.8518289
1341846671.468197 -0.1840428 -0.0102633 -0.1974024 0.0525727 0.1628654 -0.4998074 0.8490604
1341846671.504294 -0.1923371 -0.0121619 -0.1916924 0.0545499 0.1573905 -0.5049685 0.8469116
1341846671.536197 -0.1934458 -0.0135354 -0.1983422 0.0588575 0.1495325 -0.5143119 0.8424127
1341846671.568120 -0.1835442 -0.0119574 -0.1981268 0.0666795 0.1453993 -0.5203905 0.8388126
1341846671.604188 -0.1820605 -0.0159585 -0.2031007 0.0714646 0.1390123 -0.5263056 0.8358055
1341846671.636057 -0.1768791 -0.0129213 -0.2064355 0.0796767 0.1293627 -0.5320646 0.8329611
1341846671.672157 -0.1790749 -0.0176711 -0.2134611 0.0884134 0.1211152 -0.5363953 0.8305385
1341846671.704027 -0.1815045 -0.0158303 -0.2217053 0.0903064 0.1178612 -0.5396363 0.8287016
1341846671.774745 -0.2002062 -0.0181745 -0.1995502 0.0900202 0.1120897 -0.5532063 0.8205456
1341846671.804605 -0.1936571 -0.0145040 -0.2051247 0.0925434 0.1064708 -0.5551421 0.8197054
1341846671.840252 -0.1967768 -0.0192863 -0.2156836 0.0916690 0.1022924 -0.5597725 0.8171828
1341846671.872106 -0.1989689 -0.0242248 -0.2264485 0.0926056 0.1001066 -0.5639280 0.8144864
1341846672.034218 -0.1938643 -0.0191555 -0.2305772 0.0901313 0.0909236 -0.5880823 0.7986041
1341846672.066227 -0.1921926 -0.0211984 -0.2330358 0.0894847 0.0903903 -0.5935948 0.7946491
1341846672.098024 -0.1965782 -0.0190793 -0.2206231 0.0888201 0.0882629 -0.5973663 0.7921327
1341846672.134061 -0.1948490 -0.0229196 -0.2340135 0.0882162 0.0849671 -0.6027827 0.7884488
1341846672.166000 -0.1957781 -0.0239858 -0.2341746 0.0873764 0.0853353 -0.6079174 0.7845507
1341846672.902275 -0.1992217 -0.0100331 -0.2095931 0.0921427 0.0493032 -0.5491759 0.8291471
1341846673.008221 -0.1862383 -0.0060133 -0.2023112 0.0890959 0.0380214 -0.5206836 0.8482363
1341846673.238153 -0.1916690 -0.0073015 -0.1945760 0.0895703 0.0162839 -0.4443039 0.8912385
1341846673.274220 -0.1952962 -0.0106629 -0.1937004 0.0907458 0.0138124 -0.4370819 0.8947256
1341846673.374098 -0.1937517 -0.0146863 -0.1963057 0.0990874 0.0044371 -0.4082401 0.9074702
1341846673.438267 -0.1957277 -0.0143467 -0.1921347 0.1055522 -0.0016175 -0.3830155 0.9176902
1341846673.474135 -0.1898235 -0.0146331 -0.1967376 0.1099989 -0.0052442 -0.3686738 0.9230127
1341846673.648026 -0.1887182 0.0013120 -0.1909351 0.1111644 -0.0272928 -0.3089581 0.9441624
1341846674.152235 -0.2021205 0.0215354 -0.1775137 0.0722903 -0.0718039 -0.1426226 0.9845187
1341846674.210322 -0.1862800 0.0352111 -0.1842360 0.0679309 -0.0712937 -0.1263657 0.9870837
1341846674.246217 -0.2021192 0.0257786 -0.1705705 0.0620954 -0.0702207 -0.1193160 0.9884214
1341846674.278035 -0.2003378 0.0193269 -0.1738900 0.0620001 -0.0720853 -0.1098519 0.9893898
1341846674.578094 -0.1882796 0.0323949 -0.1663548 0.0574619 -0.0722793 -0.0483210 0.9945546
1341846674.614179 -0.1974461 0.0389073 -0.1745377 0.0566508 -0.0693355 -0.0441619 0.9950041
1341846674.950305 -0.1973549 0.0431355 -0.1814322 0.0533768 -0.0686769 0.0302054 0.9957520
1341846675.050230 -0.1953401 0.0546343 -0.1988424 0.0322871 -0.0734929 0.0411785 0.9959220
1341846675.088201 -0.1971933 0.0677887 -0.1771371 0.0285628 -0.0731906 0.0422425 0.9960135
1341846675.150188 -0.1906347 0.1137759 -0.1853257 0.0097208 -0.0717887 0.0450854 0.9963530
1341846675.182290 -0.1930369 0.0750999 -0.1817847 -0.0098328 -0.0684239 0.0458934 0.9965518
1341846675.218759 -0.1990271 0.0698495 -0.1832682 -0.0180811 -0.0668533 0.0495500 0.9963677
1341846675.251951 -0.2095196 0.0760968 -0.1690001 -0.0234857 -0.0659156 0.0493267 0.9963285
1341846675.282406 -0.2041377 0.0690635 -0.1766706 -0.0272961 -0.0648407 0.0514746 0.9961932
1341846675.318078 -0.1997300 0.0713410 -0.1914514 -0.0305825 -0.0617927 0.0540428 0.9961555
1341846675.350149 -0.1898314 0.0738121 -0.2048891 -0.0385216 -0.0599352 0.0551361 0.9959337
1341846675.382271 -0.1771090 0.0580104 -0.2171089 -0.0521640 -0.0586831 0.0575393 0.9952509
1341846675.450238 -0.1057118 0.0687130 -0.1500196 -0.0571832 -0.0637990 0.0677272 0.9940186
1341846675.486165 -0.1567430 0.0722601 -0.1369342 -0.0460438 -0.0538010 0.0781299 0.9944251
1341846675.518083 -0.1995909 0.0610976 -0.1336383 -0.0383362 -0.0453504 0.0854699 0.9945695
1341846675.550092 -0.2113294 0.0626317 -0.1335333 -0.0312956 -0.0436636 0.0925919 0.9942539
1341846675.586070 -0.2043597 0.0654919 -0.1343794 -0.0275633 -0.0433439 0.0958367 0.9940709
1341846675.618075 -0.2037628 0.0653901 -0.1293196 -0.0220289 -0.0404791 0.0990068 0.9940190
1341846675.650024 -0.2250474 0.0619334 -0.1289199 -0.0165063 -0.0374594 0.1009062 0.9940535
1341846675.686118 -0.2162566 0.0627574 -0.1255788 -0.0128199 -0.0397783 0.1006692 0.9940418
1341846675.718055 -0.2000917 0.0626049 -0.1258246 -0.0083604 -0.0390584 0.0986253 0.9943227
1341846675.754170 -0.2257314 0.0609360 -0.1214271 -0.0013166 -0.0335539 0.0963463 0.9947813
1341846675.786330 -0.2145286 0.0627507 -0.1219014 0.0025273 -0.0342997 0.0960502 0.9947821
1341846675.818106 -0.2037770 0.0618137 -0.1276094 0.0058251 -0.0314754 0.0928868 0.9951620
1341846675.854095 -0.1859091 0.0621507 -0.1232804 0.0096936 -0.0322579 0.0933166 0.9950666
1341846675.886163 -0.1659125 0.0598569 -0.1243769 0.0158211 -0.0367143 0.0946735 0.9947053
1341846675.922346 -0.1534619 0.0549324 -0.1282012 0.0246460 -0.0372124 0.0949176 0.9944841
1341846675.961651 -0.1235022 0.0529393 -0.1253799 0.0322823 -0.0416068 0.0924541 0.9943234
1341846676.028080 -0.1202965 0.0449353 -0.1329863 0.0537415 -0.0438567 0.0908867 0.9934426
1341846676.122163 -0.1604616 0.0804074 -0.1687195 0.0645929 -0.0407273 0.0820122 0.9937017
1341846676.154447 -0.1581822 0.0582492 -0.1682345 0.0593711 -0.0401941 0.0815879 0.9940840
1341846676.322689 -0.1035505 0.0950514 -0.2029559 0.0462069 -0.0396639 0.0760566 0.9952422
1341846676.360815 -0.0759901 0.1023784 -0.2168960 0.0357832 -0.0381822 0.0799154 0.9954271
1341846676.424250 -0.0689781 0.0797308 -0.2067893 0.0268385 -0.0319921 0.0761638 0.9962205
1341846676.459033 -0.0576266 0.0981708 -0.2314579 0.0265650 -0.0284133 0.0780125 0.9961933
1341846676.532743 -0.0384540 0.0918747 -0.2339794 0.0205175 -0.0220393 0.0796530 0.9963678
1341846676.596566 -0.0337302 0.1024889 -0.2349370 0.0158364 -0.0157419 0.0793356 0.9965978
1341846676.690079 -0.0129380 0.1001277 -0.2412907 0.0135407 -0.0095500 0.0734226 0.9971633
1341846676.926062 0.0256745 0.1070314 -0.2508916 0.0202364 0.0033874 0.0698439 0.9973469
1341846677.126108 0.0428292 0.0986303 -0.2505514 0.0202981 -0.0006654 0.0715242 0.9972321
1341846677.362194 0.0679058 0.0992430 -0.2534736 0.0233959 0.0020649 0.0709169 0.9972057
1341846677.468326 0.0751237 0.0992668 -0.2516160 0.0260508 0.0057562 0.0700794 0.9971846
1341846677.798630 0.0773313 0.1051905 -0.2558566 0.0348254 0.0141723 0.0655017 0.9971439
1341846677.966256 0.0953107 0.0865268 -0.2558360 0.0431011 0.0173718 0.0614076 0.9970304
1341846678.134082 0.0933746 0.0803126 -0.2683408 0.0554355 0.0132721 0.0637362 0.9963375
1341846678.204293 0.0944423 0.0739919 -0.2727394 0.0575165 0.0143096 0.0631142 0.9962448
1341846678.266209 0.0979898 0.0725808 -0.2745655 0.0614151 0.0108027 0.0632310 0.9960489
1341846678.334135 0.0981456 0.0756387 -0.2747065 0.0620780 0.0075316 0.0635717 0.9960162
1341846678.402292 0.0953550 0.0740533 -0.2784928 0.0650601 0.0083118 0.0629990 0.9958560
