1.000000 0.000000 0.000000 0.000000 0.000000 1.000000 0.000000 0.000000 0.000000 0.000000 1.000000 0.000000
0.999893 -0.002781 0.014343 0.019287 0.002772 0.999996 0.000610 -0.006675 -0.014344 -0.000570 0.999897 1.069131
0.999625 -0.003022 0.027226 0.053863 0.002980 0.999994 0.001582 -0.012052 -0.027230 -0.001501 0.999628 2.131315
0.999215 -0.002901 0.039516 0.086136 0.002854 0.999995 0.001228 -0.017593 -0.039519 -0.001114 0.999218 3.201362
0.998796 -0.003119 0.048963 0.196305 0.003191 0.999994 -0.001396 -0.028766 -0.048958 0.001551 0.998800 4.375381
0.998213 -0.003820 0.059638 0.246917 0.004119 0.999980 -0.004881 -0.043157 -0.059618 0.005118 0.998208 5.395119
0.997867 -0.005428 0.065052 0.461814 0.005906 0.999957 -0.007153 -0.066161 -0.065010 0.007522 0.997856 6.615297
0.997602 -0.005113 0.069023 0.659123 0.005601 0.999961 -0.006879 -0.109635 -0.068985 0.007250 0.997591 7.868654
0.996722 -0.003742 0.080821 0.524098 0.004593 0.999936 -0.010345 -0.053309 -0.080777 0.010683 0.996675 8.800643
0.996410 -0.004927 0.084513 0.637790 0.006064 0.999894 -0.013204 -0.039569 -0.084439 0.013669 0.996335 10.096977
0.996216 -0.003147 0.086854 0.789016 0.004503 0.999871 -0.015428 -0.047292 -0.086794 0.015760 0.996102 11.416857
0.995621 -0.003225 0.093426 0.852879 0.004786 0.999853 -0.016482 -0.058616 -0.093359 0.016857 0.995490 12.393999
0.995149 -0.003151 0.098328 0.852457 0.004649 0.999877 -0.015008 -0.126480 -0.098269 0.015392 0.995041 13.660074
0.995113 -0.003295 0.098685 1.052459 0.004789 0.999878 -0.014903 -0.104710 -0.098624 0.015303 0.995007 14.962857
0.994981 -0.004383 0.099973 1.216228 0.005871 0.999876 -0.014594 -0.041809 -0.099896 0.015108 0.994883 15.922959
0.994712 -0.005646 0.102550 1.310245 0.007412 0.999830 -0.016856 -0.009682 -0.102438 0.017527 0.994585 17.251459
0.994901 -0.006412 0.100654 1.532754 0.008188 0.999818 -0.017240 -0.029754 -0.100525 0.017977 0.994772 18.558361
0.995006 -0.005790 0.099649 1.777457 0.008092 0.999709 -0.022713 0.081642 -0.099489 0.023406 0.994763 19.950319
0.994832 -0.008986 0.101134 1.778732 0.010907 0.999770 -0.018454 -0.074850 -0.100945 0.019461 0.994702 20.927998
0.995314 -0.007590 0.096395 2.087527 0.009945 0.999663 -0.023974 0.005311 -0.096181 0.024820 0.995054 22.396000
0.995500 -0.006370 0.094544 2.201534 0.008851 0.999627 -0.025849 0.029424 -0.094344 0.026570 0.995185 23.707848
0.995431 -0.004592 0.095377 2.241757 0.007197 0.999610 -0.026991 0.029587 -0.095216 0.027554 0.995075 25.143845
0.995313 -0.005635 0.096542 2.267211 0.008025 0.999671 -0.024384 -0.064530 -0.096373 0.025045 0.995030 26.178715
0.995526 -0.000922 0.094478 2.452180 0.003329 0.999674 -0.025318 -0.144348 -0.094424 0.025520 0.995205 27.323174
0.995364 -0.004057 0.096089 2.410411 0.006800 0.999578 -0.028230 -0.043924 -0.095934 0.028753 0.994972 28.843384
0.995549 -0.018089 0.092496 2.565712 0.020514 0.999468 -0.025337 -0.277864 -0.091988 0.027121 0.995391 30.327345
0.995752 0.001686 0.092057 2.819894 0.001729 0.999314 -0.037002 0.088640 -0.092056 0.037004 0.995066 32.020267
0.996055 0.012904 0.087790 3.185180 -0.009615 0.999240 -0.037780 0.164693 -0.088211 0.036787 0.995422 33.731705
0.996091 0.024307 0.084917 3.484193 -0.020274 0.998640 -0.048034 0.335367 -0.085969 0.046124 0.995230 35.404217
0.995665 0.001936 0.092996 3.113062 0.001501 0.999319 -0.036869 -0.039449 -0.093004 0.036849 0.994984 36.294292
0.995472 -0.025072 0.091690 2.667599 0.026476 0.999550 -0.014134 -0.594214 -0.091294 0.016498 0.995687 31.027737
0.994258 -0.020268 0.105076 1.957246 0.020813 0.999775 -0.004090 -0.821923 -0.104969 0.006254 0.994456 31.433624
0.994479 0.013068 0.104122 2.439688 -0.010563 0.999642 -0.024577 -0.257699 -0.104405 0.023341 0.994261 34.047630
0.994836 0.000366 0.101491 2.579481 0.001902 0.999751 -0.022250 -0.307611 -0.101474 0.022328 0.994588 35.552910
0.994083 -0.001205 0.108614 2.206137 0.003076 0.999850 -0.017060 -0.410617 -0.108577 0.017293 0.993938 35.176071
0.994409 0.004657 0.105491 2.617511 -0.001947 0.999666 -0.025784 -0.364058 -0.105576 0.025435 0.994086 38.108803
0.994675 0.001778 0.103049 2.898906 0.000739 0.999702 -0.024383 -0.398359 -0.103062 0.024330 0.994377 39.015362
0.994521 0.002323 0.104514 3.025815 0.000499 0.999636 -0.026964 -0.356271 -0.104539 0.026868 0.994158 40.128880
0.994715 0.003083 0.102629 3.272547 -0.000188 0.999602 -0.028209 -0.424563 -0.102675 0.028041 0.994320 41.497616
0.994305 0.004317 0.106480 3.266668 -0.001590 0.999669 -0.025684 -0.481731 -0.106555 0.025369 0.993983 42.522610
0.994044 0.006832 0.108768 3.360048 -0.004022 0.999653 -0.026026 -0.501342 -0.108908 0.025433 0.993726 43.703949
0.994266 0.007468 0.106672 3.572896 -0.004791 0.999668 -0.025331 -0.543808 -0.106826 0.024674 0.993972 44.846416
0.994137 0.009411 0.107722 3.738965 -0.006494 0.999603 -0.027402 -0.551944 -0.107937 0.026542 0.993803 46.059906
0.993796 0.008611 0.110883 3.830652 -0.005596 0.999607 -0.027468 -0.612750 -0.111076 0.026677 0.993454 47.325333
0.993584 0.008463 0.112778 4.052508 -0.005265 0.999576 -0.028627 -0.660705 -0.112972 0.027850 0.993208 48.575733
0.992747 0.010523 0.119760 4.103167 -0.007180 0.999573 -0.028314 -0.682763 -0.120007 0.027249 0.992399 49.773514
0.992479 0.012041 0.121825 4.334879 -0.008693 0.999571 -0.027980 -0.726973 -0.122110 0.026710 0.992157 51.019516
0.991589 0.013255 0.128748 4.419920 -0.009620 0.999539 -0.028810 -0.773525 -0.129070 0.027329 0.991259 52.261555
0.991011 0.012542 0.133189 4.578974 -0.008630 0.999515 -0.029904 -0.832462 -0.133499 0.028486 0.990639 53.490910
0.990556 0.013289 0.136463 4.785226 -0.008989 0.999445 -0.032079 -0.876037 -0.136814 0.030550 0.990126 54.757877
0.989905 0.014181 0.141022 4.972786 -0.009725 0.999433 -0.032235 -0.930806 -0.141399 0.030538 0.989482 56.015877
0.988917 0.015612 0.147647 5.114542 -0.011016 0.999430 -0.031893 -0.981588 -0.148061 0.029913 0.988526 57.248707
0.988218 0.018268 0.151958 5.329567 -0.013667 0.999418 -0.031269 -1.034396 -0.152441 0.028824 0.987892 58.489250
0.987279 0.016207 0.158172 5.485965 -0.011847 0.999524 -0.028470 -1.113207 -0.158558 0.026234 0.987001 59.647255
0.986638 0.019731 0.161731 5.721941 -0.014884 0.999405 -0.031128 -1.132440 -0.162249 0.028304 0.986344 61.090359
0.985565 0.022492 0.167795 5.877545 -0.017165 0.999304 -0.033129 -1.170200 -0.168424 0.029771 0.985265 62.228294
0.984725 0.021091 0.172838 6.089143 -0.015305 0.999279 -0.034741 -1.203668 -0.173446 0.031565 0.984337 63.479053
0.985857 0.025621 0.165618 6.517284 -0.021122 0.999360 -0.028871 -1.567047 -0.166252 0.024964 0.985767 65.746948
0.981915 0.057193 0.180479 6.522422 -0.050510 0.997865 -0.041409 -1.622780 -0.182462 0.031544 0.982707 66.709740
