3.837524 0.0000000 0.0000000 0.0000000 0.0000000 0.0000000 0.0000000 1.0000000
4.044901 0.0217861 -0.0108133 0.5292774 -0.0000341 0.0214610 0.0054570 0.9997548
4.148625 0.0390483 -0.0086077 0.7906784 -0.0002307 0.0302076 0.0074086 0.9995162
4.252293 0.0687099 -0.0129999 1.0646740 -0.0002216 0.0377639 0.0091433 0.9992448
4.459609 0.1173514 -0.0129400 1.6038152 -0.0010212 0.0516275 0.0104119 0.9986116
4.563217 0.1504779 -0.0155856 1.8786130 -0.0010942 0.0576632 0.0102431 0.9982830
4.666947 0.1871796 -0.0150936 2.1563816 0.0005215 0.0632413 0.0103093 0.9979449
4.977967 0.3202157 -0.0205271 3.0129213 0.0040125 0.0763232 0.0108530 0.9970160
5.185269 0.4106590 -0.0269432 3.6033671 0.0051806 0.0818400 0.0114150 0.9965667
5.600026 0.6295866 -0.0377873 4.8505206 0.0055265 0.0883211 0.0113058 0.9960126
6.014715 0.8672235 -0.0527243 6.0553946 0.0063459 0.0914722 0.0100148 0.9957370
6.533021 1.1982539 -0.0866369 7.6646676 0.0072847 0.0881831 0.0099509 0.9960279
7.051471 1.7257044 -0.1484048 9.3529625 0.0057999 0.0808851 0.0107079 0.9966490
7.569925 1.7285360 -0.1861413 10.5926542 0.0051695 0.0848862 0.0132726 0.9962888
7.984696 1.9286901 -0.1908467 11.8540916 0.0067490 0.0856875 0.0140874 0.9961996
8.295863 2.0981209 -0.2098995 12.8474073 0.0069038 0.0876049 0.0126798 0.9960507
8.503235 2.2095485 -0.2206714 13.5179138 0.0063013 0.0886031 0.0115728 0.9959798
8.814436 2.4065182 -0.2349084 14.5606346 0.0079484 0.0925475 0.0110408 0.9956153
9.021867 2.5378318 -0.2538154 15.2560215 0.0066730 0.0972358 0.0097789 0.9951910
9.332783 2.7506304 -0.2724908 16.3151016 0.0091367 0.1045467 0.0088827 0.9944384
9.643856 2.9785018 -0.2929731 17.3874855 0.0090216 0.1130051 0.0058140 0.9935365
9.851216 3.0728579 -0.2998375 18.0896950 0.0091715 0.1229730 0.0058872 0.9923502
10.162270 3.4137568 -0.3544558 19.1408501 0.0083978 0.1280976 0.0060841 0.9917073
