1.000000 0.000000 0.000000 0.000000 0.000000 1.000000 0.000000 0.000000 0.000000 0.000000 1.000000 0.000000
0.999881 -0.003211 0.015118 0.043405 0.003216 0.999995 -0.000270 -0.005507 -0.015117 0.000319 0.999886 1.414492
0.999567 -0.006051 0.028804 0.113923 0.006048 0.999982 0.000185 -0.012400 -0.028805 -0.000011 0.999585 2.836079
0.999283 -0.006062 0.037384 0.378242 0.005992 0.999980 0.001980 -0.040911 -0.037395 -0.001755 0.999299 4.386333
0.998591 -0.006038 0.052728 0.302155 0.006016 0.999982 0.000577 -0.015339 -0.052731 -0.000259 0.998609 5.685995
0.998137 -0.007136 0.060596 0.524754 0.007233 0.999973 -0.001377 -0.073486 -0.060584 0.001813 0.998161 7.203115
0.997644 -0.006840 0.068265 0.734510 0.007259 0.999956 -0.005881 -0.041460 -0.068222 0.006363 0.997650 8.767723
0.996783 -0.006134 0.079908 0.739409 0.007071 0.999910 -0.011443 0.055503 -0.079830 0.011971 0.996737 10.055346
0.996499 -0.005737 0.083412 1.038188 0.007045 0.999857 -0.015397 0.110824 -0.083312 0.015931 0.996396 11.674622
0.996541 -0.002729 0.083059 1.492589 0.004443 0.999781 -0.020464 0.253822 -0.082985 0.020762 0.996334 13.379072
0.995807 -0.003637 0.091411 1.440748 0.005712 0.999732 -0.022450 0.159486 -0.091305 0.022878 0.995560 14.782915
0.994945 0.008347 0.100073 1.441433 -0.006007 0.999702 -0.023660 0.004419 -0.100241 0.022939 0.994699 15.922322
0.994683 0.018738 0.101264 1.870637 -0.016808 0.999661 -0.019879 -0.540685 -0.101602 0.018071 0.994661 17.345673
0.994694 0.015325 0.101732 1.973338 -0.012845 0.999605 -0.024986 -0.251840 -0.102075 0.023547 0.994498 19.187407
0.995542 0.017000 0.092772 2.779991 -0.014612 0.999546 -0.026359 -0.190166 -0.093178 0.024886 0.995338 20.649103
0.995542 0.017400 0.092701 3.222954 -0.015175 0.999581 -0.024657 -0.228339 -0.093092 0.023141 0.995389 21.747383
0.997150 0.025262 0.071086 4.820163 -0.023627 0.999439 -0.023753 -0.452980 -0.071646 0.022006 0.997187 22.777079
0.997433 0.031967 0.064076 5.250065 -0.030364 0.999205 -0.025842 -0.559675 -0.064851 0.023830 0.997610 24.852144
0.996566 0.037520 0.073820 4.789222 -0.035544 0.998979 -0.027902 -0.766731 -0.074791 0.025182 0.996881 26.628786
0.996750 0.035507 0.072311 5.184015 -0.033534 0.999036 -0.028320 -0.751362 -0.073247 0.025803 0.996980 27.753752
0.996010 0.047702 0.075428 5.122521 -0.045331 0.998432 -0.032849 -0.634576 -0.076877 0.029298 0.996610 27.838446
0.995339 0.026271 0.092790 4.071962 -0.023885 0.999357 -0.026730 -0.434712 -0.093433 0.024389 0.995327 25.565834
0.995645 0.018567 0.091358 4.060671 -0.016466 0.999584 -0.023694 -0.452644 -0.091760 0.022086 0.995536 25.632839
0.996292 0.036853 0.077749 4.806323 -0.034710 0.998984 -0.028743 -0.664954 -0.078730 0.025938 0.996558 28.790367
0.996269 0.046736 0.072548 5.124427 -0.044653 0.998550 -0.030075 -0.750463 -0.073849 0.026723 0.996911 29.717951
0.996264 0.040297 0.076381 4.934476 -0.038117 0.998829 -0.029788 -0.702818 -0.077492 0.026765 0.996634 29.725805
0.996166 0.041808 0.076852 4.949529 -0.039726 0.998806 -0.028425 -0.734835 -0.077949 0.025263 0.996637 30.072676
0.996327 0.034593 0.078338 4.801793 -0.032678 0.999138 -0.025585 -0.725914 -0.079156 0.022931 0.996598 30.196724
0.996678 0.031481 0.075114 4.985812 -0.029688 0.999250 -0.024870 -0.767395 -0.075841 0.022557 0.996865 31.620762
0.996634 0.030700 0.076010 4.934998 -0.029023 0.999313 -0.023063 -0.792940 -0.076666 0.020779 0.996840 31.309105
0.996940 0.025487 0.073899 5.029128 -0.023662 0.999396 -0.025457 -0.820161 -0.074503 0.023631 0.996941 32.494438
0.996891 0.027711 0.073752 5.098900 -0.025876 0.999334 -0.025719 -0.852555 -0.074416 0.023730 0.996945 33.437435
0.997090 0.025034 0.072005 5.146822 -0.023273 0.999412 -0.025198 -0.875098 -0.072593 0.023449 0.997086 33.908592
0.997024 0.025195 0.072854 5.167566 -0.023531 0.999444 -0.023608 -0.894175 -0.073408 0.021823 0.997063 34.396057
0.997136 0.017654 0.073544 5.183746 -0.016165 0.999653 -0.020797 -0.956582 -0.073885 0.019549 0.997075 34.942562
0.996889 0.026019 0.074406 5.255440 -0.024263 0.999408 -0.024411 -0.920255 -0.074997 0.022529 0.996929 35.957191
0.996891 0.025066 0.074703 5.272973 -0.023311 0.999433 -0.024279 -0.946632 -0.075269 0.022463 0.996910 36.440044
0.996768 0.025596 0.076147 5.270422 -0.023756 0.999406 -0.024974 -0.957050 -0.076741 0.023085 0.996784 36.955414
0.996719 0.026795 0.076381 5.386966 -0.024810 0.999332 -0.026826 -0.980198 -0.077049 0.024843 0.996718 37.905308
0.996670 0.028938 0.076236 5.454777 -0.026878 0.999249 -0.027918 -0.994304 -0.076986 0.025776 0.996699 38.500175
0.996402 0.028857 0.079683 5.431863 -0.026776 0.999275 -0.027070 -1.010911 -0.080406 0.024839 0.996453 39.039940
0.996332 0.029550 0.080312 5.486008 -0.027562 0.999288 -0.025743 -1.048213 -0.081015 0.023435 0.996437 39.635162
0.996274 0.030850 0.080541 5.583326 -0.028924 0.999270 -0.024962 -1.084130 -0.081253 0.022539 0.996439 40.620953
0.996213 0.031718 0.080960 5.648438 -0.029703 0.999221 -0.025972 -1.106277 -0.081721 0.023469 0.996379 41.256756
0.995662 0.032383 0.087226 5.625484 -0.030199 0.999199 -0.026241 -1.127539 -0.088006 0.023493 0.995843 41.865196
0.995484 0.031584 0.089522 5.743820 -0.029241 0.999198 -0.027361 -1.154634 -0.090314 0.024620 0.995609 42.702789
0.994842 0.032572 0.096064 5.763099 -0.030157 0.999194 -0.026481 -1.181547 -0.096849 0.023447 0.995023 43.347702
0.994209 0.032324 0.102487 5.755813 -0.030069 0.999272 -0.023468 -1.223011 -0.103171 0.020250 0.994458 43.865093
0.993705 0.033800 0.106808 5.821796 -0.031326 0.999203 -0.024751 -1.235878 -0.107560 0.021250 0.993972 44.493870
0.993300 0.037911 0.109165 6.006495 -0.034765 0.998928 -0.030576 -1.238508 -0.110207 0.026576 0.993553 45.541824
0.992795 0.038268 0.113548 6.090074 -0.034779 0.998865 -0.032545 -1.264745 -0.114664 0.028362 0.992999 46.263584
0.992409 0.039646 0.116419 6.203220 -0.036029 0.998805 -0.033009 -1.298361 -0.117589 0.028564 0.992651 46.992130
0.991631 0.041286 0.122322 6.267314 -0.037543 0.998758 -0.032745 -1.327698 -0.123522 0.027879 0.991950 47.711483
0.990918 0.043578 0.127214 6.357681 -0.039701 0.998671 -0.032858 -1.352440 -0.128477 0.027509 0.991331 48.435230
-0.096672 -0.809082 0.579690 8.096586 0.709312 -0.464581 -0.530134 -2.245241 0.698235 0.359932 0.618803 50.384552
0.990544 0.043104 0.130246 6.669144 -0.039417 0.998749 -0.030753 -1.438204 -0.131408 0.025328 0.991005 49.944424
0.990544 0.043104 0.130246 6.669144 -0.039417 0.998749 -0.030753 -1.438204 -0.131408 0.025328 0.991005 49.944424
0.990544 0.043104 0.130246 6.669144 -0.039417 0.998749 -0.030753 -1.438204 -0.131408 0.025328 0.991005 49.944424
0.990544 0.043104 0.130246 6.669144 -0.039417 0.998749 -0.030753 -1.438204 -0.131408 0.025328 0.991005 49.944424
0.990544 0.043104 0.130246 6.669144 -0.039417 0.998749 -0.030753 -1.438204 -0.131408 0.025328 0.991005 49.944424
