1548340301.917970 0.000000000 0.000000000 0.000000000 -0.000000000 -0.000000000 -0.000000000 1.000000000
1548340301.951310 0.000494453 -0.002647582 -0.000658547 -0.000477747 -0.000043289 -0.000034999 0.999999881
1548340301.984230 -0.004691894 -0.004628999 -0.000940009 -0.000787216 0.001099884 0.000282532 0.999999106
1548340302.017590 0.017018016 -0.001836731 0.000594674 -0.000106345 -0.002463941 0.001437761 0.999995947
1548340302.051260 0.002380238 0.001882807 0.000169778 0.000632467 -0.000417570 0.000495327 0.999999583
1548340302.084900 -0.001723888 0.000919837 0.001554835 0.000707796 0.000359286 0.000304875 0.999999642
1548340302.118440 -0.003298843 0.002226875 0.000798890 0.001234774 0.000376748 0.000189969 0.999999225
1548340302.151930 -0.000517398 0.003840402 -0.000234690 0.001574440 -0.000449200 -0.000091261 0.999998689
1548340302.185450 0.001643139 0.004066448 -0.001851794 0.001711851 -0.000995198 -0.000247367 0.999998033
1548340302.218990 0.001869812 0.004586450 -0.003276311 0.002065344 -0.001299012 -0.000208005 0.999997020
1548340302.252500 -0.006536710 -0.000206701 -0.000092880 0.001803585 -0.000062437 -0.000316190 0.999998331
1548340302.286020 -0.060567006 -0.039761402 0.017364472 -0.005900383 0.009037239 -0.002042801 0.999939680
1548340302.319510 -0.060930397 -0.038004741 0.016771432 -0.005336114 0.009042006 -0.002183297 0.999942541
1548340302.353030 -0.061045673 -0.035548970 0.015403926 -0.004621862 0.008404377 -0.002398297 0.999951184
1548340302.386550 -0.073035628 -0.042420298 0.019245045 -0.006239975 0.010232585 -0.003519018 0.999922037
1548340302.420060 -0.072318412 -0.041921180 0.020005969 -0.006222544 0.010373220 -0.003572985 0.999920547
1548340302.453600 -0.073540404 -0.042141858 0.020365173 -0.006120414 0.010557856 -0.003361134 0.999919951
1548340302.487140 -0.074911430 -0.044223830 0.021690197 -0.006291180 0.010472530 -0.003402474 0.999919653
1548340302.521370 -0.075064123 -0.044336874 0.022021502 -0.006059839 0.010250206 -0.003657594 0.999922454
1548340302.554900 -0.074772999 -0.043472201 0.021506922 -0.005583365 0.010132557 -0.003637284 0.999926507
1548340302.588420 -0.074972458 -0.040714182 0.021069899 -0.004745203 0.009776708 -0.003665598 0.999934256
1548340302.621950 -0.075501971 -0.041504871 0.020173103 -0.004865963 0.009357330 -0.004124280 0.999935865
1548340302.655570 -0.076144665 -0.043158159 0.020196998 -0.005153934 0.009569697 -0.003924690 0.999933302
1548340302.688990 -0.077313833 -0.039009646 0.023675682 -0.004604328 0.009835853 -0.004245684 0.999932051
1548340302.722510 -0.001950498 -0.003526102 -0.002846547 0.003649470 -0.003475584 -0.000829928 0.999986947
1548340302.756020 -0.080980733 -0.060320985 0.023772191 -0.007307875 0.009546995 -0.002977358 0.999923289
1548340302.789540 -0.081632808 -0.061860226 0.024082260 -0.007669510 0.009637599 -0.003017833 0.999919593
1548340302.823070 -0.076409549 -0.055667229 0.020937700 -0.006389643 0.008314066 -0.002767534 0.999941230
1548340302.856570 -0.002459961 -0.003242137 -0.003833067 0.003409863 -0.004613141 -0.001336987 0.999982655
1548340302.890090 -0.006355952 0.012595956 -0.003883482 0.005856364 -0.004036496 -0.001688115 0.999973297
1548340302.923590 -0.029035851 0.012748118 0.001419101 0.005761170 -0.000303431 -0.002413453 0.999980509
1548340302.957110 -0.002743744 -0.003909914 -0.004692662 0.002812337 -0.004955884 -0.000764527 0.999983490
1548340302.990610 0.022592176 -0.002146995 -0.008250794 0.002734076 -0.009313636 0.000025251 0.999952972
1548340303.024130 0.003270397 -0.009475122 -0.002753993 0.001703804 -0.006519075 -0.001443438 0.999976277
1548340303.057620 -0.047557540 -0.009271765 -0.002683684 0.001518104 0.001698495 -0.002490086 0.999994397
1548340303.091130 -0.050437037 0.006812367 -0.002081358 0.003917659 0.002291639 -0.003056658 0.999985039
1548340303.124600 0.009029783 -0.005693053 0.001848006 0.002167238 -0.007914754 -0.000543791 0.999966204
1548340303.158110 0.002986728 -0.004810093 -0.000698799 0.002323090 -0.006785797 -0.000822775 0.999973953
1548340303.191610 0.008932310 -0.013997951 -0.002688702 0.000896028 -0.007668846 -0.000835011 0.999969900
1548340303.225110 0.005246480 -0.006377029 -0.003873707 0.002321114 -0.007260370 -0.000206937 0.999970973
1548340303.258580 0.015165467 0.001300905 -0.001872447 0.003709183 -0.009111562 0.000636017 0.999951422
1548340303.291970 0.007061714 0.006484393 0.000621004 0.004491267 -0.008112197 0.000817478 0.999956667
1548340303.325400 0.013731071 0.000133831 -0.003509168 0.003677289 -0.008848622 0.000430899 0.999953985
1548340303.358890 0.006463687 0.001201136 -0.005098678 0.003859429 -0.007641355 -0.000035658 0.999963343
1548340303.392380 -0.003549114 -0.001117584 -0.005773856 0.003327624 -0.005808201 -0.000328964 0.999977529
1548340303.425900 0.002411170 -0.003621291 -0.003488064 0.003071009 -0.007066516 -0.000542679 0.999970198
1548340303.459420 0.004980569 -0.006794879 -0.003471901 0.002919659 -0.007400741 -0.000068927 0.999968350
1548340303.492960 -0.004539987 -0.007360086 -0.007578882 0.003086508 -0.005515225 -0.000506495 0.999979913
1548340303.526470 -0.002613210 -0.001789796 -0.009463736 0.004092854 -0.005627580 -0.000106674 0.999975860
1548340303.559990 0.002317411 -0.004228115 -0.006997510 0.003735245 -0.006795645 -0.000345280 0.999969900
1548340303.593530 0.012212786 -0.004830912 -0.005232162 0.003734168 -0.008144337 0.000265726 0.999959886
1548340303.627020 0.014283585 -0.005122459 -0.005880936 0.003871415 -0.008044202 0.000313888 0.999960124
1548340303.660510 0.015637890 -0.005527753 -0.006008931 0.003991034 -0.008195575 0.000464892 0.999958336
1548340303.693990 0.016590569 -0.006512384 -0.006192541 0.004204482 -0.008238434 0.000488721 0.999957085
1548340303.727490 0.016510865 -0.008021287 -0.006275861 0.004019418 -0.007624737 0.000349311 0.999962866
1548340303.761010 0.013555703 -0.006509806 -0.007450045 0.004088594 -0.006515939 0.000291042 0.999970436
1548340303.794540 0.013754545 -0.006154059 -0.007620031 0.004143640 -0.006572701 0.000187351 0.999969840
1548340303.828090 0.014586449 -0.006454224 -0.007861319 0.004392654 -0.006646865 0.000261736 0.999968290
1548340303.861610 0.015105581 -0.007819378 -0.008241525 0.004375761 -0.006383584 0.000333538 0.999970019
1548340303.895200 0.015850239 -0.007488217 -0.008571373 0.004518670 -0.006425482 0.000562031 0.999969006
1548340303.928710 0.016244521 -0.008499649 -0.008819145 0.004565305 -0.006549386 0.000799098 0.999967813
1548340303.962260 0.016094379 -0.010173372 -0.008938658 0.004473973 -0.006239814 0.000975433 0.999970138
1548340303.995670 0.022042822 -0.002543237 -0.008548814 0.005844921 -0.007129026 0.001458384 0.999956489
1548340304.029190 0.006010872 -0.004326783 -0.010407651 0.005698148 -0.004265659 0.000499846 0.999974549
1548340304.062700 0.010828980 -0.007318635 -0.011263075 0.005347320 -0.004804193 0.000743577 0.999973893
1548340304.096220 0.001430128 -0.003935866 -0.011501414 0.005922702 -0.002818946 0.000602966 0.999978364
1548340304.129980 0.013787213 -0.002839939 -0.010141538 0.005754633 -0.004764108 0.001272303 0.999971271
1548340304.163500 0.002810156 0.001501253 -0.009274891 0.006482866 -0.002941474 0.001325694 0.999973774
1548340304.197040 0.012984103 -0.004707236 -0.009712333 0.005578779 -0.004374560 0.001686486 0.999973476
1548340304.230740 0.008614569 -0.001747096 -0.010787211 0.006012883 -0.003464153 0.001805076 0.999974370
1548340304.264070 0.006079326 -0.012670411 -0.009720682 0.003940454 -0.003267538 0.001388606 0.999985933
1548340304.297590 0.006831866 -0.014289782 -0.008993072 0.003704276 -0.003580116 0.001484671 0.999985635
1548340304.331080 -0.000036338 -0.010456569 -0.009693645 0.004530408 -0.002618759 0.001220557 0.999985635
1548340304.364340 0.002276145 -0.009008190 -0.009314409 0.004583678 -0.003229023 0.001214385 0.999983609
1548340304.397840 0.003868232 -0.010238560 -0.007560920 0.004156133 -0.003804765 0.001321574 0.999983311
1548340304.431360 0.005159883 -0.009897835 -0.006778098 0.004136915 -0.004231692 0.001731167 0.999981046
1548340304.464870 0.011679761 -0.005026459 -0.008590573 0.004905239 -0.005472572 0.002247551 0.999970496
1548340304.498390 0.009269030 -0.004044448 -0.006391002 0.004737970 -0.005363313 0.001985204 0.999972403
1548340304.531900 -0.002572377 -0.004581967 -0.004351046 0.004291765 -0.003698269 0.001643559 0.999982655
1548340304.565440 0.006357123 -0.001793900 -0.008617240 0.004870479 -0.005600621 0.001774860 0.999970913
1548340304.598960 0.002086774 -0.001176363 -0.008196793 0.004951691 -0.005102177 0.001245972 0.999973953
1548340304.632470 0.005231292 -0.007322068 -0.007925821 0.003866627 -0.005745708 0.001167484 0.999975383
1548340304.665990 0.005209321 -0.005015765 -0.007261257 0.004119241 -0.006006865 0.001543433 0.999972284
1548340304.699480 0.005712855 -0.006818544 -0.008633504 0.003738069 -0.006640879 0.001295791 0.999970198
1548340304.732940 0.005873808 -0.007354886 -0.008258290 0.003469932 -0.006732215 0.000898598 0.999970913
1548340304.766520 0.003982769 -0.009195470 -0.007904396 0.003031688 -0.006405092 0.001091239 0.999974370
1548340304.800050 0.004069834 -0.009452539 -0.007851438 0.003055497 -0.006721699 0.001295605 0.999971986
1548340304.833570 0.005155698 -0.008518452 -0.008106154 0.003181078 -0.007025931 0.001047272 0.999969780
1548340304.867100 0.005304503 -0.008329953 -0.008059014 0.002977713 -0.006819587 0.001021700 0.999971807
1548340304.900620 0.003795342 -0.008970272 -0.007862999 0.002678097 -0.006495609 0.001170607 0.999974668
1548340304.934070 0.003383256 -0.009636979 -0.007148963 0.002660190 -0.006649512 0.001226240 0.999973595
1548340304.967590 0.004286490 -0.008776210 -0.006928165 0.002993105 -0.006641251 0.001167534 0.999972820
1548340305.001100 0.004706566 -0.008528946 -0.007331667 0.003113444 -0.006477453 0.001252240 0.999973476
1548340305.034680 0.004930450 -0.009200270 -0.007506588 0.003054925 -0.006497262 0.001473028 0.999973238
1548340305.068200 0.010730714 -0.009010484 -0.005310329 0.003184109 -0.007641977 0.001713786 0.999964297
1548340305.101710 0.011667076 -0.006789912 -0.004545790 0.003633443 -0.007637873 0.001887528 0.999962509
1548340305.135170 0.006991872 -0.008987916 -0.008428029 0.003251539 -0.006227441 0.001552489 0.999974132
1548340305.168740 0.007019348 -0.008897305 -0.008102719 0.002935102 -0.006109423 0.001851042 0.999975383
1548340305.202260 0.007731105 -0.009168048 -0.005672920 0.002942478 -0.006402920 0.001698170 0.999973714
1548340305.235780 0.007710774 -0.007731260 -0.005773300 0.003450581 -0.006073448 0.001542539 0.999974430
1548340305.269290 0.007727989 -0.006971874 -0.006362956 0.003635547 -0.006017724 0.001874066 0.999973595
1548340305.302750 0.008266097 -0.007877355 -0.006263784 0.003641671 -0.006176881 0.001849522 0.999972582
1548340305.336270 0.008126744 -0.008536680 -0.005959447 0.003801733 -0.006104625 0.001939896 0.999972284
1548340305.369780 0.008827220 -0.009297668 -0.007524658 0.003886706 -0.006359495 0.002225487 0.999969780
1548340305.403290 0.009362387 -0.009653986 -0.008394984 0.003927192 -0.006556503 0.001767459 0.999969304
1548340305.436550 0.008881712 -0.008180670 -0.008558498 0.004009020 -0.006259238 0.001810327 0.999970734
1548340305.470040 0.008972148 -0.008062419 -0.008114646 0.003880539 -0.006298551 0.001921478 0.999970853
1548340305.503560 0.008788767 -0.008673456 -0.008024410 0.003837835 -0.006541445 0.001883328 0.999969482
1548340305.537070 0.009240719 -0.008495340 -0.008190296 0.003960700 -0.006549859 0.001661075 0.999969363
1548340305.570560 0.009294524 -0.007448019 -0.009072707 0.003903320 -0.006434868 0.001893644 0.999969959
1548340305.604070 0.008389847 -0.008176067 -0.008260058 0.003669687 -0.006562030 0.001875266 0.999970078
1548340305.637590 0.008422039 -0.009317159 -0.007268733 0.003728693 -0.006650141 0.001651856 0.999969602
1548340305.671110 0.009612949 -0.009013148 -0.009029421 0.003881340 -0.006584219 0.001629528 0.999969542
1548340305.704650 0.009158836 -0.007185629 -0.009604917 0.003868546 -0.006366285 0.001785806 0.999970675
1548340305.738140 0.008376102 -0.008041173 -0.007566111 0.003653035 -0.006499179 0.001889286 0.999970436
1548340305.771640 0.008683044 -0.009954246 -0.007788490 0.003654493 -0.006586823 0.002004258 0.999969661
1548340305.805150 0.009585296 -0.009348025 -0.009669949 0.003917430 -0.006687093 0.001926521 0.999968112
1548340305.838570 0.009406542 -0.008090151 -0.009816373 0.003910745 -0.006738719 0.001916935 0.999967873
1548340305.872070 0.008937471 -0.009342489 -0.008568862 0.003705147 -0.006809776 0.001826453 0.999968350
1548340305.905580 0.008999800 -0.010160013 -0.008836056 0.003716109 -0.006918216 0.002197695 0.999966800
1548340305.939090 0.010245885 -0.010448747 -0.009813992 0.003816910 -0.007432035 0.001984081 0.999963164
1548340305.972610 0.010021306 -0.010038614 -0.010041862 0.003770252 -0.007472120 0.001779824 0.999963403
1548340306.006100 0.009601380 -0.009833572 -0.008847279 0.003733688 -0.007497084 0.001888116 0.999963164
1548340306.039580 0.009971733 -0.010656266 -0.009193562 0.003634744 -0.007595725 0.002135128 0.999962330
1548340306.073100 0.012116447 -0.010545287 -0.009602830 0.003606588 -0.008007348 0.002078203 0.999959290
1548340306.106580 0.011286015 -0.010250825 -0.009600227 0.003469469 -0.007800170 0.002022495 0.999961495
1548340306.140130 0.011079299 -0.010348151 -0.008870568 0.003318358 -0.007946889 0.002077335 0.999960780
1548340306.173640 0.010789648 -0.011216417 -0.008260439 0.003303451 -0.007927978 0.001819895 0.999961495
1548340306.207160 0.011037124 -0.011383878 -0.008399343 0.003376782 -0.008069548 0.002222462 0.999959290
1548340306.240650 0.012009207 -0.012087107 -0.009070958 0.003412977 -0.008282210 0.001968853 0.999957979
1548340306.274160 0.012060456 -0.010474855 -0.010328025 0.003469527 -0.008066199 0.001868326 0.999959707
1548340306.307670 0.011116842 -0.010024678 -0.009775177 0.003133640 -0.007983385 0.001618310 0.999961972
1548340306.341220 0.010562427 -0.010799154 -0.008620312 0.002757390 -0.008158882 0.001275750 0.999962151
1548340306.374740 0.009887524 -0.011978526 -0.007154791 0.002611510 -0.008155792 0.001185825 0.999962687
1548340306.408290 0.010297086 -0.011694757 -0.007584710 0.002708279 -0.008215666 0.001268980 0.999961793
1548340306.441810 0.009715228 -0.011167102 -0.007557536 0.002650746 -0.008217354 0.001364667 0.999961853
1548340306.475450 0.009257856 -0.012139610 -0.006781916 0.002538623 -0.008309530 0.001150446 0.999961674
1548340306.509280 0.009275652 -0.011783870 -0.006662619 0.002666207 -0.008498755 0.001153568 0.999959648
1548340306.542830 0.009564635 -0.012117282 -0.007249053 0.002596680 -0.008579701 0.000833517 0.999959528
1548340306.576350 0.009401778 -0.011606728 -0.007224576 0.002482587 -0.008850976 0.000864505 0.999957442
1548340306.609860 0.009160041 -0.012669204 -0.005796685 0.002217789 -0.009246861 0.000436258 0.999954760
1548340306.643380 0.008934210 -0.013691296 -0.004680665 0.002089835 -0.009343741 0.000002399 0.999954224
1548340306.676860 0.008817226 -0.012889336 -0.005632456 0.002025400 -0.009116136 0.000182807 0.999956429
1548340306.709890 0.007816434 -0.011142109 -0.005012588 0.001864009 -0.009272781 0.000445734 0.999955177
1548340306.743410 0.007781070 -0.012128999 -0.004085946 0.001466715 -0.009312946 0.000041748 0.999955595
1548340306.776920 0.008314432 -0.011494118 -0.004935472 0.001051370 -0.009192477 -0.000022535 0.999957204
1548340306.810440 0.008219643 -0.010172982 -0.004057353 0.000379729 -0.009071750 -0.000111605 0.999958873
1548340306.843960 0.006452026 -0.010473087 -0.002001077 -0.000363322 -0.008357411 -0.000330678 0.999965012
1548340306.877470 0.005803486 -0.009817237 -0.000635239 -0.000765400 -0.008206670 -0.000017768 0.999966085
1548340306.910990 0.005460171 -0.010106239 0.000946586 -0.001032342 -0.008028876 -0.000385424 0.999967158
1548340306.944500 0.005396684 -0.009780758 0.001574192 -0.001176562 -0.007662413 -0.000330586 0.999969900
1548340306.978020 0.005238813 -0.009042460 0.002610452 -0.001190879 -0.007244894 -0.000170609 0.999973059
1548340307.011540 0.005167307 -0.008541522 0.002610360 -0.001242450 -0.007039284 0.000261420 0.999974489
1548340307.045050 0.004889262 -0.008752262 0.003006598 -0.001295706 -0.006815618 0.000015781 0.999975979
1548340307.078760 0.004324137 -0.007562217 0.003369613 -0.001253001 -0.006306907 0.000168628 0.999979377
1548340307.112290 0.004237981 -0.007286867 0.003612039 -0.001430915 -0.005922766 0.000462871 0.999981344
1548340307.145810 0.004597708 -0.007539759 0.004468405 -0.001568004 -0.005715447 0.000359875 0.999982417
1548340307.179380 0.004486336 -0.006684669 0.004704546 -0.001624204 -0.005270353 0.000599765 0.999984682
1548340307.212910 0.003891637 -0.006575210 0.005079624 -0.001744810 -0.004948892 0.000839869 0.999985933
1548340307.246440 0.003534151 -0.006420519 0.005716699 -0.001755660 -0.004840700 0.001194893 0.999986053
1548340307.279970 0.003997198 -0.006008145 0.005478538 -0.001575956 -0.004724477 0.001171547 0.999986947
1548340307.313570 0.003991528 -0.005790593 0.005089423 -0.001667068 -0.004400549 0.001043483 0.999988377
1548340307.347080 0.003670495 -0.005019720 0.005094761 -0.001835236 -0.004101736 0.001421690 0.999988973
1548340307.380600 0.003370738 -0.005295672 0.006411909 -0.001917288 -0.004132586 0.001301512 0.999988794
1548340307.414230 0.003879450 -0.005094562 0.006611210 -0.001855467 -0.003922432 0.001426146 0.999989629
1548340307.448260 0.003864603 -0.004378058 0.006418213 -0.001750749 -0.003525168 0.001706162 0.999990880
1548340307.481770 0.003793497 -0.003870011 0.006295038 -0.001758827 -0.003446977 0.002214794 0.999990106
1548340307.515290 0.003744302 -0.004863103 0.006591134 -0.001730199 -0.003800783 0.002139603 0.999989033
1548340307.548800 0.004539037 -0.004472695 0.006087944 -0.001501517 -0.003824745 0.001736213 0.999990106
1548340307.582320 0.004474458 -0.003570231 0.005554217 -0.001570018 -0.003617008 0.001879454 0.999990463
1548340307.615840 0.003430987 -0.003807480 0.006014571 -0.001670579 -0.003754403 0.001816931 0.999989986
1548340307.649350 0.003542308 -0.004732393 0.006965182 -0.001535835 -0.004008611 0.001232710 0.999990046
1548340307.682870 0.004171919 -0.004140965 0.006043787 -0.001413908 -0.003966997 0.001222897 0.999990404
1548340307.716260 0.003978382 -0.005257692 0.006292410 -0.001709682 -0.004050392 0.001383349 0.999989390
1548340307.749570 0.002319327 -0.001115625 0.004267526 -0.001163972 -0.003563653 0.001656294 0.999991596
1548340307.783090 0.006353977 -0.002313845 0.002943474 -0.001294290 -0.003847377 0.001823267 0.999990106
1548340307.816610 0.004027489 -0.002305004 0.002927660 -0.001535206 -0.003216664 0.002035905 0.999991596
1548340307.850120 0.003112191 -0.004034738 0.001734367 -0.001888707 -0.003022500 0.001914991 0.999991834
1548340307.883640 -0.000463135 -0.002901576 0.002338025 -0.001415770 -0.002424759 0.001885225 0.999994338
1548340307.917150 0.002329343 -0.006746167 0.001192890 -0.001761017 -0.002949697 0.001695397 0.999992669
1548340307.950670 0.002161064 -0.008194764 0.001110506 -0.001915283 -0.002859622 0.001951065 0.999992192
1548340307.984190 0.003089913 -0.004655381 0.002044227 -0.001231353 -0.002989968 0.002779633 0.999990940
1548340308.017700 0.005901196 -0.003196918 0.001781392 -0.000798704 -0.003473865 0.002991939 0.999989212
1548340308.051220 0.006774591 -0.002674379 0.001663049 -0.000698208 -0.003628426 0.002922376 0.999988914
1548340308.084750 0.010712562 0.000002381 0.004737992 -0.000317703 -0.004259109 0.003235915 0.999985695
1548340308.118280 0.012183324 0.002362795 0.003639230 0.000216315 -0.004326393 0.003432711 0.999984801
1548340308.151790 0.007694649 -0.001762117 0.003420068 -0.000526168 -0.003432412 0.003179091 0.999988914
1548340308.185300 0.013023063 -0.001818223 0.005971837 -0.000331458 -0.004238936 0.003395420 0.999985218
1548340308.218820 0.018632377 -0.000386651 0.006804456 -0.000100189 -0.005131423 0.004168515 0.999978185
1548340308.252330 0.003597657 -0.005448124 0.005085853 -0.000730789 -0.002342374 0.003586681 0.999990642
1548340308.285830 0.003475801 -0.004001556 0.004778052 -0.000592981 -0.001936127 0.003851026 0.999990523
1548340308.319290 0.005301264 -0.004328714 0.005264495 -0.000771162 -0.002136069 0.003840699 0.999990106
1548340308.352770 0.008483687 -0.005314888 0.005908955 -0.000918365 -0.002483860 0.003957855 0.999988735
1548340308.386210 0.001642006 -0.004203286 0.002573604 -0.000462907 -0.001420205 0.003285903 0.999993503
1548340308.419720 0.004372800 -0.001269297 -0.000008500 0.000181404 -0.001600066 0.003621981 0.999992192
1548340308.453240 -0.000758318 0.001656532 -0.001219333 0.000977280 -0.000766031 0.003420559 0.999993443
1548340308.486720 -0.000833506 0.001420967 -0.001825962 0.001118386 -0.000568462 0.003864826 0.999991775
1548340308.520240 -0.002392896 0.000397811 -0.002954280 0.000968874 -0.000293469 0.003999039 0.999991536
1548340308.553730 -0.002738161 -0.000457172 -0.003089753 0.000758153 -0.000074144 0.004033245 0.999991655
1548340308.587240 -0.004427208 -0.001523542 -0.003280845 0.000594965 0.000264803 0.004004858 0.999991775
1548340308.620760 -0.007421660 -0.002775524 -0.003264281 0.000382990 0.000839470 0.003815890 0.999992371
1548340308.654270 -0.001214740 0.002881703 -0.004912946 0.001589829 -0.000013602 0.004201787 0.999989927
1548340308.687790 0.001836869 0.003106467 -0.004158611 0.001675856 -0.000493634 0.004500510 0.999988377
1548340308.721290 0.002110694 0.003242962 -0.004170636 0.001786468 -0.000784978 0.004450230 0.999988198
1548340308.754740 0.002493827 0.003317334 -0.004285949 0.001857679 -0.000715416 0.004507041 0.999987900
1548340308.788260 -0.007746664 0.005456139 -0.003648895 0.002198797 0.001385523 0.004048357 0.999988496
1548340308.821770 -0.004891541 0.005350299 -0.004188296 0.002145979 0.000971036 0.004254690 0.999988198
1548340308.855030 -0.007699965 0.005160508 -0.004086961 0.002123425 0.001468518 0.004062366 0.999988437
1548340308.888130 0.014854866 -0.001196713 -0.001855564 0.000938220 -0.001967947 0.004492234 0.999987543
1548340308.921650 0.012516762 -0.008322662 -0.000389876 -0.000422805 -0.001641161 0.003563371 0.999992251
1548340308.955170 0.016909828 -0.004849555 -0.002135952 0.000210091 -0.002227355 0.003875410 0.999990046
1548340308.989100 0.042390455 -0.000740639 0.000435006 0.000764450 -0.006384941 0.005579499 0.999963760
1548340309.022610 0.044185016 -0.007185212 0.000441219 -0.000426166 -0.006687445 0.005135444 0.999964356
1548340309.056130 0.010207019 -0.000756934 -0.005837784 0.000700917 -0.000280956 0.004828965 0.999988139
1548340309.089590 0.010413020 0.000364900 -0.000265537 0.000851467 -0.000750547 0.004721256 0.999988258
1548340309.123110 0.024783541 -0.003759148 -0.002040916 0.000178958 -0.003043201 0.004902421 0.999983430
1548340309.156620 0.036447149 -0.005125724 -0.003339516 0.000152888 -0.004734754 0.005674046 0.999972701
1548340309.190140 0.034442775 -0.005248121 -0.003661982 0.000272048 -0.004450127 0.005902785 0.999972701
1548340309.223660 0.015214263 0.000585922 0.000796165 0.001301788 -0.001532395 0.005654986 0.999981999
1548340309.257170 0.018858256 -0.002501864 -0.000160327 0.000752402 -0.001989818 0.006199748 0.999978542
1548340309.290690 0.007178026 -0.006135922 0.000724884 0.000004375 0.000126193 0.005378959 0.999985576
1548340309.324200 0.013379780 0.008982497 0.002295826 0.002355194 -0.000536181 0.005789502 0.999980330
1548340309.357720 0.013020118 0.007542767 0.002007260 0.002173722 -0.000326179 0.005228566 0.999983966
1548340309.391290 0.009229032 -0.003942803 -0.000176481 0.000179987 0.000315421 0.005990660 0.999981999
1548340309.424800 0.007168424 -0.004017402 0.000080919 0.000176789 0.000616356 0.006061725 0.999981463
1548340309.458320 0.008360112 0.001806893 -0.001170536 0.001088738 0.000565952 0.006124840 0.999980509
1548340309.491840 0.000724144 0.007479793 0.000567894 0.002092540 0.001909560 0.005608043 0.999980271
1548340309.525370 -0.071729526 0.003031824 0.004475638 0.001378629 0.013723357 0.003512402 0.999898732
1548340309.559110 0.013986934 0.008215064 -0.000983347 0.001955132 -0.000110260 0.005404245 0.999983490
1548340309.592670 0.014569041 0.010029900 -0.002137115 0.002060277 -0.000105889 0.005145557 0.999984682
1548340309.626180 -0.020391371 -0.000398990 0.002303982 0.000414506 0.005402209 0.004561347 0.999974906
1548340309.659700 -0.019423470 0.002870280 0.001157147 0.000956966 0.005304220 0.004356329 0.999976039
1548340309.693260 -0.012588241 0.001505736 0.001434358 0.000534351 0.004457076 0.004761602 0.999978602
1548340309.726780 -0.013450237 0.002549656 0.001927824 0.000572117 0.004748521 0.004820612 0.999976993
1548340309.760300 -0.013635191 0.000779837 0.002515706 0.000195357 0.004823185 0.004967473 0.999976039
1548340309.793860 -0.012936455 0.001872683 0.002038934 0.000334543 0.004831776 0.004851878 0.999976516
1548340309.827330 -0.013061025 0.001611081 0.002009606 0.000237272 0.005107733 0.004824211 0.999975324
1548340309.860850 -0.012770629 -0.001853808 0.003429877 -0.000288056 0.004952705 0.005099511 0.999974668
1548340309.894360 -0.014130940 0.000831478 0.002536130 0.000303832 0.005174142 0.004974476 0.999974251
1548340309.927830 -0.013680913 0.002526326 0.001606676 0.000657720 0.005476928 0.005220367 0.999971211
1548340309.961340 -0.011551304 -0.000715958 0.002672425 0.000108825 0.005347856 0.005824399 0.999968767
1548340309.994870 -0.016476741 -0.004685729 0.002507586 -0.000482713 0.006023424 0.005887064 0.999964416
1548340310.028420 -0.016618162 -0.002514229 0.001282027 -0.000130746 0.006314733 0.005764190 0.999963462
1548340310.061900 -0.016128182 -0.004031421 0.001721379 -0.000469458 0.006438113 0.005907373 0.999961734
1548340310.095420 -0.015736375 -0.006215151 0.002684152 -0.000915100 0.006206707 0.006020844 0.999962211
1548340310.128980 -0.017303362 -0.004775393 0.002398102 -0.000553122 0.006472898 0.005874212 0.999961674
1548340310.162540 -0.015765298 -0.004421315 0.002056427 -0.000380613 0.006335463 0.006129456 0.999961078
1548340310.196060 -0.015137373 -0.005170227 0.002207182 -0.000517046 0.006215638 0.006219945 0.999961197
1548340310.229600 -0.014913172 -0.003626053 0.001912989 -0.000291456 0.006252661 0.005966572 0.999962687
1548340310.263110 0.018760517 0.001973576 -0.000271347 0.000551473 0.001218484 0.007227937 0.999972999
1548340310.296630 0.017875081 -0.003208679 -0.000003258 -0.000380093 0.001398021 0.007191199 0.999973118
1548340310.330190 0.014326583 -0.001976324 0.000422959 -0.000090487 0.001997224 0.006848868 0.999974549
1548340310.363930 0.013375339 -0.001786058 -0.000042939 -0.000059857 0.002187584 0.006672313 0.999975443
1548340310.397450 0.012029437 -0.001459476 0.000373529 0.000014692 0.002417653 0.006623201 0.999975145
1548340310.431050 0.011352491 -0.003096295 0.000651434 -0.000170512 0.002380383 0.006791847 0.999974132
1548340310.464570 0.009350803 0.000887413 0.000047411 0.000591491 0.002658407 0.006678747 0.999974012
1548340310.498080 0.009181564 0.001052811 0.001457605 0.000397210 0.002847605 0.006727286 0.999973238
1548340310.531680 0.004097383 -0.003859047 0.000455866 -0.000509997 0.003646076 0.006588473 0.999971569
1548340310.565390 0.002879471 -0.004830093 0.003523310 -0.000737497 0.003881925 0.006371261 0.999971926
1548340310.598710 0.004032508 -0.004944694 0.002004609 -0.000586293 0.003688155 0.006412430 0.999972522
1548340310.632150 0.003850723 -0.007391762 -0.001375363 -0.000676102 0.003546911 0.006710874 0.999970973
1548340310.665590 0.003865615 -0.007141298 -0.001570590 -0.000463331 0.003427753 0.006815125 0.999970794
1548340310.699110 0.003167825 -0.006756615 -0.001949328 -0.000444740 0.003460194 0.006637445 0.999971926
1548340310.732610 0.003123949 -0.006707553 -0.001857551 -0.000714761 0.003687472 0.006472561 0.999972045
1548340310.766140 0.003495901 -0.007047785 -0.001106112 -0.000933419 0.003776711 0.006550623 0.999971032
1548340310.799640 0.003716633 -0.007433133 -0.000857196 -0.000912634 0.003536353 0.006603736 0.999971569
1548340310.833160 0.003067201 -0.007263392 -0.001180707 -0.000907506 0.003715299 0.006461198 0.999971867
1548340310.866510 0.003176807 -0.006890825 -0.001054826 -0.001029015 0.003866500 0.006512608 0.999970853
1548340310.899910 0.002892206 -0.007062450 0.000456172 -0.001283077 0.004070745 0.006437043 0.999970257
1548340310.933420 0.002825145 -0.006455511 0.001877462 -0.001195158 0.004230233 0.006415005 0.999969780
1548340310.966930 0.015179770 0.000133705 0.001786846 -0.000257177 0.002281711 0.006376720 0.999977052
1548340311.000460 0.012092104 -0.001080766 0.001563569 -0.000699231 0.002789654 0.006065195 0.999977469
1548340311.033980 0.025561238 0.002223826 0.001542248 -0.000145482 0.000726644 0.006685513 0.999977410
1548340311.067480 0.025459727 0.001787311 0.001558456 -0.000196540 0.000847437 0.006613964 0.999977767
1548340311.101000 0.025346391 0.002208396 0.001483885 -0.000145388 0.001081699 0.006746672 0.999976635
1548340311.134510 0.024770837 0.000244245 0.001498137 -0.000644549 0.001293895 0.006627102 0.999976993
1548340311.167940 0.023573956 -0.000691194 0.001483837 -0.000915750 0.001605659 0.006681596 0.999976039
1548340311.201450 0.025260795 0.000542997 0.001064987 -0.001166126 0.001370094 0.006364398 0.999978185
1548340311.234880 0.024056874 0.000875224 0.002445176 -0.001774282 0.002113718 0.006186438 0.999977112
1548340311.268390 0.022696871 -0.001089263 0.004945995 -0.002415488 0.002325675 0.006177909 0.999975324
1548340311.301610 0.023473879 -0.002288875 0.005443282 -0.002757213 0.002007760 0.005917419 0.999976695
1548340311.335100 0.023252511 -0.002104190 0.006094474 -0.002607892 0.002162520 0.005939461 0.999976635
1548340311.368600 0.022872010 -0.001372378 0.007227225 -0.002164157 0.002328047 0.006175387 0.999975920
1548340311.402120 0.023073101 -0.001174702 0.007036822 -0.001797395 0.001943283 0.006219102 0.999977171
1548340311.435630 0.023457002 -0.001802513 0.006216139 -0.001653186 0.001683925 0.006142900 0.999978364
1548340311.469130 0.023782555 -0.001698747 0.005600004 -0.001478336 0.001457492 0.006141996 0.999979019
1548340311.502580 0.023655441 -0.001253844 0.006086844 -0.001342922 0.001215852 0.006192709 0.999979198
1548340311.536090 0.024230385 -0.002121369 0.005714726 -0.001481884 0.000733141 0.005795656 0.999981880
1548340311.569610 0.023844296 -0.001014871 0.008087437 -0.001227386 0.000769326 0.005704997 0.999982715
1548340311.603130 0.024344813 -0.000723903 0.008496054 -0.001054380 0.000496485 0.005667465 0.999983311
1548340311.636640 0.024743721 -0.000206722 0.008152764 -0.000856373 0.000079211 0.005507770 0.999984503
1548340311.670140 0.024923516 0.000669545 0.008683974 -0.000616327 -0.000262178 0.005418662 0.999985099
1548340311.703650 0.025095074 0.000897394 0.009087702 -0.000404372 -0.000731964 0.005161587 0.999986351
1548340311.737130 0.025921620 0.000852646 0.008298197 -0.000272357 -0.001147799 0.004620822 0.999988675
1548340311.770650 0.026108878 0.002382003 0.010533792 0.000106265 -0.001391618 0.004302295 0.999989808
1548340311.804160 0.027388368 0.001608691 0.010097234 0.000172180 -0.002137838 0.003982106 0.999989808
1548340311.837680 0.027969847 0.001150759 0.009457973 0.000290153 -0.002663583 0.003695702 0.999989569
1548340311.871230 0.027433200 0.002194731 0.009891063 0.000630991 -0.002743840 0.003594133 0.999989629
1548340311.904740 0.027530763 0.002321467 0.010288764 0.000785597 -0.003325321 0.003447234 0.999988198
1548340311.938260 0.029304596 0.002091729 0.008677199 0.000745685 -0.004056386 0.002956074 0.999987185
1548340311.971790 0.029229933 0.002288195 0.009355973 0.000783123 -0.004255850 0.002742556 0.999986887
1548340312.005300 0.014214912 -0.000664139 0.009382403 0.000517441 -0.002905177 0.001436618 0.999994636
1548340312.038770 0.013274483 -0.000300013 0.009351495 0.001044771 -0.003636092 0.000993980 0.999992430
1548340312.072340 0.016027940 -0.000961625 0.008296569 0.001421613 -0.004040107 0.001195135 0.999990165
1548340312.105850 0.014793891 0.004760917 0.008020580 0.002668268 -0.003419025 0.001804163 0.999988973
1548340312.139370 0.014480754 0.004515157 0.008290354 0.002778437 -0.003340961 0.002572788 0.999987304
1548340312.172900 0.014221711 0.003849051 0.008508373 0.002690845 -0.003531096 0.003573860 0.999983788
1548340312.206450 0.014468236 0.003246776 0.008553703 0.002431840 -0.004287858 0.004714844 0.999976754
1548340312.240420 0.016092923 0.002973034 0.008369992 0.001964719 -0.005894250 0.005318766 0.999966562
1548340312.273940 0.015671397 0.003171714 0.008075851 0.001365000 -0.006910494 0.005322398 0.999961078
1548340312.307510 0.015619483 0.001044553 0.008931077 0.000365315 -0.007913607 0.005083852 0.999955714
1548340312.341020 0.016270269 -0.000628121 0.010028100 -0.000328749 -0.009113062 0.004885755 0.999946535
1548340312.374540 0.017461685 -0.000520690 0.010209918 -0.000472861 -0.009736164 0.004634553 0.999941766
1548340312.408050 0.017284198 -0.002106534 0.011574537 -0.000529950 -0.009850524 0.004847709 0.999939680
1548340312.441570 0.017378971 -0.003751001 0.012482734 -0.000019473 -0.010069937 0.005002737 0.999936879
1548340312.475030 0.018108064 -0.004366122 0.012768647 0.000831859 -0.009870468 0.005333469 0.999936759
1548340312.508600 0.018172083 -0.005004408 0.013231050 0.001870536 -0.009610699 0.005847165 0.999935031
1548340312.542130 0.018796416 -0.005897455 0.013454106 0.002780452 -0.009422104 0.006330148 0.999931753
1548340312.575660 0.019540828 -0.004774203 0.013551198 0.003792294 -0.009518329 0.006519535 0.999926269
1548340312.609240 0.020205809 -0.004390993 0.013332430 0.004341709 -0.009848794 0.006267098 0.999922514
1548340312.642800 0.020970643 -0.003934312 0.013369937 0.004630041 -0.009989723 0.005911459 0.999921918
1548340312.676270 0.021194939 -0.003495520 0.013806969 0.004763911 -0.009962301 0.005668582 0.999922991
1548340312.709820 0.021689815 -0.002433279 0.014120019 0.004794213 -0.010407202 0.005184921 0.999920964
1548340312.743330 0.021966748 -0.001042174 0.013705510 0.004584039 -0.010720056 0.004289784 0.999922872
1548340312.776680 0.021038035 -0.001115272 0.014375430 0.004042790 -0.010547569 0.003670553 0.999929488
1548340312.810000 0.019091653 -0.002616114 0.016554380 0.003406895 -0.011211603 0.003508241 0.999925256
1548340312.843510 0.017727703 -0.003004192 0.017240252 0.003125023 -0.012933701 0.003108769 0.999906659
1548340312.877230 0.015575351 -0.003511705 0.017739411 0.002982829 -0.015313090 0.002872772 0.999874234
1548340312.910910 0.014727220 -0.003201415 0.018098582 0.002982250 -0.018875664 0.002930001 0.999813139
1548340312.944530 0.012351839 -0.003917754 0.017197194 0.002588455 -0.022515051 0.002739143 0.999739408
1548340312.978130 0.010046791 -0.001490920 0.015408830 0.002032494 -0.025883816 0.002049722 0.999660850
1548340313.011560 0.010814874 -0.001466454 0.014690183 0.000491596 -0.029827477 0.001179726 0.999554336
