1.000000 0.000000 0.000000 0.000000 0.000000 1.000000 0.000000 0.000000 0.000000 0.000000 1.000000 0.000000
0.999995 -0.002267 -0.002414 0.010025 0.002266 0.999997 -0.000417 -0.017749 0.002415 0.000412 0.999997 0.562791
0.999977 -0.000945 -0.006673 0.055393 0.000904 0.999981 -0.006148 0.036199 0.006679 0.006142 0.999959 0.903400
0.999954 -0.000777 -0.009579 0.060098 0.000701 0.999968 -0.007978 0.030874 0.009585 0.007971 0.999922 1.340167
0.999854 -0.003163 -0.016818 0.116209 0.003003 0.999950 -0.009511 0.010334 0.016848 0.009460 0.999813 1.859375
0.999447 0.004088 -0.033008 0.310704 -0.005624 0.998898 -0.046586 0.501590 0.032782 0.046746 0.998369 2.682977
0.999781 -0.005957 -0.020044 0.110549 0.005671 0.999882 -0.014308 0.021431 0.020127 0.014191 0.999697 2.673647
0.999629 -0.005872 -0.026610 0.152524 0.005492 0.999882 -0.014312 0.009889 0.026691 0.014161 0.999543 3.220094
0.999422 -0.006967 -0.033278 0.201939 0.006447 0.999856 -0.015691 0.008542 0.033382 0.015467 0.999323 3.758709
0.999153 -0.005154 -0.040835 0.248716 0.004267 0.999754 -0.021783 0.022710 0.040938 0.021590 0.998928 4.326381
0.998737 -0.003882 -0.050087 0.312451 0.002539 0.999636 -0.026852 0.015465 0.050173 0.026691 0.998384 4.917712
0.999331 -0.002925 -0.036446 0.155657 0.001946 0.999637 -0.026886 -0.024406 0.036512 0.026797 0.998974 5.013944
0.999048 -0.000453 -0.043633 0.177678 -0.000805 0.999585 -0.028794 -0.022964 0.043628 0.028802 0.998633 5.593289
0.999009 0.000868 -0.044505 0.169271 -0.001772 0.999793 -0.020281 -0.047793 0.044478 0.020340 0.998803 6.025966
0.998640 0.001768 -0.052109 0.194293 -0.002366 0.999932 -0.011411 -0.046025 0.052086 0.011518 0.998576 6.626382
0.998307 0.003040 -0.058085 0.206992 -0.003305 0.999985 -0.004461 -0.065535 0.058070 0.004646 0.998302 7.195212
0.998505 0.005611 -0.054375 0.153454 -0.005837 0.999975 -0.003996 -0.091047 0.054351 0.004307 0.998513 7.591672
0.998114 0.008062 -0.060863 0.152387 -0.008893 0.999871 -0.013404 -0.084779 0.060747 0.013920 0.998056 8.188861
0.997641 0.004811 -0.068472 0.182347 -0.006038 0.999825 -0.017721 -0.092628 0.068375 0.018093 0.997496 8.750566
0.997145 0.004333 -0.075388 0.174933 -0.005641 0.999837 -0.017138 -0.098009 0.075301 0.017515 0.997007 9.368679
0.997446 0.003776 -0.071322 0.129795 -0.004182 0.999976 -0.005546 -0.131669 0.071299 0.005831 0.997438 9.825272
0.996867 0.005902 -0.078879 0.119746 -0.005571 0.999975 0.004414 -0.175608 0.078903 -0.003960 0.996874 10.483745
0.996259 0.000717 -0.086416 0.134989 -0.000329 0.999990 0.004507 -0.137593 0.086419 -0.004462 0.996249 11.083907
0.995395 -0.001450 -0.095850 0.151833 0.001639 0.999997 0.001887 -0.124078 0.095847 -0.002035 0.995394 11.711295
0.995758 -0.002921 -0.091969 0.106780 0.003071 0.999994 0.001488 -0.146371 0.091964 -0.001764 0.995761 12.117687
0.996253 0.004728 -0.086353 0.041820 -0.004998 0.999983 -0.002901 -0.165024 0.086337 0.003322 0.996260 12.654645
0.997353 0.001237 -0.072708 -0.085146 -0.001908 0.999956 -0.009158 -0.164211 0.072694 0.009272 0.997311 13.066243
0.995895 -0.003035 -0.090463 -0.028618 0.001772 0.999900 -0.014035 -0.189710 0.090497 0.013817 0.995801 13.820556
0.995634 -0.001818 -0.093320 -0.039594 -0.000133 0.999782 -0.020897 -0.187226 0.093338 0.020818 0.995417 14.443618
0.995131 -0.000572 -0.098561 -0.083088 -0.001540 0.999771 -0.021349 -0.208015 0.098550 0.021397 0.994902 15.076137
0.994636 -0.001078 -0.103432 -0.115744 -0.000971 0.999804 -0.019755 -0.227931 0.103433 0.019750 0.994440 15.700675
0.994123 -0.002911 -0.108216 -0.117549 0.000417 0.999734 -0.023067 -0.226860 0.108254 0.022887 0.993860 16.316500
0.993479 -0.001567 -0.114001 -0.161112 -0.001298 0.999685 -0.025054 -0.245859 0.114005 0.025039 0.993165 16.945646
0.992812 -0.002806 -0.119651 -0.200015 -0.000651 0.999584 -0.028848 -0.226060 0.119682 0.028719 0.992397 17.604284
0.992133 -0.002889 -0.125154 -0.276511 -0.000965 0.999527 -0.030727 -0.225359 0.125184 0.030606 0.991661 18.268030
0.991377 -0.004627 -0.130957 -0.325662 0.000348 0.999466 -0.032674 -0.232353 0.131038 0.032347 0.990849 18.919415
0.990403 -0.007484 -0.138007 -0.398372 0.002859 0.999429 -0.033675 -0.241344 0.138180 0.032957 0.989859 19.572990
0.989222 -0.007789 -0.146217 -0.469409 0.002949 0.999441 -0.033289 -0.262241 0.146394 0.032499 0.988692 20.219042
0.987788 -0.008965 -0.155544 -0.535713 0.004250 0.999522 -0.030622 -0.288734 0.155744 0.029587 0.987354 20.860661
0.986396 -0.012376 -0.163921 -0.589216 0.007528 0.999517 -0.030166 -0.305626 0.164215 0.028521 0.986012 21.528896
0.984568 -0.021441 -0.173686 -0.728415 0.014482 0.999044 -0.041238 -0.236766 0.174404 0.038086 0.983937 22.339838
0.983250 -0.022799 -0.180831 -0.802357 0.015312 0.998971 -0.042692 -0.258853 0.181618 0.039208 0.982587 23.094919
0.982227 -0.023308 -0.186245 -0.950348 0.015791 0.999004 -0.041743 -0.324807 0.187032 0.038060 0.981616 24.144733
0.980920 -0.030822 -0.191952 -1.067747 0.022788 0.998775 -0.043922 -0.364094 0.193071 0.038710 0.980421 25.092943
0.974736 -0.042750 -0.219230 -1.091324 0.034396 0.998534 -0.041785 -0.469869 0.220695 0.033189 0.974778 25.914804
0.973225 -0.052804 -0.223707 -1.332320 0.045335 0.998234 -0.038395 -0.584465 0.225340 0.027225 0.973900 26.889496
0.974601 -0.046152 -0.219140 -1.513642 0.035890 0.998075 -0.050584 -0.523594 0.221053 0.041434 0.974381 27.983223
0.972120 -0.057950 -0.227208 -1.714758 0.046002 0.997283 -0.057538 -0.600080 0.229925 0.045482 0.972145 28.948452
0.979818 0.043742 -0.195046 -2.710473 -0.055057 0.997077 -0.052973 -1.104576 0.192158 0.062643 0.979363 31.080210
0.979818 0.043742 -0.195046 -2.710473 -0.055057 0.997077 -0.052973 -1.104576 0.192158 0.062643 0.979363 31.080210
0.979818 0.043742 -0.195046 -2.710473 -0.055057 0.997077 -0.052973 -1.104576 0.192158 0.062643 0.979363 31.080210
0.979818 0.043742 -0.195046 -2.710473 -0.055057 0.997077 -0.052973 -1.104576 0.192158 0.062643 0.979363 31.080210
0.979818 0.043742 -0.195046 -2.710473 -0.055057 0.997077 -0.052973 -1.104576 0.192158 0.062643 0.979363 31.080210
0.979818 0.043742 -0.195046 -2.710473 -0.055057 0.997077 -0.052973 -1.104576 0.192158 0.062643 0.979363 31.080210
0.979818 0.043742 -0.195046 -2.710473 -0.055057 0.997077 -0.052973 -1.104576 0.192158 0.062643 0.979363 31.080210
0.979818 0.043742 -0.195046 -2.710473 -0.055057 0.997077 -0.052973 -1.104576 0.192158 0.062643 0.979363 31.080210
0.979818 0.043742 -0.195046 -2.710473 -0.055057 0.997077 -0.052973 -1.104576 0.192158 0.062643 0.979363 31.080210
0.979818 0.043742 -0.195046 -2.710473 -0.055057 0.997077 -0.052973 -1.104576 0.192158 0.062643 0.979363 31.080210
0.979818 0.043742 -0.195046 -2.710473 -0.055057 0.997077 -0.052973 -1.104576 0.192158 0.062643 0.979363 31.080210
0.979818 0.043742 -0.195046 -2.710473 -0.055057 0.997077 -0.052973 -1.104576 0.192158 0.062643 0.979363 31.080210
0.979818 0.043742 -0.195046 -2.710473 -0.055057 0.997077 -0.052973 -1.104576 0.192158 0.062643 0.979363 31.080210
0.979818 0.043742 -0.195046 -2.710473 -0.055057 0.997077 -0.052973 -1.104576 0.192158 0.062643 0.979363 31.080210
0.979818 0.043742 -0.195046 -2.710473 -0.055057 0.997077 -0.052973 -1.104576 0.192158 0.062643 0.979363 31.080210
0.979818 0.043742 -0.195046 -2.710473 -0.055057 0.997077 -0.052973 -1.104576 0.192158 0.062643 0.979363 31.080210
0.979818 0.043742 -0.195046 -2.710473 -0.055057 0.997077 -0.052973 -1.104576 0.192158 0.062643 0.979363 31.080210
0.979818 0.043742 -0.195046 -2.710473 -0.055057 0.997077 -0.052973 -1.104576 0.192158 0.062643 0.979363 31.080210
0.979818 0.043742 -0.195046 -2.710473 -0.055057 0.997077 -0.052973 -1.104576 0.192158 0.062643 0.979363 31.080210
0.979818 0.043742 -0.195046 -2.710473 -0.055057 0.997077 -0.052973 -1.104576 0.192158 0.062643 0.979363 31.080210
0.979818 0.043742 -0.195046 -2.710473 -0.055057 0.997077 -0.052973 -1.104576 0.192158 0.062643 0.979363 31.080210
0.979818 0.043742 -0.195046 -2.710473 -0.055057 0.997077 -0.052973 -1.104576 0.192158 0.062643 0.979363 31.080210
0.979818 0.043742 -0.195046 -2.710473 -0.055057 0.997077 -0.052973 -1.104576 0.192158 0.062643 0.979363 31.080210
0.979818 0.043742 -0.195046 -2.710473 -0.055057 0.997077 -0.052973 -1.104576 0.192158 0.062643 0.979363 31.080210
0.979818 0.043742 -0.195046 -2.710473 -0.055057 0.997077 -0.052973 -1.104576 0.192158 0.062643 0.979363 31.080210
0.979818 0.043742 -0.195046 -2.710473 -0.055057 0.997077 -0.052973 -1.104576 0.192158 0.062643 0.979363 31.080210
0.979818 0.043742 -0.195046 -2.710473 -0.055057 0.997077 -0.052973 -1.104576 0.192158 0.062643 0.979363 31.080210
0.979818 0.043742 -0.195046 -2.710473 -0.055057 0.997077 -0.052973 -1.104576 0.192158 0.062643 0.979363 31.080210
0.979818 0.043742 -0.195046 -2.710473 -0.055057 0.997077 -0.052973 -1.104576 0.192158 0.062643 0.979363 31.080210
0.979818 0.043742 -0.195046 -2.710473 -0.055057 0.997077 -0.052973 -1.104576 0.192158 0.062643 0.979363 31.080210
0.979818 0.043742 -0.195046 -2.710473 -0.055057 0.997077 -0.052973 -1.104576 0.192158 0.062643 0.979363 31.080210
0.979818 0.043742 -0.195046 -2.710473 -0.055057 0.997077 -0.052973 -1.104576 0.192158 0.062643 0.979363 31.080210
0.979818 0.043742 -0.195046 -2.710473 -0.055057 0.997077 -0.052973 -1.104576 0.192158 0.062643 0.979363 31.080210
0.979818 0.043742 -0.195046 -2.710473 -0.055057 0.997077 -0.052973 -1.104576 0.192158 0.062643 0.979363 31.080210
0.979818 0.043742 -0.195046 -2.710473 -0.055057 0.997077 -0.052973 -1.104576 0.192158 0.062643 0.979363 31.080210
0.979818 0.043742 -0.195046 -2.710473 -0.055057 0.997077 -0.052973 -1.104576 0.192158 0.062643 0.979363 31.080210
0.979818 0.043742 -0.195046 -2.710473 -0.055057 0.997077 -0.052973 -1.104576 0.192158 0.062643 0.979363 31.080210
0.979818 0.043742 -0.195046 -2.710473 -0.055057 0.997077 -0.052973 -1.104576 0.192158 0.062643 0.979363 31.080210
0.979818 0.043742 -0.195046 -2.710473 -0.055057 0.997077 -0.052973 -1.104576 0.192158 0.062643 0.979363 31.080210
0.979818 0.043742 -0.195046 -2.710473 -0.055057 0.997077 -0.052973 -1.104576 0.192158 0.062643 0.979363 31.080210
0.979818 0.043742 -0.195046 -2.710473 -0.055057 0.997077 -0.052973 -1.104576 0.192158 0.062643 0.979363 31.080210
0.979818 0.043742 -0.195046 -2.710473 -0.055057 0.997077 -0.052973 -1.104576 0.192158 0.062643 0.979363 31.080210
0.979818 0.043742 -0.195046 -2.710473 -0.055057 0.997077 -0.052973 -1.104576 0.192158 0.062643 0.979363 31.080210
0.979818 0.043742 -0.195046 -2.710473 -0.055057 0.997077 -0.052973 -1.104576 0.192158 0.062643 0.979363 31.080210
0.979818 0.043742 -0.195046 -2.710473 -0.055057 0.997077 -0.052973 -1.104576 0.192158 0.062643 0.979363 31.080210
0.979818 0.043742 -0.195046 -2.710473 -0.055057 0.997077 -0.052973 -1.104576 0.192158 0.062643 0.979363 31.080210
0.979818 0.043742 -0.195046 -2.710473 -0.055057 0.997077 -0.052973 -1.104576 0.192158 0.062643 0.979363 31.080210
0.979818 0.043742 -0.195046 -2.710473 -0.055057 0.997077 -0.052973 -1.104576 0.192158 0.062643 0.979363 31.080210
0.979818 0.043742 -0.195046 -2.710473 -0.055057 0.997077 -0.052973 -1.104576 0.192158 0.062643 0.979363 31.080210
0.979818 0.043742 -0.195046 -2.710473 -0.055057 0.997077 -0.052973 -1.104576 0.192158 0.062643 0.979363 31.080210
0.979818 0.043742 -0.195046 -2.710473 -0.055057 0.997077 -0.052973 -1.104576 0.192158 0.062643 0.979363 31.080210
0.979818 0.043742 -0.195046 -2.710473 -0.055057 0.997077 -0.052973 -1.104576 0.192158 0.062643 0.979363 31.080210
