1.000000 0.000000 0.000000 0.000000 0.000000 1.000000 0.000000 0.000000 0.000000 0.000000 1.000000 0.000000
0.999997 -0.001770 -0.001743 0.004151 0.001768 0.999998 -0.001093 -0.005859 0.001745 0.001089 0.999998 0.560136
0.999993 -0.002310 -0.002925 -0.001959 0.002302 0.999994 -0.002674 -0.016706 0.002931 0.002668 0.999992 1.109050
0.999988 -0.002702 -0.003967 -0.022910 0.002688 0.999991 -0.003417 -0.039389 0.003976 0.003406 0.999986 1.668805
0.999968 -0.004495 -0.006689 -0.022262 0.004458 0.999974 -0.005595 -0.041736 0.006714 0.005565 0.999962 2.229472
0.999938 -0.007139 -0.008586 -0.013631 0.007071 0.999944 -0.007894 -0.048213 0.008642 0.007832 0.999932 2.754949
0.999913 -0.008562 -0.010066 -0.028638 0.008481 0.999932 -0.008057 -0.067553 0.010135 0.007970 0.999917 3.331399
0.999890 -0.008577 -0.012092 -0.024308 0.008493 0.999939 -0.007019 -0.085776 0.012152 0.006916 0.999902 3.879878
0.999868 -0.009236 -0.013348 -0.042491 0.009129 0.999926 -0.008019 -0.087555 0.013421 0.007896 0.999879 4.474614
0.999846 -0.008840 -0.015160 -0.042937 0.008680 0.999906 -0.010621 -0.106272 0.015253 0.010487 0.999829 5.062915
0.999853 -0.007004 -0.015658 -0.053361 0.006776 0.999871 -0.014565 -0.125541 0.015758 0.014457 0.999771 5.634889
0.999836 -0.005586 -0.017215 -0.066303 0.005273 0.999821 -0.018167 -0.140689 0.017313 0.018073 0.999687 6.246423
0.999816 -0.004273 -0.018706 -0.082156 0.003939 0.999833 -0.017842 -0.155753 0.018779 0.017765 0.999666 6.861727
0.999790 -0.001864 -0.020419 -0.096896 0.001640 0.999938 -0.010978 -0.167117 0.020438 0.010942 0.999731 7.495871
0.999791 -0.000570 -0.020419 -0.111263 0.000554 0.999999 -0.000777 -0.178296 0.020420 0.000765 0.999791 8.133428
0.999752 0.000579 -0.022279 -0.117477 -0.000445 0.999982 0.006011 -0.194066 0.022282 -0.005999 0.999734 8.814078
0.999730 0.002648 -0.023073 -0.151354 -0.002532 0.999984 0.005047 -0.205691 0.023086 -0.004988 0.999721 9.472749
0.999717 0.004825 -0.023303 -0.192678 -0.004882 0.999985 -0.002371 -0.210168 0.023291 0.002484 0.999726 10.158165
0.999697 0.004370 -0.024239 -0.197751 -0.004572 0.999955 -0.008293 -0.210546 0.024202 0.008401 0.999672 10.830894
0.999644 0.002325 -0.026596 -0.205552 -0.002504 0.999975 -0.006700 -0.217374 0.026580 0.006764 0.999624 11.571589
0.999620 0.001346 -0.027525 -0.224019 -0.001265 0.999995 0.002980 -0.228676 0.027529 -0.002944 0.999617 12.314023
0.999594 0.000683 -0.028473 -0.236668 -0.000375 0.999942 0.010799 -0.236059 0.028479 -0.010784 0.999536 13.054511
0.999631 -0.000437 -0.027151 -0.275700 0.000779 0.999920 0.012593 -0.235033 0.027144 -0.012609 0.999552 13.824092
0.999636 -0.002221 -0.026891 -0.303407 0.002543 0.999925 0.011957 -0.241644 0.026863 -0.012021 0.999567 14.614411
0.999611 -0.003167 -0.027693 -0.314997 0.003430 0.999949 0.009467 -0.238007 0.027661 -0.009558 0.999572 15.413828
0.999636 -0.000590 -0.026971 -0.349609 0.000753 0.999981 0.006048 -0.238588 0.026967 -0.006066 0.999618 16.233452
0.999622 -0.004227 -0.027150 -0.354946 0.004250 0.999991 0.000816 -0.241705 0.027146 -0.000931 0.999631 17.083509
0.999672 -0.006783 -0.024710 -0.388599 0.006626 0.999957 -0.006435 -0.245571 0.024753 0.006270 0.999674 17.944818
0.999718 -0.004989 -0.023201 -0.439403 0.004723 0.999923 -0.011503 -0.265536 0.023257 0.011390 0.999665 18.849960
0.999670 -0.004627 -0.025255 -0.431403 0.004300 0.999907 -0.012969 -0.266603 0.025312 0.012856 0.999597 19.727453
0.999660 -0.003790 -0.025777 -0.468440 0.003503 0.999931 -0.011193 -0.305805 0.025818 0.011099 0.999605 20.641600
0.999635 -0.003008 -0.026854 -0.491604 0.002663 0.999913 -0.012888 -0.318334 0.026890 0.012812 0.999556 21.567694
0.999710 0.000801 -0.024071 -0.516262 -0.001175 0.999879 -0.015525 -0.337533 0.024056 0.015548 0.999590 22.468695
0.999712 0.004420 -0.023584 -0.580700 -0.004815 0.999849 -0.016696 -0.355881 0.023507 0.016804 0.999582 23.457872
0.999739 0.006876 -0.021803 -0.678885 -0.007214 0.999854 -0.015489 -0.398284 0.021693 0.015642 0.999642 24.432226
0.999647 0.006653 -0.025700 -0.636654 -0.007062 0.999849 -0.015847 -0.413666 0.025591 0.016023 0.999544 25.357307
0.999652 0.006509 -0.025564 -0.689915 -0.006920 0.999848 -0.016014 -0.430326 0.025456 0.016186 0.999545 26.314009
0.999628 0.006861 -0.026379 -0.738357 -0.007340 0.999809 -0.018117 -0.421223 0.026250 0.018304 0.999488 27.273615
0.999563 0.006897 -0.028756 -0.758928 -0.007251 0.999899 -0.012218 -0.495446 0.028669 0.012421 0.999512 28.347605
0.999624 0.009869 -0.025589 -0.728198 -0.010181 0.999875 -0.012093 -0.527565 0.025467 0.012349 0.999599 29.218367
0.999573 0.009706 -0.027574 -0.741495 -0.010079 0.999859 -0.013420 -0.556761 0.027439 0.013692 0.999530 30.257776
0.999575 0.010153 -0.027313 -0.769455 -0.010525 0.999853 -0.013496 -0.595670 0.027172 0.013778 0.999536 31.274857
0.999598 0.009958 -0.026551 -0.814599 -0.010309 0.999861 -0.013129 -0.608762 0.026417 0.013398 0.999561 32.211861
0.999553 0.009837 -0.028239 -0.836724 -0.010145 0.999890 -0.010796 -0.627752 0.028130 0.011078 0.999543 33.263943
0.999553 0.009834 -0.028225 -0.882068 -0.010030 0.999926 -0.006837 -0.652053 0.028155 0.007117 0.999578 34.297558
0.999539 0.009542 -0.028826 -0.930996 -0.009677 0.999943 -0.004558 -0.678430 0.028781 0.004835 0.999574 35.364277
0.999529 0.009025 -0.029343 -0.930339 -0.009154 0.999949 -0.004255 -0.693210 0.029303 0.004521 0.999560 36.350719
0.999521 0.009182 -0.029569 -0.980908 -0.009377 0.999935 -0.006474 -0.704414 0.029508 0.006749 0.999542 37.411228
0.999465 0.008773 -0.031509 -1.012689 -0.009026 0.999928 -0.007887 -0.710624 0.031438 0.008167 0.999472 38.498356
0.999505 0.008422 -0.030305 -1.113820 -0.008636 0.999939 -0.006937 -0.730667 0.030245 0.007196 0.999517 39.589211
0.999438 0.008937 -0.032296 -1.156170 -0.009118 0.999944 -0.005448 -0.740955 0.032246 0.005740 0.999463 40.660030
0.999461 0.008334 -0.031747 -1.238537 -0.008415 0.999962 -0.002420 -0.770884 0.031726 0.002686 0.999493 41.719299
0.999380 0.010765 -0.033518 -1.144976 -0.010809 0.999941 -0.001128 -0.814561 0.033504 0.001489 0.999437 42.640202
0.999336 0.013413 -0.033870 -1.205735 -0.013628 0.999888 -0.006130 -0.822760 0.033784 0.006588 0.999407 43.725735
0.999306 0.013896 -0.034566 -1.243604 -0.014220 0.999857 -0.009153 -0.852306 0.034434 0.009639 0.999361 44.759987
0.999330 0.013250 -0.034113 -1.272530 -0.013576 0.999864 -0.009343 -0.881227 0.033985 0.009800 0.999374 45.764984
0.999299 0.014326 -0.034586 -1.325953 -0.014597 0.999865 -0.007575 -0.897463 0.034473 0.008075 0.999373 46.849789
0.999311 0.014817 -0.034027 -1.365951 -0.014999 0.999875 -0.005099 -0.919789 0.033948 0.005606 0.999408 47.895580
0.999291 0.012891 -0.035377 -1.396713 -0.013042 0.999907 -0.004020 -0.942696 0.035322 0.004479 0.999366 48.959717
0.999355 0.012377 -0.033714 -1.426659 -0.012525 0.999913 -0.004182 -0.976311 0.033659 0.004601 0.999423 49.954903
0.999394 0.012056 -0.032653 -1.508949 -0.012274 0.999904 -0.006486 -0.994432 0.032572 0.006883 0.999446 51.052128
0.999352 0.011755 -0.034017 -1.499095 -0.012056 0.999890 -0.008643 -1.020268 0.033912 0.009047 0.999384 52.053230
0.999378 0.008352 -0.034256 -1.518518 -0.008733 0.999901 -0.011011 -1.035086 0.034160 0.011304 0.999352 53.054394
0.999402 0.009218 -0.033316 -1.566380 -0.009687 0.999856 -0.013931 -1.081670 0.033183 0.014246 0.999348 54.101425
0.999415 0.006425 -0.033601 -1.595122 -0.006960 0.999850 -0.015834 -1.108501 0.033495 0.016058 0.999310 55.168102
0.999424 0.005275 -0.033529 -1.645212 -0.005690 0.999908 -0.012311 -1.158170 0.033460 0.012495 0.999362 56.225666
0.999412 0.004794 -0.033962 -1.674245 -0.005027 0.999964 -0.006770 -1.179295 0.033929 0.006937 0.999400 57.247032
0.999466 0.002811 -0.032540 -1.716464 -0.002867 0.999995 -0.001667 -1.194163 0.032535 0.001759 0.999469 58.306400
0.999483 0.001712 -0.032102 -1.766479 -0.001754 0.999998 -0.001274 -1.211150 0.032100 0.001329 0.999484 59.374859
0.999478 -0.001433 -0.032280 -1.815122 0.001320 0.999993 -0.003502 -1.242392 0.032284 0.003457 0.999473 60.459652
0.999401 -0.003634 -0.034416 -1.799275 0.003429 0.999976 -0.006012 -1.280352 0.034437 0.005890 0.999390 61.457092
0.999405 -0.001502 -0.034462 -1.843389 0.001151 0.999947 -0.010191 -1.309783 0.034475 0.010146 0.999354 62.517559
0.999455 -0.001686 -0.032961 -1.880993 0.001164 0.999873 -0.015874 -1.305037 0.032984 0.015827 0.999331 63.475697
0.999482 0.001295 -0.032164 -1.944104 -0.001830 0.999860 -0.016622 -1.332609 0.032138 0.016672 0.999344 64.554222
0.999490 0.004057 -0.031687 -2.011088 -0.004443 0.999916 -0.012133 -1.373465 0.031635 0.012268 0.999424 65.640350
0.999471 0.006295 -0.031920 -2.021244 -0.006578 0.999940 -0.008760 -1.420622 0.031863 0.008965 0.999452 66.609154
0.999466 0.005318 -0.032253 -2.028646 -0.005636 0.999936 -0.009775 -1.428081 0.032199 0.009952 0.999432 67.675705
0.999489 0.003407 -0.031781 -2.081118 -0.003699 0.999951 -0.009144 -1.457346 0.031748 0.009257 0.999453 68.743477
0.999418 0.002552 -0.034018 -2.079738 -0.002808 0.999968 -0.007498 -1.479527 0.033997 0.007589 0.999393 69.755348
0.999442 0.000814 -0.033396 -2.122999 -0.001011 0.999982 -0.005903 -1.496349 0.033391 0.005934 0.999425 70.822433
0.999412 -0.000895 -0.034279 -2.164902 0.000738 0.999989 -0.004592 -1.521276 0.034283 0.004564 0.999402 71.864059
0.999371 -0.001575 -0.035428 -2.197358 0.001375 0.999983 -0.005649 -1.550288 0.035436 0.005596 0.999356 72.901131
0.999326 -0.001416 -0.036669 -2.225039 0.001049 0.999949 -0.010010 -1.571116 0.036681 0.009965 0.999277 73.918228
0.999327 -0.001665 -0.036641 -2.304467 0.001224 0.999927 -0.012053 -1.598891 0.036658 0.012000 0.999256 74.962036
0.999349 -0.001154 -0.036056 -2.421257 0.000770 0.999943 -0.010644 -1.609649 0.036066 0.010609 0.999293 75.995171
0.999276 0.001240 -0.038025 -2.357581 -0.001445 0.999985 -0.005366 -1.651467 0.038018 0.005417 0.999262 77.020386
0.999254 0.003029 -0.038506 -2.417878 -0.003090 0.999994 -0.001524 -1.681685 0.038501 0.001641 0.999257 78.087654
0.999197 0.003098 -0.039953 -2.448389 -0.003108 0.999995 -0.000198 -1.705213 0.039952 0.000322 0.999202 79.101952
0.999163 0.001068 -0.040899 -2.497232 -0.001149 0.999997 -0.001967 -1.742568 0.040897 0.002012 0.999161 80.102722
0.999157 0.002509 -0.040971 -2.543720 -0.002673 0.999989 -0.003949 -1.734749 0.040960 0.004055 0.999153 81.086449
0.999166 0.002517 -0.040764 -2.617574 -0.002700 0.999986 -0.004438 -1.753906 0.040753 0.004544 0.999159 82.114166
0.999140 0.000526 -0.041471 -2.688686 -0.000707 0.999990 -0.004332 -1.776914 0.041468 0.004358 0.999130 83.105804
0.999211 0.000021 -0.039715 -2.801083 -0.000174 0.999993 -0.003834 -1.789474 0.039715 0.003838 0.999204 84.109642
0.999038 -0.001187 -0.043843 -2.730222 0.001207 0.999999 0.000422 -1.828867 0.043843 -0.000475 0.999038 85.009735
0.998969 -0.002249 -0.045335 -2.776502 0.002325 0.999996 0.001613 -1.856489 0.045332 -0.001716 0.998971 85.967049
0.998977 -0.002833 -0.045143 -2.864969 0.002949 0.999992 0.002504 -1.889152 0.045135 -0.002634 0.998977 86.853622
0.998808 -0.002566 -0.048750 -2.927312 0.002578 0.999997 0.000199 -1.888050 0.048749 -0.000324 0.998811 87.760292
0.998515 -0.004709 -0.054273 -2.923579 0.004709 0.999989 -0.000115 -1.915637 0.054273 -0.000141 0.998526 88.647636
0.998339 -0.005043 -0.057383 -2.987031 0.005088 0.999987 0.000633 -1.942625 0.057379 -0.000924 0.998352 89.517685
0.998179 -0.002416 -0.060277 -3.059754 0.002454 0.999997 0.000552 -1.944184 0.060275 -0.000699 0.998182 90.348145
