1311870427.199132 0.0000000 0.0000000 0.0000000 -0.0000000 -0.0000000 -0.0000000 1.0000000
1311870427.263210 0.0006606 -0.0006538 -0.0029910 0.0022188 -0.0005356 0.0012312 0.9999967
1311870427.331187 -0.0002948 0.0002726 -0.0041413 0.0025183 -0.0016356 0.0023332 0.9999928
1311870427.363116 0.0005517 -0.0023958 -0.0040373 0.0014314 -0.0019352 0.0031112 0.9999923
1311870427.531159 -0.0010974 -0.0017390 -0.0059182 0.0010731 -0.0027954 0.0031054 0.9999907
1311870428.863232 -0.0001019 -0.0055752 -0.0130602 0.0039620 -0.0103211 -0.0034059 0.9999331
1311870429.263266 0.0009251 -0.0065284 -0.0106834 0.0047815 -0.0115980 -0.0049029 0.9999093
1311870429.431354 0.0018780 -0.0060127 -0.0115153 0.0039112 -0.0098244 -0.0051173 0.9999310
1311870430.599385 0.0176675 -0.0081045 -0.0125025 0.0040289 -0.0008156 -0.0057947 0.9999748
1311870431.231528 0.0766367 -0.0070704 -0.0191208 0.0039715 0.0204157 0.0016681 0.9997823
1311870431.263518 0.0815476 -0.0075296 -0.0198558 0.0037475 0.0225963 0.0021207 0.9997354
1311870431.399293 0.1006419 -0.0043121 -0.0221891 0.0031496 0.0310642 0.0032847 0.9995071
1311870431.499459 0.1144036 -0.0059540 -0.0195352 0.0024024 0.0339754 0.0045722 0.9994093
1311870431.631542 0.1311338 -0.0098421 -0.0264178 0.0066932 0.0383312 0.0056242 0.9992269
1311870433.499504 0.3391894 -0.0066628 -0.0435759 0.0076170 0.0242956 -0.0008095 0.9996755
1311870433.599748 0.3578588 -0.0048019 -0.0452205 0.0060312 0.0257284 -0.0000315 0.9996508
1311870433.731536 0.3794488 -0.0040931 -0.0423169 0.0044292 0.0283027 0.0003001 0.9995896
1311870433.963703 0.4079946 -0.0006961 -0.0362960 0.0024934 0.0394470 0.0059605 0.9992008
1311870434.199633 0.4274081 -0.0028895 -0.0284596 0.0015697 0.0489866 0.0083839 0.9987630
1311870434.767663 0.4755268 0.0072981 -0.0102000 -0.0224741 0.0561601 -0.0029066 0.9981646
1311870434.931645 0.4898363 0.0215961 0.0062974 -0.0527761 0.0492621 -0.0061486 0.9973716
1311870435.199566 0.5135205 0.0305872 0.0228898 -0.0916379 0.0323493 -0.0158806 0.9951401
1311870435.767597 0.5692934 0.0384864 0.0554319 -0.1279652 0.0363381 -0.0372336 0.9904131
1311870436.633915 0.6377578 0.0064490 0.0965048 -0.1090796 0.0203736 -0.0305059 0.9933559
1311870437.031944 0.6799256 -0.0272440 0.0945112 -0.0889082 -0.0064566 -0.0179825 0.9958566
1311870437.331827 0.7334086 -0.0446996 0.1008693 -0.0768401 -0.0253838 -0.0175260 0.9965662
1311870437.531864 0.7770197 -0.0589083 0.1099210 -0.0696684 -0.0407695 -0.0236462 0.9964563
1311870437.699777 0.8131471 -0.0719739 0.1190043 -0.0633272 -0.0497045 -0.0289921 0.9963326
1311870437.900069 0.8604597 -0.0844342 0.1247676 -0.0560128 -0.0631448 -0.0369293 0.9957467
1311870438.200093 0.9290153 -0.0978215 0.1302800 -0.0471780 -0.0778013 -0.0385288 0.9951064
1311870438.467869 0.9818802 -0.1009029 0.1260836 -0.0439548 -0.0854617 -0.0404883 0.9945476
1311870439.000222 1.0425217 -0.1093227 0.1394247 -0.0445642 -0.1088689 -0.0522519 0.9916811
1311870439.531912 1.0985427 -0.1350499 0.2132497 -0.0549327 -0.1177405 -0.0757806 0.9886237
1311870439.667868 1.1140025 -0.1472243 0.2298253 -0.0508951 -0.1322122 -0.0764107 0.9869605
1311870440.632152 1.2208844 -0.1622919 0.3222038 -0.0719054 -0.1967836 -0.1059801 0.9720463
1311870440.999991 1.2928753 -0.1613565 0.3565065 -0.0900042 -0.2295622 -0.1564646 0.9564096
1311870441.334609 1.3586484 -0.1487981 0.3817081 -0.1141232 -0.2408696 -0.1794779 0.9469664
1311870441.700172 1.4208049 -0.1306612 0.4086457 -0.1450323 -0.2382711 -0.1855404 0.9422140
1311870442.332140 1.4461188 -0.1701824 0.4510945 -0.1264415 -0.2349174 -0.1614391 0.9501388
1311870442.568220 1.4352974 -0.2041198 0.4738227 -0.1126953 -0.2445429 -0.1504274 0.9512466
1311870443.200234 1.4038440 -0.2480434 0.5160097 -0.0885769 -0.2565709 -0.1392442 0.9523322
1311870443.700456 1.4264815 -0.2664656 0.5513401 -0.0803450 -0.2865850 -0.1341504 0.9452076
1311870443.968820 1.4716748 -0.2814932 0.5785993 -0.0775254 -0.3103819 -0.1659938 0.9327909
1311870444.200428 1.5245854 -0.2898735 0.6024005 -0.0833211 -0.3370119 -0.1866054 0.9190534
1311870444.436312 1.5762953 -0.2886508 0.6183730 -0.0870358 -0.3589394 -0.1976700 0.9080275
1311870444.701032 1.6268680 -0.2693675 0.6425929 -0.1058430 -0.3675762 -0.2010727 0.9018064
1311870444.968539 1.6568613 -0.2467549 0.6751740 -0.1324965 -0.3626899 -0.2145080 0.8971550
1311870445.468401 1.7101049 -0.2505388 0.7496330 -0.1530641 -0.3813500 -0.2308071 0.8819703
1311870445.968392 1.7377499 -0.2662609 0.8203303 -0.1623356 -0.4122367 -0.2494228 0.8611018
1311870446.536436 1.7697387 -0.2942958 0.8966936 -0.1546158 -0.4351372 -0.2552872 0.8494575
1311870446.900517 1.8167586 -0.3287721 0.9564334 -0.1402641 -0.4799534 -0.2932515 0.8148462
1311870447.505391 1.8570007 -0.3691894 1.0321755 -0.1410091 -0.5122246 -0.3315836 0.7796119
1311870448.101910 1.7698838 -0.4056093 1.0563251 -0.1449010 -0.4941505 -0.3571722 0.7792605
1311870448.436494 1.6906351 -0.4212278 1.0728769 -0.1569334 -0.4810431 -0.3585514 0.7844809
1311870448.771225 1.6293756 -0.4228366 1.0813376 -0.1662445 -0.4787958 -0.3572223 0.7845442
1311870449.036575 1.5889446 -0.4322276 1.0883542 -0.1693358 -0.4912817 -0.3595368 0.7750490
1311870449.273412 1.5604502 -0.4420493 1.1011140 -0.1567963 -0.5245697 -0.3645783 0.7532093
1311870449.469614 1.5471283 -0.4525631 1.1237011 -0.1378505 -0.5593894 -0.3756975 0.7259009
1311870449.668836 1.5390294 -0.4709812 1.1620082 -0.1245452 -0.5987155 -0.3916641 0.6874791
1311870449.901187 1.5312907 -0.4803664 1.2110399 -0.1173199 -0.6312969 -0.4067881 0.6497875
1311870450.170909 1.5368509 -0.4721511 1.2530105 -0.1225662 -0.6401692 -0.4151355 0.6346837
1311870450.501134 1.5765599 -0.4627443 1.2771934 -0.1317036 -0.6498126 -0.4172580 0.6215252
1311870450.670066 1.6087031 -0.4595305 1.2780857 -0.1367063 -0.6566252 -0.4191532 0.6119359
1311870450.804254 1.6416146 -0.4520932 1.2882420 -0.1466034 -0.6667365 -0.4155677 0.6010603
1311870451.001936 1.6970979 -0.4576089 1.2995253 -0.1417590 -0.6712638 -0.4177284 0.5956612
1311870451.337433 1.7736642 -0.4632366 1.3309994 -0.1452161 -0.6766168 -0.4232112 0.5848027
1311870451.738569 1.8389478 -0.4880356 1.3984141 -0.1359817 -0.6919826 -0.4270114 0.5659774
1311870451.938315 1.8640935 -0.5063447 1.4521772 -0.1289454 -0.6991203 -0.4393202 0.5491827
1311870452.270154 1.8968492 -0.5313323 1.5435988 -0.1226517 -0.7153226 -0.4609878 0.5106472
1311870452.938955 1.9405208 -0.5744044 1.6377301 -0.1130873 -0.7455857 -0.4693560 0.4593672
1311870454.208507 1.8391910 -0.6169759 1.7782221 -0.1143168 -0.7868071 -0.4786826 0.3724638
1311870456.069304 1.8073146 -0.6685585 1.9458585 -0.0930085 -0.8179551 -0.4901278 0.2864851
1311870460.037231 1.7234833 -0.7413898 1.9904130 -0.0816863 -0.8236498 -0.4584561 0.3236456
1311870460.437268 1.7389551 -0.7733318 2.1192210 -0.0692542 -0.8098227 -0.4853949 0.3221535
1311870460.769399 1.7674719 -0.7880075 2.1913815 -0.0882822 -0.7765689 -0.5153058 0.3515777
1311870462.337274 1.9321165 -0.9258018 2.2461581 -0.0574094 -0.7805091 -0.4145683 0.4643736
1311870462.937692 1.9194143 -0.9908550 2.2884717 -0.0272108 -0.8380779 -0.3902218 0.3802787
1311870463.305619 1.9486556 -0.9814671 2.2688651 -0.0265164 -0.8669178 -0.3944219 0.3036144
1311870463.605460 2.0059788 -0.9583200 2.2292762 -0.0195962 -0.8746505 -0.4036933 0.2676456
1311870463.805393 2.0429926 -0.9389704 2.2029629 -0.0230671 -0.8755690 -0.4099070 0.2546039
1311870464.373516 2.0935733 -0.8981938 2.1912785 -0.0291534 -0.8581366 -0.4291077 0.2803895
1311870465.037669 2.1152246 -0.8599184 2.2018204 -0.0500457 -0.8368578 -0.4570619 0.2970839
1311870465.337585 2.1140296 -0.8382227 2.2355850 -0.0621484 -0.8311126 -0.4682474 0.2934856
1311870465.605756 2.1214547 -0.8171613 2.2426863 -0.0799798 -0.8147193 -0.4910482 0.2978379
1311870468.473795 2.0780141 -0.9226573 2.1912260 -0.0504163 -0.8501929 -0.3902106 0.3498085
1311870473.706403 2.0918250 -0.8555713 2.0767882 -0.0470400 -0.8446778 -0.3854187 0.3684550
1311870474.542326 1.9979119 -0.8375767 2.0291636 -0.0196207 -0.8386961 -0.3730512 0.3962786
1311870475.274175 2.0892143 -0.8117132 1.9467628 -0.0285970 -0.8151205 -0.3602667 0.4527349
1311870475.606225 2.1388626 -0.8003892 1.9173241 -0.0274936 -0.8036006 -0.3607915 0.4725459
1311870476.906567 2.2136800 -0.8263392 2.0305293 -0.0335297 -0.7852695 -0.3833505 0.4850463
1311870477.342447 2.2230370 -0.8177680 1.9875433 -0.0283751 -0.7862895 -0.3772310 0.4885085
1311870477.774408 2.2708788 -0.7872082 1.8866360 -0.0288813 -0.7831278 -0.3591873 0.5068147
1311870478.106703 2.2975273 -0.7577591 1.8190339 -0.0232350 -0.7760819 -0.3522187 0.5225888
1311870478.342699 2.2945170 -0.7484825 1.7835741 -0.0176120 -0.7788239 -0.3478767 0.5216368
1311870478.606731 2.2643390 -0.7456142 1.7449100 -0.0091320 -0.7850997 -0.3379216 0.5189837
1311870478.874346 2.2171521 -0.7513956 1.7133000 -0.0024110 -0.7960204 -0.3190832 0.5143264
1311870479.474631 2.1522412 -0.7448106 1.6742887 0.0168637 -0.7906699 -0.3117591 0.5266528
1311870480.006807 2.2020204 -0.7039294 1.5899699 0.0015427 -0.7692319 -0.3111440 0.5580943
1311870480.206595 2.2321186 -0.6890518 1.5645069 -0.0005448 -0.7593731 -0.3107085 0.5716752
1311870480.506517 2.2681448 -0.6648301 1.5454023 -0.0164124 -0.7433992 -0.3134211 0.5906399
1311870481.942739 2.3676653 -0.6720754 1.6203688 -0.0203347 -0.7297196 -0.3401926 0.5927604
1311870482.542650 2.4482918 -0.6236465 1.5058588 -0.0303991 -0.7173929 -0.3268027 0.6145106
1311870483.011189 2.4813924 -0.5826234 1.4432733 -0.0401370 -0.7102773 -0.3349512 0.6178212
1311870483.675720 2.4049513 -0.5837049 1.4062921 -0.0369051 -0.7233994 -0.3248580 0.6081108
1311870484.510960 2.3302429 -0.5644000 1.3434769 -0.0143676 -0.7210022 -0.3248702 0.6118895
1311870485.010871 2.3739858 -0.5170226 1.2337148 -0.0293214 -0.6943424 -0.3124478 0.6476151
1311870485.345369 2.3999648 -0.4880506 1.1791137 -0.0330658 -0.6828681 -0.3162148 0.6577279
1311870485.875826 2.3405375 -0.4731268 1.1340841 -0.0330919 -0.6888541 -0.3146414 0.6522161
1311870486.577795 2.2537358 -0.4772143 1.0767674 -0.0161440 -0.6857092 -0.3005427 0.6627340
1311870486.747476 2.2500329 -0.4813836 1.0465488 -0.0100784 -0.6743410 -0.2880174 0.6798593
1311870486.910964 2.2560484 -0.4871475 1.0039687 -0.0042455 -0.6619834 -0.2692541 0.6994728
1311870487.174917 2.2777991 -0.4829940 0.9435022 0.0103354 -0.6530179 -0.2413673 0.7177762
1311870487.375022 2.3007154 -0.4810379 0.9050186 0.0176787 -0.6425882 -0.2277562 0.7313651
1311870487.544312 2.3119059 -0.4611640 0.8774523 0.0169583 -0.6353614 -0.2308497 0.7367067
1311870487.643614 2.3156633 -0.4510387 0.8685861 0.0120176 -0.6323251 -0.2344077 0.7382910
1311870487.844713 2.3191233 -0.4371375 0.8591151 0.0080919 -0.6267154 -0.2426108 0.7404743
1311870488.013400 2.3098598 -0.4261574 0.8585740 0.0079237 -0.6261343 -0.2472152 0.7394442
1311870488.714949 2.2478256 -0.3779011 0.8770477 -0.0283345 -0.6227261 -0.2801810 0.7300054
1311870489.775225 2.3176031 -0.2857302 0.7663349 -0.0668468 -0.5720182 -0.2920346 0.7635723
1311870494.343373 2.3445048 -0.4454148 1.0753927 -0.0409835 -0.6085081 -0.2847743 0.7395552
1311870500.079955 2.3400898 -0.3954273 0.9289917 -0.0091384 -0.6300732 -0.2898497 0.7203551
1311870501.079842 2.2677484 -0.3200080 0.6967761 -0.0015854 -0.5762086 -0.2676132 0.7722463
1311870501.511909 2.2927420 -0.2554238 0.5509892 -0.0191839 -0.5537280 -0.2529915 0.7931031
1311870501.947888 2.2679293 -0.2194053 0.4827315 -0.0177404 -0.5490490 -0.2615569 0.7936111
1311870502.279943 2.2153897 -0.1916649 0.4289679 -0.0110292 -0.5460112 -0.2462705 0.8006878
1311870502.812215 2.1083436 -0.1601890 0.3687571 -0.0217042 -0.5181569 -0.2491727 0.8178968
1311870503.179945 2.0772820 -0.1466386 0.2995468 -0.0072307 -0.4876289 -0.2498619 0.8365015
1311870503.580038 2.0669334 -0.1048917 0.1663436 -0.0111487 -0.4564845 -0.2324843 0.8587483
1311870504.212116 2.0276060 -0.0646690 0.0657368 -0.0158693 -0.4383316 -0.2226256 0.8706615
1311870504.748338 1.9581249 -0.0895412 0.0960827 -0.0213095 -0.4227349 -0.2020905 0.8831764
1311870505.012129 1.9300320 -0.1141796 0.1210429 -0.0140483 -0.4023562 -0.1896944 0.8955044
1311870505.380043 1.8960924 -0.1372493 0.1107116 -0.0386697 -0.3798537 -0.1851301 0.9055068
1311870505.480019 1.8832898 -0.1328482 0.0907317 -0.0484290 -0.3681430 -0.1820874 0.9104776
1311870505.512232 1.8765597 -0.1351539 0.0837136 -0.0564890 -0.3711961 -0.1802795 0.9091325
1311870505.679928 1.8617952 -0.1576641 0.0529129 -0.0506241 -0.3580168 -0.1853279 0.9137367
1311870506.311921 1.7812706 -0.1787987 -0.0799264 -0.0367358 -0.3326616 -0.1585736 0.9288925
1311870506.548161 1.7308739 -0.1805792 -0.0935884 -0.0343614 -0.3291530 -0.1536063 0.9310654
1311870506.612421 1.7188033 -0.1832458 -0.0920796 -0.0320173 -0.3281806 -0.1509001 0.9319343
1311870506.812568 1.6667560 -0.1877451 -0.0962499 -0.0253677 -0.3254245 -0.1453236 0.9339895
1311870506.980175 1.6106391 -0.2034094 -0.0917623 -0.0221626 -0.3209311 -0.1415100 0.9362088
1311870507.048124 1.5904397 -0.2051930 -0.0947942 -0.0177274 -0.3207456 -0.1375219 0.9369609
1311870507.148230 1.5640991 -0.2123894 -0.1016349 -0.0169919 -0.3250451 -0.1301692 0.9365431
1311870507.180282 1.5558686 -0.2147571 -0.0996497 -0.0165158 -0.3253377 -0.1293515 0.9365633
1311870507.312261 1.5199790 -0.2204339 -0.1062798 -0.0170141 -0.3215420 -0.1345847 0.9371277
1311870507.480449 1.4747821 -0.2272557 -0.1120310 -0.0148564 -0.3075116 -0.1391810 0.9411932
1311870508.048355 1.3558187 -0.2367951 -0.1910164 -0.0270874 -0.2657604 -0.1135926 0.9569401
1311870508.248163 1.3134733 -0.2521766 -0.2123531 -0.0308302 -0.2399924 -0.1047470 0.9646146
1311870508.416350 1.2826099 -0.2575230 -0.2254271 -0.0240377 -0.2158862 -0.1021306 0.9707650
1311870508.448193 1.2788804 -0.2554637 -0.2325225 -0.0238060 -0.2138785 -0.1019639 0.9712325
1311870509.280562 1.1360346 -0.3130807 -0.1986349 -0.0337379 -0.1707852 -0.0919464 0.9804285
1311870509.848435 1.0277402 -0.3189920 -0.2074993 -0.0312777 -0.1278061 -0.0886595 0.9873332
1311870510.416479 0.8942162 -0.2844798 -0.2860481 -0.0485891 -0.0919163 -0.0575630 0.9929134
1311870511.048272 0.7479059 -0.2631477 -0.2831546 -0.0505372 -0.0906142 -0.0670942 0.9923373
1311870511.816641 0.5614878 -0.2841630 -0.2104127 -0.0326657 -0.0859727 -0.0734763 0.9930473
1311870512.380530 0.4388411 -0.2439195 -0.2247392 -0.0466954 -0.0331100 -0.0570860 0.9967269
1311870512.916597 0.3361399 -0.1835362 -0.2729804 -0.0368256 -0.0077297 -0.0441198 0.9983174
1311870513.180660 0.2987581 -0.1512192 -0.2712685 -0.0248520 -0.0020501 -0.0525295 0.9983080
1311870514.416768 0.1256763 -0.0419085 -0.1483735 -0.0452328 0.0218262 -0.0383514 0.9980014
1311870514.680698 0.0672988 -0.0201292 -0.1648593 -0.0521132 0.0327045 -0.0202590 0.9978999
1311870514.948944 0.0220252 0.0078149 -0.1986260 -0.0498265 0.0613752 -0.0084974 0.9968341
1311870515.380828 -0.0293598 0.0397392 -0.2086479 -0.0551652 0.0796917 -0.0008689 0.9952916
1311870515.717139 -0.0413296 0.0636971 -0.1684984 -0.0604001 0.0998909 0.0223799 0.9929113
1311870515.848866 -0.0465390 0.0694522 -0.1486204 -0.0570704 0.1165985 0.0259067 0.9911996
1311870516.217019 -0.0700292 0.0926432 -0.1059832 -0.0540528 0.1355847 0.0055204 0.9892748
1311870516.516852 -0.0939014 0.1198255 -0.1044399 -0.0581659 0.1541378 0.0026957 0.9863321
1311870517.148913 -0.2134263 0.1438393 -0.1592929 -0.0756509 0.1698718 0.0343952 0.9819560
1311870517.417034 -0.2598222 0.1582210 -0.1849302 -0.0766604 0.1769998 0.0299198 0.9807646
1311870518.184855 -0.2926618 0.1424844 -0.1112656 -0.0843479 0.1884707 0.0374468 0.9777331
1311870518.949027 -0.3390372 0.1293353 -0.0748032 -0.0823877 0.2312312 0.0515479 0.9680327
1311870519.352072 -0.4332132 0.1441641 -0.1034293 -0.0859111 0.2550347 0.0764967 0.9600650
1311870519.716946 -0.4980747 0.1577751 -0.1179118 -0.0971608 0.2678923 0.0841773 0.9548339
1311870520.517498 -0.5296713 0.1573893 -0.0343145 -0.1123007 0.2898562 0.1065945 0.9444626
1311870520.617214 -0.5227369 0.1466640 -0.0153627 -0.1130957 0.2961073 0.1075861 0.9423137
1311870521.118649 -0.5305986 0.1274416 0.0498169 -0.1088914 0.3052978 0.1127334 0.9392695
1311870521.550328 -0.5809072 0.1076228 0.0870984 -0.1005021 0.3530609 0.1378284 0.9199188
1311870522.086425 -0.6834867 0.0888176 0.1199337 -0.0928477 0.4041007 0.1823789 0.8915267
1311870522.250422 -0.6988705 0.0860141 0.1410657 -0.0966648 0.4134321 0.1848006 0.8863287
1311870522.587317 -0.7122812 0.0721915 0.2011862 -0.0939219 0.4203103 0.1886838 0.8825624
1311870522.886229 -0.7051529 0.0422456 0.2650001 -0.0900962 0.4246553 0.1953141 0.8794333
1311870523.317780 -0.7079656 0.0096550 0.3496453 -0.0933547 0.4292196 0.1995721 0.8759146
1311870523.449206 -0.7221751 0.0013270 0.3611045 -0.0898874 0.4357736 0.2025747 0.8723446
1311870523.485699 -0.7295792 0.0006508 0.3630152 -0.0896832 0.4385722 0.2050979 0.8703713
1311870523.549243 -0.7387985 -0.0021889 0.3689206 -0.0920668 0.4442346 0.2086696 0.8663927
1311870523.787662 -0.7864399 -0.0126485 0.3852942 -0.0875415 0.4630240 0.2252358 0.8527685
1311870523.986069 -0.8334439 -0.0191643 0.4014200 -0.0873628 0.4740771 0.2312310 0.8450745
1311870524.349372 -0.9020599 -0.0252187 0.4240327 -0.0906628 0.4896640 0.2327847 0.8353566
1311870524.849324 -0.9291039 -0.0426762 0.4779945 -0.0853531 0.4918108 0.2298500 0.8354675
1311870525.217352 -0.9021369 -0.0681698 0.5386717 -0.0940223 0.4796700 0.2408426 0.8384935
1311870525.885457 -0.8782805 -0.0836303 0.5884231 -0.0974174 0.4909201 0.2518543 0.8282975
1311870526.349558 -0.9538242 -0.0997623 0.6131881 -0.0908454 0.5266868 0.2738402 0.7995997
1311870526.853590 -1.0517149 -0.1110510 0.6503543 -0.0911084 0.5460591 0.2822149 0.7835008
1311870528.385617 -1.0127630 -0.1301748 0.7027723 -0.0839632 0.5684562 0.3023908 0.7605049
1311870528.885613 -1.1052657 -0.1517613 0.7473465 -0.0840547 0.5899780 0.3097811 0.7408754
1311870529.217784 -1.1817267 -0.1565305 0.7781699 -0.0836073 0.5940460 0.3174083 0.7344189
1311870530.617876 -1.2066336 -0.1887702 0.8229609 -0.0815368 0.6102528 0.3033952 0.7272514
1311870530.953721 -1.2751563 -0.2080269 0.8615277 -0.0804050 0.6156524 0.3091434 0.7203732
1311870531.317741 -1.3395123 -0.2204944 0.9070962 -0.0727412 0.6201239 0.3125983 0.7158473
1311870531.885692 -1.3907540 -0.2305187 0.9378856 -0.0775221 0.6177865 0.3119322 0.7176548
1311870533.017890 -1.2949679 -0.2437556 0.9241275 -0.0673956 0.6143857 0.3015604 0.7259817
1311870533.817830 -1.3393102 -0.2674923 0.9804305 -0.0647951 0.6368401 0.3124711 0.7018533
1311870534.117829 -1.3775759 -0.2859701 1.0067272 -0.0593838 0.6368017 0.3103840 0.7032915
1311870534.685957 -1.4287883 -0.3046795 1.0433987 -0.0505176 0.6365842 0.3088247 0.7048658
1311870536.754257 -1.4423366 -0.2192946 0.8370771 -0.0727824 0.5972789 0.2762948 0.7494143
1311870537.422153 -1.4292359 -0.1893762 0.7638985 -0.0823510 0.5837032 0.2730658 0.7602263
1311870538.654294 -1.3713992 -0.1699570 0.6566967 -0.0741052 0.5550688 0.2490162 0.7901886
1311870538.986328 -1.3466583 -0.1331915 0.5884640 -0.0820229 0.5367771 0.2476622 0.8023753
1311870539.654246 -1.3211943 -0.0923918 0.5201958 -0.0926736 0.5100864 0.2595279 0.8147814
1311870540.722364 -1.2255290 -0.0840861 0.4620074 -0.0796519 0.5010346 0.2555360 0.8229954
1311870541.222493 -1.1510680 -0.0613697 0.3612241 -0.0881338 0.4647454 0.2190518 0.8533818
1311870541.686496 -1.1239936 -0.0346114 0.2887969 -0.0972185 0.4527319 0.2121922 0.8605561
1311870543.386750 -1.0296683 -0.0407507 0.2170629 -0.0902469 0.3994018 0.1945314 0.8913424
1311870543.722474 -0.9947611 -0.0163142 0.1443721 -0.0975182 0.3674452 0.1868867 0.9058409
1311870543.886603 -0.9822222 -0.0049178 0.1252756 -0.0936912 0.3751698 0.1837972 0.9037080
1311870544.286587 -0.9467884 0.0110191 0.1036585 -0.1029248 0.3863837 0.1949872 0.8955970
1311870544.890655 -0.8767394 0.0180895 0.0986159 -0.0983793 0.3989921 0.2193951 0.8848687
1311870545.254684 -0.8333168 0.0409045 0.0412184 -0.1042192 0.3621052 0.1902493 0.9065448
1311870545.754829 -0.7734497 0.0938436 -0.0801658 -0.1197075 0.3059044 0.1749382 0.9281645
1311870546.122708 -0.7413101 0.1156452 -0.1420551 -0.1203248 0.3002488 0.1739531 0.9301144
1311870546.954680 -0.6007567 0.1223423 -0.1608035 -0.1199618 0.2774170 0.1457700 0.9420192
1311870547.322669 -0.5570886 0.1177162 -0.1632772 -0.1157572 0.2527493 0.1415660 0.9500932
1311870547.954984 -0.5022105 0.1307119 -0.2203301 -0.1088298 0.2075470 0.1238370 0.9642327
1311870548.723045 -0.4428790 0.1814970 -0.3061158 -0.1198864 0.1991782 0.1099420 0.9663685
1311870549.923205 -0.5502186 0.1379660 -0.2252482 -0.1246846 0.1993535 0.1295351 0.9632926
1311870554.692618 -0.6044334 0.1263411 -0.2174106 -0.0999783 0.2345699 0.1122416 0.9604078
1311870555.291227 -0.6136508 0.1277898 -0.2255099 -0.0559908 0.2491262 0.1021219 0.9614428
1311870555.660116 -0.6136011 0.1271151 -0.2216222 -0.0451039 0.2487791 0.1009546 0.9622281
1311870556.959298 -0.6022266 0.1258088 -0.2171643 -0.0417211 0.2477383 0.1000506 0.9627435
1311870561.198313 -0.5561622 0.1733610 -0.2481115 -0.0899101 0.2323107 0.1112910 0.9620615
