1311870427.199132 0.0000000 0.0000000 0.0000000 -0.0000000 -0.0000000 -0.0000000 1.0000000
1311870427.263210 -0.0020798 -0.0014142 -0.0031339 0.0020711 0.0000674 0.0006973 0.9999976
1311870427.331187 -0.0028647 -0.0007530 -0.0041453 0.0022903 -0.0009894 0.0018981 0.9999951
1311870427.363116 -0.0025271 -0.0025202 -0.0043076 0.0013689 -0.0011606 0.0025674 0.9999951
1311870427.531159 -0.0034149 -0.0031611 -0.0061108 0.0007513 -0.0022071 0.0027114 0.9999936
1311870427.599086 -0.0030547 -0.0035753 -0.0061756 0.0003519 -0.0030674 0.0024402 0.9999923
1311870428.563181 -0.0012376 -0.0044112 -0.0130773 0.0034448 -0.0073304 -0.0038017 0.9999599
1311870429.263266 0.0002458 -0.0064042 -0.0101221 0.0048662 -0.0115779 -0.0052090 0.9999076
1311870430.599385 0.0155244 -0.0091666 -0.0115621 0.0037441 -0.0003184 -0.0059005 0.9999756
1311870430.899451 0.0314705 -0.0083282 -0.0145339 0.0032458 0.0035581 -0.0060701 0.9999700
1311870430.999454 0.0409183 -0.0086654 -0.0152314 0.0032666 0.0058587 -0.0068778 0.9999539
1311870431.499459 0.1128881 -0.0061809 -0.0189830 0.0023363 0.0345212 0.0044480 0.9993913
1311870431.631542 0.1286472 -0.0096617 -0.0258571 0.0068023 0.0388966 0.0055705 0.9992046
1311870431.663486 0.1300159 -0.0063275 -0.0266681 0.0087476 0.0395791 0.0063643 0.9991579
1311870431.763721 0.1386408 -0.0095123 -0.0321662 0.0105454 0.0370209 0.0091618 0.9992169
1311870431.863694 0.1458870 -0.0112133 -0.0390314 0.0136763 0.0347646 0.0085046 0.9992658
1311870432.963562 0.2576235 -0.0160759 -0.0450464 0.0204015 0.0408083 0.0072171 0.9989327
1311870433.063635 0.2707749 -0.0154212 -0.0443502 0.0217490 0.0390503 0.0093649 0.9989567
1311870433.299576 0.2963570 -0.0068271 -0.0448323 0.0173847 0.0283094 -0.0002834 0.9994480
1311870433.499504 0.3356878 -0.0066440 -0.0411529 0.0076659 0.0251059 -0.0006681 0.9996552
1311870433.731536 0.3769839 -0.0046751 -0.0409867 0.0042884 0.0289980 0.0004375 0.9995702
1311870433.963703 0.4056043 -0.0020342 -0.0350571 0.0023373 0.0401907 0.0061186 0.9991705
1311870434.399678 0.4376917 0.0003222 -0.0252744 -0.0049088 0.0442638 0.0127370 0.9989266
1311870434.699666 0.4651929 0.0016237 -0.0143197 -0.0192256 0.0556546 0.0000669 0.9982650
1311870434.831779 0.4812720 0.0144519 -0.0082416 -0.0318126 0.0548975 -0.0035874 0.9979786
1311870435.331634 0.5233032 0.0356329 0.0321436 -0.1069617 0.0291493 -0.0220213 0.9935918
1311870436.633915 0.6325018 0.0061862 0.0967658 -0.1092367 0.0216972 -0.0307712 0.9933025
1311870437.300070 0.7210889 -0.0441616 0.0982300 -0.0789820 -0.0209588 -0.0164365 0.9965202
1311870437.631901 0.7949437 -0.0681433 0.1151790 -0.0654631 -0.0440690 -0.0279730 0.9964889
1311870437.932604 0.8619736 -0.0865858 0.1273333 -0.0552701 -0.0641106 -0.0351509 0.9957909
1311870438.200093 0.9234264 -0.1008787 0.1269722 -0.0478469 -0.0761511 -0.0389842 0.9951844
1311870438.432856 0.9716018 -0.1037824 0.1252435 -0.0444554 -0.0818394 -0.0409918 0.9948094
1311870438.732000 1.0102487 -0.1060719 0.1290116 -0.0454023 -0.0972849 -0.0478675 0.9930675
1311870439.299813 1.0678154 -0.1163477 0.1729720 -0.0519564 -0.1080652 -0.0621761 0.9908363
1311870439.667868 1.1078289 -0.1471827 0.2280658 -0.0508856 -0.1303346 -0.0767074 0.9871877
1311870439.932173 1.1391743 -0.1576975 0.2615759 -0.0519247 -0.1515022 -0.0841680 0.9834972
1311870440.032069 1.1495306 -0.1582455 0.2672763 -0.0560177 -0.1500148 -0.0793151 0.9839038
1311870440.632152 1.2164009 -0.1640875 0.3193341 -0.0723154 -0.1952860 -0.1064126 0.9722707
1311870440.900702 1.2704995 -0.1652937 0.3413397 -0.0843022 -0.2232157 -0.1432092 0.9604993
1311870441.200181 1.3310928 -0.1569780 0.3676901 -0.1051560 -0.2387912 -0.1702355 0.9502320
1311870441.468277 1.3800979 -0.1398101 0.3877804 -0.1286603 -0.2421736 -0.1812606 0.9444274
1311870441.700172 1.4182094 -0.1310510 0.4049788 -0.1448723 -0.2369566 -0.1857379 0.9425312
1311870442.132295 1.4453129 -0.1508935 0.4384832 -0.1421984 -0.2289424 -0.1603967 0.9495462
1311870442.635674 1.4251498 -0.2128558 0.4754182 -0.1093305 -0.2444324 -0.1473121 0.9521549
1311870443.268148 1.3997756 -0.2471934 0.5170863 -0.0877573 -0.2577350 -0.1335025 0.9529157
1311870443.832760 1.4426700 -0.2747435 0.5577167 -0.0772946 -0.2984954 -0.1461273 0.9399856
1311870444.200428 1.5179281 -0.2920924 0.5963346 -0.0839025 -0.3345528 -0.1865800 0.9199036
1311870444.536787 1.5892005 -0.2880046 0.6222082 -0.0929786 -0.3632610 -0.2012793 0.9049216
1311870444.800418 1.6338232 -0.2637204 0.6475472 -0.1192053 -0.3599850 -0.2104832 0.9010537
1311870445.168341 1.6779196 -0.2453765 0.6972851 -0.1427563 -0.3576147 -0.2198672 0.8963207
1311870445.540077 1.7085861 -0.2551867 0.7614648 -0.1560711 -0.3821338 -0.2391587 0.8788736
1311870446.168735 1.7419778 -0.2776327 0.8372802 -0.1595561 -0.4153456 -0.2550397 0.8584781
1311870446.668422 1.7789115 -0.3081921 0.9107660 -0.1484343 -0.4498185 -0.2645678 0.8400206
1311870447.036348 1.8326205 -0.3403649 0.9747866 -0.1412823 -0.4872130 -0.3067742 0.8053275
1311870447.636328 1.8437961 -0.3773355 1.0358752 -0.1370946 -0.5113391 -0.3395879 0.7774429
1311870448.101910 1.7647696 -0.4075353 1.0515040 -0.1462831 -0.4924735 -0.3567816 0.7802423
1311870448.600762 1.6531507 -0.4266329 1.0706649 -0.1600274 -0.4802092 -0.3574671 0.7848616
1311870448.969668 1.5966614 -0.4293846 1.0813917 -0.1707933 -0.4836828 -0.3586404 0.7799089
1311870449.136566 1.5747261 -0.4374076 1.0841309 -0.1662699 -0.5013154 -0.3585635 0.7697203
1311870449.371881 1.5487154 -0.4490684 1.1027783 -0.1476200 -0.5373483 -0.3705477 0.7430744
1311870449.601760 1.5385787 -0.4673982 1.1401032 -0.1287803 -0.5847964 -0.3875754 0.7008667
1311870449.736551 1.5334265 -0.4780640 1.1700015 -0.1241922 -0.6085134 -0.3972705 0.6756211
1311870449.970274 1.5288879 -0.4790429 1.2177860 -0.1193906 -0.6343198 -0.4115480 0.6434381
1311870450.336876 1.5484916 -0.4685684 1.2631311 -0.1277640 -0.6425213 -0.4160981 0.6306386
1311870450.538645 1.5801641 -0.4624723 1.2708541 -0.1334985 -0.6489346 -0.4183221 0.6213442
1311870450.737892 1.6210296 -0.4600331 1.2745140 -0.1449908 -0.6618679 -0.4161754 0.6063882
1311870450.937709 1.6756940 -0.4554435 1.2885748 -0.1398788 -0.6674125 -0.4185173 0.5998648
1311870451.069587 1.7134632 -0.4565334 1.3004354 -0.1418840 -0.6707447 -0.4180553 0.5959868
1311870451.269610 1.7609473 -0.4641100 1.3155295 -0.1451892 -0.6733741 -0.4203917 0.5905576
1311870451.700785 1.8327658 -0.4857833 1.3829166 -0.1383233 -0.6887712 -0.4261447 0.5699663
1311870452.038266 1.8737774 -0.5144888 1.4765831 -0.1298089 -0.7001618 -0.4485127 0.5401477
1311870452.468917 1.9157212 -0.5540878 1.5706642 -0.1248100 -0.7241642 -0.4660696 0.4927350
1311870453.437362 1.8911779 -0.5930500 1.7016199 -0.1172642 -0.7488137 -0.4834541 0.4379490
1311870454.369037 1.8432702 -0.6203452 1.7882617 -0.1149339 -0.7916727 -0.4818829 0.3575379
1311870455.836915 1.8151362 -0.6636747 1.9292758 -0.0937604 -0.8142514 -0.4924414 0.2927545
1311870459.769384 1.7237420 -0.7069905 1.9365201 -0.0962360 -0.8134907 -0.4679477 0.3316572
1311870460.337274 1.7385963 -0.7685258 2.0745091 -0.0780435 -0.8151899 -0.4767327 0.3195318
1311870460.637439 1.7564812 -0.7896773 2.1586821 -0.0768304 -0.7864428 -0.5075964 0.3434397
1311870460.969418 1.7828720 -0.7797067 2.2069759 -0.1084186 -0.7646247 -0.5247063 0.3581588
1311870461.637227 1.8998762 -0.8446707 2.2105055 -0.0879384 -0.7451261 -0.4676570 0.4672804
1311870462.237343 1.9343731 -0.9118934 2.2295017 -0.0659084 -0.7685597 -0.4263649 0.4724247
1311870462.737400 1.9227926 -0.9824950 2.2681506 -0.0269567 -0.8161809 -0.3936193 0.4221207
1311870463.137561 1.9389825 -0.9881760 2.2722619 -0.0261772 -0.8546519 -0.3911793 0.3403874
1311870463.473511 1.9748223 -0.9634414 2.2362931 -0.0195032 -0.8711428 -0.4021387 0.2810950
1311870463.737499 2.0307674 -0.9417061 2.1973805 -0.0212999 -0.8746108 -0.4084862 0.2602718
1311870464.005440 2.0692663 -0.9190563 2.1816216 -0.0262169 -0.8705103 -0.4164514 0.2609459
1311870464.373516 2.1009865 -0.8971788 2.1798036 -0.0284301 -0.8567760 -0.4297096 0.2836834
1311870465.337585 2.1283331 -0.8321230 2.2259080 -0.0593856 -0.8303255 -0.4678088 0.2969646
1311870465.673759 2.1244774 -0.8061121 2.2389545 -0.0818044 -0.8108191 -0.4972752 0.2976538
1311870467.905737 2.0815141 -0.9083213 2.1858602 -0.0573881 -0.8427057 -0.4039680 0.3512315
1311870472.605983 2.1098592 -0.9038688 2.1489043 -0.0405233 -0.8469443 -0.3844643 0.3650075
1311870473.742268 2.0841849 -0.8502232 2.0613279 -0.0452313 -0.8443227 -0.3826821 0.3723274
1311870474.074151 2.0362322 -0.8532232 2.0392015 -0.0304191 -0.8452477 -0.3703543 0.3840166
1311870474.842137 2.0273707 -0.8271273 1.9866679 -0.0296664 -0.8271940 -0.3694823 0.4223185
1311870475.442349 2.1135983 -0.8038493 1.9181924 -0.0276836 -0.8065718 -0.3605198 0.4676547
1311870475.942231 2.1717691 -0.7881355 1.9100308 -0.0317633 -0.7866846 -0.3715857 0.4919781
1311870477.342447 2.2292213 -0.8153913 1.9744942 -0.0275538 -0.7844580 -0.3774649 0.4913111
1311870477.874752 2.2810519 -0.7780759 1.8497608 -0.0316150 -0.7795213 -0.3553634 0.5148433
1311870478.342699 2.2954865 -0.7500098 1.7709284 -0.0180084 -0.7769393 -0.3485056 0.5240085
1311870478.742334 2.2423773 -0.7479839 1.7152998 -0.0056667 -0.7885247 -0.3306262 0.5185393
1311870479.042444 2.1858926 -0.7581112 1.6877918 0.0122013 -0.7965078 -0.3128150 0.5172749
1311870479.942576 2.1898577 -0.7112426 1.5896393 0.0055801 -0.7689515 -0.3122880 0.5578159
1311870480.206595 2.2341747 -0.6867523 1.5490215 0.0000242 -0.7569500 -0.3115091 0.5744465
1311870482.111255 2.3917327 -0.6625888 1.5794492 -0.0288495 -0.7215856 -0.3335132 0.6060123
1311870482.542650 2.4470859 -0.6261985 1.4923838 -0.0311328 -0.7153422 -0.3272959 0.6165985
1311870483.174838 2.4690993 -0.5830736 1.4230160 -0.0400940 -0.7077436 -0.3387606 0.6186541
1311870483.810771 2.3799496 -0.5935279 1.3845330 -0.0284360 -0.7261711 -0.3217719 0.6069017
1311870484.642843 2.3379714 -0.5581293 1.3057294 -0.0199806 -0.7114539 -0.3236226 0.6234601
1311870484.975102 2.3666897 -0.5246921 1.2305822 -0.0296478 -0.6938093 -0.3139068 0.6474660
1311870485.210890 2.3918965 -0.4955726 1.1861128 -0.0364358 -0.6866107 -0.3137304 0.6548370
1311870485.814596 2.3545687 -0.4709689 1.1259905 -0.0329695 -0.6833882 -0.3185380 0.6560695
1311870486.247416 2.2769697 -0.4839863 1.1031997 -0.0259713 -0.6924720 -0.3065239 0.6525726
1311870486.677991 2.2478752 -0.4786155 1.0543566 -0.0152043 -0.6763296 -0.2935955 0.6753879
1311870486.814059 2.2528598 -0.4828255 1.0216280 -0.0067075 -0.6671620 -0.2812344 0.6897516
1311870486.974944 2.2609365 -0.4865139 0.9756235 0.0024100 -0.6580425 -0.2626902 0.7056686
1311870487.212424 2.2824311 -0.4846438 0.9239527 0.0115751 -0.6486868 -0.2383713 0.7226691
1311870487.375022 2.2964869 -0.4832164 0.8935196 0.0173700 -0.6405065 -0.2283005 0.7330270
1311870487.475038 2.3057365 -0.4684251 0.8726070 0.0194584 -0.6351388 -0.2290116 0.7374102
1311870487.844713 2.3143528 -0.4385767 0.8491886 0.0075135 -0.6248093 -0.2425010 0.7421255
1311870488.013400 2.3043616 -0.4274587 0.8483212 0.0073679 -0.6240442 -0.2471808 0.7412262
1311870489.375409 2.2816205 -0.3198512 0.8114548 -0.0619362 -0.5771043 -0.2927302 0.7598839
1311870489.943081 2.3225601 -0.2784865 0.7463048 -0.0717777 -0.5671017 -0.2935816 0.7661941
1311870492.379293 2.4026489 -0.4008763 0.9288169 -0.0458033 -0.5941036 -0.2823790 0.7518013
1311870495.079467 2.3313222 -0.4826455 1.1588552 -0.0408518 -0.6377459 -0.3047872 0.7061983
1311870498.379719 2.4712133 -0.5370635 1.2817109 -0.0184898 -0.6799760 -0.3383730 0.6502265
1311870499.879787 2.3800485 -0.4057424 0.9559733 -0.0137788 -0.6256045 -0.3014239 0.7194253
1311870500.679732 2.2459991 -0.3627250 0.8181174 0.0016686 -0.6068946 -0.2906016 0.7397479
1311870501.311750 2.2745967 -0.2939441 0.6068762 -0.0124104 -0.5580090 -0.2523276 0.7904447
1311870501.780039 2.2754030 -0.2375776 0.5010397 -0.0188189 -0.5506202 -0.2580460 0.7936469
1311870502.247902 2.2075646 -0.2049477 0.4310436 -0.0109042 -0.5410963 -0.2486454 0.8032878
1311870502.712040 2.1203418 -0.1620213 0.3736898 -0.0163415 -0.5179259 -0.2415487 0.8204511
1311870503.080047 2.0770819 -0.1570695 0.3185083 -0.0081962 -0.4994156 -0.2532400 0.8284844
1311870503.612142 2.0593767 -0.1030510 0.1501072 -0.0144518 -0.4524888 -0.2312990 0.8611306
1311870504.280084 2.0168343 -0.0673347 0.0579396 -0.0172547 -0.4348418 -0.2198293 0.8730922
1311870505.048023 1.9203193 -0.1199948 0.1167140 -0.0151386 -0.3974452 -0.1890971 0.8978031
1311870505.480019 1.8782370 -0.1399853 0.0846632 -0.0499242 -0.3666734 -0.1804285 0.9113198
1311870505.912493 1.8353372 -0.1705766 -0.0151551 -0.0548031 -0.3511739 -0.1645110 0.9201139
1311870506.548161 1.7231028 -0.1839929 -0.0945243 -0.0350480 -0.3274382 -0.1536432 0.9316381
1311870506.580315 1.7161051 -0.1848918 -0.0951557 -0.0342100 -0.3273464 -0.1518342 0.9319981
1311870506.980175 1.6039166 -0.2069633 -0.0972635 -0.0225135 -0.3188779 -0.1420501 0.9368200
1311870507.048124 1.5844389 -0.2101339 -0.1005780 -0.0181233 -0.3187994 -0.1374812 0.9376233
1311870507.148230 1.5570233 -0.2165537 -0.1052444 -0.0174766 -0.3231788 -0.1304832 0.9371362
1311870507.180282 1.5503528 -0.2195847 -0.1081196 -0.0168256 -0.3231854 -0.1302442 0.9371790
1311870508.080440 1.3442929 -0.2428102 -0.2012754 -0.0269239 -0.2569647 -0.1145734 0.9592274
1311870508.248163 1.3026599 -0.2532034 -0.2162495 -0.0308377 -0.2376994 -0.1051947 0.9651332
1311870508.416350 1.2769443 -0.2597002 -0.2335520 -0.0242647 -0.2140805 -0.1024154 0.9711292
1311870508.448193 1.2747785 -0.2591336 -0.2370372 -0.0241860 -0.2125324 -0.1017327 0.9715429
1311870509.516377 1.0848020 -0.3192092 -0.1879824 -0.0327340 -0.1610675 -0.0921167 0.9820898
1311870509.848435 1.0217502 -0.3216765 -0.2062757 -0.0313365 -0.1264951 -0.0886947 0.9874970
1311870510.416479 0.8873600 -0.2852992 -0.2843263 -0.0484880 -0.0906375 -0.0580640 0.9930067
1311870510.980593 0.7537995 -0.2639505 -0.2850539 -0.0487124 -0.0852580 -0.0681029 0.9928344
1311870511.716482 0.5738716 -0.2839730 -0.2224777 -0.0286032 -0.0915438 -0.0707492 0.9928727
1311870512.148844 0.4900515 -0.2602240 -0.1978898 -0.0407389 -0.0514129 -0.0723471 0.9952201
1311870512.580550 0.3899693 -0.2244065 -0.2494597 -0.0462401 -0.0258079 -0.0433573 0.9976553
1311870513.180660 0.2952547 -0.1539028 -0.2707725 -0.0250641 -0.0012018 -0.0527533 0.9982923
1311870514.380725 0.1267854 -0.0528803 -0.1470242 -0.0426874 0.0236364 -0.0408298 0.9979740
1311870514.680698 0.0657150 -0.0221006 -0.1657615 -0.0523878 0.0332482 -0.0207479 0.9978575
1311870515.116742 -0.0055377 0.0193452 -0.2043823 -0.0569786 0.0701649 -0.0059738 0.9958889
1311870515.380828 -0.0321604 0.0371539 -0.2052046 -0.0553669 0.0801472 -0.0011140 0.9952435
1311870515.648822 -0.0449970 0.0568956 -0.1794891 -0.0562699 0.0968817 0.0186115 0.9935297
1311870515.848866 -0.0498307 0.0649462 -0.1438262 -0.0578957 0.1174794 0.0256726 0.9910538
1311870516.217019 -0.0743981 0.0922597 -0.1053966 -0.0541584 0.1363539 0.0054666 0.9891636
1311870516.516852 -0.0974652 0.1195699 -0.1022890 -0.0579883 0.1547912 0.0029183 0.9862396
1311870517.248937 -0.2357722 0.1505278 -0.1721115 -0.0748719 0.1721996 0.0325537 0.9816729
1311870518.016692 -0.2975879 0.1526245 -0.1346763 -0.0848858 0.1887804 0.0325629 0.9778016
1311870519.251968 -0.4138153 0.1383153 -0.0979742 -0.0859665 0.2512031 0.0717654 0.9614346
1311870519.817010 -0.5163482 0.1599296 -0.1117504 -0.0971334 0.2732393 0.0789188 0.9537700
1311870520.918471 -0.5309410 0.1393246 0.0320190 -0.1108451 0.3016412 0.1074148 0.9408443
1311870521.285069 -0.5422234 0.1156555 0.0637541 -0.1085197 0.3239993 0.1166450 0.9325459
1311870521.618815 -0.6005293 0.1014654 0.0915868 -0.0957349 0.3630236 0.1423060 0.9158590
1311870521.822012 -0.6403081 0.0941839 0.1070084 -0.0915725 0.3836801 0.1673275 0.9035516
1311870522.118618 -0.6903108 0.0886810 0.1328093 -0.0925352 0.4086622 0.1828531 0.8893802
1311870522.250422 -0.7032009 0.0866033 0.1475467 -0.0961539 0.4151009 0.1842565 0.8857173
1311870522.587317 -0.7177973 0.0735148 0.2058031 -0.0932752 0.4218079 0.1879414 0.8820748
1311870522.886229 -0.7107064 0.0438405 0.2706685 -0.0892871 0.4263458 0.1945347 0.8788705
1311870523.285851 -0.7083099 0.0140750 0.3497106 -0.0927166 0.4300764 0.1997840 0.8755137
1311870523.449206 -0.7259881 0.0020428 0.3657757 -0.0893561 0.4371725 0.2018203 0.8718740
1311870523.485699 -0.7337623 0.0029753 0.3678324 -0.0886265 0.4399303 0.2041358 0.8700203
1311870523.549243 -0.7435550 -0.0012808 0.3729020 -0.0913994 0.4457143 0.2080110 0.8658617
1311870523.749498 -0.7844087 -0.0098180 0.3893127 -0.0870377 0.4628884 0.2214826 0.8538760
1311870523.918332 -0.8222730 -0.0169325 0.4019639 -0.0850355 0.4726197 0.2311820 0.8461409
1311870524.117218 -0.8658624 -0.0192025 0.4130430 -0.0872147 0.4817651 0.2340511 0.8399501
1311870524.449394 -0.9205781 -0.0270756 0.4355340 -0.0880745 0.4935359 0.2286400 0.8344992
1311870524.887434 -0.9322748 -0.0426624 0.4888402 -0.0842317 0.4908511 0.2289783 0.8363846
1311870525.149339 -0.9152496 -0.0551647 0.5338566 -0.0930675 0.4799407 0.2425947 0.8379399
1311870525.885457 -0.8838476 -0.0833808 0.5934101 -0.0965936 0.4923277 0.2514233 0.8276892
1311870526.449431 -0.9826210 -0.1017426 0.6260984 -0.0879466 0.5364830 0.2766759 0.7924026
1311870527.017688 -1.0825157 -0.1160791 0.6651326 -0.0897588 0.5504711 0.2791558 0.7816629
1311870528.053545 -1.0192773 -0.1314289 0.7059790 -0.0819626 0.5547677 0.2886439 0.7760153
1311870528.853709 -1.1020044 -0.1470639 0.7495795 -0.0827690 0.5903320 0.3085166 0.7412658
1311870529.217784 -1.1874025 -0.1546335 0.7837352 -0.0824160 0.5951143 0.3164082 0.7341202
1311870530.717879 -1.2309155 -0.1885700 0.8441237 -0.0802336 0.6138763 0.3080856 0.7223584
1311870531.185806 -1.3209958 -0.2133055 0.8999610 -0.0715931 0.6217768 0.3110770 0.7151917
1311870531.785779 -1.3898320 -0.2244950 0.9453576 -0.0738849 0.6197503 0.3104417 0.7169913
1311870533.085764 -1.2947803 -0.2374142 0.9349514 -0.0684876 0.6154019 0.2975558 0.7266708
1311870533.885885 -1.3519325 -0.2656368 0.9953524 -0.0622655 0.6380163 0.3117822 0.7013204
1311870534.285889 -1.3972825 -0.2900024 1.0309680 -0.0566271 0.6379239 0.3066624 0.7041339
1311870534.918048 -1.4527253 -0.3051872 1.0574533 -0.0471878 0.6371363 0.3074743 0.7051880
1311870536.053971 -1.4727263 -0.2744959 0.9958795 -0.0593061 0.6407682 0.3012196 0.7036801
1311870536.854015 -1.4433280 -0.2084267 0.8240776 -0.0779538 0.5891197 0.2702692 0.7575063
1311870538.686207 -1.3731899 -0.1619510 0.6564177 -0.0733022 0.5546218 0.2476453 0.7910078
1311870539.622380 -1.3280895 -0.0922028 0.5334064 -0.0904932 0.5138036 0.2556134 0.8139279
1311870541.254588 -1.1517675 -0.0554812 0.3593108 -0.0887088 0.4627019 0.2164992 0.8550823
1311870543.454309 -1.0261824 -0.0324112 0.2033751 -0.0898114 0.3947569 0.1874331 0.8949691
1311870543.886603 -0.9884515 -0.0020344 0.1329351 -0.0929693 0.3771247 0.1824805 0.9032356
1311870544.922592 -0.8757485 0.0220237 0.1011280 -0.0967769 0.3983668 0.2184199 0.8855681
1311870545.422677 -0.8114581 0.0659631 0.0021114 -0.1123168 0.3418731 0.1811815 0.9152492
1311870545.890801 -0.7694578 0.1074952 -0.1017382 -0.1235022 0.2969889 0.1705158 0.9313803
1311870546.122708 -0.7507394 0.1189441 -0.1334007 -0.1195120 0.3030905 0.1724034 0.9295860
1311870546.390689 -0.7154903 0.1349145 -0.1551238 -0.1197995 0.3017682 0.1807981 0.9283836
1311870546.990973 -0.6029816 0.1190386 -0.1580564 -0.1187873 0.2791719 0.1426705 0.9421241
1311870547.654989 -0.5373887 0.1224671 -0.1766845 -0.1111271 0.2316076 0.1338838 0.9571227
1311870548.290832 -0.4763446 0.1556866 -0.2636491 -0.1152617 0.2036825 0.1168755 0.9651779
1311870548.823040 -0.4511042 0.1825093 -0.3023024 -0.1189540 0.1943300 0.1115788 0.9672828
1311870549.823422 -0.5484877 0.1421889 -0.2291881 -0.1191329 0.2030076 0.1268761 0.9635859
1311870552.823129 -0.6280872 0.1232297 -0.1956972 -0.1249031 0.2170409 0.1130466 0.9615160
1311870555.660116 -0.6175474 0.1243233 -0.2201115 -0.0454294 0.2496367 0.1003736 0.9620514
1311870556.959298 -0.6056323 0.1233936 -0.2150907 -0.0420556 0.2485066 0.0996991 0.9625673
1311870561.563772 -0.5585703 0.1604778 -0.2476299 -0.0764306 0.2301471 0.1059193 0.9643505
