1548265478.104770 0.0000000 0.0000000 0.0000000 -0.0000000 -0.0000000 -0.0000000 1.0000000
1548265478.138280 0.0043950 -0.0040584 -0.0034925 -0.0002889 -0.0023995 -0.0001876 0.9999971
1548265478.171080 0.0091840 -0.0091562 -0.0057231 -0.0002905 -0.0034699 0.0001990 0.9999939
1548265478.539870 0.0311221 -0.0643059 -0.0112812 -0.0153608 0.0332487 0.0118818 0.9992585
1548265479.210180 0.0692131 -0.1981707 -0.0643707 -0.0011205 0.0276592 0.0203420 0.9994098
1548265479.779940 0.1099317 -0.3231243 -0.0804898 0.0022288 0.0254345 0.0398398 0.9988798
1548265480.852160 0.0672862 -0.3360643 0.1500803 -0.0171708 0.0487650 0.0392394 0.9978915
1548265481.388940 0.0869875 -0.3017736 0.2874409 -0.0452284 0.0481011 0.0281293 0.9974214
1548265481.924550 0.1421207 -0.2060066 0.3657123 -0.0648884 0.0640339 0.0248661 0.9955254
1548265482.226760 0.1533048 -0.1550870 0.3802609 -0.0738190 0.0568106 0.0204550 0.9954421
1548265482.495110 0.1660131 -0.0827502 0.3907086 -0.0751565 0.0802378 0.0189626 0.9937574
1548265482.862990 0.1885365 -0.1409707 0.3851452 -0.0728781 0.0573118 0.0398077 0.9948968
1548265482.997040 0.1836302 -0.1614429 0.3731126 -0.0570631 0.0418855 0.0290648 0.9970680
1548265483.097580 0.1729889 -0.1829177 0.3638108 -0.0476778 0.0352333 0.0256732 0.9979110
1548265483.298680 0.1779078 -0.2409232 0.3439458 -0.0307439 0.0403329 0.0145819 0.9986067
1548265483.466230 0.1782195 -0.2975343 0.3162248 -0.0084370 0.0571664 0.0183371 0.9981606
1548265483.566760 0.2088039 -0.2812858 0.2998362 0.0135449 0.0779260 0.0249072 0.9965559
1548265483.700750 0.1867422 -0.3096704 0.2691835 0.0307509 0.1171639 0.0326951 0.9920978
1548265483.834830 0.2172576 -0.3181270 0.2392874 0.0418821 0.1525086 0.0452497 0.9863769
1548265483.969520 0.2375181 -0.3246947 0.2192973 0.0418838 0.1966675 0.0571304 0.9779079
1548265484.103670 0.2524820 -0.3126462 0.2064565 0.0405450 0.2293630 0.0672843 0.9701657
1548265484.270390 0.2443659 -0.3049442 0.2242390 0.0308212 0.2567427 0.0756770 0.9630194
1548265485.343210 0.2598130 -0.1195139 0.2894807 -0.0449568 0.3184396 0.0896214 0.9426256
1548265485.778980 0.2727273 -0.0408158 0.3085070 -0.0652813 0.3484433 0.0882554 0.9308795
1548265485.946620 0.3005978 -0.0086786 0.3112724 -0.0751677 0.3665581 0.1128414 0.9204628
1548265486.114320 0.3382798 -0.0264831 0.3172065 -0.0853536 0.3788241 0.1394017 0.9109195
1548265486.281900 0.3757480 -0.0546365 0.3034622 -0.0755685 0.3919070 0.1557074 0.9035782
1548265486.516740 0.4094292 -0.0977739 0.2716122 -0.0557766 0.3969079 0.1680797 0.9006122
1548265486.717840 0.4138770 -0.1370784 0.2615848 -0.0430463 0.3899385 0.1636215 0.9051646
1548265486.952170 0.4141358 -0.1874671 0.2445801 -0.0377182 0.3700722 0.1442506 0.9169600
1548265487.153390 0.4218607 -0.2206767 0.2367961 -0.0301429 0.3610462 0.1431434 0.9210033
1548265487.354480 0.4378756 -0.2555003 0.2326070 -0.0238466 0.3499671 0.1437803 0.9253548
1548265487.756650 0.4936007 -0.3372349 0.1854903 -0.0089587 0.3535722 0.1561251 0.9222426
1548265488.058290 0.5098258 -0.3436016 0.1280238 0.0047265 0.3755957 0.1611312 0.9126567
1548265488.259090 0.5191956 -0.3143435 0.1217411 -0.0037633 0.3871294 0.1651762 0.9071018
1548265488.560750 0.5129529 -0.2525009 0.1604293 -0.0257039 0.3862939 0.1722142 0.9057918
1548265488.761860 0.5256307 -0.1912354 0.1659802 -0.0494369 0.3682930 0.1679220 0.9130818
1548265488.962980 0.5330529 -0.1543287 0.2024378 -0.0705679 0.3460274 0.1671390 0.9205161
1548265489.164110 0.5156939 -0.1144196 0.2316988 -0.0776190 0.3201903 0.1504578 0.9321030
1548265489.398530 0.4552541 -0.0773959 0.2750300 -0.0894376 0.2970331 0.1293069 0.9418344
1548265489.632670 0.4269412 -0.0327438 0.3014459 -0.0983441 0.2448637 0.1006434 0.9592920
1548265489.867530 0.3827543 -0.0380379 0.3271706 -0.1065140 0.2141837 0.0762025 0.9679738
1548265490.135480 0.3668296 -0.0652702 0.3249812 -0.0932100 0.1919564 0.0686662 0.9745510
1548265490.369810 0.3597846 -0.0935535 0.3199426 -0.0848050 0.2162899 0.0717210 0.9699912
1548265490.671890 0.3357030 -0.1405033 0.3046931 -0.0649309 0.2085190 0.0747678 0.9729921
1548265490.906540 0.3132944 -0.1763531 0.2910916 -0.0493009 0.1986401 0.0684538 0.9764352
1548265491.308780 0.2547065 -0.2494957 0.2830865 -0.0491075 0.1722289 0.0581032 0.9821149
1548265491.576900 0.2299885 -0.2847511 0.2693264 -0.0434477 0.1346213 0.0454992 0.9888980
1548265491.844750 0.1813053 -0.2896134 0.2648180 -0.0441835 0.0918189 0.0236548 0.9945138
1548265492.113140 0.1664297 -0.2448450 0.2691237 -0.0570332 0.0411598 0.0028592 0.9975194
1548265492.381130 0.1385063 -0.2078196 0.2837134 -0.0682673 0.0214120 -0.0139017 0.9973404
1548265492.649200 0.1091001 -0.1649740 0.3030286 -0.0747186 0.0047308 -0.0233131 0.9969209
1548265492.884090 0.0898863 -0.1407311 0.3199315 -0.0848957 -0.0202786 -0.0421415 0.9952917
1548265493.152230 0.0618144 -0.1161936 0.3403485 -0.0917941 -0.0345200 -0.0505919 0.9938927
1548265493.386790 0.0310506 -0.1053873 0.3540913 -0.0983111 -0.0447126 -0.0585497 0.9924251
1548265494.124400 -0.0040571 -0.1434561 0.3214491 -0.0814983 -0.0732817 -0.0648552 0.9918577
1548265494.995630 -0.0518744 -0.1189049 0.3278432 -0.1102193 -0.0990844 -0.0914548 0.9847183
1548265495.230080 -0.0691066 -0.0903998 0.3320836 -0.1187525 -0.1246991 -0.1156209 0.9782535
1548265495.431150 -0.0643796 -0.0632455 0.3261521 -0.1105696 -0.1272445 -0.1248991 0.9777440
1548265495.632270 -0.0678810 -0.0331304 0.3335966 -0.1198698 -0.1698302 -0.1480711 0.9668836
1548265495.833270 -0.0863425 0.0164061 0.3477663 -0.1378708 -0.2040598 -0.1730590 0.9536256
1548265496.000850 -0.0919215 0.0436787 0.3578838 -0.1463334 -0.2278670 -0.1836062 0.9449614
1548265496.201820 -0.0966837 0.0790876 0.3756174 -0.1589238 -0.2187558 -0.1891644 0.9439842
1548265496.369690 -0.0814009 0.0823709 0.4015510 -0.1705181 -0.1699414 -0.1745884 0.9547578
1548265496.570790 -0.0627803 0.0579359 0.4164695 -0.1660572 -0.1436365 -0.1549593 0.9632140
1548265496.771750 -0.0548353 0.0234668 0.4085990 -0.1475419 -0.1379866 -0.1483547 0.9680817
1548265496.972400 -0.0494570 -0.0095106 0.4050569 -0.1379317 -0.1168586 -0.1477565 0.9723616
1548265497.207090 -0.0376915 -0.0372049 0.3978872 -0.1258590 -0.0957842 -0.1390373 0.9775754
1548265497.475330 -0.0253329 -0.0728666 0.3830169 -0.1062924 -0.0894802 -0.1256868 0.9822922
1548265497.877930 -0.0100970 -0.0989285 0.3752453 -0.0996874 -0.0655258 -0.1217619 0.9853643
1548265498.179630 0.0029655 -0.1288928 0.3746865 -0.0942443 -0.0449615 -0.1118393 0.9882249
1548265498.481150 0.0172646 -0.1306366 0.3742464 -0.0945795 -0.0428466 -0.1035449 0.9891903
1548265498.782660 0.0006473 -0.0909535 0.3785164 -0.1102381 -0.0812399 -0.1198681 0.9833002
1548265499.084330 -0.0109884 -0.0783283 0.3786177 -0.1165472 -0.0944941 -0.1297041 0.9801350
1548265499.553960 -0.0191487 -0.0445411 0.3812506 -0.1283813 -0.1039106 -0.1370450 0.9766983
1548265499.822190 -0.0172562 -0.0227947 0.3891648 -0.1350002 -0.0972348 -0.1344763 0.9768503
1548265500.090200 -0.0121933 -0.0194282 0.3979129 -0.1373192 -0.0829316 -0.1258783 0.9789895
1548265500.425100 -0.0092940 -0.0199976 0.3932448 -0.1302613 -0.0809949 -0.1220847 0.9805954
1548265500.760040 -0.0134033 -0.0339808 0.3821403 -0.1189543 -0.0904760 -0.1206837 0.9813763
1548265501.095280 -0.0251715 -0.0506878 0.3725351 -0.1093117 -0.0990878 -0.1216067 0.9815521
1548265501.430970 -0.0221441 -0.0748149 0.3681164 -0.1024049 -0.0909490 -0.1167913 0.9836673
1548265501.765890 -0.0075144 -0.1053585 0.3681368 -0.0974336 -0.0671799 -0.1142248 0.9863804
1548265502.033770 0.0438903 -0.1595847 0.3594346 -0.0790596 -0.0083811 -0.0899783 0.9927655
1548265502.067290 0.0419799 -0.1524278 0.3616646 -0.0743065 -0.0005926 -0.0845775 0.9936422
1548265502.134320 0.0669690 -0.1735387 0.3562074 -0.0704544 0.0165890 -0.0753873 0.9945239
1548265502.201350 0.0900287 -0.1920780 0.3523895 -0.0674594 0.0263246 -0.0668202 0.9951338
1548265502.536670 0.1531760 -0.2302492 0.3675455 -0.0498404 0.0718001 -0.0408721 0.9953342
1548265503.039400 0.2469785 -0.3152735 0.3909137 -0.0270948 0.1331848 -0.0146341 0.9906127
1548265503.541780 0.3620864 -0.3929161 0.4215924 -0.0157791 0.2110654 0.0403835 0.9765099
1548265503.608810 0.3612982 -0.4070114 0.4372304 -0.0130510 0.2235602 0.0474866 0.9734452
1548265503.910450 0.3679516 -0.4103199 0.4823133 0.0045801 0.2728665 0.0568389 0.9603605
1548265504.312330 0.3744251 -0.3784918 0.5476669 -0.0019732 0.3126135 0.0628748 0.9477952
1548265504.681410 0.3949840 -0.3346915 0.6255356 -0.0109789 0.3421572 0.0592417 0.9377092
1548265505.050030 0.4258665 -0.3239980 0.7115813 -0.0184792 0.3371930 0.0613433 0.9392531
1548265505.418730 0.4438664 -0.3855161 0.7485653 -0.0098028 0.3720039 0.0930852 0.9235000
1548265505.753630 0.4521481 -0.4002944 0.7897308 0.0015457 0.4133883 0.1339472 0.9006475
1548265506.055510 0.4124351 -0.4484161 0.8258718 0.0065937 0.4110655 0.1350099 0.9015287
1548265506.390760 0.3548899 -0.4890445 0.8645712 0.0083864 0.4222483 0.1291394 0.8971951
1548265506.725920 0.2874566 -0.5050997 0.8956397 0.0397583 0.4579782 0.0981798 0.8826302
1548265507.027520 0.2748406 -0.4600976 0.9236724 0.0321906 0.4850706 0.0836161 0.8698728
1548265507.295650 0.3014629 -0.4187542 0.9207299 0.0232016 0.4765446 0.0831563 0.8749011
1548265507.597260 0.3708167 -0.3839351 0.8614920 0.0185189 0.4360735 0.0846092 0.8957334
1548265507.965910 0.4810562 -0.3581668 0.7596838 0.0158112 0.3907852 0.0848802 0.9164237
1548265508.301060 0.5873056 -0.3595833 0.6607386 0.0066121 0.3686831 0.1061230 0.9234539
1548265508.635790 0.6814848 -0.3824581 0.5775870 -0.0063489 0.3328250 0.1318003 0.9337108
1548265508.971890 0.7274204 -0.4142576 0.5227281 -0.0040734 0.2783079 0.1483359 0.9489598
1548265509.205910 0.7655203 -0.4212369 0.5210212 -0.0155796 0.2488041 0.1482128 0.9570197
1548265509.339980 0.8030250 -0.4116856 0.5123008 -0.0165854 0.2209842 0.1430360 0.9645888
1548265509.507780 0.8460943 -0.3794201 0.5085612 -0.0327088 0.2069843 0.1348101 0.9684595
1548265509.809300 0.9455544 -0.3473131 0.4728530 -0.0484550 0.1903797 0.1249644 0.9725181
1548265510.010600 0.9955323 -0.3559281 0.4156506 -0.0315770 0.2091874 0.1426797 0.9668950
1548265510.077670 1.0306653 -0.3599767 0.3974375 -0.0235201 0.1961049 0.1562545 0.9677677
1548265510.211700 1.0703412 -0.3588688 0.3520492 -0.0041969 0.1996707 0.1872112 0.9618035
1548265510.312240 1.1049513 -0.3676659 0.3285370 0.0084116 0.1965483 0.2102755 0.9576441
1548265510.512780 1.1308832 -0.4032703 0.2829635 0.0243932 0.1585623 0.1949668 0.9676006
1548265510.680320 1.1594268 -0.4552560 0.3038884 0.0114181 0.1172427 0.1781312 0.9769304
1548265510.713830 1.1649606 -0.4606800 0.3145641 0.0103133 0.1087410 0.1792186 0.9777268
1548265510.747350 1.1780306 -0.4676630 0.3093527 0.0090556 0.0990121 0.1823758 0.9781890
1548265511.015590 1.2847452 -0.4958454 0.3289650 0.0063653 0.0816671 0.1845472 0.9794041
1548265511.183220 1.3583305 -0.5156508 0.3472240 -0.0156259 0.0714158 0.1820534 0.9805673
1548265511.350950 1.4328301 -0.5270885 0.3618844 -0.0258925 0.0692159 0.1818471 0.9805459
1548265511.853350 1.5719475 -0.5538488 0.3659173 -0.0249530 0.0690417 0.1679893 0.9830515
1548265512.289230 1.6534584 -0.5539491 0.3807070 -0.0280224 0.0658053 0.1647361 0.9837410
1548265512.725190 1.6533912 -0.5195362 0.4385140 -0.0547349 0.0542163 0.1415400 0.9869301
1548265513.227620 1.6182982 -0.5522670 0.4360337 -0.0387078 0.0393933 0.1361883 0.9891424
1548265513.696390 1.5738349 -0.5694725 0.4499478 -0.0452434 0.0317133 0.1113724 0.9922417
1548265514.166110 1.5748794 -0.5639614 0.4302901 -0.0379784 0.0285821 0.1210960 0.9915021
1548265514.635280 1.5591575 -0.5587391 0.4307576 -0.0472272 0.0386924 0.1068332 0.9924007
