1548339892.234120 0.0000000 0.0000000 0.0000000 -0.0000000 -0.0000000 -0.0000000 1.0000000
1548339892.368300 -0.0327577 -0.0099327 -0.0024717 -0.0088115 -0.0095039 -0.0072618 0.9998897
1548339892.401820 -0.0442037 -0.0144822 -0.0028470 -0.0098005 -0.0118910 -0.0080543 0.9998488
1548339892.502330 -0.0419705 -0.0013187 0.0007043 -0.0085423 -0.0244085 -0.0099864 0.9996157
1548339892.636430 -0.0569182 -0.0038181 0.0006367 -0.0124620 -0.0351574 -0.0155095 0.9991838
1548339892.703460 -0.0594443 -0.0034305 0.0032509 -0.0134743 -0.0402321 -0.0175810 0.9989448
1548339892.804170 -0.0647136 -0.0161775 0.0049211 -0.0136768 -0.0488882 -0.0174236 0.9985586
1548339892.871210 -0.0687303 -0.0138050 0.0088673 -0.0109893 -0.0555165 -0.0179333 0.9982362
1548339892.904730 -0.0655316 -0.0382220 -0.0032806 -0.0132389 -0.0608772 -0.0162498 0.9979252
1548339892.971810 -0.0754377 -0.0179497 0.0011654 -0.0062899 -0.0682544 -0.0200252 0.9974471
1548339893.038870 -0.0842372 -0.0296668 0.0064516 -0.0049812 -0.0759030 -0.0215169 0.9968706
1548339893.072360 -0.0658217 -0.0181539 0.0087683 -0.0016731 -0.0824847 -0.0224312 0.9963385
1548339893.105870 -0.0775545 -0.0267733 0.0017923 -0.0020428 -0.0836923 -0.0231851 0.9962198
1548339893.139420 -0.0657046 -0.0324029 0.0058439 -0.0017189 -0.0892055 -0.0241096 0.9957199
1548339893.173020 -0.0689387 -0.0228392 0.0076477 0.0011421 -0.0909110 -0.0260285 0.9955182
1548339893.206800 -0.0828617 -0.0259816 0.0068896 0.0015806 -0.0910364 -0.0266585 0.9954895
1548339893.240320 -0.0936375 -0.0339226 0.0036283 0.0017116 -0.0919005 -0.0279588 0.9953741
1548339893.273830 -0.0897265 -0.0238886 0.0108145 0.0048515 -0.0949921 -0.0285880 0.9950557
1548339893.307350 -0.0740542 -0.0338533 0.0045008 0.0039926 -0.0981697 -0.0271535 0.9947912
1548339893.340870 -0.0950769 -0.0475453 0.0021371 0.0038987 -0.0962174 -0.0297417 0.9949083
1548339893.374260 -0.1341395 -0.0597617 -0.0111182 0.0050127 -0.0904471 -0.0364331 0.9952220
1548339893.407780 -0.1192536 -0.0682310 -0.0125291 0.0049308 -0.0922127 -0.0330713 0.9951778
1548339893.440550 -0.0901909 -0.0809881 0.0013999 0.0041442 -0.0971533 -0.0292908 0.9948297
1548339893.474070 -0.0703375 -0.0794346 0.0040981 0.0070036 -0.0998533 -0.0271426 0.9946073
1548339893.507590 -0.0459392 -0.0784470 0.0050505 0.0099058 -0.1026189 -0.0267024 0.9943129
1548339893.541300 -0.0282813 -0.0815649 0.0062308 0.0123643 -0.1038990 -0.0241192 0.9942185
1548339893.574820 -0.0096548 -0.0807500 0.0067486 0.0156375 -0.1045629 -0.0232752 0.9941229
1548339893.608330 0.0103275 -0.0806851 -0.0043484 0.0186585 -0.1058691 -0.0207780 0.9939879
1548339893.641820 0.0297354 -0.0802697 0.0057358 0.0209555 -0.1069800 -0.0197199 0.9938447
1548339893.675340 0.0516091 -0.0727997 0.0115443 0.0245362 -0.1092345 -0.0209107 0.9934931
1548339893.708860 0.0653729 -0.0742823 -0.0155696 0.0269753 -0.1113677 -0.0213001 0.9931847
1548339893.742370 0.0914581 -0.0735727 -0.0192405 0.0295659 -0.1131054 -0.0224335 0.9928896
1548339893.775890 0.1242256 -0.0723137 -0.0253358 0.0320497 -0.1148089 -0.0225279 0.9926149
1548339893.809400 0.1475967 -0.0736007 -0.0253341 0.0345916 -0.1157048 -0.0215334 0.9924476
1548339893.842920 0.1694623 -0.0711432 -0.0271235 0.0367169 -0.1169278 -0.0218621 0.9922206
1548339893.876440 0.2073418 -0.0718585 -0.0249995 0.0376965 -0.1192023 -0.0224511 0.9919001
1548339893.909950 0.2024656 -0.0735426 -0.0401487 0.0374925 -0.1129945 -0.0239085 0.9926001
1548339894.110930 -0.0477378 -0.1102396 -0.0251204 0.0244667 -0.0473661 -0.0252437 0.9982588
1548339894.144200 -0.0691783 -0.1088573 -0.0267343 0.0249847 -0.0405705 -0.0239688 0.9985766
1548339894.512630 -0.0670606 -0.0924273 -0.0544979 0.0443136 -0.0195252 -0.0239134 0.9985406
1548339894.546070 -0.0704061 -0.1042666 -0.0643982 0.0423004 -0.0182589 -0.0250608 0.9986237
1548339894.579580 -0.0390952 -0.1009981 -0.0551671 0.0423070 -0.0215463 -0.0256058 0.9985440
1548339894.680170 -0.0841451 -0.1024626 -0.0685062 0.0391850 -0.0140474 -0.0296123 0.9986943
1548339894.713690 -0.0952891 -0.1042912 -0.0718066 0.0380391 -0.0110765 -0.0303365 0.9987543
1548339894.747200 -0.1036071 -0.1046325 -0.0762058 0.0370512 -0.0104966 -0.0301995 0.9988018
1548339894.780700 -0.0917313 -0.1042384 -0.0697694 0.0358007 -0.0115459 -0.0303776 0.9988304
1548339894.881250 -0.0862672 -0.1053571 -0.0702614 0.0334299 -0.0096652 -0.0276982 0.9990104
1548339894.914780 -0.1030768 -0.1012470 -0.0803419 0.0333429 -0.0050484 -0.0264387 0.9990815
1548339894.948280 -0.1103191 -0.1023158 -0.0698274 0.0320627 -0.0013679 -0.0259219 0.9991487
1548339895.015330 -0.0690487 -0.0467785 -0.0775435 0.0382985 -0.0036258 -0.0252936 0.9989396
1548339895.048970 -0.0929805 -0.0409943 -0.0760776 0.0378263 0.0027423 -0.0270163 0.9989153
1548339895.082530 -0.1104419 -0.0324502 -0.0707262 0.0376683 0.0071437 -0.0271906 0.9988948
1548339895.183080 -0.0691370 -0.0253025 -0.0607178 0.0355273 0.0100180 -0.0261514 0.9989762
1548339895.216600 -0.0885830 -0.0201872 -0.0636274 0.0354215 0.0173897 -0.0264489 0.9988711
1548339895.250130 -0.0754982 -0.0296988 -0.0696828 0.0326478 0.0200049 -0.0251248 0.9989508
1548339895.283650 -0.0674644 -0.0348462 -0.0738810 0.0302886 0.0233576 -0.0243762 0.9989709
1548339895.317190 -0.0892711 -0.0339547 -0.0743387 0.0295237 0.0303213 -0.0233057 0.9988322
1548339896.222320 -0.0863153 -0.0075737 -0.0882085 0.0426887 0.0622559 -0.0099479 0.9970973
1548339896.255830 -0.0544492 0.0068735 -0.0913563 0.0455685 0.0599078 -0.0098186 0.9971149
1548339896.557410 -0.0317281 -0.0501287 -0.1001000 0.0342755 0.0928957 -0.0060025 0.9950676
1548339896.590920 -0.0499856 -0.0550982 -0.0928594 0.0337003 0.0989671 -0.0059344 0.9945022
1548339896.624440 -0.0674467 -0.0672550 -0.0866757 0.0324731 0.1041019 -0.0047839 0.9940249
1548339896.758460 -0.0497820 -0.0523094 -0.0968598 0.0377640 0.1091807 -0.0005396 0.9933042
1548339896.791970 -0.0594720 -0.0670546 -0.1020124 0.0360517 0.1136340 0.0029472 0.9928640
1548339896.825480 -0.0636265 -0.0683063 -0.0992849 0.0360307 0.1164171 0.0061871 0.9925274
1548339896.858960 -0.0389671 -0.0592242 -0.1028921 0.0371269 0.1137813 0.0078365 0.9927810
1548339896.892470 -0.0116361 -0.0609746 -0.1112747 0.0365850 0.1114068 0.0090435 0.9930601
1548339896.993020 -0.0718506 -0.0788866 -0.0944542 0.0346177 0.1224977 0.0085020 0.9918285
1548339897.026530 -0.0344253 -0.0824040 -0.1065790 0.0344130 0.1165091 0.0103993 0.9925388
1548339897.060050 -0.0053470 -0.0853780 -0.1230161 0.0338915 0.1118131 0.0112163 0.9930878
1548339897.093570 0.0171274 -0.0874506 -0.1361126 0.0328366 0.1092039 0.0109349 0.9934167
1548339897.127090 0.0988389 -0.0692291 -0.1617308 0.0356459 0.0970929 0.0129518 0.9945525
1548339897.160600 0.0741917 -0.0672249 -0.1615750 0.0353585 0.1018700 0.0115130 0.9941025
1548339897.194590 0.0457503 -0.0658807 -0.1522905 0.0354196 0.1082194 0.0106640 0.9934387
1548339897.228190 0.0203607 -0.0629868 -0.1418993 0.0362175 0.1127776 0.0101012 0.9929086
1548339897.261730 -0.0061492 -0.0612405 -0.1328689 0.0372177 0.1166377 0.0091454 0.9924349
1548339897.295300 -0.0336808 -0.0608165 -0.1268536 0.0372537 0.1212286 0.0066605 0.9919029
1548339897.328820 -0.0584038 -0.0628943 -0.1118720 0.0372425 0.1276640 0.0064223 0.9910972
1548339897.362330 -0.0790164 -0.0637764 -0.1039564 0.0374285 0.1319601 0.0062650 0.9905283
1548339897.395850 -0.1038230 -0.0678006 -0.0984854 0.0367323 0.1368147 0.0047357 0.9899040
1548339897.462880 -0.1457620 -0.0717772 -0.0870417 0.0372588 0.1457871 0.0043375 0.9886046
1548339897.630350 0.0000934 -0.0265890 -0.1363762 0.0429914 0.1354720 0.0028195 0.9898440
1548339897.663580 -0.0198379 -0.0311319 -0.1270138 0.0407370 0.1412289 0.0028168 0.9891344
1548339897.697100 -0.0491611 -0.0323121 -0.1206513 0.0389575 0.1474821 0.0016618 0.9882958
1548339897.730570 -0.0707973 -0.0318728 -0.1146507 0.0373798 0.1561137 0.0015408 0.9870304
1548339897.764080 -0.0895219 -0.0287069 -0.0993668 0.0369833 0.1631791 0.0038626 0.9858955
1548339897.797590 -0.1147825 -0.0276556 -0.0883838 0.0374139 0.1695733 0.0040099 0.9847990
1548339897.831060 -0.1489695 -0.0211405 -0.0813608 0.0384995 0.1809541 0.0034012 0.9827318
1548339897.864550 -0.1049024 -0.0183321 -0.0884406 0.0393391 0.1796063 0.0079295 0.9829197
1548339897.898020 -0.0584776 -0.0127820 -0.1086374 0.0406634 0.1769187 0.0094036 0.9833401
1548339897.931540 -0.0263264 -0.0138076 -0.1181401 0.0409768 0.1756831 0.0102628 0.9835401
1548339897.965050 0.0372150 -0.0111294 -0.1267758 0.0414166 0.1692857 0.0110943 0.9846339
1548339897.998590 0.0122695 -0.0089275 -0.1261705 0.0412142 0.1765017 0.0104608 0.9833815
1548339898.032080 -0.0185858 -0.0015698 -0.1247722 0.0410434 0.1851960 0.0086110 0.9818064
1548339898.065600 -0.0377515 0.0016143 -0.1132787 0.0397199 0.1911848 0.0074275 0.9807220
1548339898.099060 -0.0734951 0.0098560 -0.1129152 0.0386427 0.2003595 0.0043775 0.9789503
1548339898.132500 -0.1072287 0.0121034 -0.1036554 0.0357859 0.2111477 0.0036537 0.9767921
1548339898.166010 -0.1282953 0.0085250 -0.0895834 0.0318790 0.2187616 0.0038437 0.9752499
1548339898.199520 -0.1608137 0.0067623 -0.0805315 0.0278743 0.2286611 0.0044057 0.9730970
1548339898.233040 -0.1746140 0.0022538 -0.0612382 0.0232833 0.2358622 0.0046995 0.9714962
1548339898.266540 -0.1095208 0.0005196 -0.0802769 0.0190926 0.2295603 0.0074981 0.9730783
1548339898.300060 -0.0644941 0.0072785 -0.0842929 0.0175670 0.2264073 0.0098393 0.9738246
1548339898.333580 -0.0227457 0.0160196 -0.0948486 0.0169488 0.2242515 0.0128883 0.9742987
1548339898.367090 -0.0492009 0.0193158 -0.0761536 0.0155752 0.2302075 0.0141190 0.9729145
1548339898.534720 -0.0387446 0.0221277 -0.0555510 0.0061319 0.2290883 0.0191459 0.9731980
1548339898.735830 -0.0449609 0.0562435 -0.0221905 0.0035354 0.2085193 0.0164587 0.9778734
1548339898.936940 -0.0428542 0.0293022 0.0110090 -0.0014239 0.1796753 0.0101190 0.9836729
1548339899.037480 -0.0388060 0.0466839 0.0271496 -0.0003489 0.1614225 0.0080486 0.9868525
1548339899.171550 -0.0477237 0.0164138 0.0481603 -0.0052273 0.1338561 0.0074979 0.9909586
1548339899.305670 -0.0415150 0.0152989 0.0563133 0.0005746 0.1016248 0.0066623 0.9948003
1548339900.176520 -0.0781331 -0.0815080 0.0735483 0.0198675 -0.0584925 -0.0105479 0.9980344
1548339900.210040 -0.1064024 -0.0852955 0.0672747 0.0199114 -0.0611395 -0.0108721 0.9978714
1548339901.047940 -0.1837616 -0.0984947 0.0323012 0.0251052 -0.1968670 -0.0522515 0.9787149
1548339901.148660 -0.1533875 -0.0990695 0.0494458 0.0206123 -0.2163191 -0.0566833 0.9744579
1548339901.215720 -0.1500247 -0.0412635 0.0530419 0.0267375 -0.2278370 -0.0605595 0.9714463
1548339901.282780 -0.1858051 -0.0361401 0.0402843 0.0228811 -0.2326338 -0.0655595 0.9700824
1548339901.349890 -0.1437214 -0.0420820 0.0531859 0.0190998 -0.2474872 -0.0673632 0.9663579
1548339901.450410 -0.1443483 -0.0348699 0.0513236 0.0174798 -0.2569973 -0.0713039 0.9636195
1548339901.584570 -0.1404596 -0.0449200 0.0640411 0.0120179 -0.2669408 -0.0775696 0.9605109
1548339901.685120 -0.1421315 -0.0389147 0.0620699 0.0091224 -0.2685717 -0.0793826 0.9599398
1548339901.752090 -0.1198312 -0.0426921 0.0808604 0.0066366 -0.2702219 -0.0800383 0.9594426
1548339901.785600 -0.1465869 -0.0407964 0.0700091 0.0059400 -0.2640708 -0.0820907 0.9609851
1548339901.819080 -0.1483928 -0.0400160 0.0703820 0.0057283 -0.2620445 -0.0833512 0.9614325
1548339901.852550 -0.1462334 -0.0350071 0.0741487 0.0057601 -0.2590016 -0.0833476 0.9622568
1548339901.885650 -0.1524779 -0.0288450 0.0636299 0.0053042 -0.2543891 -0.0827951 0.9635367
1548339901.919140 -0.1722133 -0.0274138 0.0574711 0.0047257 -0.2491901 -0.0850647 0.9646999
1548339901.986120 -0.1989815 -0.0232641 0.0511977 0.0031239 -0.2393049 -0.0867286 0.9670582
1548339902.019610 -0.2215154 -0.0204566 0.0386784 0.0027883 -0.2322713 -0.0883153 0.9686293
1548339902.086650 -0.0143865 -0.0032536 0.1365783 0.0053495 -0.2617987 -0.0730190 0.9623414
1548339902.120160 -0.0548253 0.0005806 0.1109625 0.0054414 -0.2511830 -0.0766067 0.9648880
1548339902.153700 -0.0958394 0.0068771 0.0861934 0.0057172 -0.2392082 -0.0788437 0.9677450
1548339902.187230 -0.1401358 0.0132770 0.0680698 0.0061855 -0.2273647 -0.0823051 0.9703056
1548339902.220780 -0.1736934 0.0248516 0.0369792 0.0069116 -0.2125874 -0.0818818 0.9736807
1548339902.254300 -0.2203541 0.0365802 0.0313290 0.0073447 -0.2000310 -0.0832810 0.9762162
1548339902.288160 -0.2587442 0.0492102 0.0165241 0.0078228 -0.1877007 -0.0830259 0.9786797
1548339902.321720 -0.2996663 0.0587620 0.0027177 0.0080354 -0.1708957 -0.0837635 0.9816892
1548339902.355260 -0.3321533 0.0662351 -0.0167286 0.0076559 -0.1568321 -0.0827986 0.9841186
1548339902.388780 -0.3592364 0.0690915 -0.0217248 0.0071924 -0.1446706 -0.0833554 0.9859364
1548339902.422290 -0.3901331 0.0755932 -0.0316924 0.0070078 -0.1320149 -0.0805782 0.9879424
1548339902.455810 -0.4216921 0.0858953 -0.0389528 0.0086190 -0.1213388 -0.0802859 0.9893214
1548339902.489360 -0.4554721 0.0942634 -0.0472649 0.0099564 -0.1082476 -0.0759896 0.9911655
1548339902.522920 -0.4808504 0.0977618 -0.0533168 0.0103688 -0.0959931 -0.0750437 0.9924949
1548339902.556390 -0.5102031 0.0999023 -0.0622654 0.0103461 -0.0823753 -0.0737437 0.9938154
1548339902.589870 -0.5336584 0.1060846 -0.0952868 0.0121496 -0.0647118 -0.0729839 0.9951574
1548339902.623360 -0.5601110 0.1144898 -0.0836050 0.0139980 -0.0504816 -0.0650154 0.9965082
1548339902.656850 -0.5907258 0.1140775 -0.0798980 0.0149155 -0.0396675 -0.0637993 0.9970625
1548339902.690400 -0.6173717 0.1130064 -0.0925144 0.0164576 -0.0294223 -0.0624963 0.9974757
1548339902.723910 -0.6480429 0.1094089 -0.0888483 0.0174974 -0.0170828 -0.0601833 0.9978878
1548339902.757430 -0.6763073 0.1080185 -0.1051860 0.0195313 -0.0056810 -0.0623458 0.9978473
1548339902.791020 -0.7046219 0.1047737 -0.1139122 0.0200179 0.0056901 -0.0619011 0.9978653
1548339902.824460 -0.7405329 0.0968481 -0.0984102 0.0201703 0.0192784 -0.0595715 0.9978340
1548339902.857980 -0.7750400 0.0916339 -0.0849440 0.0212429 0.0323309 -0.0575899 0.9975905
1548339902.891570 -0.8061389 0.0853521 -0.0744414 0.0218417 0.0429313 -0.0558861 0.9972746
1548339902.925090 -0.8382247 0.0681527 -0.0719048 0.0208569 0.0540495 -0.0573748 0.9966704
1548339902.958600 -0.8733246 0.0616658 -0.0695622 0.0218935 0.0680780 -0.0537681 0.9959895
1548339902.992120 -0.9058823 0.0510363 -0.0508910 0.0212449 0.0810216 -0.0522046 0.9951175
1548339903.025560 -0.9365441 0.0406828 -0.0537469 0.0214304 0.0898624 -0.0505296 0.9944407
1548339903.059070 -0.9622251 0.0338253 -0.0523658 0.0214951 0.0984008 -0.0505161 0.9936314
1548339903.092590 -0.9963108 0.0300520 -0.0399509 0.0212648 0.1094123 -0.0497502 0.9925229
1548339903.126180 -1.0244650 0.0340811 -0.0309784 0.0230057 0.1173321 -0.0470903 0.9917089
1548339903.159700 -1.0549729 0.0305466 -0.0203810 0.0222473 0.1261743 -0.0495444 0.9905203
1548339903.193140 -1.0831639 0.0300048 -0.0071355 0.0222727 0.1355963 -0.0492685 0.9892877
1548339903.226650 -1.1045054 0.0317606 -0.0004806 0.0234401 0.1416641 -0.0480919 0.9884681
1548339903.260130 -1.1314386 0.0225104 0.0003329 0.0216406 0.1482072 -0.0506639 0.9874206
1548339903.293550 -1.1481918 0.0178673 0.0175825 0.0225465 0.1550640 -0.0490986 0.9864260
1548339903.327070 -1.1831355 0.0135165 0.0224825 0.0231359 0.1632327 -0.0498260 0.9850570
1548339903.360590 -1.1994642 0.0010459 0.0209141 0.0235313 0.1672322 -0.0482894 0.9844531
1548339903.394100 -1.2300204 -0.0127349 0.0203931 0.0230554 0.1745527 -0.0492025 0.9831474
1548339903.427620 -1.2466142 -0.0231168 0.0263414 0.0234993 0.1802018 -0.0463064 0.9822580
1548339903.461130 -1.2710679 -0.0417083 0.0189288 0.0226580 0.1858370 -0.0448355 0.9812956
1548339903.494650 -1.2963099 -0.0567086 0.0209160 0.0220487 0.1922846 -0.0444692 0.9800832
1548339903.528150 -1.3237333 -0.0690993 0.0183409 0.0215735 0.2000792 -0.0439144 0.9785573
1548339903.561670 -1.3554981 -0.0869174 0.0295940 0.0198919 0.2094307 -0.0419542 0.9767205
1548339903.595200 -1.3872582 -0.1005066 0.0400614 0.0191863 0.2176436 -0.0408180 0.9749857
1548339903.628710 -1.4192619 -0.1134124 0.0562119 0.0182949 0.2272065 -0.0379751 0.9729339
1548339903.662400 -1.4651396 -0.1272325 0.0720191 0.0164614 0.2395061 -0.0367612 0.9700590
1548339903.695970 -1.5010828 -0.1370739 0.0897596 0.0145083 0.2496766 -0.0349476 0.9675897
1548339903.729430 -1.5462124 -0.1456703 0.1147567 0.0118596 0.2609284 -0.0346489 0.9646633
1548339903.762950 -1.5909159 -0.1456534 0.1384124 0.0106892 0.2718231 -0.0363103 0.9616026
1548339903.796460 -1.6377404 -0.1581943 0.1532701 0.0076547 0.2823454 -0.0336625 0.9586915
1548339903.829980 -1.6773673 -0.1561512 0.1731140 0.0081602 0.2918268 -0.0338763 0.9558362
1548339903.863490 -1.7072119 -0.1503068 0.1999618 0.0088303 0.3005655 -0.0351723 0.9530715
1548339903.897010 -1.7382511 -0.1430883 0.2272850 0.0098758 0.3091635 -0.0354405 0.9502971
1548339903.930540 -1.7683175 -0.1455659 0.2499968 0.0092476 0.3166986 -0.0345244 0.9478526
1548339903.964080 -1.6926876 -0.1800377 0.2014800 0.0051010 0.3070537 -0.0317456 0.9511489
1548339904.031600 -1.4879478 -0.1861799 0.0729600 0.0063991 0.2814812 -0.0251532 0.9592156
1548339904.065130 -1.5317031 -0.1888390 0.0809591 0.0056272 0.2914860 -0.0247380 0.9562386
1548339904.098630 -1.5502861 -0.1826258 0.1038767 0.0056793 0.2989998 -0.0257003 0.9538901
1548339904.131760 -1.5641910 -0.1812164 0.1261704 0.0053110 0.3063159 -0.0235297 0.9516243
1548339904.165180 -1.5890846 -0.1792752 0.1488683 0.0043582 0.3155687 -0.0248585 0.9485670
1548339904.198670 -1.6262374 -0.1836597 0.1642636 0.0028497 0.3262520 -0.0246387 0.9449574
1548339904.232180 -1.6487221 -0.1947007 0.1862785 0.0001061 0.3347510 -0.0182425 0.9421300
1548339904.265700 -1.6823478 -0.1952526 0.2101674 -0.0012598 0.3429094 -0.0228313 0.9390901
1548339904.299220 -1.7011346 -0.1997134 0.2351932 -0.0037475 0.3499806 -0.0230822 0.9364651
1548339904.332650 -1.7157837 -0.2088632 0.2610032 -0.0073838 0.3575453 -0.0229077 0.9335856
1548339904.366160 -1.7491502 -0.1185282 0.2474101 0.0059737 0.3652057 -0.0230193 0.9306231
1548339904.399680 -1.7487372 -0.1184694 0.2706104 0.0032184 0.3688225 -0.0252558 0.9291512
1548339904.433200 -1.7586229 -0.1266434 0.2370531 0.0016080 0.3717838 -0.0233223 0.9280249
1548339904.466690 -1.7308508 -0.1386978 0.2565358 -0.0038998 0.3727697 -0.0212958 0.9276713
1548339904.500190 -1.7215129 -0.1543304 0.2443389 -0.0075949 0.3730481 -0.0184403 0.9275976
1548339904.533630 -1.7008219 -0.1400065 0.2171321 -0.0061676 0.3711297 -0.0188161 0.9283699
1548339904.567110 -1.6803927 -0.1434872 0.2055259 -0.0089989 0.3713896 -0.0182776 0.9282536
1548339904.600620 -1.6608365 -0.1354664 0.1866198 -0.0076652 0.3710077 -0.0153763 0.9284708
1548339904.634170 -1.6378887 -0.1380294 0.1846024 -0.0091995 0.3716547 -0.0146541 0.9282098
1548339904.667680 -1.6161172 -0.1327975 0.1563160 -0.0078061 0.3701346 -0.0119214 0.9288688
1548339904.701200 -1.6012096 -0.1341533 0.1382650 -0.0080158 0.3700292 -0.0105961 0.9289252
1548339904.768250 -1.6536191 -0.1279861 0.1620865 -0.0098956 0.3887854 -0.0106637 0.9212135
1548339904.801760 -1.6568248 -0.1211151 0.1689862 -0.0098796 0.3943274 -0.0105873 0.9188559
1548339904.835260 -1.6412402 -0.1284296 0.1576585 -0.0114948 0.3977217 -0.0093634 0.9173864
1548339904.868770 -1.6179179 -0.1249252 0.1447151 -0.0115223 0.4008552 -0.0094327 0.9160204
1548339904.902250 -1.6283785 -0.1326137 0.1514608 -0.0121772 0.4082038 -0.0084939 0.9127702
1548339905.337940 -1.5935529 -0.0959122 0.1282273 -0.0046237 0.4622055 -0.0005667 0.8867606
1548339905.371460 -1.5973427 -0.0989525 0.1299413 -0.0051102 0.4668866 0.0001093 0.8843024
1548339905.606070 -1.5906841 -0.0905121 0.1307539 -0.0046395 0.4890385 0.0085687 0.8722078
1548339905.639570 -1.5879197 -0.0885716 0.1292653 -0.0038018 0.4916172 0.0104510 0.8707404
1548339905.706540 -1.5884786 -0.0844521 0.1354749 -0.0038986 0.4979643 0.0109439 0.8671197
1548339905.840690 -1.5837705 -0.0871263 0.1230189 -0.0036598 0.5079895 0.0167081 0.8611935
1548339905.941630 -1.5842154 -0.0805558 0.1431779 -0.0036479 0.5156022 0.0185804 0.8566189
1548339906.209590 -1.5801344 -0.1035873 0.1342359 -0.0000811 0.5043553 0.0232861 0.8631822
1548339906.443880 -1.5908045 -0.1226532 0.1391506 0.0100461 0.4899497 0.0201407 0.8714601
1548339906.611680 -1.5951997 -0.1350890 0.1500806 0.0114889 0.4801513 0.0199391 0.8768838
1548339906.812450 -1.5969219 -0.1368640 0.1567591 0.0084232 0.4550956 0.0119759 0.8903222
1548339907.248460 -1.5976248 -0.1263196 0.1942239 0.0027872 0.4037498 0.0014255 0.9148641
1548339908.589020 -1.6382531 -0.1215765 0.2737918 -0.0288916 0.2381142 -0.0273593 0.9704217
1548339908.622540 -1.6297727 -0.1261093 0.2759863 -0.0294495 0.2329251 -0.0271001 0.9716709
1548339908.890690 -1.6431239 -0.1269022 0.2691936 -0.0213860 0.2148809 -0.0333401 0.9758367
1548339909.058160 -1.6617084 -0.1310563 0.2743647 -0.0235248 0.1981935 -0.0344584 0.9792745
1548339909.259370 -1.6756207 -0.1569112 0.2715451 -0.0187669 0.1811657 -0.0329817 0.9827202
1548339910.566340 -1.6912701 -0.1652801 0.2394920 -0.0030814 0.1261752 -0.0618588 0.9900727
1548339910.633370 -1.7386435 -0.1641889 0.2585665 0.0013298 0.1436520 -0.0639621 0.9875582
1548339910.700410 -1.7976429 -0.1591503 0.2766330 0.0048220 0.1586328 -0.0646115 0.9852095
1548339910.935050 -1.7162713 -0.1472547 0.2047837 0.0168426 0.1723684 -0.0664029 0.9826475
1548339911.036160 -1.6431723 -0.1707072 0.1687747 0.0161282 0.1797737 -0.0627629 0.9815713
1548339911.069740 -1.6831768 -0.1656661 0.1851382 0.0167613 0.2028644 -0.0612381 0.9771463
1548339911.103330 -1.7125853 -0.1595485 0.1998642 0.0185785 0.2211882 -0.0598121 0.9732180
1548339911.136850 -1.7441852 -0.1620923 0.2169703 0.0186857 0.2411532 -0.0620434 0.9683216
1548339911.170360 -1.7795863 -0.1557745 0.2221320 0.0223767 0.2634087 -0.0582547 0.9626638
1548339911.203880 -1.8039670 -0.1604870 0.2351305 0.0235185 0.2804365 -0.0561664 0.9579393
1548339911.237400 -1.7313364 -0.1706305 0.1968748 0.0252587 0.2804191 -0.0501414 0.9582343
1548339911.270910 -1.7401564 -0.1671204 0.2005156 0.0257147 0.2900040 -0.0490509 0.9554216
1548339911.304360 -1.7594004 -0.1677966 0.2185542 0.0261786 0.3035451 -0.0453122 0.9513789
1548339912.208180 -1.6987441 -0.1680165 0.1402910 0.0244132 0.4366768 -0.0155039 0.8991535
1548339912.409160 -1.6908008 -0.1603916 0.1230072 0.0216449 0.4510802 -0.0098560 0.8921664
1548339912.476190 -1.6868607 -0.1446615 0.1195129 0.0218258 0.4542724 -0.0088901 0.8905510
1548339912.543300 -1.6798818 -0.1621319 0.1176549 0.0180660 0.4586888 -0.0037966 0.8884053
1548339912.644130 -1.6744856 -0.1496931 0.1140420 0.0185174 0.4684290 -0.0033068 0.8833009
1548339912.811770 -1.6724112 -0.1480164 0.1064336 0.0211899 0.4849019 -0.0013516 0.8743107
1548339913.012830 -1.6489570 -0.1640012 0.0912336 0.0244165 0.5042153 0.0088568 0.8631874
1548339913.347900 -1.6205617 -0.1833099 0.0563008 0.0271449 0.5181814 0.0115764 0.8547615
1548339913.784120 -1.6024872 -0.1602534 0.0428718 0.0278842 0.4898211 0.0015975 0.8713755
1548339913.884600 -1.6041741 -0.1361546 0.0371664 0.0282594 0.4724012 -0.0092202 0.8808823
1548339913.985150 -1.6238501 -0.1413266 0.0768487 0.0280108 0.4546241 -0.0110852 0.8901739
1548339914.018660 -1.6332332 -0.1439122 0.0850405 0.0277445 0.4513047 -0.0111838 0.8918684
1548339914.253180 -1.6366305 -0.0922028 0.1190422 0.0256616 0.4157692 -0.0219806 0.9088423
1548339914.353620 -1.6286596 -0.1023205 0.1122739 0.0181979 0.3946968 -0.0251450 0.9182870
1548339914.688640 -1.6449668 -0.0673771 0.1404739 0.0151035 0.3284130 -0.0367158 0.9436995
1548339915.761020 -1.7108477 -0.0621405 0.1763123 0.0132626 0.1788086 -0.0480086 0.9826224
1548339915.895210 -1.7183841 -0.0732440 0.1836201 0.0105697 0.1681589 -0.0471994 0.9845725
1548339915.995710 -1.7058381 -0.0812565 0.1821145 0.0124645 0.1561335 -0.0471629 0.9865306
1548339916.029270 -1.7212914 -0.0845119 0.1880963 0.0131846 0.1555377 -0.0478285 0.9865834
1548339916.096300 -1.7046062 -0.0852387 0.1826325 0.0162021 0.1493582 -0.0470945 0.9875281
1548339916.129800 -1.7178171 -0.0801629 0.1869313 0.0183816 0.1483943 -0.0470532 0.9876372
1548339916.163340 -1.7271082 -0.0933083 0.1928103 0.0172511 0.1475654 -0.0481945 0.9877268
1548339916.196860 -1.7267225 -0.0932676 0.1908988 0.0183826 0.1480954 -0.0480181 0.9876356
1548339916.263940 -1.7294369 -0.0984455 0.1890118 0.0195035 0.1457206 -0.0471147 0.9880108
1548339916.297410 -1.7208911 -0.0990549 0.1853544 0.0198749 0.1453175 -0.0481230 0.9880142
1548339916.330920 -1.7346824 -0.0969098 0.1888231 0.0206327 0.1471422 -0.0468456 0.9877900
1548339916.397960 -1.7345610 -0.0966604 0.1906665 0.0204498 0.1446876 -0.0478638 0.9881074
1548339916.465110 -1.7354798 -0.1052389 0.1845043 0.0184010 0.1427450 -0.0467174 0.9884851
1548339916.498710 -1.7374648 -0.1016241 0.1839329 0.0181354 0.1422777 -0.0470732 0.9885405
1548339916.566000 -1.7280130 -0.1065390 0.1841776 0.0162093 0.1453584 -0.0444197 0.9882485
1548339916.599520 -1.7082603 -0.1142718 0.1707154 0.0146414 0.1434645 -0.0407087 0.9887094
1548339916.633030 -1.7194190 -0.1140563 0.1813728 0.0137503 0.1474937 -0.0414303 0.9880992
1548339916.666470 -1.7344412 -0.1117352 0.1871336 0.0129504 0.1545814 -0.0402608 0.9870745
1548339916.733100 -1.7074052 -0.1237276 0.1763540 0.0091421 0.1532041 -0.0359717 0.9874973
1548339916.766620 -1.7232243 -0.1238597 0.1784045 0.0079707 0.1615201 -0.0371572 0.9861374
1548339916.833200 -1.7098480 -0.1227409 0.1748775 0.0071469 0.1646407 -0.0330456 0.9857740
1548339916.866710 -1.7008680 -0.1237005 0.1790887 0.0068439 0.1670751 -0.0342006 0.9853271
1548339916.934600 -1.6957420 -0.1357166 0.1750163 0.0060283 0.1745137 -0.0327502 0.9840915
1548339916.967140 -1.7115778 -0.1299596 0.1832094 0.0077222 0.1817091 -0.0360199 0.9826621
1548339917.134650 -1.6857854 -0.1290601 0.1663890 0.0134888 0.1925449 -0.0415900 0.9803136
1548339917.168170 -1.7019086 -0.1239886 0.1678208 0.0140716 0.1964708 -0.0441827 0.9794126
1548339917.201700 -1.7094195 -0.1201218 0.1744732 0.0141275 0.2002629 -0.0474507 0.9784905
1548339917.469910 -1.6918358 -0.1049484 0.1739018 0.0001556 0.2177636 -0.0490959 0.9747660
1548339917.503460 -1.6930580 -0.1051603 0.1758201 -0.0018545 0.2195603 -0.0497467 0.9743280
1548339917.536980 -1.6928580 -0.1059063 0.1786385 -0.0036364 0.2209384 -0.0513951 0.9739259
1548339917.570500 -1.6886635 -0.1131034 0.1779069 -0.0053679 0.2218927 -0.0512863 0.9737066
1548339917.737890 -1.6962061 -0.1209209 0.1806473 -0.0038197 0.2230619 -0.0505246 0.9734866
1548339918.039800 -1.7026386 -0.1165665 0.1790940 0.0004307 0.2185917 -0.0507533 0.9744955
1548339918.308080 -1.7058357 -0.1197210 0.1793944 -0.0016372 0.2201231 -0.0493761 0.9742203
1548339918.341600 -1.7057005 -0.1198161 0.1807520 -0.0017962 0.2198052 -0.0492222 0.9742996
1548339918.408610 -1.6971669 -0.1186741 0.1842654 -0.0013775 0.2200575 -0.0487346 0.9742678
1548339918.442130 -1.7008046 -0.1190693 0.1853517 -0.0010705 0.2210868 -0.0480502 0.9740691
1548339918.475630 -1.6958317 -0.1240284 0.1836084 -0.0009223 0.2213096 -0.0477761 0.9740322
1548339918.609780 -1.6894473 -0.1258587 0.1831560 0.0027476 0.2261893 -0.0465442 0.9729668
1548339918.643220 -1.6858249 -0.1284353 0.1808424 0.0035697 0.2270487 -0.0466255 0.9727601
1548339918.743720 -1.6823618 -0.1444413 0.1815818 0.0058809 0.2288615 -0.0437876 0.9724559
1548339918.911460 -1.6903609 -0.1290664 0.1815257 0.0144290 0.2313435 -0.0393302 0.9719697
1548339918.945020 -1.6905842 -0.1343206 0.1787332 0.0134561 0.2304344 -0.0392650 0.9722022
1548339919.012050 -1.6877831 -0.1263562 0.1769031 0.0130775 0.2295231 -0.0403337 0.9723792
1548339919.079080 -1.6822176 -0.1240050 0.1794246 0.0112508 0.2310848 -0.0405024 0.9720251
1548339919.280200 -1.6757729 -0.1338608 0.1800087 0.0104295 0.2376696 -0.0390042 0.9705066
1548339919.313710 -1.6763271 -0.1372312 0.1805022 0.0103402 0.2388395 -0.0391329 0.9702151
1548339919.347220 -1.6697595 -0.1329502 0.1777461 0.0112640 0.2387776 -0.0402752 0.9701734
1548339919.380750 -1.6679219 -0.1376109 0.1790650 0.0106911 0.2404917 -0.0408962 0.9697303
1548339919.481290 -1.6638122 -0.1374554 0.1787460 0.0123110 0.2464888 -0.0414619 0.9681801
1548339919.783010 -1.6606432 -0.1283940 0.1842933 0.0178443 0.2622992 -0.0406704 0.9639640
1548339919.816570 -1.6628547 -0.1305381 0.1828617 0.0172014 0.2629672 -0.0412146 0.9637706
1548339919.883690 -1.6582516 -0.1267639 0.1842306 0.0168897 0.2649002 -0.0421452 0.9632063
1548339919.917200 -1.6664584 -0.1357990 0.1884372 0.0151979 0.2673167 -0.0414113 0.9625986
1548339921.089680 -1.6194611 -0.1450255 0.1874230 0.0183859 0.3048832 -0.0371229 0.9514884
1548339921.123210 -1.6208874 -0.1384412 0.1877144 0.0195582 0.3049641 -0.0383678 0.9513897
1548339921.156730 -1.6217732 -0.1366026 0.1900181 0.0195177 0.3056783 -0.0398740 0.9510993
1548339921.190250 -1.6276441 -0.1411067 0.1934058 0.0187476 0.3073429 -0.0397615 0.9505829
1548339921.257330 -1.6155266 -0.1305018 0.1864584 0.0203492 0.3071668 -0.0393088 0.9506258
1548339921.290850 -1.6251491 -0.1366888 0.1890473 0.0192972 0.3094321 -0.0370735 0.9500026
1548339922.028240 -1.6167189 -0.1639306 0.1861952 0.0167795 0.3066974 -0.0311592 0.9511489
1548339922.128960 -1.6191368 -0.1378278 0.1818010 0.0223637 0.3062092 -0.0327832 0.9511367
