0.000000 0.0000000 0.0000000 0.0000000 0.0000000 0.0000000 0.0000000 1.0000000
0.104228 0.0414699 -0.0164165 0.6353752 0.0004129 -0.0010597 0.0008188 0.9999990
0.208477 0.1397568 -0.0485739 1.2857590 0.0009513 -0.0027252 0.0009591 0.9999954
0.625476 0.4064259 -0.1047001 3.8411238 0.0043886 -0.0089077 0.0022273 0.9999482
1.251125 0.9730886 -0.2452726 7.9655943 0.0100224 -0.0198330 -0.0047530 0.9997418
1.980855 1.9325819 -0.4015498 13.4029455 0.0054333 -0.0368955 -0.0173263 0.9991542
3.023358 3.3946757 -1.3579462 23.4522724 0.0005268 -0.0668461 -0.0299345 0.9973140
4.065354 3.1696556 -1.6865380 31.1983948 -0.0011580 -0.0828846 -0.0473845 0.9954313
5.211513 2.8608403 -1.9441173 38.2386398 -0.0092179 -0.1065382 -0.0473856 0.9931360
6.357731 2.1862020 -2.0596511 42.5780525 -0.0129250 -0.1145624 -0.0306994 0.9928575
7.399507 1.4119666 -1.9388373 46.2764587 -0.0099718 -0.1155378 -0.0274433 0.9928738
8.441112 0.5920158 -1.8265518 49.9056664 -0.0109629 -0.1170900 -0.0279974 0.9926661
8.753612 0.3302133 -1.8182678 50.9832344 -0.0088258 -0.1183167 -0.0289754 0.9925138
9.274360 -0.1006777 -1.7956299 52.7709579 -0.0114695 -0.1202011 -0.0307188 0.9922079
9.794986 -0.5158738 -1.7775217 54.4848366 -0.0142194 -0.1226576 -0.0290458 0.9919220
10.315740 -0.9149396 -1.7583231 56.0046539 -0.0143103 -0.1303613 -0.0285589 0.9909518
