1548266469.886330 0.0000000 0.0000000 0.0000000 -0.0000000 -0.0000000 -0.0000000 1.0000000
1548266470.153960 0.0440447 -0.0039906 -0.0573351 0.0155425 -0.0215527 0.0010605 0.9996464
1548266470.287840 0.0333364 -0.0024803 -0.0749405 0.0151190 -0.0235929 -0.0017794 0.9996057
1548266470.354880 0.0510860 -0.0009558 -0.0827284 0.0144477 -0.0262427 -0.0041621 0.9995425
1548266470.488900 0.0472002 -0.0083398 -0.0986920 0.0136629 -0.0273563 -0.0068369 0.9995090
1548266470.991650 0.1539099 0.0699878 -0.1601437 0.0208834 -0.0549804 -0.0198912 0.9980708
1548266471.427350 0.2136395 0.1268162 -0.1603294 -0.0081107 -0.0567148 -0.0428119 0.9974391
1548266471.661710 0.2191744 0.1571881 -0.1515536 -0.0034642 -0.0491096 -0.0386923 0.9980376
1548266471.728740 0.0854923 0.2270942 -0.1379669 0.0068861 -0.0414561 -0.0343010 0.9985276
1548266471.796120 0.2292254 0.1728010 -0.1466760 -0.0026120 -0.0699542 -0.0360526 0.9968951
1548266471.829690 0.1981736 0.1863493 -0.1443213 -0.0014036 -0.0701575 -0.0345342 0.9969370
1548266471.863210 0.2082792 0.1727975 -0.1510988 -0.0047193 -0.0845437 -0.0362265 0.9957498
1548266471.997270 0.2477331 0.1678660 -0.1293906 -0.0076732 -0.1043152 -0.0401129 0.9937054
1548266472.499990 0.2352155 0.0610700 -0.1277798 0.0187936 -0.1155724 -0.0194742 0.9929303
1548266472.566560 0.2346326 0.0498819 -0.1226065 0.0220569 -0.1090496 -0.0167138 0.9936510
1548266473.237020 0.2033461 -0.0744464 -0.0740891 0.0433969 -0.0715248 0.0118336 0.9964240
1548266473.370990 0.1815932 -0.0902132 -0.0571316 0.0435868 -0.0624350 0.0164664 0.9969609
1548266473.438080 0.1829404 -0.1004068 -0.0426139 0.0408121 -0.0616040 0.0185165 0.9970940
1548266474.008410 0.1141645 -0.0776190 0.0651718 0.0202573 -0.0530028 0.0027251 0.9983852
1548266474.510900 0.1147619 -0.0541517 0.2165834 -0.0272215 -0.0623658 -0.0109844 0.9976216
1548266474.811810 0.1636729 -0.0676868 0.3144403 -0.0416399 -0.0769315 -0.0174798 0.9960131
1548266475.113660 0.2100999 -0.0660038 0.3937486 -0.0512644 -0.0810965 -0.0297617 0.9949420
1548266475.415920 0.2591203 -0.0210263 0.4617278 -0.0657469 -0.1074567 -0.0515464 0.9906934
1548266475.717130 0.2884599 -0.0273682 0.5158258 -0.0934123 -0.1200700 -0.0498285 0.9871041
1548266475.985540 0.3745576 -0.0293509 0.4920905 -0.0818437 -0.1543463 -0.0347557 0.9840076
1548266476.153120 0.3822421 -0.0632774 0.4484040 -0.0782588 -0.1650441 -0.0259971 0.9828327
1548266476.387390 0.4185635 -0.1069347 0.3970675 -0.0654166 -0.2006679 -0.0189336 0.9772894
1548266476.521410 0.4206240 -0.1433277 0.3606506 -0.0570956 -0.2176165 -0.0195232 0.9741673
1548266476.621960 0.4206931 -0.1644145 0.3277316 -0.0472891 -0.2309692 -0.0194864 0.9716158
1548266476.722530 0.4084516 -0.1365346 0.3073031 -0.0305598 -0.2459802 -0.0246194 0.9684802
1548266476.856590 0.3951685 -0.1678582 0.2853789 -0.0250430 -0.2578409 -0.0290713 0.9654252
1548266476.923630 0.3938535 -0.1685664 0.2789077 -0.0212800 -0.2638262 -0.0305280 0.9638522
1548266477.024170 0.3826799 -0.1801153 0.2666617 -0.0194528 -0.2814476 -0.0309211 0.9588810
1548266477.124770 0.3705360 -0.1849753 0.2609814 -0.0170189 -0.2983836 -0.0343530 0.9536757
1548266477.191790 0.3612441 -0.1943451 0.2528768 -0.0147043 -0.3117193 -0.0389016 0.9492637
1548266477.359450 0.3613738 -0.2161161 0.2624404 -0.0050324 -0.3460573 -0.0557604 0.9365414
1548266477.493870 0.3389333 -0.2163923 0.2532627 0.0002072 -0.3624239 -0.0688922 0.9294637
1548266477.560740 0.3353038 -0.2261802 0.2502647 -0.0000775 -0.3739398 -0.0733800 0.9245455
1548266477.661270 0.3242480 -0.2225833 0.2458921 -0.0011737 -0.3856888 -0.0740469 0.9196520
1548266477.828850 0.3444420 -0.2650922 0.2707305 -0.0081137 -0.4160396 -0.0844839 0.9053771
1548266477.929360 0.3564798 -0.2720952 0.2818868 -0.0062191 -0.4294861 -0.0909762 0.8984578
1548266477.962840 0.3494676 -0.2763157 0.2763973 -0.0061680 -0.4298024 -0.0916611 0.8982372
1548266478.029870 0.3488882 -0.2561086 0.2723422 -0.0005096 -0.4330266 -0.0950784 0.8963525
1548266478.063430 0.3488949 -0.2636176 0.2680746 -0.0013181 -0.4332540 -0.0962796 0.8961136
1548266478.096900 0.3525948 -0.2662063 0.2695841 -0.0005489 -0.4370636 -0.0993834 0.8939229
1548266478.130240 0.3762099 -0.2691109 0.3041272 0.0013204 -0.4407203 -0.1034262 0.8916653
1548266478.364640 0.3762777 -0.2495932 0.3062983 -0.0076505 -0.4048207 -0.1072912 0.9080476
1548266478.431520 0.3620602 -0.2287799 0.2854970 -0.0055327 -0.3967313 -0.1039679 0.9120111
1548266478.532260 0.3680518 -0.2158836 0.2993741 -0.0062217 -0.3872350 -0.1023078 0.9162661
1548266478.565780 0.3806839 -0.2113063 0.3239553 -0.0058305 -0.3869854 -0.1022301 0.9163827
1548266478.900790 0.3838114 -0.1824703 0.3099204 -0.0041814 -0.3507806 -0.1073376 0.9302763
1548266479.001340 0.3855426 -0.1607030 0.3091246 -0.0030179 -0.3435906 -0.1063170 0.9330773
1548266479.035050 0.3984826 -0.1510601 0.3198887 -0.0019170 -0.3432327 -0.1063009 0.9332137
1548266479.169140 0.4118041 -0.1226070 0.3293638 -0.0035889 -0.3307118 -0.1062254 0.9377276
1548266479.269730 0.3961620 -0.1065400 0.3229791 -0.0048537 -0.3122579 -0.1087780 0.9437366
1548266479.336760 0.4015723 -0.1077621 0.3302334 -0.0064424 -0.3003664 -0.1072236 0.9477561
1548266479.403790 0.4119141 -0.0936246 0.3328589 -0.0050726 -0.2816337 -0.1031826 0.9539445
1548266479.504300 0.4281637 -0.0765065 0.3370246 -0.0068817 -0.2596263 -0.0976108 0.9607388
1548266479.571370 0.4292017 -0.0737708 0.3376991 -0.0093980 -0.2434339 -0.0938907 0.9653167
1548266479.705270 0.4572831 -0.0613490 0.3478878 -0.0144785 -0.2085296 -0.0842160 0.9742759
1548266480.007220 0.4686558 -0.0305899 0.3407828 -0.0278903 -0.1261842 -0.0718346 0.9890094
1548266480.241920 0.4774549 -0.0075702 0.3533370 -0.0304949 -0.0882382 -0.0561711 0.9940467
1548266480.845030 0.5166774 -0.0040339 0.3592979 -0.0295770 -0.0103106 -0.0194182 0.9993207
1548266481.381150 0.5852535 -0.0506854 0.3120548 -0.0007624 0.0368917 0.0281335 0.9989229
1548266481.883960 0.6064593 -0.0957374 0.2884773 0.0216269 0.0764973 0.0364312 0.9961693
1548266482.587920 0.6405941 -0.1152999 0.4076776 0.0072945 0.0545814 0.0169874 0.9983382
1548266483.593060 0.6092184 -0.0821791 0.4482177 -0.0040813 0.0145611 -0.0173578 0.9997350
