1548266530.512730 0.0000000 0.0000000 0.0000000 -0.0000000 -0.0000000 -0.0000000 1.0000000
1548266530.546250 -0.0252023 -0.0006731 0.0021016 -0.0022086 0.0007119 -0.0004857 0.9999972
1548266530.579760 -0.0176246 0.0028678 0.0069830 -0.0032583 -0.0070722 -0.0031585 0.9999647
1548266530.646790 -0.0233020 -0.0018024 0.0174396 -0.0084518 -0.0111911 -0.0062955 0.9998819
1548266530.680410 -0.0532809 -0.0069637 0.0167886 -0.0104087 -0.0120560 -0.0083064 0.9998387
1548266530.747580 -0.0099958 -0.0062486 0.0404328 -0.0104335 -0.0262990 -0.0162263 0.9994680
1548266530.881810 -0.0431835 -0.0220722 0.0529044 -0.0111745 -0.0279463 -0.0217066 0.9993113
1548266530.948750 -0.0471098 -0.0284279 0.0656523 -0.0116213 -0.0329006 -0.0204333 0.9991822
1548266531.149900 -0.0265303 -0.0418934 0.0845989 -0.0125886 -0.0383769 -0.0183882 0.9990149
1548266531.350880 -0.0213747 -0.0932936 0.0953253 -0.0134661 -0.0384238 -0.0088123 0.9991319
1548266531.451460 -0.0130956 -0.1389125 0.0788211 -0.0059224 -0.0441905 0.0009187 0.9990051
1548266531.585620 0.0229259 -0.1344961 0.0631466 0.0167440 -0.0509718 0.0112277 0.9984966
1548266531.652460 0.0262167 -0.1354127 0.0532210 0.0253926 -0.0470225 0.0158439 0.9984453
1548266531.820260 0.0537207 -0.1352130 0.0335950 0.0393409 -0.0402935 0.0229690 0.9981489
1548266531.853920 0.0669195 -0.1363669 0.0292295 0.0404921 -0.0399867 0.0249588 0.9980674
1548266531.887450 0.0569127 -0.1345992 0.0264988 0.0425951 -0.0363528 0.0256351 0.9981017
1548266531.920950 0.0642462 -0.1408451 0.0230768 0.0433777 -0.0347686 0.0270560 0.9980869
1548266531.987830 0.0742448 -0.1451700 0.0147885 0.0464521 -0.0320807 0.0306883 0.9979335
1548266532.021320 0.0829970 -0.1478173 0.0099201 0.0477312 -0.0306786 0.0316989 0.9978856
1548266532.088340 0.0859210 -0.1485302 0.0042839 0.0513710 -0.0257905 0.0347396 0.9977420
1548266532.121860 0.1056339 -0.1505288 0.0009019 0.0526988 -0.0249638 0.0356187 0.9976628
1548266532.155340 0.1199977 -0.1460574 0.0024434 0.0541092 -0.0215108 0.0373577 0.9976041
1548266532.188840 0.1138671 -0.1435133 -0.0042237 0.0553637 -0.0150436 0.0383092 0.9976177
1548266532.222360 0.1214565 -0.1472922 -0.0054612 0.0552763 -0.0105338 0.0392826 0.9976425
1548266532.255880 0.1320188 -0.1345739 -0.0066746 0.0569237 -0.0047156 0.0400205 0.9975650
1548266532.289310 0.1368574 -0.1406676 -0.0107801 0.0551533 0.0015911 0.0412491 0.9976242
1548266532.322820 0.1413210 -0.1433779 -0.0106522 0.0544665 0.0065989 0.0418825 0.9976150
1548266532.356320 0.1457095 -0.1439197 -0.0163339 0.0542853 0.0120718 0.0429610 0.9975278
1548266532.389830 0.1599194 -0.1446919 -0.0111104 0.0541613 0.0151249 0.0457392 0.9973694
1548266532.423340 0.1463159 -0.1450574 -0.0129453 0.0546350 0.0192335 0.0474379 0.9971935
1548266532.523900 0.1861689 -0.1376583 -0.0104444 0.0540415 0.0235881 0.0514183 0.9969350
1548266532.590930 0.2105872 -0.1376495 -0.0052117 0.0523598 0.0240542 0.0545984 0.9968445
1548266532.691510 0.2336568 -0.1250851 0.0110413 0.0488395 0.0260984 0.0536713 0.9970221
1548266532.724990 0.2436659 -0.1243109 0.0125825 0.0463175 0.0273909 0.0526817 0.9971606
1548266532.792010 0.2711970 -0.1042781 0.0265392 0.0434340 0.0287321 0.0480969 0.9974842
1548266532.859080 0.2851107 -0.1121341 0.0394035 0.0375542 0.0314891 0.0471064 0.9976869
1548266532.926110 0.2978850 -0.0987826 0.0513073 0.0352602 0.0321701 0.0460489 0.9977983
1548266533.026600 0.3252682 -0.0911905 0.0668336 0.0301537 0.0317572 0.0477026 0.9979011
1548266533.261070 0.3958670 -0.0522210 0.1122411 0.0153664 0.0343196 0.0500997 0.9980361
1548266533.461580 0.4390832 -0.0180534 0.1510228 -0.0012957 0.0420975 0.0489652 0.9979121
1548266533.662610 0.4747607 0.0170677 0.1952157 -0.0209225 0.0573785 0.0447709 0.9971287
1548266533.965340 0.5209086 0.0632018 0.2570342 -0.0450814 0.0649679 0.0576644 0.9951993
1548266534.065880 0.5511343 0.0648452 0.2702550 -0.0592410 0.0771322 0.0670809 0.9929961
1548266534.165790 0.5660617 0.0246642 0.2865822 -0.0644666 0.0850891 0.0774307 0.9912661
1548266534.366840 0.5971487 -0.0213894 0.2729398 -0.0452550 0.0947666 0.0969979 0.9897286
1548266534.500720 0.6104989 -0.0450713 0.2617217 -0.0315895 0.1023332 0.1119771 0.9879227
1548266534.668650 0.5927710 -0.0713423 0.2545045 -0.0159002 0.1018958 0.1217584 0.9871876
1548266534.836150 0.5809281 -0.0971310 0.2363911 0.0019435 0.0907138 0.1196518 0.9886611
1548266534.936680 0.5344780 -0.1207357 0.2312248 0.0072127 0.0872741 0.1173400 0.9892232
1548266535.037230 0.5339862 -0.1258638 0.2121698 0.0137403 0.0736350 0.1135188 0.9907081
1548266535.137790 0.5112586 -0.1431919 0.2057421 0.0178375 0.0672386 0.1072090 0.9917999
1548266535.372630 0.4483546 -0.1555446 0.1894690 0.0287829 0.0526894 0.0916280 0.9939817
1548266535.506700 0.3998156 -0.1588872 0.1914877 0.0239717 0.0420690 0.0823124 0.9954297
1548266535.606830 0.3987032 -0.1564731 0.1863773 0.0240881 0.0201318 0.0736031 0.9967934
1548266536.880380 0.3867253 -0.0644997 0.1513807 0.0012612 -0.0584886 0.0038324 0.9982799
1548266536.947410 0.3849551 -0.0854508 0.1250854 0.0058578 -0.0606339 0.0058973 0.9981255
1548266537.115000 0.4227087 -0.0593685 0.0954176 0.0307699 -0.0694804 0.0055220 0.9970934
1548266537.249100 0.4008329 -0.0498777 0.0574255 0.0390607 -0.0664908 0.0058939 0.9970047
1548266537.349770 0.3848557 -0.0489410 0.0387151 0.0381539 -0.0670931 0.0071376 0.9969914
1548266537.417340 0.4000326 -0.0435829 0.0329479 0.0378622 -0.0746888 0.0057902 0.9964710
1548266537.484440 0.3970752 -0.0545217 0.0277399 0.0370713 -0.0799354 0.0038017 0.9961032
1548266537.551590 0.3890809 -0.0591338 0.0014507 0.0389381 -0.0952953 -0.0010676 0.9946867
1548266537.585100 0.4044901 -0.0694580 0.0095777 0.0401504 -0.1076584 -0.0034336 0.9933710
1548266537.618620 0.4100246 -0.0739498 -0.0050850 0.0424088 -0.1180708 -0.0062969 0.9920792
1548266537.652020 0.4616313 -0.0588408 -0.0096700 0.0491047 -0.1437271 -0.0072330 0.9883718
1548266537.685510 0.5016155 -0.0641236 0.0066069 0.0521613 -0.1675565 -0.0136112 0.9843875
1548266537.719000 0.5042132 -0.0579977 0.0033971 0.0551625 -0.1746499 -0.0154499 0.9829628
1548266537.752500 0.4001996 -0.0692683 -0.0476833 0.0561599 -0.1762593 -0.0205957 0.9825246
1548266537.785970 0.4553967 -0.0629057 -0.0113285 0.0626517 -0.2115614 -0.0308738 0.9748658
1548266537.819460 0.4589006 -0.0479129 -0.0097115 0.0666453 -0.2159926 -0.0330932 0.9735556
1548266537.852970 0.5225683 -0.0424327 -0.0196659 0.0682350 -0.2353073 -0.0347758 0.9688989
1548266537.919340 0.4524635 -0.0590861 -0.0110780 0.0668727 -0.2439823 -0.0497731 0.9661901
1548266537.952750 0.4343549 -0.0411663 -0.0274488 0.0688628 -0.2410312 -0.0496262 0.9667984
1548266538.053230 0.4036908 -0.0346303 -0.0460217 0.0674042 -0.2469211 -0.0544831 0.9651520
1548266538.254700 0.4031232 -0.0535590 -0.0547453 0.0610321 -0.2847747 -0.0659161 0.9543760
1548266538.322300 0.4220617 -0.0670786 -0.0251782 0.0598829 -0.2927782 -0.0678663 0.9518871
1548266538.656700 0.4211710 -0.0980673 -0.0381086 0.0560326 -0.3042681 -0.0631751 0.9488363
1548266538.824240 0.5000136 -0.1397893 -0.0144860 0.0665645 -0.3015219 -0.0502956 0.9498021
1548266538.958340 0.4895424 -0.1332736 -0.0516078 0.0764535 -0.2751312 -0.0379539 0.9576101
1548266539.159460 0.4587261 -0.1412420 -0.0827680 0.0845620 -0.2460301 -0.0336355 0.9649804
1548266539.226490 0.4586969 -0.1478053 -0.0892913 0.0860819 -0.2435999 -0.0315286 0.9655336
1548266539.293520 0.4474259 -0.1446750 -0.0947536 0.0886453 -0.2380911 -0.0302278 0.9667166
1548266539.360520 0.4605685 -0.1492596 -0.0902778 0.0881332 -0.2353464 -0.0280596 0.9675006
1548266539.394070 0.4575820 -0.1587877 -0.0865787 0.0867523 -0.2309235 -0.0274275 0.9687085
1548266539.461070 0.4642753 -0.1687273 -0.0852518 0.0847491 -0.2213524 -0.0251792 0.9711780
1548266539.494590 0.4580874 -0.1587950 -0.0892059 0.0852076 -0.2158781 -0.0236009 0.9724090
1548266539.528070 0.4561953 -0.1677510 -0.0892904 0.0844401 -0.2120995 -0.0218822 0.9733472
1548266539.561580 0.4422386 -0.1683476 -0.0777304 0.0850154 -0.2043160 -0.0215496 0.9749682
1548266539.595090 0.4488989 -0.1657337 -0.0852256 0.0847191 -0.1966015 -0.0187388 0.9766368
1548266539.628600 0.4472735 -0.1596154 -0.0855338 0.0860334 -0.1908091 -0.0173226 0.9776963
1548266539.662120 0.4440122 -0.1606365 -0.0824878 0.0855639 -0.1847478 -0.0167456 0.9789109
1548266539.695540 0.4327230 -0.1516525 -0.0807950 0.0854348 -0.1756717 -0.0147026 0.9806244
1548266539.728650 0.4363609 -0.1514109 -0.0855138 0.0843481 -0.1700657 -0.0127882 0.9817330
1548266539.795590 0.4362110 -0.1512631 -0.0743935 0.0807143 -0.1627977 -0.0119009 0.9832805
1548266539.829110 0.4325929 -0.1313149 -0.0765140 0.0807637 -0.1581661 -0.0106144 0.9840468
1548266539.862620 0.4519794 -0.1448431 -0.0635710 0.0759206 -0.1577794 -0.0103246 0.9844974
1548266539.896140 0.4326231 -0.1435913 -0.0628520 0.0729279 -0.1494155 -0.0097860 0.9860328
1548266539.929660 0.4176766 -0.1301131 -0.0660147 0.0719943 -0.1409625 -0.0099838 0.9873433
1548266539.963260 0.4271194 -0.1287144 -0.0615631 0.0699733 -0.1379987 -0.0096202 0.9879107
1548266540.030200 0.4381680 -0.1298660 -0.0458867 0.0670671 -0.1321102 -0.0135239 0.9888711
1548266540.264800 0.4391988 -0.1153919 -0.0434488 0.0714962 -0.1080929 -0.0059467 0.9915488
1548266540.365280 0.4152471 -0.1075616 -0.0474300 0.0749598 -0.1011027 0.0006053 0.9920478
1548266540.398790 0.4159760 -0.0927840 -0.0475047 0.0780900 -0.1005297 0.0006251 0.9918646
1548266540.432290 0.4053314 -0.1052400 -0.0514813 0.0761163 -0.0980652 0.0021627 0.9922625
1548266540.465810 0.4135501 -0.1009628 -0.0453693 0.0766328 -0.1013329 0.0014145 0.9918957
1548266540.532830 0.4050989 -0.0699961 -0.0403206 0.0795282 -0.0997287 -0.0019646 0.9918295
1548266540.566340 0.4029099 -0.0652390 -0.0375421 0.0789995 -0.0981812 -0.0031936 0.9920229
1548266540.633360 0.4000024 -0.0588403 -0.0299054 0.0770367 -0.0985561 -0.0060894 0.9921265
1548266540.700420 0.4005793 -0.0449533 -0.0163214 0.0757025 -0.0946202 -0.0081095 0.9925978
1548266540.767450 0.3805018 -0.0415187 -0.0127455 0.0719597 -0.0933675 -0.0094957 0.9929824
1548266540.834480 0.3455519 -0.0251221 -0.0042678 0.0698285 -0.0941160 -0.0139221 0.9930118
1548266540.901510 0.3438544 -0.0121122 0.0033974 0.0659720 -0.1018137 -0.0207897 0.9923958
1548266540.935030 0.3407019 -0.0206412 0.0063066 0.0619390 -0.1081361 -0.0251385 0.9918862
1548266541.035580 0.3179979 -0.0013469 0.0138843 0.0580678 -0.1214227 -0.0392713 0.9901224
1548266541.069130 0.3166675 -0.0010326 0.0206350 0.0568181 -0.1301937 -0.0457065 0.9888034
1548266541.102710 0.2995717 0.0177710 0.0199443 0.0575668 -0.1322236 -0.0500396 0.9882809
1548266541.136260 0.2757804 0.0245756 0.0081747 0.0569878 -0.1393011 -0.0560810 0.9870170
1548266541.169930 0.3086194 0.0082975 0.0353270 0.0519149 -0.1561428 -0.0638634 0.9842996
1548266541.236960 0.2916685 0.0372936 0.0473882 0.0499091 -0.1714744 -0.0724805 0.9812503
1548266541.304000 0.2761618 0.0474024 0.0495352 0.0433823 -0.1775575 -0.0795522 0.9799300
1548266542.410000 0.0928857 0.1774292 0.1464149 0.0224470 -0.2963925 -0.1676149 0.9399750
1548266543.415400 -0.0164144 0.0368956 0.1928198 0.0087665 -0.3429165 -0.1516918 0.9269957
1548266544.354010 0.0736431 -0.1166062 0.1797659 0.0592091 -0.2790338 -0.0930945 0.9539224
1548266544.387530 0.0591149 -0.0986581 0.1747300 0.0603711 -0.2741123 -0.0889285 0.9556723
1548266544.655640 0.1001151 -0.0846861 0.1954459 0.0556823 -0.2732378 -0.0839353 0.9566585
1548266544.756190 0.0980452 -0.0685384 0.1942748 0.0519327 -0.2687138 -0.0888781 0.9577038
1548266545.929040 0.1784469 0.0284382 0.2547002 0.0330121 -0.2388631 -0.0899709 0.9663125
1548266546.029690 0.1648450 0.0167902 0.2560626 0.0278884 -0.2334143 -0.0888747 0.9679056
1548266546.063210 0.1724215 0.0028349 0.2590629 0.0263281 -0.2354020 -0.0877455 0.9675709
1548266546.163600 0.1789046 -0.0011806 0.2556455 0.0331770 -0.2332646 -0.0796110 0.9685810
