1341845688.561749 0.0000000 0.0000000 0.0000000 0.0000000 0.0000000 0.0000000 1.0000000
1341845688.697719 -0.0194304 -0.0009982 -0.0155134 0.0073083 -0.0162973 0.0182883 0.9996732
1341845688.729899 -0.0148172 0.0017594 -0.0192309 0.0119100 -0.0234152 0.0216868 0.9994196
1341845688.797687 0.0000188 0.0193504 -0.0172865 0.0182335 -0.0276892 0.0200954 0.9992482
1341845688.965631 -0.0154051 0.0337523 -0.0268827 0.0192252 -0.0328171 0.0202150 0.9990720
1341845689.265745 -0.0235951 0.0681380 -0.0329297 -0.0013766 -0.0230102 0.0236010 0.9994557
1341845689.901825 -0.0381379 0.0626263 -0.0495268 0.0176438 -0.0495333 -0.0031784 0.9986116
1341845693.321741 0.0159094 0.0694529 -0.0705636 0.0464624 -0.0520230 -0.0178831 0.9974042
1341845695.203618 0.0158430 0.0648820 -0.0643376 0.0553943 -0.0266112 0.0025941 0.9981065
1341845695.539693 0.0122920 0.0687022 -0.0666832 0.0679587 -0.0653514 -0.0103047 0.9954922
1341845698.413724 0.0365030 0.0826553 -0.0536261 0.0308586 -0.0750934 0.0042393 0.9966899
1341845707.597603 0.0924535 0.0759393 -0.0150772 0.0510705 -0.0589691 0.0017679 0.9969510
