1341845688.561749 0.0000000 0.0000000 0.0000000 0.0000000 0.0000000 0.0000000 1.0000000
1341845688.697719 -0.0175485 -0.0007305 -0.0157775 0.0072839 -0.0166506 0.0183509 0.9996664
1341845688.729899 -0.0126575 0.0024486 -0.0184029 0.0120028 -0.0239573 0.0217464 0.9994044
1341845688.797687 0.0018179 0.0197956 -0.0162035 0.0181786 -0.0279913 0.0202718 0.9992372
1341845689.065755 -0.0113577 0.0533180 -0.0322728 0.0125608 -0.0288602 0.0088389 0.9994655
1341845689.265745 -0.0219148 0.0602629 -0.0376309 -0.0029647 -0.0233009 0.0236166 0.9994451
1341845689.701700 -0.0328197 0.0570495 -0.0568147 0.0139742 -0.0375610 0.0026768 0.9991930
1341845691.613857 -0.0109987 0.0684712 -0.0500944 0.0224673 -0.0444136 -0.0182001 0.9985947
1341845693.017585 0.0026040 0.0610082 -0.0767501 0.0451074 -0.0520588 -0.0227077 0.9973663
1341845694.693720 0.0291228 0.0697866 -0.0778305 0.0570157 -0.0471538 -0.0098156 0.9972108
1341845695.335657 0.0173132 0.0671710 -0.0634203 0.0640711 -0.0468803 -0.0029307 0.9968393
1341845697.209803 0.0359754 0.0744264 -0.0627266 0.0337942 -0.0675431 0.0073112 0.9971170
1341845703.109699 0.0659358 0.0856069 -0.0460807 0.0239699 -0.0705420 -0.0063702 0.9972004
1341845707.766259 0.0958354 0.0713551 -0.0137127 0.0498124 -0.0584627 0.0026201 0.9970426
