1548266187.119290 0.0000000 0.0000000 0.0000000 0.0000000 0.0000000 0.0000000 1.0000000
1548266187.352560 0.0103347 0.0324199 0.0079894 -0.0008006 0.0166488 0.0040443 0.9998529
1548266187.385160 0.0135148 0.0335090 0.0096744 -0.0020517 0.0240615 0.0065511 0.9996869
1548266187.452190 0.0051485 0.0434093 0.0176185 -0.0011146 0.0392209 0.0149172 0.9991186
1548266187.619920 0.0345516 0.0524458 0.0281370 0.0019624 0.0613675 0.0323235 0.9975898
1548266187.720470 0.0515491 0.0472637 0.0315106 0.0085689 0.0830521 0.0371693 0.9958149
1548266187.921890 0.0578911 0.0355334 0.0255558 0.0249357 0.1163186 0.0470637 0.9917828
1548266188.223490 0.0992691 -0.0299884 0.0391830 0.0370226 0.1355092 0.0556209 0.9885206
1548266188.458100 0.1513802 -0.0914238 0.0486009 0.0614549 0.1255771 0.0612426 0.9882829
1548266188.793290 0.2180415 -0.1666850 0.0556859 0.0811454 0.1180863 0.0680678 0.9873388
1548266189.195510 0.2426727 -0.2278234 0.0750854 0.0903369 0.1382561 0.0692525 0.9838336
1548266189.530670 0.2795011 -0.2746555 0.0975249 0.0963957 0.1742867 0.0761133 0.9770050
1548266190.166860 0.3809578 -0.2191847 0.1560373 0.0590519 0.2398679 0.1201097 0.9615352
1548266191.072270 0.5550516 -0.1188610 0.1597782 0.0287875 0.3107447 0.1427418 0.9392730
1548266191.474850 0.6070095 -0.0639590 0.0726353 0.0160045 0.3848009 0.2004973 0.9008179
1548266191.843180 0.6022725 -0.0292086 -0.0029237 0.0278458 0.4440975 0.2274607 0.8661776
1548266192.312360 0.5884891 -0.0585767 -0.0883290 0.0579066 0.4932800 0.2415346 0.8336563
1548266193.284700 0.6168965 -0.0468985 -0.2532931 0.0753998 0.5973134 0.2745146 0.7497822
1548266193.887480 0.6271740 0.0965418 -0.2884854 0.0427255 0.6267478 0.3025226 0.7168276
1548266194.557820 0.6172049 0.2217856 -0.3023667 0.0031194 0.6243172 0.3089887 0.7174568
1548266195.965320 0.5131588 0.2150417 -0.5334781 0.0201005 0.5769772 0.2729312 0.7695465
1548266196.434510 0.5607507 0.2290495 -0.6346659 0.0341337 0.5297782 0.2626870 0.8057081
1548266196.602160 0.5743939 0.2621269 -0.6653489 0.0377727 0.5071936 0.2554818 0.8222268
1548266197.071450 0.6215001 0.3536275 -0.7182919 0.0132632 0.5040025 0.2664579 0.8214657
1548266197.272640 0.6206175 0.3969238 -0.7337897 0.0031958 0.5110187 0.2691459 0.8163395
1548266197.440220 0.6187636 0.4289145 -0.7485672 -0.0097068 0.5220972 0.2738241 0.8076761
1548266197.641070 0.5975258 0.4456000 -0.7861755 -0.0123658 0.5468348 0.2888524 0.7857373
1548266198.110510 0.5239832 0.4706603 -0.8678190 0.0049755 0.6339766 0.3209917 0.7035718
1548266198.378640 0.4932693 0.4593338 -0.9171796 0.0198937 0.6656440 0.3293410 0.6693705
1548266198.680250 0.4603738 0.4338735 -0.9498829 0.0354810 0.6892431 0.3258083 0.6461687
1548266198.847830 0.4357815 0.4283134 -0.9551528 0.0374867 0.7063982 0.3206153 0.6299224
1548266199.250400 0.4497223 0.3790720 -1.0165834 0.0338482 0.6979114 0.3322070 0.6335713
1548266199.384150 0.4340926 0.3751150 -1.0049465 0.0401058 0.6802011 0.3223408 0.6571259
1548266200.154880 0.4407086 0.4882150 -0.9514256 0.0139441 0.6202788 0.2906453 0.7284127
1548266200.322480 0.4336404 0.4939543 -0.9301814 0.0056452 0.6064018 0.2901047 0.7403271
1548266200.557100 0.4312204 0.5128707 -0.9040791 0.0058497 0.5832195 0.2855679 0.7604418
1548266200.858840 0.4199370 0.4963422 -0.8961618 0.0135286 0.5662962 0.2652268 0.7802438
1548266202.903190 0.2184584 0.2057824 -1.0321069 0.0536271 0.5819626 0.2645188 0.7671202
1548266203.137660 0.1921325 0.1095321 -1.0474709 0.0392179 0.5844663 0.2976456 0.7538356
1548266203.338810 0.1982241 0.1220678 -1.0379362 0.0226284 0.5859783 0.2850448 0.7581998
1548266203.640420 0.1795147 0.0752501 -1.0363024 -0.0002197 0.5823315 0.2922039 0.7586216
1548266204.444770 0.1801344 -0.0074834 -1.0408310 -0.0154367 0.5285628 0.2851188 0.7994313
1548266204.746430 0.1940722 -0.1102409 -1.0047095 -0.0183043 0.5079101 0.2989140 0.8076774
1548266204.813110 0.2268658 -0.0390318 -1.0570499 -0.0066454 0.4969067 0.2928575 0.8168684
1548266205.148490 0.2272060 -0.0645080 -1.0633903 0.0054325 0.4855226 0.2789743 0.8284996
1548266205.316070 0.2482702 -0.0885601 -1.0456765 -0.0140388 0.4851491 0.2686942 0.8320076
1548266205.584190 0.2617730 -0.1159866 -1.0103374 -0.0076747 0.4558402 0.2724942 0.8472884
1548266205.617710 0.2907667 -0.0854931 -1.0389265 0.0003815 0.4336538 0.2677896 0.8603680
1548266205.785330 0.3371398 -0.0588942 -1.0767345 0.0210499 0.4070201 0.2738597 0.8711443
1548266205.919340 0.3875053 0.0043820 -1.1267605 0.0545111 0.3709025 0.2624058 0.8891586
1548266206.522470 0.3740169 -0.1900655 -1.0600625 0.0661217 0.3702676 0.2226186 0.8994280
1548266207.461240 0.5072904 -0.1017350 -1.0045172 0.0354924 0.3636829 0.1946196 0.9102737
1548266209.472470 0.4223917 -0.1696249 -0.8821853 0.0867387 0.3829139 0.2073778 0.8960177
1548266210.108570 0.5197779 -0.2109578 -0.8254722 0.0680868 0.4164567 0.2182575 0.8799385
1548266210.611760 0.6081738 -0.1694893 -0.7191967 0.0358518 0.4204649 0.2191701 0.8797092
1548266212.052800 0.6234503 -0.2818272 -0.3817456 0.0240238 0.5366256 0.2256856 0.8127249
1548266212.622960 0.6401315 -0.3478304 -0.2786399 0.0366125 0.5380406 0.2484245 0.8046472
1548266212.890360 0.6610946 -0.4000153 -0.2400197 0.0391504 0.5402281 0.2611556 0.7990110
1548266213.427140 0.6433358 -0.4540330 -0.1501711 0.0389820 0.5653993 0.2684655 0.7789289
1548266213.996850 0.5733424 -0.4465402 -0.0144484 0.0419274 0.6116610 0.2597768 0.7460757
1548266214.867980 0.5599797 -0.4900698 0.1327901 0.0441066 0.6359835 0.2997626 0.7097338
1548266215.538670 0.5418277 -0.5966262 0.2031859 0.0646025 0.6429170 0.3432577 0.6816586
1548266216.376040 0.4295394 -0.5691778 0.3802752 0.0552071 0.6791081 0.2720087 0.6795408
1548266217.247630 0.4696972 -0.5267494 0.3209109 0.0682544 0.6829298 0.2548987 0.6811570
