1548265882.499630 0.0000000 0.0000000 0.0000000 0.0000000 0.0000000 0.0000000 1.0000000
1548265882.566560 0.0874671 -0.0458676 -0.0285635 -0.0088038 -0.0139237 -0.0110252 0.9998035
1548265882.600030 -0.0078811 -0.0019893 -0.0032466 -0.0038907 0.0067621 -0.0133465 0.9998805
1548265883.268460 0.0299920 0.0317656 -0.0900024 -0.0143131 0.0052362 -0.0084445 0.9998482
1548265883.536330 0.0471128 0.0255978 -0.1243766 -0.0100096 0.0133957 -0.0036411 0.9998536
1548265883.737430 0.0879777 0.0047928 -0.1492751 -0.0020349 0.0466405 0.0053482 0.9988953
1548265883.972510 0.0834660 -0.0009704 -0.1417507 0.0123896 0.0825092 0.0187468 0.9963369
1548265884.173590 0.0290108 0.0208016 -0.1139407 0.0234344 0.1134229 0.0204025 0.9930608
1548265884.408030 0.0391900 0.0317118 -0.0979600 0.0189915 0.1335126 0.0171464 0.9907168
1548265884.676150 0.0198213 0.0040447 -0.0641389 0.0124941 0.1874340 0.0322308 0.9816688
1548265884.810220 0.0641836 0.0149962 -0.0882512 0.0190732 0.2123730 0.0549389 0.9754567
1548265884.910640 0.0018869 -0.0018322 -0.0473872 0.0176118 0.2460515 0.0720758 0.9664127
1548265885.044770 -0.0138845 0.0147024 -0.0417171 0.0172623 0.2659957 0.0848878 0.9600741
1548265885.178890 -0.0426047 0.0128432 -0.0308557 0.0092987 0.2863113 0.0911676 0.9537441
1548265885.312810 -0.0641026 0.0135674 -0.0291218 0.0094501 0.3011360 0.1022556 0.9480357
1548265885.548020 -0.0827183 0.0150424 -0.0160362 0.0030092 0.3401841 0.1187129 0.9328306
1548265885.849400 -0.0917719 0.0047002 0.0146168 -0.0028706 0.3776579 0.1343520 0.9161418
1548265886.084010 -0.1061889 -0.0058077 0.0435273 0.0053236 0.4001029 0.1587100 0.9026076
1548265886.586910 -0.1480803 -0.0409777 0.0647453 0.0328247 0.4308882 0.1753103 0.8846040
1548265886.888210 -0.2131701 -0.0645078 0.1192742 0.0376448 0.4817240 0.1925902 0.8540690
1548265887.022280 -0.2336201 -0.0897002 0.1358566 0.0332869 0.5017114 0.2003225 0.8408618
1548265887.257080 -0.2867841 -0.1002267 0.1750302 0.0372438 0.5269951 0.2084168 0.8230745
1548265887.793080 -0.3003426 -0.1146293 0.2437793 0.0370343 0.5509966 0.2248694 0.8027857
1548265888.161670 -0.2310451 -0.1333958 0.3430827 0.0352676 0.5791090 0.2442033 0.7770159
1548265888.497380 -0.1326272 -0.1872003 0.3887745 0.0339103 0.6124759 0.2589689 0.7460954
1548265888.765210 -0.0804260 -0.1873805 0.4512842 0.0311834 0.6468410 0.2615625 0.7156880
1548265888.966010 -0.0233832 -0.2139315 0.4813780 0.0229070 0.6812161 0.2828459 0.6748466
1548265889.234310 0.0528003 -0.2314949 0.5188533 0.0236645 0.7350811 0.3117133 0.6016066
1548265889.602790 0.0889996 -0.2498291 0.5392379 0.0314685 0.7708166 0.3117568 0.5546703
1548265889.870680 0.1760140 -0.2507386 0.5670337 0.0106122 0.7888188 0.3172302 0.5263243
1548265890.206090 0.3332361 -0.2519499 0.5640646 0.0017496 0.8181491 0.3386601 0.4646916
1548265890.508220 0.4257771 -0.2063685 0.4825206 0.0012472 0.8408155 0.3633722 0.4012336
1548265890.742920 0.4846788 -0.1799421 0.4446367 -0.0092393 0.8591048 0.3796096 0.3431475
1548265890.977410 0.5785214 -0.1508063 0.3887151 -0.0155505 0.8761451 0.4051083 0.2607972
1548265891.412580 0.6777092 -0.1178882 0.3273009 -0.0075220 0.8883283 0.4190753 0.1875954
1548265892.485800 0.8954585 0.0751784 0.0782511 -0.0128465 0.8634175 0.4358965 0.2536522
1548265893.189220 1.0249265 0.1992688 0.0311843 -0.0352444 0.8046960 0.4691372 0.3621223
1548265893.691890 1.1183151 0.2319857 0.1116379 -0.0524217 0.7486108 0.4528781 0.4813890
1548265894.261220 1.1356623 0.1449075 0.1795328 -0.0512468 0.7190891 0.4120167 0.5572494
1548265894.864670 1.1429508 0.0482533 0.2020566 -0.0338898 0.6856034 0.3749428 0.6230709
1548265895.267120 1.1540287 0.0081366 0.1927069 -0.0022674 0.6542717 0.3516441 0.6695296
1548265895.434700 1.1877491 -0.0617587 0.2411302 0.0088747 0.6522991 0.3342875 0.6802051
1548265895.702450 1.1940603 -0.1473768 0.2379256 0.0260977 0.6339544 0.2997445 0.7124423
1548265896.004140 1.2219872 -0.2170751 0.2145423 0.0458473 0.5948355 0.2966104 0.7457151
1548265896.238830 1.2720968 -0.2677001 0.2234139 0.0399731 0.5334869 0.2752308 0.7987753
1548265896.439920 1.2650753 -0.2903018 0.2926505 0.0202541 0.4953938 0.2272421 0.8381740
1548265896.808290 1.2596707 -0.2682841 0.3906482 -0.0180466 0.4282587 0.1810687 0.8851457
1548265897.244020 1.2416402 -0.2317221 0.4550803 -0.0369170 0.3801962 0.1549166 0.9110921
1548265897.746640 1.2056546 -0.2073148 0.4928101 -0.0494018 0.3272233 0.1439572 0.9326096
1548265898.082030 1.1693586 -0.1951399 0.5197228 -0.0606229 0.2683470 0.1190108 0.9540185
1548265898.316260 1.1151904 -0.1875378 0.5541825 -0.0636206 0.2321354 0.0969321 0.9657483
1548265898.651420 1.0661147 -0.2084419 0.5762494 -0.0929135 0.1671875 0.0684087 0.9791505
1548265899.120890 0.9772135 -0.2413239 0.6182194 -0.0761537 0.1219170 0.0400068 0.9888055
1548265899.624110 0.8887070 -0.2454790 0.5753959 -0.0456654 0.0678057 -0.0043759 0.9966433
