0.000000 0.0000000 0.0000000 0.0000000 0.0000000 0.0000000 0.0000000 1.0000000
0.727122 -0.1017934 -0.0072179 0.7617068 0.0021690 -0.0356450 -0.0010182 0.9993616
0.830874 -0.1258432 -0.0058919 0.9130014 0.0021885 -0.0451348 -0.0001688 0.9989785
1.245873 -0.3233432 -0.0243521 1.5802608 0.0042421 -0.0912047 -0.0036784 0.9958163
1.556997 -0.5447198 -0.0401537 2.1337984 0.0050919 -0.1357760 -0.0068015 0.9907031
1.971750 -0.9799457 -0.0506443 2.8985946 0.0048956 -0.2047487 -0.0118192 0.9787310
2.386504 -1.5531065 -0.0589957 3.6464763 0.0035605 -0.2867381 -0.0084502 0.9579651
2.697329 -2.1710596 -0.0776804 4.1791201 0.0021722 -0.3619262 -0.0128259 0.9321160
3.215751 -3.5595810 -0.0646944 4.9772325 -0.0041689 -0.4941464 -0.0059232 0.8693485
3.942122 -6.4138660 -0.0438241 5.5219035 -0.0123374 -0.6551396 -0.0067993 0.7553766
4.254380 -7.8794837 -0.0127488 5.4927855 -0.0094117 -0.6976870 -0.0069191 0.7163075
4.775500 -10.5940390 0.0437817 5.2346182 -0.0064163 -0.7351643 -0.0039987 0.6778468
5.192878 -13.0030460 0.0676063 4.9749885 -0.0075554 -0.7428999 -0.0055882 0.6693366
5.610008 -15.6481428 0.1000003 4.6980963 -0.0071997 -0.7410522 -0.0071194 0.6713710
5.818377 -17.0617199 0.1312993 4.5683994 -0.0080157 -0.7402396 -0.0077106 0.6722512
6.235023 -20.0766773 0.1819484 4.2764339 -0.0066900 -0.7380269 -0.0100070 0.6746639
6.651280 -23.2813129 0.2342657 3.9869621 -0.0100224 -0.7363729 -0.0099653 0.6764283
7.067377 -26.5974464 0.2683600 3.6876781 -0.0070793 -0.7366291 -0.0013384 0.6762586
7.587271 -30.8494148 0.3237154 3.2407389 -0.0112439 -0.7371498 -0.0080034 0.6755884
7.899003 -33.3921776 0.3955135 2.9436934 -0.0118045 -0.7373251 -0.0067169 0.6754016
8.211004 -35.9037056 0.4062958 2.6007786 -0.0078745 -0.7365897 -0.0024287 0.6762897
8.730751 -40.0361519 0.4557311 2.0301976 -0.0163427 -0.7352241 -0.0040686 0.6776149
9.354505 -45.0372009 0.3516631 1.2195113 -0.0142733 -0.7334288 0.0045007 0.6796015
9.770380 -48.4307785 0.1796403 0.5396510 -0.0244547 -0.7326719 0.0111496 0.6800511
