1548266633.500990 -0.000925610 -0.001862614 0.013200536 0.001965740 -0.000181628 -0.011935438 0.999926821
1548266633.534510 0.002843020 -0.007738091 0.008863346 0.003993351 -0.000750508 -0.009189621 0.999949519
1548266633.567900 -0.001205708 -0.005120468 0.007329039 0.009509299 -0.002053493 -0.006284345 0.999932929
1548266633.601420 0.000846348 -0.007587927 0.003304351 0.009558724 -0.004750374 -0.006468796 0.999922107
1548266633.634220 0.003580205 -0.010322317 -0.001577313 0.011140571 -0.003641200 -0.005054364 0.999918538
1548266633.667580 0.000406439 -0.010299279 -0.005207995 0.014134344 -0.001971560 -0.001107824 0.999897548
1548266633.699680 0.001126132 -0.013694236 -0.009861445 0.016888205 -0.003875876 0.003195686 0.999844765
1548266633.733090 -0.000147753 -0.016124803 -0.014063002 0.017193281 -0.006350654 0.007622256 0.999802961
1548266633.766600 0.002489570 -0.020638264 -0.018294853 0.017165666 -0.008678072 0.011425980 0.999749708
1548266633.800120 -0.002013500 -0.027310237 -0.019710579 0.019492676 -0.007484162 0.013439544 0.999691653
1548266633.833640 0.000389976 -0.033748796 -0.023964137 0.019646725 -0.009541279 0.013040691 0.999676403
1548266633.867150 0.000013951 -0.038828141 -0.028144336 0.021201988 -0.010187488 0.017506002 0.999570023
1548266633.900670 0.002590210 -0.045023853 -0.031185675 0.021498587 -0.010717076 0.018892410 0.999532907
1548266633.934150 0.016980156 -0.055614128 -0.041723221 0.023468604 -0.008358948 0.024671558 0.999385144
1548266633.967840 0.015530581 -0.055270960 -0.040251006 0.026763588 0.001195551 0.024336981 0.999344782
1548266634.001350 0.006786471 -0.063059354 -0.043685665 0.029336765 0.002636587 0.026839972 0.999205694
1548266634.034800 0.013894591 -0.079845936 -0.052656307 0.026308093 0.002367762 0.023635531 0.999371622
1548266634.068290 0.020339294 -0.084767144 -0.058361408 0.025671459 0.013805508 0.027575849 0.999194654
1548266634.101810 0.010089485 -0.077978638 -0.061688498 0.032177948 0.017697082 0.032152180 0.998808105
1548266634.135350 0.013114253 -0.092621610 -0.064379755 0.032979808 0.012820808 0.027212835 0.999003214
1548266634.168870 0.018661762 -0.104504195 -0.069676649 0.030778015 0.019331984 0.026046856 0.998999775
1548266634.202380 0.013318045 -0.115715186 -0.075481103 0.028859328 0.025250137 0.024828162 0.998956021
1548266634.235960 0.017121280 -0.124676593 -0.082202797 0.030113762 0.026987800 0.020609688 0.998969499
1548266634.269470 0.027695018 -0.135435150 -0.090410103 0.033213907 0.032164399 0.016441774 0.998795252
1548266634.302930 0.017381280 -0.138427601 -0.093652667 0.035937845 0.039514852 0.020951667 0.998352681
1548266634.336420 0.019120477 -0.149263959 -0.100574076 0.037982455 0.039080437 0.019663997 0.998320279
1548266634.369920 0.019871161 -0.155357899 -0.106432165 0.042259751 0.041280773 0.020874247 0.998035208
1548266634.403430 0.014164849 -0.157334578 -0.110338644 0.046214294 0.043957262 0.023366116 0.997690344
1548266634.436950 0.017927799 -0.164653789 -0.113712986 0.047995765 0.042333614 0.022452374 0.997697430
1548266634.470470 0.016567279 -0.169826644 -0.118631090 0.047393966 0.044435745 0.026082343 0.997546484
1548266634.503980 0.012806520 -0.172683054 -0.120944609 0.045806744 0.042425499 0.028618034 0.997638626
1548266634.537470 0.015276639 -0.180208772 -0.126674352 0.046887431 0.043094140 0.028448495 0.997564608
1548266634.570990 0.021603585 -0.187764084 -0.132210762 0.045959879 0.045562081 0.030877083 0.997425883
1548266634.604530 0.017865178 -0.191030954 -0.134753965 0.045277644 0.048547224 0.035045078 0.997178492
1548266634.638040 0.023841999 -0.203010951 -0.142440390 0.042881728 0.050437370 0.035793765 0.997163996
1548266634.671560 0.029448425 -0.214372447 -0.149478820 0.042613366 0.052661076 0.037725790 0.996989306
1548266634.705080 0.021245723 -0.217633880 -0.152706304 0.043565935 0.058484074 0.041448372 0.996475617
1548266634.738560 0.027299634 -0.227978287 -0.158313011 0.044578795 0.058934246 0.044644609 0.996266202
1548266634.772080 0.074239464 -0.257114480 -0.178968122 0.036812893 0.055134403 0.048898139 0.996601214
1548266634.805620 0.052181388 -0.265755840 -0.180963138 0.041644198 0.065146363 0.053337642 0.995578630
1548266634.839610 0.063128534 -0.279004517 -0.190564467 0.044926537 0.073703512 0.058221065 0.994565084
1548266634.873120 0.053688440 -0.278129837 -0.199122425 0.049500989 0.077887793 0.061891299 0.993807130
1548266634.906640 0.050186487 -0.268691426 -0.205605122 0.057606349 0.080584741 0.064546548 0.992986078
1548266634.939380 0.050770820 -0.269492772 -0.214647456 0.060194502 0.083090030 0.065411516 0.992569394
1548266634.972890 0.046420033 -0.267772955 -0.216283885 0.062133247 0.084802508 0.064215249 0.992383190
1548266635.006530 0.066945706 -0.277599819 -0.230026562 0.060418002 0.084275064 0.063734783 0.992564988
1548266635.040200 0.066174788 -0.277367485 -0.230202406 0.063638732 0.084719374 0.065851886 0.992187618
1548266635.073720 0.055441203 -0.283132467 -0.229565043 0.062373289 0.086022297 0.065111864 0.992204708
1548266635.107230 0.063545154 -0.294922524 -0.233953275 0.062467532 0.084569437 0.067360725 0.992173549
1548266635.140750 0.074612934 -0.306452615 -0.237983185 0.063350353 0.087778923 0.070431862 0.991625406
1548266635.174480 0.065076254 -0.300737871 -0.233501418 0.068248594 0.099051117 0.073864787 0.989987373
1548266635.208180 0.064934649 -0.299767536 -0.234718424 0.072956419 0.102019684 0.076998180 0.989111028
1548266635.241710 0.092138101 -0.315312022 -0.249707564 0.072514106 0.101732048 0.076886947 0.989181830
1548266635.275210 0.090151212 -0.318839968 -0.250710608 0.078251115 0.107085163 0.078440977 0.988056954
1548266635.308540 0.079502290 -0.320271333 -0.248882266 0.079099751 0.112180300 0.080953645 0.987221007
1548266635.341900 0.099448532 -0.321017266 -0.258754453 0.080040899 0.111723285 0.079480142 0.987316701
1548266635.375410 0.110378252 -0.328533538 -0.263288803 0.083004202 0.118748012 0.081181777 0.986112940
1548266635.408980 0.092157375 -0.321892683 -0.253058182 0.087459016 0.129820057 0.083400784 0.984145306
1548266635.442600 0.089742966 -0.326059957 -0.250387459 0.088658235 0.133033970 0.083607703 0.983591090
1548266635.476300 0.112688721 -0.334208425 -0.257490182 0.089677704 0.131181517 0.085928873 0.983547430
1548266635.509840 0.118837199 -0.344135870 -0.251839440 0.092412457 0.138152303 0.093557900 0.981641889
1548266635.543360 0.112947866 -0.342768137 -0.242587256 0.092168269 0.143822476 0.096173571 0.980597139
1548266635.576920 0.127960536 -0.342475057 -0.241524180 0.092986178 0.149360867 0.099705804 0.979338376
1548266635.610480 0.129185858 -0.353550967 -0.235752157 0.089676501 0.153810536 0.103887401 0.978523302
1548266635.644040 0.148991411 -0.356299563 -0.237720092 0.086344933 0.153104140 0.105820883 0.978726527
1548266635.677710 0.149598999 -0.356454985 -0.231975273 0.083927826 0.155994540 0.108475032 0.978189650
1548266635.711260 0.161404659 -0.366385595 -0.219971858 0.080866196 0.158688428 0.112336796 0.977578174
1548266635.744770 0.164928108 -0.368902511 -0.209497345 0.081290553 0.161407755 0.114933678 0.976795594
1548266635.778290 0.178534523 -0.373562014 -0.202160743 0.079654319 0.165766251 0.117228814 0.975927325
1548266635.811800 0.175732463 -0.376590133 -0.187413338 0.080329769 0.168405130 0.121177313 0.974937382
1548266635.845410 0.175451767 -0.379508417 -0.175869249 0.084917721 0.168649886 0.124944659 0.974030302
1548266635.878940 0.182460586 -0.381735485 -0.170225550 0.086349197 0.166308491 0.127451752 0.973982214
1548266635.912450 0.192791038 -0.390012904 -0.162352153 0.084374026 0.165953573 0.130204911 0.973851691
1548266635.945970 0.206464726 -0.395597519 -0.155186999 0.084067974 0.166096163 0.134412151 0.973282083
1548266635.979490 0.208271028 -0.396593684 -0.149226308 0.083578016 0.171318218 0.137126903 0.972039606
1548266636.013000 0.207947959 -0.397095758 -0.137936137 0.079368643 0.174005396 0.132964732 0.972493250
1548266636.046510 0.243523940 -0.401876612 -0.136281890 0.076832442 0.168129192 0.133210521 0.973696209
1548266636.079930 0.245829622 -0.406595120 -0.127864634 0.073524988 0.168930472 0.135469441 0.973501208
1548266636.113270 0.251517932 -0.407801409 -0.113820533 0.068962841 0.167625566 0.136636156 0.973897509
1548266636.146770 0.256769720 -0.406556674 -0.101218730 0.068692438 0.167511270 0.138471881 0.973676980
1548266636.180270 0.265149436 -0.407922777 -0.092450025 0.063869558 0.168709834 0.139441864 0.973659919
1548266636.213790 0.280515588 -0.407507967 -0.087520174 0.057766411 0.170197809 0.139496744 0.973774310
1548266636.247300 0.288061688 -0.405747757 -0.077371871 0.053556123 0.173554627 0.144088731 0.972753294
1548266636.280810 0.299547665 -0.403496147 -0.069413951 0.045740081 0.171618131 0.148651892 0.972809168
1548266636.314330 0.298435066 -0.399893201 -0.055841608 0.039605773 0.179496140 0.151635627 0.971194705
1548266636.347840 0.302160765 -0.403264379 -0.046796250 0.030417512 0.183944782 0.156364829 0.969942850
1548266636.381360 0.317305639 -0.396553983 -0.038661700 0.025374239 0.186457879 0.155305996 0.969778147
1548266636.414880 0.328709682 -0.396801279 -0.032123485 0.018918227 0.188454328 0.159740921 0.968818820
1548266636.448390 0.333435320 -0.401258904 -0.024241460 0.013089617 0.188331729 0.163642714 0.968287604
1548266636.481910 0.350027952 -0.392721037 -0.017312927 0.010019667 0.184644604 0.162526213 0.969221959
1548266636.515420 0.358285213 -0.389822921 -0.010522873 0.008630479 0.186901707 0.165282132 0.968336245
1548266636.548920 0.372534381 -0.391063672 -0.007961959 0.002224309 0.190096915 0.167795806 0.967317312
1548266636.582440 0.379347585 -0.394354104 -0.004251006 -0.000452843 0.190784482 0.171816063 0.966478306
1548266636.615920 0.400238973 -0.383584387 -0.000521558 -0.000216701 0.195458827 0.170788972 0.965726114
1548266636.649440 0.394826051 -0.378838317 0.003435477 -0.001078264 0.202389233 0.172613134 0.963972065
1548266636.682970 0.402374472 -0.378191257 0.006158870 -0.001344456 0.204251683 0.177821552 0.962631258
1548266636.716500 0.411197460 -0.378453774 0.008479263 -0.000487958 0.203955190 0.181131749 0.962077612
1548266636.750020 0.419648753 -0.371027644 0.011875313 0.001308208 0.206218809 0.182502231 0.961335023
1548266636.783510 0.427100914 -0.347567993 0.013374159 0.003991801 0.212274769 0.180116019 0.960459113
1548266636.817120 0.426111516 -0.344440296 0.017608574 0.006470517 0.217922542 0.181956798 0.958832426
1548266636.850550 0.430130183 -0.338547827 0.021517255 0.006091206 0.221570520 0.180910293 0.958196675
1548266636.884030 0.423710035 -0.334249823 0.030852138 0.005808733 0.226407773 0.183553728 0.956563541
1548266636.917510 0.431530112 -0.325192751 0.035104076 0.005676520 0.230519696 0.184817166 0.955338192
1548266636.951030 0.432616341 -0.318715172 0.040670358 0.005026614 0.236692312 0.184823873 0.953829974
1548266636.984550 0.452125449 -0.324516236 0.039588038 0.003956727 0.234572484 0.190672607 0.953207244
1548266637.017980 0.464519926 -0.298237076 0.043789579 0.006225303 0.233387295 0.192289921 0.953161163
1548266637.051500 0.460530544 -0.299575755 0.043149633 0.006155869 0.237447158 0.197923765 0.951003226
1548266637.084960 0.458210048 -0.294450681 0.047944349 0.006909762 0.237705456 0.196967699 0.951132008
1548266637.118480 0.481140794 -0.268640726 0.042053906 0.010564629 0.232691029 0.192502608 0.953250240
1548266637.151990 0.480726841 -0.269265917 0.043025793 0.006011065 0.236334749 0.195743547 0.951732219
1548266637.185460 0.481858590 -0.258389315 0.045813167 0.005973154 0.238266520 0.194964934 0.951410564
1548266637.218980 0.476907184 -0.241794361 0.050808922 0.004233774 0.239505375 0.192640281 0.951582352
1548266637.252540 0.478063935 -0.231799106 0.053555035 0.001004964 0.242755052 0.191829378 0.950931367
1548266637.285960 0.472576883 -0.238301987 0.061469952 -0.002194440 0.247596942 0.193846429 0.949270510
1548266637.319480 0.484864637 -0.220243154 0.064882232 -0.004928762 0.239809798 0.189802667 0.952072432
1548266637.353090 0.501445265 -0.208588202 0.063990534 -0.009128986 0.239774476 0.191600396 0.951690155
1548266637.386660 0.505377771 -0.207590548 0.064950067 -0.011456792 0.241379754 0.192971003 0.950981992
1548266637.420310 0.512946562 -0.207047776 0.065361669 -0.013458245 0.238598928 0.193424846 0.951565161
1548266637.454170 0.508368475 -0.200168256 0.072245828 -0.014331702 0.242085203 0.191719483 0.951016823
1548266637.487730 0.514021534 -0.182602024 0.069517101 -0.011762336 0.243435163 0.191084269 0.950835302
1548266637.521290 0.509536253 -0.168910196 0.074645077 -0.007177779 0.249308794 0.187842349 0.950004661
1548266637.554810 0.513830030 -0.164961341 0.076465877 -0.009079748 0.249454125 0.186366417 0.950240894
1548266637.588320 0.517108356 -0.156931408 0.074993501 -0.004848790 0.248978999 0.188476580 0.949980277
1548266637.621800 0.530173918 -0.159847914 0.063220731 -0.003892514 0.252698275 0.190950012 0.948507524
1548266637.655260 0.530793034 -0.167020401 0.064793712 0.000057503 0.260936348 0.193124155 0.945841044
1548266637.688780 0.531306278 -0.165157989 0.058156452 0.007727930 0.265967143 0.195119879 0.943996817
1548266637.722220 0.535792310 -0.165982384 0.043776029 0.016896604 0.272344479 0.197038738 0.941657435
1548266637.755730 0.525502843 -0.185838180 0.039819241 0.020467103 0.278078815 0.198508046 0.939599822
1548266637.789250 0.527112243 -0.179981262 0.028596606 0.028931807 0.276209809 0.195637732 0.940530154
1548266637.822650 0.522090098 -0.183543699 0.017964560 0.037681944 0.280290011 0.194218085 0.939306615
1548266637.856160 0.520106093 -0.189431579 0.012057630 0.043304814 0.281213489 0.193597911 0.938916139
1548266637.889660 0.510909390 -0.188574281 0.006628989 0.048118455 0.281278568 0.189954840 0.939406270
1548266637.923180 0.509350789 -0.186465948 0.000129364 0.054104312 0.284036610 0.187718258 0.938700050
1548266637.956680 0.505270185 -0.200065499 -0.004031674 0.058810762 0.284136784 0.189489270 0.938030596
1548266637.990010 0.505511664 -0.201705741 -0.012780116 0.065602126 0.283833830 0.186143983 0.938341694
1548266638.023470 0.499210014 -0.207671467 -0.021387992 0.068425708 0.286289064 0.186328389 0.937357043
1548266638.056500 0.492745270 -0.213523157 -0.027161986 0.077731381 0.290121057 0.185333933 0.935648939
1548266638.090020 0.491523475 -0.219681461 -0.034838176 0.080937783 0.290417190 0.185993520 0.935154180
1548266638.123520 0.485199722 -0.214570214 -0.038701460 0.087558675 0.292647743 0.184755020 0.934107253
1548266638.157030 0.488411010 -0.230060385 -0.052405605 0.091299762 0.290763580 0.188726564 0.933543346
1548266638.190550 0.484430563 -0.237262767 -0.058559357 0.095120756 0.288515942 0.188818876 0.933840471
1548266638.224070 0.484724944 -0.235359188 -0.067177237 0.098053438 0.288030092 0.188348026 0.933782207
1548266638.257490 0.480578459 -0.241089533 -0.072539335 0.101003334 0.289549025 0.190117323 0.932638779
1548266638.291000 0.480825855 -0.246012959 -0.076769642 0.103287922 0.288098957 0.190081544 0.932844898
1548266638.324530 0.481302288 -0.251496354 -0.081748449 0.104331824 0.289850625 0.190531809 0.932093941
1548266638.358040 0.479583473 -0.258623294 -0.088355614 0.107132471 0.292376941 0.193017758 0.930474343
1548266638.391650 0.477154403 -0.263276392 -0.096374937 0.111782654 0.293016172 0.194387928 0.929440420
1548266638.425450 0.477800730 -0.268312617 -0.101998453 0.117033782 0.294568852 0.195218739 0.928128186
1548266638.459310 0.472426137 -0.271449015 -0.111612574 0.119285338 0.297383084 0.195480552 0.926888161
1548266638.492820 0.468626236 -0.274598950 -0.118620519 0.119843669 0.296478419 0.193702935 0.927478957
1548266638.526470 0.463706946 -0.280205123 -0.128058365 0.122850580 0.297982262 0.191367698 0.927088297
1548266638.559980 0.458146723 -0.284676054 -0.139483016 0.121577368 0.301019324 0.193313474 0.925870515
1548266638.593460 0.456829389 -0.296791006 -0.148358639 0.120706620 0.301308134 0.189897563 0.926597127
1548266638.626970 0.449395876 -0.299014911 -0.157243771 0.122557688 0.301047155 0.190766708 0.926260377
1548266638.660400 0.446846697 -0.302172169 -0.166957367 0.122432190 0.300676579 0.190750623 0.926400644
1548266638.693910 0.446640883 -0.299688882 -0.173876148 0.124635178 0.302516833 0.190076429 0.925646039
1548266638.727380 0.440856357 -0.310897000 -0.184210298 0.124783154 0.304335698 0.191365788 0.924763798
1548266638.760900 0.436746445 -0.319356818 -0.193240039 0.127502336 0.303041185 0.192010697 0.924684317
1548266638.794410 0.431711054 -0.317476865 -0.201626063 0.131970703 0.303231348 0.191689165 0.924061550
1548266638.827910 0.426700093 -0.324287564 -0.209298583 0.129794479 0.304717398 0.194833469 0.923222953
1548266638.861270 0.424717603 -0.335494397 -0.217921623 0.129630018 0.303288653 0.198149715 0.923010694
1548266638.894680 0.431605980 -0.343073343 -0.227923760 0.127963312 0.300429921 0.197520740 0.924312074
1548266638.928300 0.434906609 -0.335521629 -0.239866419 0.127751302 0.300859025 0.195582940 0.924613846
1548266638.961620 0.435650930 -0.346584936 -0.247624299 0.129518963 0.301739352 0.199653525 0.923209983
1548266638.995040 0.431358269 -0.344890213 -0.256474978 0.133753950 0.301531452 0.200792670 0.922426674
1548266639.028560 0.427310187 -0.338506825 -0.263992611 0.136355874 0.307301251 0.199698058 0.920376935
1548266639.062070 0.422942741 -0.351384678 -0.275112445 0.138515999 0.308884255 0.201144380 0.919208776
1548266639.095580 0.420692243 -0.341584043 -0.285458911 0.145957181 0.310481737 0.202739539 0.917166436
1548266639.129100 0.420262535 -0.332608573 -0.296235055 0.150154988 0.317254847 0.204691500 0.913730940
1548266639.162620 0.408672319 -0.339264166 -0.307196792 0.155832496 0.321347661 0.207308041 0.910755340
1548266639.196140 0.409704960 -0.338331692 -0.319307582 0.159158643 0.322530662 0.206847030 0.909866366
1548266639.229650 0.416400894 -0.326886262 -0.327245756 0.164502937 0.326294415 0.204959906 0.907998995
1548266639.263270 0.413080249 -0.316720560 -0.334480811 0.164249853 0.331540390 0.206035775 0.905898568
1548266639.296780 0.417833112 -0.297667142 -0.337238771 0.163945032 0.338926547 0.205646917 0.903305135
1548266639.330300 0.395632685 -0.306377594 -0.346886004 0.163818601 0.346777397 0.207080673 0.900014721
1548266639.363830 0.397190169 -0.300854593 -0.357389435 0.161572859 0.350804054 0.209962399 0.898190691
1548266639.397350 0.396292811 -0.295855456 -0.364341740 0.159301773 0.354262134 0.214228311 0.896229611
1548266639.430810 0.396290507 -0.292137055 -0.368906044 0.155261307 0.356871466 0.216415635 0.895377549
1548266639.464380 0.383878392 -0.287740093 -0.367489116 0.153927941 0.362171764 0.215631574 0.893667067
1548266639.497950 0.384243496 -0.282233053 -0.373513147 0.149072386 0.366478789 0.218115804 0.892130157
1548266639.531530 0.388991639 -0.272553694 -0.383448111 0.149666641 0.367425187 0.222451403 0.890569482
1548266639.564980 0.394729677 -0.268859691 -0.392602891 0.145117870 0.368903621 0.224008788 0.890320721
1548266639.598500 0.396057683 -0.261357764 -0.397024071 0.142849832 0.374252416 0.224730872 0.888270842
1548266639.631900 0.400108742 -0.248382600 -0.403878586 0.143961850 0.378744322 0.222461849 0.886757267
1548266639.665420 0.390703219 -0.258762255 -0.403746327 0.138550168 0.386181228 0.224930732 0.883783953
1548266639.698930 0.411075842 -0.231862622 -0.424351980 0.139875869 0.383391376 0.227380243 0.884162892
1548266639.732450 0.411426630 -0.224722259 -0.433470028 0.139156849 0.388009587 0.231893746 0.881084118
1548266639.765930 0.410385955 -0.219267824 -0.436832689 0.136342583 0.389006521 0.232344308 0.880965805
1548266639.799300 0.412641143 -0.211430374 -0.443178420 0.136052960 0.388558107 0.235124731 0.880470641
1548266639.832560 0.385373147 -0.216695245 -0.438693697 0.132074814 0.396061122 0.235135368 0.877726147
1548266639.865970 0.386378509 -0.208991000 -0.444941132 0.131027257 0.397352305 0.233797366 0.877656992
1548266639.899600 0.386236633 -0.201883511 -0.445172538 0.129179638 0.401386548 0.233538575 0.876162767
1548266639.933360 0.386995474 -0.187832154 -0.448589361 0.129147822 0.405802071 0.235063126 0.873722408
1548266639.966880 0.381453296 -0.195016557 -0.448324021 0.124786648 0.410410221 0.241098657 0.870553376
1548266640.000140 0.390619298 -0.180948305 -0.461675202 0.123516833 0.411647163 0.243060381 0.869604425
1548266640.033550 0.384708592 -0.179341704 -0.460970353 0.118258517 0.417876110 0.245508963 0.866671696
1548266640.067070 0.378646474 -0.172483768 -0.459459358 0.117344230 0.423820867 0.248248243 0.863121668
1548266640.100690 0.374911767 -0.162371294 -0.460219334 0.113392647 0.427679014 0.250099434 0.861210220
1548266640.134460 0.370609997 -0.150019603 -0.455103483 0.109354590 0.429226140 0.253648099 0.859923913
1548266640.167970 0.369616904 -0.144872678 -0.453858058 0.105650142 0.435613668 0.255459083 0.856632615
1548266640.201190 0.363524526 -0.133404472 -0.454619045 0.102147856 0.441283687 0.252822826 0.854935753
1548266640.234640 0.360460374 -0.131853557 -0.454945503 0.096573045 0.449406399 0.255991807 0.850397395
1548266640.268150 0.362829928 -0.118006910 -0.461743854 0.098037936 0.455475091 0.257667913 0.846485825
1548266640.301740 0.365986474 -0.111435187 -0.467037163 0.095542907 0.459109919 0.255918188 0.845337516
1548266640.335580 0.358172514 -0.106099279 -0.460286385 0.098002226 0.466718463 0.259101070 0.839902420
1548266640.369100 0.354424568 -0.099245457 -0.461648572 0.098637287 0.471720663 0.259536531 0.836893716
1548266640.402280 0.343446582 -0.088630422 -0.462029351 0.097612560 0.476852946 0.261532316 0.833476996
1548266640.435630 0.347648296 -0.084020554 -0.472109585 0.097895933 0.481089136 0.265425529 0.829770401
1548266640.469020 0.352284220 -0.093122969 -0.487273491 0.098613174 0.483307313 0.268923310 0.827266424
1548266640.502660 0.345832750 -0.084284503 -0.491890101 0.101218937 0.486121541 0.267106150 0.825890355
1548266640.536350 0.337855536 -0.064858887 -0.496215504 0.102731750 0.492074392 0.267124322 0.822163960
1548266640.569860 0.334422548 -0.072461685 -0.508266980 0.099755669 0.493470242 0.270065827 0.820731610
1548266640.603210 0.334378013 -0.031070297 -0.521595492 0.106054555 0.490620196 0.269504219 0.821834369
1548266640.636600 0.323933360 -0.015875134 -0.523891019 0.108231709 0.496727839 0.270681538 0.817483246
1548266640.670120 0.320951195 -0.010238674 -0.533070141 0.108365192 0.498333634 0.272593525 0.815851301
1548266640.703730 0.315231750 0.005778415 -0.538305243 0.108080483 0.501930489 0.273571826 0.813352844
1548266640.737270 0.287461562 -0.003501868 -0.520577954 0.104428298 0.507838918 0.275554559 0.809483816
1548266640.770790 0.319002790 0.011649996 -0.559119311 0.100953708 0.503559296 0.283647390 0.809802780
1548266640.804300 0.322079075 0.026816153 -0.574973770 0.099039946 0.505472536 0.292098379 0.805833197
1548266640.837820 0.319099024 0.040573897 -0.582735822 0.096057224 0.506253111 0.293319255 0.805260586
1548266640.871580 0.315149263 0.048764993 -0.589268305 0.092772137 0.509926888 0.293969022 0.803087862
1548266640.905600 0.304586852 0.074527728 -0.580974007 0.094989258 0.517650852 0.290250129 0.799230567
1548266640.939250 0.307545033 0.080054926 -0.598021326 0.091634100 0.519347087 0.291197722 0.798176473
1548266640.972810 0.291088421 0.076798594 -0.600705696 0.085149804 0.527723921 0.288935266 0.794212431
1548266641.006280 0.294618000 0.086144178 -0.614696336 0.081225589 0.531161828 0.289912014 0.791972563
1548266641.039770 0.292285863 0.107670464 -0.621263210 0.081327490 0.532768871 0.286270348 0.792207332
1548266641.073310 0.287944201 0.110735709 -0.631876334 0.076648162 0.539544772 0.286637383 0.787943849
1548266641.106880 0.292052676 0.121187881 -0.642134371 0.074576322 0.543484423 0.287796764 0.785007055
1548266641.140390 0.281484230 0.096744471 -0.640781775 0.069699315 0.549310845 0.288368879 0.781180511
1548266641.173920 0.281966562 0.122355447 -0.657704730 0.071489611 0.547633762 0.290466925 0.781418878
1548266641.207440 0.267251205 0.122685804 -0.670482826 0.071525895 0.552862127 0.288832010 0.778333851
1548266641.240940 0.264871048 0.113315366 -0.675279248 0.071024073 0.558092740 0.292162657 0.773388037
1548266641.274450 0.255674863 0.106958849 -0.679273562 0.069628736 0.561244717 0.290095021 0.772011066
1548266641.307960 0.247720185 0.113254004 -0.691027769 0.073438261 0.560358106 0.289082514 0.772681639
1548266641.341460 0.241378364 0.109099578 -0.700433497 0.074935099 0.562000575 0.291317996 0.770502375
1548266641.374930 0.246646715 0.096125897 -0.703106009 0.077052011 0.560891516 0.295586509 0.769475348
1548266641.408490 0.239648600 0.105242448 -0.721738563 0.081306609 0.558900032 0.293000253 0.771473163
1548266641.442000 0.238801499 0.123220275 -0.740749619 0.086573450 0.554910592 0.296110874 0.772591498
1548266641.475480 0.228307447 0.117465654 -0.749496863 0.090817543 0.549831224 0.295756500 0.775864609
1548266641.508980 0.224966260 0.128829432 -0.761949784 0.093345752 0.545308006 0.294483354 0.779233792
1548266641.542500 0.210319222 0.097693253 -0.756441556 0.094053801 0.544992056 0.297043639 0.778397468
1548266641.576010 0.215609435 0.107127788 -0.795558777 0.098786615 0.534081284 0.297142774 0.785305392
1548266641.609440 0.208024283 0.096335394 -0.796366798 0.099021588 0.532074482 0.296007612 0.787064777
1548266641.642930 0.210298934 0.091683250 -0.827647072 0.103449135 0.517628327 0.293723930 0.796922484
1548266641.676420 0.205727422 0.105092143 -0.829187893 0.107627845 0.513384874 0.285463560 0.802098980
1548266641.709710 0.198550237 0.084555863 -0.835772069 0.109920788 0.512111925 0.291174552 0.800547423
1548266641.743150 0.190590315 0.107857339 -0.845465077 0.117204349 0.508159534 0.289024976 0.802808565
1548266641.776670 0.184962657 0.083796324 -0.850982256 0.119107984 0.507019516 0.293225613 0.801725164
1548266641.810140 0.178511072 0.076429436 -0.859482421 0.123131609 0.502240900 0.294818429 0.803538910
1548266641.843650 0.183087189 0.085577397 -0.884966696 0.124232839 0.497984729 0.296663059 0.805337470
1548266641.877170 0.172593500 0.095287260 -0.883903558 0.124395636 0.497554305 0.295833087 0.805883505
1548266641.910680 0.163688031 0.092598287 -0.891741354 0.124720747 0.494698342 0.298923298 0.806450958
1548266641.944170 0.163270851 0.101597712 -0.905830004 0.127814547 0.496722522 0.301598132 0.803721808
1548266641.977720 0.161507205 0.085037085 -0.915594910 0.127966601 0.494584439 0.304033561 0.804098486
1548266642.011250 0.155634026 0.104951288 -0.924051862 0.133729109 0.494836936 0.303758102 0.803108926
1548266642.044770 0.145221528 0.110110473 -0.924153616 0.134208946 0.500609048 0.305854645 0.798643522
1548266642.078280 0.147702412 0.094825194 -0.934964829 0.131357238 0.499323360 0.310980947 0.797942547
1548266642.111820 0.147709925 0.102330336 -0.945486926 0.133121268 0.499080831 0.311496969 0.797600584
1548266642.145330 0.142754427 0.109626801 -0.955235470 0.133589418 0.500813610 0.312006198 0.796235975
1548266642.178830 0.141238566 0.082851195 -0.957806363 0.133177512 0.500114870 0.313554841 0.796135811
1548266642.212350 0.149508972 0.071226095 -0.980791649 0.133358145 0.493412845 0.314067367 0.800075658
1548266642.245860 0.142669633 0.067588656 -0.986199817 0.133097614 0.489572314 0.311520476 0.803466843
1548266642.279370 0.139188652 0.061825930 -0.998092541 0.133861718 0.483377182 0.313188824 0.806436793
1548266642.312890 0.130953579 0.068680978 -0.993022096 0.137071360 0.482251783 0.308465585 0.808389536
1548266642.346360 0.126458922 0.062521428 -1.001112746 0.137609945 0.480173225 0.307838601 0.809773162
1548266642.379860 0.122534338 0.047331400 -1.006859004 0.140382999 0.473010572 0.307799035 0.813519125
1548266642.413380 0.133069153 0.051785451 -1.033800900 0.138804459 0.468437569 0.306482892 0.816925825
1548266642.446910 0.131672068 0.052571562 -1.039519103 0.140672148 0.465617896 0.303108977 0.819473166
1548266642.480410 0.125598066 0.042527066 -1.040771742 0.138294470 0.466120411 0.301390139 0.820225814
1548266642.513920 0.120781829 0.040002096 -1.045370915 0.137663523 0.463891821 0.297021451 0.823183692
1548266642.547440 0.117232842 0.047477697 -1.047858928 0.138968947 0.459044059 0.291912799 0.827498098
1548266642.580960 0.112242264 0.033214434 -1.044066224 0.139521760 0.463353679 0.291390626 0.825183949
1548266642.614470 0.119373277 -0.021447457 -1.057050449 0.133552938 0.455995124 0.294315687 0.829222730
1548266642.647980 0.105900468 0.025128885 -1.047178113 0.140463839 0.449144158 0.290725246 0.833077587
1548266642.681500 0.088676590 0.028808423 -1.035797503 0.142329903 0.448229591 0.290172658 0.833446016
1548266642.715010 0.102829378 -0.056402462 -1.041322559 0.134555703 0.442842928 0.299795427 0.834210768
1548266642.748540 0.104270369 0.016478829 -1.052980641 0.142408681 0.433076632 0.290909576 0.841151602
1548266642.782070 0.096344320 0.013305386 -1.050491059 0.142298554 0.435861961 0.288940946 0.840409783
1548266642.815580 0.113946382 -0.038243424 -1.069991098 0.138668180 0.429025244 0.295715984 0.842176070
1548266642.849100 0.089930140 0.022397075 -1.052277347 0.151392561 0.424648163 0.284005320 0.846224089
1548266642.882630 0.074955152 0.022046883 -1.047334003 0.149014104 0.432306530 0.284528591 0.842584917
1548266642.916140 0.096511596 0.008762074 -1.059696476 0.150517363 0.423910066 0.287455467 0.845585084
1548266642.949660 0.080162448 0.033594628 -1.046962075 0.151199273 0.426489374 0.283583043 0.845473981
1548266642.983220 0.091606724 0.012999432 -1.048747899 0.149402005 0.425947699 0.286668646 0.845025849
1548266643.016740 0.127619079 -0.012523819 -1.061115425 0.146054791 0.418606435 0.291088943 0.847764046
1548266643.050210 0.122335407 -0.004385679 -1.052338663 0.145778130 0.417563014 0.287392760 0.849585351
1548266643.083710 0.123004453 -0.008227385 -1.046230260 0.141596171 0.417045140 0.286704134 0.850778829
1548266643.117240 0.129947065 -0.011195535 -1.041903951 0.138946545 0.418044438 0.287996047 0.850288764
1548266643.150890 0.128903051 -0.006767873 -1.031453640 0.137518191 0.420973661 0.284786649 0.850156744
1548266643.184480 0.135582848 -0.010179035 -1.028744354 0.131230065 0.425626862 0.284636243 0.848883180
1548266643.217790 0.148091909 0.002305039 -1.029941929 0.129733998 0.423954429 0.283039660 0.850482382
1548266643.251290 0.146357887 0.000380153 -1.021799383 0.129270199 0.429172608 0.282918264 0.847972490
1548266643.285020 0.124320800 -0.001764254 -0.991910789 0.127554648 0.438857217 0.280354003 0.844118350
1548266643.318540 0.153018984 -0.018451587 -1.005807856 0.122496019 0.438051303 0.280708731 0.845167670
1548266643.352060 0.157015373 -0.025630407 -0.995859253 0.118058839 0.441395727 0.279337453 0.844513179
1548266643.385470 0.153617112 -0.025650498 -0.982396056 0.117882265 0.441670167 0.278460966 0.844683802
1548266643.418940 0.178134292 -0.054148207 -0.987761540 0.113045255 0.443364792 0.282818370 0.843007830
1548266643.452440 0.184298809 -0.035295494 -0.989790487 0.115067923 0.439384560 0.279872742 0.845796565
1548266643.485950 0.189771655 -0.029951307 -0.987379322 0.112642271 0.436502737 0.278339267 0.848118112
1548266643.519490 0.196292341 -0.021738136 -0.984545721 0.111562213 0.432072610 0.277203031 0.850896946
1548266643.553050 0.196148310 -0.023356962 -0.975542643 0.109926809 0.430922176 0.278001580 0.851432497
1548266643.586710 0.196019944 -0.032803537 -0.968479169 0.106328278 0.430234732 0.278533466 0.852063073
1548266643.620230 0.202030140 -0.040866175 -0.961716685 0.100124040 0.430875522 0.278864025 0.852382729
1548266643.653600 0.202197033 -0.041609068 -0.947760349 0.093985722 0.430095410 0.275575883 0.854542307
1548266643.687110 0.222995301 -0.058285414 -0.920643049 0.087025485 0.431002476 0.276697834 0.854459911
1548266643.720780 0.230824490 -0.067294840 -0.913262798 0.078885359 0.432238966 0.278035294 0.854191403
1548266643.754290 0.239077847 -0.066083723 -0.904375272 0.072398880 0.429453700 0.277818232 0.856238840
1548266643.787660 0.245807005 -0.067736964 -0.896535436 0.065716986 0.428208163 0.276488812 0.857830393
1548266643.821550 0.255639520 -0.064588298 -0.886739882 0.057942512 0.427008584 0.277754371 0.858579550
1548266643.855070 0.259166998 -0.071050331 -0.873915880 0.052133539 0.429870356 0.278648194 0.857233197
1548266643.888590 0.259862280 -0.069496485 -0.861106838 0.046100168 0.432266404 0.276769962 0.856982450
1548266643.922310 0.273816695 -0.057663243 -0.865938681 0.042668448 0.427537862 0.274080351 0.860389878
1548266643.955840 0.280565725 -0.050245069 -0.864633938 0.042545138 0.425568152 0.273759194 0.861474064
1548266643.989360 0.280518237 -0.055535564 -0.856041625 0.043469630 0.425308796 0.272421114 0.861980020
1548266644.022870 0.270519599 -0.080277567 -0.850663272 0.039697482 0.425602324 0.273796795 0.861581155
1548266644.056030 0.265194992 -0.071820741 -0.837083190 0.041249337 0.422395283 0.271365273 0.863852769
1548266644.089070 0.267336737 -0.074498537 -0.838744438 0.041369683 0.417684342 0.269350217 0.866763405
1548266644.122590 0.260497161 -0.146656147 -0.780061642 0.036986413 0.411682621 0.273365196 0.868574058
1548266644.156100 0.273560738 -0.084609692 -0.793510730 0.051855713 0.388339333 0.268558513 0.879988564
1548266644.189620 0.265768686 -0.108968986 -0.782842476 0.051218914 0.374000417 0.266554023 0.886819747
1548266644.223130 0.267278509 -0.130335839 -0.776371681 0.053622446 0.354952008 0.267257648 0.894263415
1548266644.256650 0.388961826 -0.122351553 -0.853428997 0.059850961 0.312296282 0.269033426 0.909125904
1548266644.290170 0.368352048 -0.082074056 -0.834162148 0.079462417 0.287786939 0.263531117 0.917287170
1548266644.323610 0.343537202 -0.107494686 -0.830972121 0.087114217 0.273214356 0.259111589 0.922293995
1548266644.357130 0.330463031 -0.110221325 -0.832629990 0.100473049 0.253559289 0.254076939 0.927931982
1548266644.390650 0.331118470 -0.116361702 -0.825529766 0.111915194 0.237817487 0.249672326 0.931977232
1548266644.424140 0.342285288 -0.111640466 -0.831984652 0.127125284 0.216194012 0.246403241 0.936154237
1548266644.457650 0.307536047 -0.118423101 -0.846344427 0.142080317 0.202688868 0.240623642 0.938525796
1548266644.491190 0.313078273 -0.127742651 -0.854812940 0.151644455 0.188319916 0.232052806 0.942173585
1548266644.524760 0.314438197 -0.158207621 -0.868926285 0.160317267 0.176292630 0.225965227 0.944541687
1548266644.558270 0.272879284 -0.147569117 -0.859977896 0.178444982 0.169620169 0.216838104 0.944652118
1548266644.591790 0.267007041 -0.159999860 -0.865555873 0.187226082 0.165627475 0.213108041 0.944509871
1548266644.625300 0.266659932 -0.162602916 -0.867540980 0.195612190 0.161447844 0.209782930 0.944278342
1548266644.658820 0.271004599 -0.167551979 -0.868788061 0.208057439 0.150332268 0.204322893 0.944650447
1548266644.692290 0.246798068 -0.153552057 -0.862689083 0.220199896 0.149509656 0.198004500 0.943373249
1548266644.725850 0.228962695 -0.150815389 -0.865075979 0.233665374 0.153509504 0.191686227 0.940793131
1548266644.759370 0.235740498 -0.160013973 -0.879239079 0.241552932 0.147705646 0.188964897 0.940280539
1548266644.792890 0.259948088 -0.177833720 -0.882398720 0.249589835 0.143776298 0.182112676 0.940142683
1548266644.826400 0.267693630 -0.178037631 -0.890912352 0.266029828 0.143831693 0.182120643 0.935613513
1548266644.859950 0.285546286 -0.190389279 -0.907141586 0.270780113 0.135229543 0.182699728 0.935420713
1548266644.893610 0.264677763 -0.168178235 -0.889030664 0.281470601 0.129837684 0.174759039 0.934545748
1548266644.927120 0.297688646 -0.216274180 -0.931657789 0.278524176 0.123870840 0.179886688 0.935265245
1548266644.960640 0.305993791 -0.219968728 -0.946506944 0.281704152 0.115062263 0.175637746 0.936245069
1548266644.994160 0.322642440 -0.262965020 -0.950886932 0.278245682 0.111727463 0.177475217 0.937336045
1548266645.027670 0.224588641 -0.218494186 -0.926925252 0.285175864 0.123861807 0.169438206 0.935213170
1548266645.061190 0.224307955 -0.246662196 -0.943461779 0.279384657 0.120841467 0.169704702 0.937305643
1548266645.094700 0.212069637 -0.223315167 -0.911163951 0.281206309 0.118635039 0.156688043 0.939306977
1548266645.128220 0.211783332 -0.191239334 -0.896476291 0.282531074 0.120668726 0.154483304 0.939015527
1548266645.161740 0.183474453 -0.217474005 -0.886996189 0.275815967 0.127371331 0.152301062 0.940482048
1548266645.195310 0.164129482 -0.225057003 -0.878175453 0.272794466 0.124829840 0.148233175 0.942352172
1548266645.228830 0.152701189 -0.176209831 -0.856970600 0.271352364 0.125778472 0.141441826 0.943685265
1548266645.262340 0.142533438 -0.216813185 -0.855041307 0.257464566 0.128513331 0.145615326 0.946568802
1548266645.295800 0.190518161 -0.214471238 -0.838376892 0.251852651 0.120836995 0.146635223 0.948929278
1548266645.329320 0.223412340 -0.223585725 -0.840470939 0.238581433 0.121233927 0.146478476 0.952326252
1548266645.362830 0.221742159 -0.242815019 -0.829712894 0.229131186 0.119967100 0.144958003 0.955036110
1548266645.396260 0.226981908 -0.235091266 -0.810764036 0.222972386 0.116779148 0.138631994 0.957824157
1548266645.429770 0.232102120 -0.241675783 -0.792348782 0.213090545 0.118780549 0.138860749 0.959792318
1548266645.463290 0.231677706 -0.246890946 -0.772450019 0.203207301 0.118289779 0.142141339 0.961514514
1548266645.496790 0.228964773 -0.245377167 -0.749285471 0.193226164 0.115925404 0.140889777 0.964040985
1548266645.530310 0.243053198 -0.234068489 -0.723554290 0.182183584 0.108213497 0.141087657 0.967053904
1548266645.563820 0.264730836 -0.218243558 -0.684927294 0.173799307 0.104091302 0.141947938 0.968921867
1548266645.597260 0.212482802 -0.228716249 -0.653803835 0.160255029 0.107327829 0.147146363 0.970127317
1548266645.630770 0.200017881 -0.230345588 -0.623919651 0.149302496 0.103833390 0.142805925 0.972899717
1548266645.664250 0.227570914 -0.219301712 -0.592477486 0.139796871 0.099186381 0.143488656 0.974694774
1548266645.697760 0.224688773 -0.231720725 -0.566631332 0.127939715 0.099725733 0.144274164 0.976151204
1548266645.731260 0.245833008 -0.257826686 -0.540638219 0.117237974 0.093362600 0.146140687 0.977845377
1548266645.764780 0.233743838 -0.237837611 -0.520950098 0.114411128 0.093864989 0.141205562 0.978856704
1548266645.798310 0.227128965 -0.258827160 -0.495309406 0.103626338 0.091660999 0.138120076 0.980705199
1548266645.831870 0.236298888 -0.251709692 -0.469272856 0.105956784 0.088615138 0.134946280 0.981177873
1548266645.865380 0.229116560 -0.255049387 -0.448141216 0.101216135 0.089755395 0.134419565 0.981646904
1548266645.898900 0.212908910 -0.257514338 -0.420626850 0.097557020 0.091684165 0.135701029 0.981662810
1548266645.932420 0.208863860 -0.256347021 -0.395242216 0.095433450 0.088421638 0.132014476 0.982673012
1548266645.965930 0.207931287 -0.240404362 -0.376292031 0.093458287 0.085438928 0.129962486 0.983399965
1548266645.999450 0.206459053 -0.251646078 -0.356306927 0.088074214 0.085994873 0.129101043 0.983961755
1548266646.032920 0.206664193 -0.242540881 -0.338417986 0.085436192 0.087038482 0.129236239 0.984084831
1548266646.066420 0.189832337 -0.254481987 -0.312954484 0.075937191 0.089958322 0.132091622 0.984221950
1548266646.099940 0.202586383 -0.252494935 -0.295020797 0.069582270 0.087091042 0.133241383 0.984794492
1548266646.133470 0.244716257 -0.249819162 -0.283064384 0.061102980 0.082006602 0.129610208 0.986277110
1548266646.167000 0.212324543 -0.257586164 -0.264617073 0.051897823 0.093609882 0.133855735 0.985203760
1548266646.200520 0.202776608 -0.263697345 -0.244499298 0.045068508 0.093505487 0.135350243 0.985345556
1548266646.234090 0.226171973 -0.248063954 -0.229260217 0.038842554 0.092797918 0.135342603 0.985678539
1548266646.267610 0.218687602 -0.245731131 -0.209952870 0.029278193 0.096273154 0.136362085 0.985535209
1548266646.301070 0.224879953 -0.224863747 -0.193343436 0.020880628 0.095174398 0.140593408 0.985261045
1548266646.334530 0.245294400 -0.228179477 -0.174801272 0.004235609 0.099425091 0.141376744 0.984941281
1548266646.368050 0.200301386 -0.227665740 -0.158431525 -0.001731170 0.108908663 0.143631066 0.983618840
1548266646.401570 0.226448191 -0.213754453 -0.141427642 -0.004715326 0.105710129 0.138980120 0.984625645
1548266646.435120 0.238159138 -0.202695731 -0.126336245 -0.014868564 0.110415883 0.143113616 0.983415351
1548266646.468640 0.235809088 -0.192103281 -0.112259057 -0.020025377 0.113649408 0.143509851 0.982897614
1548266646.502160 0.238295792 -0.180493830 -0.093610943 -0.026218337 0.119209594 0.144536533 0.981942393
1548266646.535670 0.235583490 -0.176549393 -0.082974006 -0.033678198 0.125409214 0.144903620 0.980887990
1548266646.569190 0.238765421 -0.167789117 -0.070257412 -0.037854534 0.126324870 0.145670915 0.980504485
1548266646.602700 0.234544027 -0.159853129 -0.062993304 -0.043294458 0.130155941 0.147703308 0.979473713
1548266646.636220 0.211372143 -0.164238757 -0.044269726 -0.050079845 0.135540825 0.153834679 0.977474084
1548266646.669740 0.221724371 -0.150047219 -0.026655365 -0.054889624 0.132632033 0.152493924 0.977824870
1548266646.703250 0.230555817 -0.115606963 -0.022248025 -0.056561936 0.130016943 0.154611147 0.977748299
1548266646.736770 0.214737343 -0.114301295 0.000808344 -0.064456682 0.131768381 0.151886024 0.977452334
1548266646.770280 0.211078673 -0.103936499 0.010707591 -0.068293614 0.125979758 0.149872709 0.978265431
1548266646.804090 0.207827037 -0.095751339 0.019633627 -0.071508183 0.124152632 0.144452247 0.979084395
1548266646.837700 0.183952900 -0.082453990 0.039574167 -0.069693125 0.126533983 0.139308766 0.979655596
1548266646.871210 0.202326158 -0.075075211 0.027021218 -0.071195241 0.116118956 0.130089339 0.982102026
1548266646.904730 0.190867000 -0.057904710 0.035888240 -0.074388541 0.122190292 0.124924748 0.981799208
1548266646.938150 0.171376779 -0.053010683 0.052131060 -0.072582032 0.124627918 0.118424403 0.982433403
1548266646.971670 0.183085842 -0.043446448 0.037037781 -0.079442758 0.116779558 0.104976769 0.984393855
1548266647.005190 0.178023646 -0.024936752 0.039240504 -0.085634848 0.114124795 0.099984464 0.984705698
1548266647.038790 0.177017396 -0.024534015 0.043525780 -0.092519265 0.102049179 0.094744769 0.985925747
1548266647.072330 0.160651125 -0.015841418 0.056469817 -0.094434352 0.097909016 0.091785474 0.986443817
1548266647.105850 0.160625967 -0.000034436 0.064527576 -0.095836751 0.085650196 0.088806846 0.987720965
1548266647.139370 0.162584200 -0.001949111 0.062669673 -0.102176535 0.076680708 0.084587401 0.988192793
1548266647.172770 0.162284590 0.005125569 0.064052503 -0.105869446 0.063092938 0.079196359 0.989211241
1548266647.205600 0.144745059 0.018470613 0.083656993 -0.111106813 0.054925398 0.074082447 0.989520221
1548266647.239100 0.142719245 0.030142608 0.088707529 -0.112925103 0.048183299 0.068264102 0.990083988
1548266647.272610 0.153459495 0.036254177 0.078628388 -0.116282088 0.038503575 0.063671200 0.990425125
1548266647.306130 0.117830414 0.007844079 0.105085273 -0.129743121 0.034749463 0.058646017 0.989201619
1548266647.339650 0.109261856 0.012329963 0.105890313 -0.129733576 0.023683090 0.054126299 0.989787176
1548266647.373180 0.099183709 0.007377153 0.110319551 -0.131978166 0.017622442 0.048157705 0.989925274
1548266647.406690 0.094833121 0.004458201 0.111701254 -0.133049616 0.007853974 0.041803368 0.990196240
1548266647.440190 0.073706282 -0.009397553 0.111222241 -0.136838797 0.004502679 0.036330011 0.989916663
1548266647.474250 0.061192377 -0.013645725 0.113374884 -0.135148217 -0.006103503 0.031699594 0.990299370
1548266647.507840 0.051874468 -0.012222917 0.111249421 -0.129270324 -0.016855856 0.031719997 0.990958579
1548266647.541360 0.050857341 -0.006042638 0.102236119 -0.122619852 -0.026407899 0.028702718 0.991687022
1548266647.574790 0.053560376 -0.016727862 0.104009454 -0.125201067 -0.041400890 0.021940877 0.991024347
1548266647.607780 0.038623421 -0.022736805 0.106201796 -0.124717594 -0.042580426 0.012445514 0.991200050
1548266647.641430 0.029136060 -0.021808579 0.107203753 -0.123486375 -0.050460753 0.002152643 0.991060136
1548266647.674950 0.016889442 -0.020270658 0.104254246 -0.118152338 -0.057390372 -0.005752550 0.991318959
1548266647.708460 0.010778289 -0.024485712 0.102537249 -0.115318553 -0.064920813 -0.016353063 0.991069875
1548266647.741980 -0.004734285 -0.033372710 0.100669107 -0.116195726 -0.069119802 -0.020933528 0.990597190
1548266647.775360 -0.011272449 -0.036546192 0.100383972 -0.115867902 -0.077242962 -0.027452882 0.989875999
1548266647.808820 -0.023251000 -0.037744648 0.100386941 -0.112652893 -0.080650825 -0.031348547 0.989859606
1548266647.842120 -0.025377463 -0.042823222 0.098147160 -0.111255170 -0.085384307 -0.033189016 0.989560658
1548266647.875370 -0.030328918 -0.043311566 0.096685739 -0.110184765 -0.089725033 -0.033823392 0.989274843
1548266647.908890 -0.039410090 -0.046154357 0.097588051 -0.110167691 -0.095475125 -0.032728249 0.988775223
1548266647.942670 -0.045952271 -0.052048537 0.097255619 -0.111479252 -0.103994490 -0.033733047 0.987734582
1548266647.976180 -0.050771534 -0.055032152 0.095141158 -0.110130507 -0.105892939 -0.034290112 0.987664996
1548266648.009490 -0.051428041 -0.062375451 0.100311606 -0.107058134 -0.112300642 -0.037133883 0.987192077
1548266648.043000 -0.059762981 -0.065493099 0.096883356 -0.107888442 -0.118140802 -0.037633396 0.986400812
1548266648.076520 -0.066829227 -0.064935990 0.096426075 -0.104759441 -0.122635779 -0.042332451 0.985998929
1548266648.110040 -0.075888350 -0.070452337 0.095365481 -0.105095916 -0.127567990 -0.044224312 0.985254011
1548266648.143550 -0.083018780 -0.076702435 0.090707424 -0.106017811 -0.131654898 -0.044706955 0.984595602
1548266648.177250 -0.090843848 -0.082694096 0.089910485 -0.106751730 -0.138740123 -0.048224205 0.983376669
1548266648.210790 -0.096294172 -0.076291126 0.084896632 -0.104590034 -0.144701667 -0.050856085 0.982616920
1548266648.244310 -0.104196269 -0.078757483 0.081792707 -0.102234199 -0.147982955 -0.058455001 0.981953271
1548266648.277860 -0.115767058 -0.079983842 0.078690025 -0.098728958 -0.149872260 -0.065040595 0.981611236
1548266648.311380 -0.119863708 -0.076834039 0.078301726 -0.098656036 -0.156169939 -0.069303227 0.980344327
1548266648.344900 -0.126577990 -0.075635930 0.080249237 -0.097586331 -0.160312953 -0.074404028 0.979408345
1548266648.378410 -0.138011487 -0.077503457 0.074081126 -0.095414106 -0.162706905 -0.077188573 0.979012020
1548266648.412030 -0.141976586 -0.076734744 0.071123413 -0.092085729 -0.166690472 -0.079355898 0.978487172
1548266648.445550 -0.143638538 -0.075473222 0.071374810 -0.090087531 -0.164216061 -0.081613419 0.978905803
1548266648.478960 -0.147673532 -0.071138863 0.070411082 -0.091034951 -0.165265053 -0.088334828 0.978057799
1548266648.512480 -0.151936273 -0.071269746 0.070894125 -0.093501907 -0.164874966 -0.091742568 0.977577076
1548266648.545980 -0.156714568 -0.071393487 0.069693472 -0.093891358 -0.164852219 -0.092486401 0.977473490
1548266648.579500 -0.160262775 -0.072140289 0.066907757 -0.092331717 -0.165205577 -0.096416372 0.977182611
1548266648.613030 -0.161597198 -0.072612311 0.068213362 -0.093287216 -0.169225924 -0.100231346 0.976019344
1548266648.646540 -0.165101522 -0.071328938 0.066200272 -0.091207753 -0.171581000 -0.102616458 0.975556748
1548266648.680240 -0.167735030 -0.071783575 0.067309549 -0.090283112 -0.170649946 -0.104798545 0.975574098
1548266648.713880 -0.173298482 -0.073755882 0.064487464 -0.091815030 -0.170704995 -0.104619267 0.975440728
1548266648.747430 -0.173777568 -0.077454679 0.065977095 -0.093515403 -0.171939988 -0.101328950 0.975409634
1548266648.780910 -0.171977882 -0.079462364 0.065211238 -0.092631059 -0.174103909 -0.097811221 0.975469262
1548266648.814430 -0.175110937 -0.081424349 0.063147821 -0.090729323 -0.176325329 -0.098001497 0.975229858
1548266648.847980 -0.178531660 -0.090937524 0.062537004 -0.090979084 -0.181688730 -0.096154261 0.974405649
1548266648.881580 -0.178304570 -0.090843831 0.062707242 -0.092379233 -0.183680861 -0.095921417 0.973923252
1548266648.915090 -0.176653006 -0.091944641 0.060273344 -0.092258753 -0.186094179 -0.097071754 0.973362396
1548266648.948570 -0.182180132 -0.096761730 0.056373075 -0.091440078 -0.187277109 -0.099013564 0.973017117
1548266648.982120 -0.183478716 -0.102677923 0.054809908 -0.089173130 -0.194017882 -0.096551486 0.972153807
1548266649.015640 -0.183203581 -0.098374901 0.053879427 -0.085999549 -0.197482139 -0.098214537 0.971575415
1548266649.049170 -0.184723251 -0.098563730 0.053173929 -0.081795565 -0.200577835 -0.101042858 0.971014088
1548266649.082700 -0.190520502 -0.100956169 0.049640695 -0.081813274 -0.200649933 -0.098814752 0.971226975
1548266649.116200 -0.192027132 -0.115241179 0.049351035 -0.083132595 -0.200557777 -0.096215799 0.971394909
1548266649.149720 -0.193353339 -0.111551273 0.047935868 -0.082001346 -0.201395432 -0.097151784 0.971224583
1548266649.183240 -0.190468010 -0.108179087 0.047327269 -0.079173277 -0.206696386 -0.097615768 0.970298592
1548266649.216760 -0.193890847 -0.113801468 0.045764132 -0.076647038 -0.208010583 -0.100231062 0.969953897
1548266649.250270 -0.192308489 -0.121577759 0.047335869 -0.078794602 -0.211360687 -0.102053479 0.968866946
1548266649.283780 -0.192379646 -0.120900219 0.048108349 -0.078755011 -0.216683238 -0.104164675 0.967468730
1548266649.317280 -0.195606304 -0.123645678 0.043542210 -0.077048738 -0.215022510 -0.103449077 0.968053253
1548266649.350800 -0.194789601 -0.124732297 0.042780897 -0.075909417 -0.215057284 -0.105242207 0.967942252
1548266649.384300 -0.199981725 -0.133386925 0.039040432 -0.074685237 -0.212099672 -0.105629987 0.968647588
1548266649.417790 -0.201304965 -0.135132195 0.040468242 -0.072071461 -0.214184560 -0.108220477 0.968100722
1548266649.451290 -0.197744177 -0.138426773 0.040083377 -0.070713821 -0.217221797 -0.109346735 0.967397301
1548266649.484810 -0.202235233 -0.146925416 0.036567188 -0.074172675 -0.214918964 -0.107515356 0.967857790
1548266649.518320 -0.202526490 -0.161568187 0.038082766 -0.077477765 -0.218690001 -0.104052901 0.967132294
1548266649.551830 -0.198960732 -0.156574372 0.034736669 -0.076394502 -0.220531380 -0.107758497 0.966394276
1548266649.585350 -0.200011246 -0.158995281 0.031080319 -0.077605347 -0.221546947 -0.109689936 0.965848062
1548266649.618860 -0.200372903 -0.163470437 0.029513563 -0.078003065 -0.225864778 -0.110440418 0.964729774
1548266649.652380 -0.202011777 -0.170830376 0.027801219 -0.077811158 -0.232686779 -0.111090039 0.963047917
1548266649.685890 -0.201342450 -0.171617032 0.023879506 -0.075929505 -0.231028806 -0.111800724 0.963514919
1548266649.719410 -0.203402343 -0.176589044 0.020957958 -0.076585952 -0.230586780 -0.109723695 0.963807574
1548266649.752930 -0.203203633 -0.175248672 0.016747656 -0.072798521 -0.234375880 -0.110357586 0.963114492
1548266649.786450 -0.200553901 -0.173262054 0.014281744 -0.069049602 -0.233789185 -0.112849483 0.963244394
1548266649.819960 -0.204322987 -0.178804058 0.011682440 -0.069649605 -0.231761374 -0.113650216 0.963597025
1548266649.853480 -0.203874656 -0.179175430 0.008986398 -0.069708374 -0.232461960 -0.113562609 0.963434333
1548266649.886990 -0.204124863 -0.177823612 0.007515208 -0.068173816 -0.233493945 -0.116793113 0.962908239
1548266649.920510 -0.204019140 -0.178731342 0.004263833 -0.067507658 -0.230894002 -0.119490984 0.963251047
1548266649.954030 -0.206006537 -0.177931778 0.000840334 -0.069153771 -0.228655241 -0.120405593 0.963554373
1548266649.987540 -0.212796058 -0.179837663 -0.003333369 -0.069020051 -0.224645332 -0.120446457 0.964501611
1548266650.021060 -0.212808389 -0.174534457 -0.006534130 -0.069645448 -0.225511925 -0.125663617 0.963588366
1548266650.054630 -0.202701779 -0.167033593 -0.002561595 -0.067415166 -0.225547877 -0.128983279 0.963299883
1548266650.088150 -0.223051668 -0.172327500 -0.013143580 -0.073060228 -0.215976696 -0.128863376 0.965096109
1548266650.121670 -0.227544276 -0.176342037 -0.013149059 -0.075583790 -0.220102100 -0.129411410 0.963895660
1548266650.155180 -0.217340124 -0.173850004 -0.007413405 -0.074610228 -0.224082521 -0.131414585 0.962782709
1548266650.188690 -0.229190562 -0.164334725 -0.018459992 -0.077553434 -0.219887569 -0.138336656 0.962547605
1548266650.222210 -0.235776094 -0.169380888 -0.017658044 -0.085220069 -0.222212579 -0.144319640 0.960484748
1548266650.255720 -0.231868986 -0.162007783 -0.014806856 -0.086943029 -0.220948108 -0.148497820 0.959985021
1548266650.289240 -0.238077254 -0.157501914 -0.017845526 -0.091518809 -0.218922616 -0.149513442 0.959866098
1548266650.322750 -0.234726081 -0.157783763 -0.006647099 -0.096128805 -0.222377992 -0.151326842 0.958335780
1548266650.356270 -0.234423503 -0.144991875 -0.004548468 -0.095722906 -0.222671944 -0.157535226 0.957307152
1548266650.389790 -0.240137729 -0.143635026 -0.008077945 -0.100234355 -0.222686265 -0.157970644 0.956770180
1548266650.423330 -0.239583330 -0.139985165 -0.005080537 -0.103196150 -0.225225023 -0.156508767 0.956101067
1548266650.456860 -0.240670339 -0.139820163 -0.002277977 -0.103128437 -0.225254570 -0.158419025 0.955786753
1548266650.490390 -0.243916184 -0.143827837 0.000392738 -0.107576856 -0.227468467 -0.162683712 0.954054153
1548266650.523890 -0.242269595 -0.139617456 0.001561606 -0.107091950 -0.229631796 -0.163478950 0.953454344
1548266650.557240 -0.238199166 -0.137106296 0.001677322 -0.106541593 -0.228823600 -0.166212211 0.953237720
1548266650.590450 -0.241527452 -0.136014295 -0.000516804 -0.104570998 -0.226209463 -0.164957258 0.954297275
1548266650.624280 -0.247207585 -0.132306985 -0.005190394 -0.107353064 -0.226266180 -0.168326867 0.953386072
1548266650.657970 -0.228918109 -0.128413187 0.004014528 -0.107613875 -0.229129927 -0.172135620 0.951991627
1548266650.691480 -0.232091585 -0.125054766 0.003466095 -0.109117803 -0.225015534 -0.169632401 0.953250315
1548266650.724820 -0.244190214 -0.125054506 -0.006320507 -0.107736104 -0.221288397 -0.168816404 0.954424119
1548266650.757690 -0.241404218 -0.119948375 -0.000235868 -0.108927406 -0.229852643 -0.169856896 0.952077317
1548266650.791210 -0.240232536 -0.106251171 -0.008385815 -0.104216097 -0.226672166 -0.171758558 0.953025567
1548266650.824720 -0.251243386 -0.107283618 -0.018573213 -0.109410013 -0.224924820 -0.170402652 0.953100840
1548266650.858240 -0.240991555 -0.103291744 -0.013849175 -0.111733409 -0.231754781 -0.165627547 0.952036177
1548266650.891750 -0.236893046 -0.102930359 -0.012155033 -0.116556073 -0.231672807 -0.164765849 0.951627347
1548266650.925270 -0.237477243 -0.099632061 -0.012393997 -0.120886142 -0.234185944 -0.168020901 0.949901290
1548266650.958790 -0.225990721 -0.088830178 -0.007757286 -0.123231918 -0.235084223 -0.164945047 0.949917067
1548266650.992300 -0.227137205 -0.089541294 -0.009354922 -0.124472537 -0.234494883 -0.161325516 0.950522391
1548266651.026140 -0.220899088 -0.086953065 -0.004227163 -0.126523638 -0.235943597 -0.160940245 0.949958223
1548266651.059680 -0.213093392 -0.082825273 0.001800294 -0.127499074 -0.237230785 -0.159077293 0.949821013
1548266651.093310 -0.216261933 -0.083482115 -0.001593217 -0.135098286 -0.236047519 -0.161417866 0.948669750
1548266651.126830 -0.215573865 -0.076608708 -0.002579565 -0.137180631 -0.236547799 -0.162655346 0.948034731
1548266651.160230 -0.215354178 -0.079574710 0.000000836 -0.141336407 -0.239019577 -0.162310891 0.946862628
1548266651.193860 -0.212628685 -0.082415304 -0.000446769 -0.139849290 -0.240827879 -0.162575019 0.946579882
1548266651.227380 -0.209338129 -0.079049829 0.000445854 -0.140911589 -0.240651543 -0.161603497 0.946633545
1548266651.260910 -0.205067974 -0.079887672 0.000561617 -0.140849971 -0.240149072 -0.159816568 0.947073584
1548266651.294430 -0.199513518 -0.075986409 -0.000615805 -0.142251659 -0.241908096 -0.158262300 0.946677338
1548266651.328020 -0.210253522 -0.084188141 -0.008196628 -0.141465359 -0.238775160 -0.156254124 0.947923322
1548266651.361540 -0.205514209 -0.078293014 -0.006627231 -0.137084484 -0.240440486 -0.160141488 0.947497188
1548266651.395050 -0.196813557 -0.079008058 -0.004025198 -0.133602163 -0.242976596 -0.160910299 0.947217352
1548266651.428570 -0.190634518 -0.082484938 -0.001050053 -0.130835628 -0.240372572 -0.159780450 0.948458366
1548266651.462090 -0.194776239 -0.087228336 -0.010385942 -0.126342446 -0.235264765 -0.162778817 0.949837425
1548266651.495520 -0.195940902 -0.088585990 -0.013368383 -0.123685491 -0.233995920 -0.162512782 0.950545845
1548266651.529020 -0.182294999 -0.091394721 -0.005343664 -0.119280626 -0.234857638 -0.163958012 0.950648091
1548266651.562560 -0.189126162 -0.096919117 -0.016920018 -0.114506966 -0.230507058 -0.162756953 0.952504501
1548266651.596120 -0.189702954 -0.098658755 -0.025034725 -0.106921605 -0.229889988 -0.161061416 0.953822617
1548266651.629510 -0.177739173 -0.103137504 -0.024031899 -0.102262788 -0.230494888 -0.158750156 0.954574678
1548266651.663150 -0.181157954 -0.108632725 -0.038824649 -0.097086836 -0.226706960 -0.153627369 0.956857739
1548266651.696550 -0.179781339 -0.108765868 -0.045006907 -0.093907577 -0.225741862 -0.151543218 0.957735157
1548266651.730060 -0.168928804 -0.105503328 -0.046090289 -0.088693715 -0.228933487 -0.152062598 0.957392213
1548266651.763560 -0.167974733 -0.106316175 -0.052199488 -0.085676578 -0.227516911 -0.152024145 0.958010563
1548266651.797090 -0.179139862 -0.110350120 -0.064455213 -0.088174837 -0.223914224 -0.151606241 0.958698684
1548266651.830590 -0.170407181 -0.105965034 -0.065615865 -0.089788719 -0.229805694 -0.152835337 0.956958039
1548266651.864080 -0.166720759 -0.096183155 -0.069088363 -0.087914732 -0.232719850 -0.154181874 0.956211494
1548266651.897580 -0.169763994 -0.095635705 -0.073794416 -0.091564235 -0.229212063 -0.155576565 0.956490331
1548266651.931090 -0.177477160 -0.095010187 -0.078192706 -0.097829043 -0.227760862 -0.155255998 0.956268813
1548266651.964530 -0.173344425 -0.095422661 -0.075237147 -0.100937554 -0.230568422 -0.156168075 0.955123733
1548266651.998040 -0.172528556 -0.096762960 -0.075270898 -0.107348869 -0.232972383 -0.157537561 0.953615230
1548266652.031520 -0.177962797 -0.105746027 -0.077360471 -0.112170776 -0.235895438 -0.158774637 0.952135323
1548266652.065030 -0.176557018 -0.103483148 -0.074084789 -0.117179490 -0.239804257 -0.157917941 0.950697013
1548266652.098540 -0.168721435 -0.102667501 -0.065531972 -0.118075302 -0.240619188 -0.156499904 0.950614753
1548266652.131980 -0.169425635 -0.103148667 -0.065428582 -0.116400803 -0.242826549 -0.158248456 0.949970287
1548266652.165470 -0.173717386 -0.105356641 -0.065983522 -0.118625878 -0.240574575 -0.159329443 0.950087314
1548266652.198980 -0.170437618 -0.108415751 -0.060976775 -0.121767094 -0.243770225 -0.158749429 0.948971797
1548266652.232490 -0.166112117 -0.107801316 -0.055681068 -0.120480431 -0.246003264 -0.158006966 0.948683645
1548266652.266000 -0.169875529 -0.111830327 -0.057657026 -0.121572527 -0.240965875 -0.157684840 0.949890025
1548266652.299480 -0.167129261 -0.112197487 -0.056259016 -0.120515698 -0.241148362 -0.161163944 0.949394342
1548266652.333000 -0.167939170 -0.116969932 -0.056906308 -0.121449577 -0.240338244 -0.162222272 0.949300513
1548266652.366550 -0.167800290 -0.119716222 -0.058107819 -0.123447766 -0.238490165 -0.162503274 0.949460782
1548266652.400080 -0.167220116 -0.121831872 -0.059099313 -0.121418841 -0.239469472 -0.161486663 0.949649353
1548266652.433600 -0.166852902 -0.121612159 -0.058257605 -0.114978281 -0.243996465 -0.161488370 0.949298281
1548266652.467120 -0.165687066 -0.122491975 -0.054124488 -0.115132499 -0.245428092 -0.159174168 0.949301398
1548266652.500630 -0.167996855 -0.120750930 -0.056958495 -0.112284111 -0.244336635 -0.156916412 0.950299493
1548266652.534140 -0.165365989 -0.119140665 -0.058066779 -0.110633386 -0.244943499 -0.151896156 0.951152193
1548266652.567610 -0.168888408 -0.118541752 -0.061091672 -0.112768106 -0.244904570 -0.151690910 0.950944254
1548266652.601120 -0.171941929 -0.116083365 -0.062761277 -0.112958329 -0.248029378 -0.153059769 0.949891863
1548266652.634630 -0.172766951 -0.117440271 -0.062595386 -0.114962817 -0.249046186 -0.151317513 0.949664445
1548266652.668140 -0.173241224 -0.117706413 -0.063398701 -0.117475798 -0.246941071 -0.149435126 0.950204550
1548266652.701660 -0.171322683 -0.112930211 -0.060484426 -0.116663348 -0.250546984 -0.149906583 0.949285989
1548266652.735180 -0.170108149 -0.112635460 -0.059496957 -0.119883786 -0.251686296 -0.153067558 0.948078166
1548266652.768690 -0.168739772 -0.113074328 -0.057161245 -0.118090932 -0.254413023 -0.154215732 0.947389072
1548266652.802260 -0.175353435 -0.113904421 -0.061909039 -0.120321794 -0.253046076 -0.153799692 0.947542086
1548266652.835720 -0.177272345 -0.116655411 -0.062715809 -0.124180077 -0.252140378 -0.156496786 0.946843859
1548266652.869240 -0.171236100 -0.113019080 -0.056254036 -0.123281750 -0.256639618 -0.157394864 0.945602757
1548266652.902760 -0.173414644 -0.112743669 -0.057535057 -0.122378882 -0.254165913 -0.160190153 0.945918714
1548266652.936270 -0.169409019 -0.115533461 -0.054945250 -0.124554293 -0.252828315 -0.161513359 0.945768210
1548266652.969790 -0.169082610 -0.113880759 -0.057770975 -0.124162909 -0.253957229 -0.162020022 0.945430489
1548266653.003320 -0.172196878 -0.116057647 -0.061588495 -0.124062093 -0.253031530 -0.160218397 0.945998788
1548266653.036860 -0.170976072 -0.114563409 -0.060912610 -0.124347985 -0.251959403 -0.161355513 0.946054140
1548266653.070390 -0.168242623 -0.114021561 -0.060031844 -0.120196403 -0.250289798 -0.160264636 0.947218606
1548266653.103900 -0.168949159 -0.113432832 -0.061497972 -0.120206923 -0.246720848 -0.158931059 0.948377582
1548266653.137410 -0.167693983 -0.113716970 -0.060357990 -0.119849263 -0.245820751 -0.159318726 0.948591512
1548266653.170930 -0.166196048 -0.114029301 -0.057234874 -0.117778729 -0.246600470 -0.159600745 0.948601065
1548266653.204440 -0.163764129 -0.114842644 -0.056487796 -0.116678502 -0.243698028 -0.157790781 0.949789170
1548266653.237960 -0.165186139 -0.115602839 -0.058276315 -0.115272872 -0.240652957 -0.152810480 0.951549934
