1341846226.817920 0.000000000 0.000000000 0.000000000 0.000000000 0.000000000 0.000000000 1.000000000
1341846226.850323 0.004069922 0.000943753 0.002185575 0.001047447 -0.000511959 -0.002260324 0.999996781
1341846226.881894 0.007170034 0.001589950 0.003129988 0.001444691 0.000457648 -0.003118428 0.999993980
1341846226.917980 0.004658184 -0.000108475 0.003369957 0.000332059 -0.000569626 -0.002789902 0.999995887
1341846226.950000 0.005202466 -0.003791844 0.006188073 0.000875011 -0.002791225 -0.002168071 0.999993384
1341846226.985981 0.005564810 -0.002439152 0.004709309 0.002743563 -0.003503264 -0.002781466 0.999986231
1341846227.017919 0.001576939 0.001450537 0.002350430 0.002983027 -0.003672896 -0.003534818 0.999982536
1341846227.050040 0.005991644 -0.002484388 0.006009186 0.002345360 -0.004763302 -0.004043044 0.999977708
1341846227.085982 0.005186989 -0.000388602 0.004151254 0.003352000 -0.004424910 -0.004953019 0.999972343
1341846227.118052 0.006737583 0.000021462 0.006585180 0.003796841 -0.004555039 -0.005144391 0.999969184
1341846227.149935 0.005690608 -0.000819487 0.004016710 0.004345475 -0.004800286 -0.004990683 0.999966562
1341846227.186053 0.001519192 0.001989725 0.002333204 0.004298680 -0.005139805 -0.006054773 0.999959230
1341846227.218443 0.004181927 -0.000285241 0.005863677 0.003113045 -0.005876937 -0.007650301 0.999948621
1341846227.253944 0.010245151 -0.003903413 0.007460920 0.003921491 -0.006412806 -0.008925502 0.999931931
1341846227.285981 0.006455509 -0.003203244 0.005623873 0.005175117 -0.006551436 -0.010164751 0.999913454
1341846227.320064 0.005493886 -0.002262258 0.004081643 0.005359465 -0.008054739 -0.011328962 0.999889016
1341846227.353969 0.004495352 -0.001894200 0.002387501 0.005827736 -0.009634405 -0.013553066 0.999844730
1341846227.385846 0.001314179 0.002081770 0.000267607 0.005729369 -0.011538509 -0.014731888 0.999808490
1341846227.418015 -0.001996415 0.001486083 0.000203556 0.004052087 -0.014518467 -0.016852042 0.999744356
1341846227.453997 0.000205115 0.000866911 0.001028353 0.002703569 -0.017349701 -0.020689435 0.999631763
1341846227.485981 0.000637293 0.000426635 0.002086858 0.001963119 -0.018361181 -0.023612650 0.999550641
1341846227.521976 0.005931148 -0.002458163 0.006288436 0.001680644 -0.020934979 -0.023258291 0.999508858
1341846227.553980 0.006185446 -0.004261031 0.006639074 0.003332454 -0.023344049 -0.024231769 0.999428213
1341846227.586047 0.008508358 0.000791591 0.005680286 0.005322538 -0.023924951 -0.027528694 0.999320507
1341846227.622081 0.007330441 0.003166008 0.004623558 0.005221222 -0.023057405 -0.031034045 0.999238729
1341846227.653945 0.007519701 -0.003297335 0.005862082 0.004440970 -0.023613628 -0.030102408 0.999257982
1341846227.686038 0.010496669 -0.009088691 0.009795724 0.006721448 -0.024808893 -0.030270645 0.999211192
1341846227.721966 0.018023333 -0.002822014 0.009728659 0.009844352 -0.023496943 -0.031341754 0.999184012
1341846227.754130 0.017548608 -0.008631759 0.006664366 0.010025778 -0.020537321 -0.031367876 0.999246597
1341846227.789951 0.017121587 -0.008823190 0.006040467 0.011499564 -0.018548248 -0.030203244 0.999305487
1341846227.821920 0.016685396 -0.009108013 0.003359802 0.011821296 -0.016460525 -0.029487053 0.999359727
1341846227.854275 0.017712092 -0.009954170 0.003156451 0.012001933 -0.014634594 -0.029380625 0.999389112
1341846227.889935 0.020253642 -0.011111896 0.003836458 0.012229226 -0.013285427 -0.028643861 0.999426544
1341846227.921967 0.017297992 -0.012690568 0.002743911 0.011975987 -0.011943338 -0.027914317 0.999467254
1341846227.958123 0.024262182 -0.008343529 0.005944020 0.012874405 -0.011469333 -0.028657086 0.999440610
1341846227.989985 0.024130115 -0.006778687 0.005645625 0.011966538 -0.009171458 -0.030263301 0.999428272
1341846228.021937 0.023122303 -0.015340599 0.007050643 0.011174330 -0.008281221 -0.029282887 0.999474406
1341846228.058222 0.024659513 -0.017738273 0.006180124 0.013354022 -0.008304173 -0.028055385 0.999482691
1341846228.090097 0.032607611 -0.004232842 0.002094029 0.014653623 -0.008222792 -0.028116265 0.999463439
1341846228.121845 0.027368711 -0.007242945 0.002833004 0.010858940 -0.005302812 -0.027264938 0.999555171
1341846228.157875 0.019236038 -0.008729520 -0.000445135 0.008347473 -0.004361437 -0.024427332 0.999657273
1341846228.189872 0.021854676 -0.003757359 0.002422655 0.006788028 -0.005211484 -0.022596337 0.999708056
1341846228.225994 0.028765183 -0.010511116 0.009532912 0.004197416 -0.006343625 -0.022767041 0.999711871
1341846228.258336 0.026483968 -0.017297184 0.010989570 0.003862949 -0.006753559 -0.023637518 0.999690294
1341846228.289941 0.028074395 -0.015278617 0.011594001 0.004752945 -0.007303752 -0.022598736 0.999706626
1341846228.326018 0.034336660 -0.014769363 0.013033918 0.005446644 -0.007542009 -0.022974877 0.999692738
1341846228.358243 0.030790260 -0.013896526 0.009329295 0.005817576 -0.005117387 -0.023084732 0.999703467
1341846228.389779 0.029134348 -0.016248791 0.009961548 0.005054035 -0.004549782 -0.021814711 0.999738872
1341846228.426073 0.037332483 -0.017546033 0.011888898 0.005369055 -0.005023375 -0.021783097 0.999735653
1341846228.493915 0.028515467 -0.013247048 0.004933809 0.006354307 -0.001355059 -0.020801965 0.999762475
1341846228.525907 0.027995279 -0.015191293 0.003700166 0.005213969 -0.002140966 -0.020017501 0.999783754
1341846228.558208 0.034048546 -0.012892188 0.007552154 0.005963785 -0.002442060 -0.019448275 0.999790072
1341846228.593899 0.030398192 -0.018665913 0.006469170 0.005190340 -0.001620787 -0.018647121 0.999811351
1341846228.626021 0.028971260 -0.017608151 0.003492639 0.005162314 -0.002920286 -0.017229917 0.999833941
1341846228.658069 0.030080473 -0.012039402 0.005415552 0.005076852 -0.004163893 -0.017384058 0.999827325
1341846228.693942 0.034684218 -0.012168838 0.008055010 0.004139503 -0.003803106 -0.018166061 0.999819160
1341846228.726069 0.035617959 -0.011909280 0.007502036 0.003710719 -0.002633401 -0.017815070 0.999830961
1341846228.762090 0.032709546 -0.018808726 0.002095337 0.002575381 -0.002319862 -0.015409156 0.999875247
1341846228.794000 0.040909514 -0.018649004 0.004292074 0.003811605 -0.003921802 -0.013734178 0.999890745
1341846228.825934 0.043027073 -0.016705850 0.001133240 0.004991136 -0.003662776 -0.012956496 0.999896884
1341846228.862015 0.044127263 -0.017437557 0.001442408 0.004902641 -0.003815588 -0.011011822 0.999920070
1341846228.893856 0.043100573 -0.018448588 -0.002188928 0.005057344 -0.004959253 -0.010560302 0.999919176
1341846228.926548 0.045485217 -0.020008747 -0.006526873 0.004938279 -0.005193777 -0.010269157 0.999921620
1341846228.961940 0.044116452 -0.018423555 -0.007560292 0.004629469 -0.004221815 -0.010439171 0.999925911
1341846228.994040 0.041777343 -0.014213856 -0.004276069 0.004287655 -0.003823806 -0.010796421 0.999925196
1341846229.029897 0.044761065 -0.020340262 -0.003843818 0.003665391 -0.004410382 -0.009930940 0.999934256
1341846229.061870 0.050348196 -0.016151335 0.001680808 0.005433875 -0.004725975 -0.010145513 0.999922633
1341846229.094829 0.047047883 -0.011775183 -0.001258390 0.006076196 -0.003581420 -0.009547371 0.999929547
1341846229.129930 0.050399929 -0.012851913 -0.000360503 0.005342836 -0.003559384 -0.008674338 0.999941766
1341846229.161882 0.047877297 -0.017956827 -0.006692369 0.004111423 -0.002919854 -0.009036882 0.999946415
1341846229.197882 0.050671592 -0.020066282 0.000676848 0.004288856 -0.003153400 -0.009093373 0.999944508
1341846229.229812 0.049915057 -0.023157129 -0.004285482 0.005160440 -0.003818672 -0.008599024 0.999942422
1341846229.261994 0.045284774 -0.024743339 -0.007227979 0.005891880 -0.003456956 -0.009227155 0.999934077
1341846229.297920 0.046550333 -0.019289905 -0.007385662 0.007017059 -0.003883817 -0.010328917 0.999914467
1341846229.329933 0.046007663 -0.017812733 -0.007136954 0.007174363 -0.004491199 -0.010962498 0.999904096
1341846229.361996 0.044709571 -0.019776762 -0.006325931 0.006948478 -0.004744368 -0.010399584 0.999910533
1341846229.398029 0.046775114 -0.024871897 -0.002481072 0.008536698 -0.004717803 -0.010984497 0.999892116
1341846229.430182 0.039209895 -0.023034424 -0.002258335 0.011348292 -0.003751063 -0.010956180 0.999868572
1341846229.471963 0.042133313 -0.018131817 -0.003561787 0.012838964 -0.004208205 -0.010674105 0.999851763
1341846229.530149 0.038793143 -0.020204214 -0.011085858 0.014287829 -0.003089841 -0.008534142 0.999856770
1341846229.566064 0.043529544 -0.020298287 -0.006714003 0.014667207 -0.003645172 -0.006863167 0.999862194
1341846229.630063 0.037304573 -0.022627387 -0.018300703 0.017402567 -0.000553490 -0.003495829 0.999842286
1341846229.665946 0.044294268 -0.016737334 -0.013825946 0.017684640 -0.001444357 -0.002670844 0.999839008
1341846229.698150 0.051431883 -0.023334172 -0.008863371 0.017841714 -0.002252786 -0.000757534 0.999837995
1341846229.733828 0.049492195 -0.028627433 -0.003258318 0.020236250 -0.000062659 -0.000880431 0.999794841
1341846229.765937 0.051927209 -0.021598127 -0.013867224 0.021437397 0.000759388 -0.000066574 0.999769926
1341846229.798002 0.053712923 -0.023178974 -0.012256954 0.019371038 0.000448935 -0.000211509 0.999812245
1341846229.833857 0.049186181 -0.025379172 -0.010610229 0.019103963 0.001440155 -0.001444810 0.999815404
1341846229.865928 0.047135457 -0.023505323 -0.009228252 0.020999832 0.002824267 -0.001371579 0.999774516
1341846229.897926 0.042730186 -0.019918557 -0.011660048 0.020876110 0.003715762 -0.002438049 0.999772191
1341846229.939857 0.043390673 -0.017684257 -0.009852924 0.019420415 0.003815989 -0.002835266 0.999800086
1341846230.002061 0.031727631 -0.011483134 -0.012651144 0.017145718 0.006626780 -0.004727283 0.999819875
1341846230.033858 0.041480940 -0.016380908 -0.011083510 0.013754329 0.004803232 -0.005113893 0.999880791
1341846230.065938 0.038781796 -0.015781427 -0.005548254 0.014089811 0.005890041 -0.003990016 0.999875426
1341846230.103878 0.033375598 -0.012337757 -0.008580630 0.014551268 0.007668251 -0.003759994 0.999857664
1341846230.144719 0.032492384 -0.011751091 -0.008834940 0.013526315 0.007873680 -0.003704751 0.999870658
1341846230.172747 0.040720712 -0.021062119 -0.008064091 0.012010039 0.007198141 -0.001728867 0.999900460
1341846230.208544 0.038018513 -0.018696010 -0.006388993 0.013075796 0.008201137 -0.000559030 0.999880731
1341846230.271971 0.041507248 -0.021137226 -0.005103814 0.011752561 0.007527403 0.000519605 0.999902487
1341846230.334051 0.038027968 -0.015765773 -0.002867174 0.016671700 0.008882865 0.001175875 0.999820888
1341846230.370031 0.038842853 -0.017421398 -0.006608185 0.018195352 0.009625508 -0.001108628 0.999787509
1341846230.401932 0.039011482 -0.018480249 -0.008774952 0.019955028 0.010538592 -0.001268713 0.999744534
1341846230.437965 0.041249849 -0.022257881 -0.006901691 0.021251827 0.010700312 -0.002241681 0.999714375
1341846230.469920 0.038043175 -0.016947251 -0.007816665 0.023110798 0.011698867 -0.004084510 0.999656141
1341846230.501933 0.033931173 -0.009206260 -0.008964294 0.023942705 0.012521004 -0.005810586 0.999618053
1341846230.537834 0.036235467 -0.010919768 -0.010010573 0.023629567 0.011586524 -0.004764364 0.999642313
1341846230.569803 0.042323522 -0.021880738 -0.007555123 0.023643009 0.010173728 -0.003922502 0.999661028
1341846230.601945 0.046073996 -0.030486625 -0.011978713 0.023872893 0.008769977 -0.002216651 0.999674082
1341846230.637789 0.046763204 -0.029485442 -0.011892579 0.025127687 0.008133131 -0.002953994 0.999646842
1341846230.670057 0.040862579 -0.014606725 -0.013846440 0.026904589 0.008294220 -0.003371094 0.999597907
1341846230.705937 0.045245972 -0.017191576 -0.007520734 0.025353897 0.007153827 -0.003850376 0.999645531
1341846230.737932 0.042969935 -0.023787623 -0.012662991 0.025313359 0.007433502 -0.004056340 0.999643683
1341846230.769960 0.043735474 -0.029070856 -0.009212608 0.025468042 0.006902235 -0.003086389 0.999647021
1341846230.805852 0.041619603 -0.020201188 -0.013400079 0.027172837 0.006857183 -0.002789143 0.999603331
1341846230.837804 0.044513430 -0.022977617 -0.012719905 0.026865711 0.006011900 -0.004038118 0.999612808
1341846230.869829 0.048292343 -0.023496134 -0.017384812 0.027825136 0.006026387 -0.002919935 0.999590397
1341846230.905851 0.045772612 -0.019943193 -0.014063625 0.028774919 0.005960708 -0.003016231 0.999563634
1341846230.937917 0.044481065 -0.019745138 -0.016898846 0.028699715 0.004871589 -0.003517815 0.999570012
1341846230.973933 0.048359945 -0.031565435 -0.018913601 0.027731508 0.003817098 -0.003611600 0.999601603
1341846231.006047 0.054343916 -0.030283509 -0.015792985 0.029089332 0.002930378 -0.002779967 0.999568641
1341846231.037936 0.043379530 -0.021887271 -0.016585242 0.030508922 0.004039567 -0.004088298 0.999517977
1341846231.074310 0.047142837 -0.027462434 -0.018494388 0.029554963 0.002764626 -0.003671549 0.999552608
1341846231.106085 0.040729549 -0.027423711 -0.014309827 0.030804792 0.003507392 -0.004038943 0.999511063
1341846231.138083 0.046646908 -0.029650049 -0.017089894 0.031395063 0.002073466 -0.003143984 0.999499977
1341846231.174011 0.047362510 -0.027010370 -0.017297676 0.031743526 0.001398280 -0.003970952 0.999487162
1341846231.205909 0.049883954 -0.032297026 -0.017574668 0.031886268 0.001037679 -0.004186165 0.999482214
1341846231.241869 0.042829841 -0.030353839 -0.020514069 0.033245467 0.002429097 -0.005006446 0.999431729
1341846231.273832 0.043379515 -0.027236260 -0.018978791 0.034090009 0.001969530 -0.004809338 0.999405265
1341846231.305846 0.048168629 -0.029777667 -0.022760622 0.034922443 0.000802589 -0.003761677 0.999382615
1341846231.341923 0.040192742 -0.017851997 -0.022798944 0.036332134 0.001690261 -0.004238024 0.999329329
1341846231.410022 0.045932438 -0.027151171 -0.021716004 0.032493100 0.000397872 -0.004631548 0.999461174
1341846231.442103 0.045447752 -0.025981488 -0.018785285 0.032551292 0.000079934 -0.003695529 0.999463201
1341846231.484245 0.052135494 -0.040488534 -0.020029224 0.030522328 -0.002114026 -0.001502567 0.999530733
1341846231.516816 0.055768710 -0.038247302 -0.023873845 0.029555324 -0.002631643 -0.001960217 0.999557734
1341846231.547853 0.059887148 -0.039378140 -0.023927815 0.027325749 -0.001638952 -0.003448120 0.999619305
1341846231.583898 0.057014074 -0.039329164 -0.026827807 0.024276437 0.000198056 -0.005342596 0.999691010
1341846231.615993 0.057828628 -0.042615015 -0.016033040 0.022569904 0.001945195 -0.009016012 0.999702752
1341846231.648015 0.042851638 -0.050956056 -0.009126364 0.022999696 0.003859814 -0.011459978 0.999662340
1341846231.683822 0.049998607 -0.053891167 -0.011759830 0.027806325 0.001325678 -0.012497745 0.999534309
1341846231.716153 0.048732679 -0.061043940 -0.019114219 0.033137705 0.000701853 -0.010159267 0.999398887
1341846231.747846 0.046112325 -0.046850316 -0.013586825 0.039011441 -0.000551244 -0.011368833 0.999173939
1341846231.783993 0.048869964 -0.029841490 -0.017655833 0.042030156 -0.002031480 -0.012772175 0.999032617
1341846231.817027 0.049616933 -0.030313419 -0.016457824 0.041695386 -0.002093749 -0.012495827 0.999050021
1341846231.852317 0.045213081 -0.027889036 -0.020106705 0.041082677 -0.001839998 -0.012238554 0.999079108
1341846231.909867 0.047817439 -0.033502925 -0.019933347 0.036709167 -0.004358001 -0.009998291 0.999266446
1341846231.945837 0.045322891 -0.034205440 -0.017787168 0.036394391 -0.004863404 -0.009858241 0.999277055
1341846231.978027 0.048215695 -0.033151895 -0.019523583 0.036523499 -0.005523446 -0.010008068 0.999267399
1341846232.009966 0.049137250 -0.033623956 -0.022982556 0.034839470 -0.006221294 -0.009365812 0.999329686
1341846232.045845 0.044060618 -0.036409404 -0.021435479 0.034251660 -0.006457676 -0.008707022 0.999354422
1341846232.077961 0.046574689 -0.034555063 -0.021873079 0.035214845 -0.008234866 -0.007490298 0.999317765
1341846232.109864 0.048847295 -0.029011281 -0.018996073 0.035868272 -0.008934882 -0.008376889 0.999281466
1341846232.145999 0.047440287 -0.031948622 -0.022085182 0.035000235 -0.008549682 -0.009488828 0.999305665
1341846232.178314 0.048879724 -0.029256886 -0.020169698 0.035183955 -0.008624829 -0.009248793 0.999300838
1341846232.215951 0.051375322 -0.033581916 -0.018797103 0.035072602 -0.008573813 -0.008459071 0.999312162
1341846232.252037 0.051145073 -0.034909897 -0.015014912 0.035761766 -0.008658229 -0.007414001 0.999295354
1341846232.283944 0.053119075 -0.030144993 -0.014457384 0.037061881 -0.009000743 -0.005832374 0.999255419
1341846232.319867 0.052781343 -0.031495020 -0.016168538 0.036403771 -0.008731417 -0.004645613 0.999288201
1341846232.351854 0.058030050 -0.034679063 -0.018962853 0.033977389 -0.009068047 -0.005412626 0.999366820
1341846232.383877 0.050304350 -0.030102547 -0.014140448 0.032389078 -0.007880172 -0.008132451 0.999411166
1341846232.419782 0.048579555 -0.030280571 -0.009979127 0.032189127 -0.008503941 -0.009830646 0.999397278
1341846232.451780 0.053962000 -0.035934422 -0.014096194 0.032520451 -0.009687982 -0.009385241 0.999380052
1341846232.484170 0.057419900 -0.032442629 -0.011124056 0.033972159 -0.009707494 -0.009519052 0.999330282
1341846232.519889 0.057892729 -0.037799891 -0.015526920 0.034177613 -0.010135997 -0.007986167 0.999332488
1341846232.551877 0.055803992 -0.028474145 -0.012866568 0.035894763 -0.009868827 -0.009120128 0.999265254
1341846232.583846 0.057887118 -0.033818450 -0.013601023 0.036537100 -0.009889817 -0.008867638 0.999244034
1341846232.619798 0.052387238 -0.027312785 -0.010929338 0.039362703 -0.008595454 -0.008368052 0.999152958
1341846232.651799 0.058351953 -0.033804428 -0.007525406 0.039395921 -0.009053108 -0.008028382 0.999150395
1341846232.688092 0.052834686 -0.036261152 -0.013423360 0.040292379 -0.008163206 -0.008030430 0.999122322
1341846232.719804 0.043708932 -0.038729269 -0.019123849 0.042022720 -0.006233459 -0.008898729 0.999057591
1341846232.751767 0.057977252 -0.039936505 -0.011079427 0.043963186 -0.006911628 -0.009525162 0.998963833
1341846232.787894 0.058173411 -0.038149022 -0.009470668 0.046055336 -0.006118966 -0.011009988 0.998859465
1341846232.819886 0.055904768 -0.039998092 -0.015328104 0.047720019 -0.004809076 -0.011245552 0.998785853
1341846232.855850 0.057052843 -0.035953891 -0.012519086 0.050589636 -0.004341824 -0.012236613 0.998635113
1341846232.887989 0.061064951 -0.039979011 -0.014670418 0.051234603 -0.004145210 -0.011777788 0.998608589
1341846232.919822 0.054129008 -0.037964545 -0.010090442 0.052277565 -0.002355704 -0.013696167 0.998535872
1341846232.955993 0.059669189 -0.035819974 -0.012678369 0.053535085 -0.003227813 -0.012589972 0.998481393
1341846232.987965 0.067467250 -0.025991853 -0.012352563 0.054956269 -0.003701984 -0.012565263 0.998402834
1341846233.023868 0.063340217 -0.022596505 -0.010412204 0.053841304 -0.001214092 -0.011838344 0.998478591
1341846233.055880 0.055193689 -0.027379652 -0.010066946 0.051827818 0.001554823 -0.014198147 0.998553872
1341846233.087872 0.054943878 -0.029634360 -0.011089779 0.050984778 0.001684559 -0.014580421 0.998591542
1341846233.124060 0.056556541 -0.037254483 -0.010541191 0.050306056 0.000644774 -0.015348203 0.998615682
1341846233.155902 0.058086976 -0.041410170 -0.007533378 0.052095279 -0.000790084 -0.016006215 0.998513520
1341846233.218177 0.059221443 -0.040344123 -0.012655902 0.055799697 -0.001675636 -0.017722208 0.998283267
1341846233.249926 0.057279840 -0.034348462 -0.015535068 0.055505067 -0.001216248 -0.018678984 0.998282909
1341846233.286015 0.061010376 -0.039732426 -0.015468804 0.053623248 -0.001368828 -0.020656254 0.998346627
1341846233.317870 0.063735187 -0.042607818 -0.008371432 0.053971671 -0.000737515 -0.020306123 0.998335719
1341846233.349815 0.059188042 -0.041758250 -0.009737086 0.054717939 0.000274971 -0.019060580 0.998319864
1341846233.385857 0.063490607 -0.035750225 -0.015670203 0.056028720 -0.000950818 -0.018199604 0.998262823
1341846233.417990 0.064521588 -0.039880343 -0.014242833 0.055289123 -0.001680515 -0.017728433 0.998311579
1341846233.453822 0.062757283 -0.034158647 -0.013894327 0.057115451 -0.002402311 -0.016858032 0.998222351
1341846233.485912 0.066014230 -0.038129341 -0.013650390 0.057616416 -0.003538337 -0.018207565 0.998166502
1341846233.517954 0.068328962 -0.037884351 -0.018319739 0.057389338 -0.004876677 -0.019067954 0.998157859
1341846233.553882 0.065464392 -0.035794023 -0.016701633 0.057559442 -0.005436052 -0.018922588 0.998147905
1341846233.585968 0.067605257 -0.039284777 -0.014211427 0.058519162 -0.006567784 -0.018391803 0.998095214
1341846233.621898 0.068231046 -0.038214695 -0.015262526 0.059699293 -0.006474762 -0.018392924 0.998025954
1341846233.654396 0.068587422 -0.034652565 -0.017144809 0.059967719 -0.005364718 -0.019020824 0.998004675
1341846233.685848 0.063349150 -0.035850253 -0.017453020 0.058831386 -0.003717578 -0.020494234 0.998050630
1341846233.721879 0.068462498 -0.036445409 -0.015951397 0.058154773 -0.004151576 -0.019795820 0.998102665
1341846233.753961 0.068974957 -0.035518270 -0.014218862 0.057918925 -0.003829881 -0.019342287 0.998126566
1341846233.822009 0.067542195 -0.036330197 -0.013717219 0.056235395 -0.002326087 -0.018022198 0.998252153
1341846233.853971 0.068247177 -0.036149897 -0.009261868 0.055366773 -0.002330104 -0.017989172 0.998301327
1341846233.889920 0.066165939 -0.031830370 -0.011794926 0.055428587 -0.002122540 -0.018371012 0.998291373
1341846233.922045 0.066185050 -0.030571254 -0.010005112 0.054755379 -0.002927848 -0.019097988 0.998312831
1341846233.953967 0.069232620 -0.032942969 -0.008257606 0.053900901 -0.004204866 -0.018571667 0.998364747
1341846233.989945 0.068731591 -0.031829622 -0.008118820 0.053831033 -0.005209564 -0.019150987 0.998352826
1341846234.021936 0.067835979 -0.031483505 -0.011011189 0.052815836 -0.005682213 -0.019063601 0.998406112
1341846234.053904 0.070496142 -0.037586089 -0.007516146 0.051359728 -0.005871046 -0.019501999 0.998472512
1341846234.089899 0.069862507 -0.036723625 -0.007323374 0.051446903 -0.005132249 -0.020123119 0.998459756
1341846234.158063 0.071166240 -0.038746607 -0.009075285 0.050813731 -0.005167198 -0.019578746 0.998502851
1341846234.189961 0.070272826 -0.037485600 -0.007050080 0.051975589 -0.004754629 -0.019089684 0.998454571
1341846234.222130 0.071869314 -0.036520306 -0.012615428 0.051628388 -0.004448839 -0.018627396 0.998482704
1341846234.257875 0.077371769 -0.036379464 -0.009131445 0.050322823 -0.004951864 -0.017839072 0.998561382
1341846234.289820 0.077870682 -0.039402355 -0.009300376 0.049720854 -0.004262349 -0.018035160 0.998591185
1341846234.321998 0.074692748 -0.041075978 -0.007808078 0.050463427 -0.002823511 -0.019465892 0.998532176
1341846234.357904 0.070893787 -0.036330856 -0.008568195 0.051593788 -0.002311707 -0.020480024 0.998455465
1341846234.389919 0.073582336 -0.042745605 -0.006558045 0.050985042 -0.003601258 -0.019013995 0.998511910
1341846234.425915 0.076074921 -0.042449214 -0.004780245 0.052203286 -0.004704461 -0.017647153 0.998469472
1341846234.457800 0.074539959 -0.034673892 -0.008734934 0.052977499 -0.004694280 -0.017460890 0.998431981
1341846234.490016 0.073185354 -0.036260609 -0.007673813 0.049755361 -0.005027030 -0.018046403 0.998585761
1341846234.525867 0.077951245 -0.038972996 -0.005262760 0.048665207 -0.005699498 -0.017046530 0.998653412
1341846234.557961 0.078115039 -0.036761113 -0.005877859 0.048447527 -0.005706255 -0.016016690 0.998681009
1341846234.593900 0.078164645 -0.035591602 -0.004019493 0.047026686 -0.006572769 -0.014228442 0.998770654
1341846234.658173 0.082191996 -0.039316930 -0.001169290 0.045655899 -0.009350601 -0.012834696 0.998830974
1341846234.694104 0.079519294 -0.038056817 -0.001949352 0.045442712 -0.010213964 -0.012412189 0.998837590
1341846234.725911 0.079909414 -0.041340057 -0.000178906 0.045326155 -0.011764895 -0.010484162 0.998847902
1341846234.758643 0.080185682 -0.042974122 -0.002100863 0.045951776 -0.012369238 -0.010420904 0.998812675
1341846234.793907 0.084193975 -0.037707321 -0.003524455 0.045897454 -0.012954269 -0.010806626 0.998803675
1341846234.826106 0.083581842 -0.038014915 -0.001420826 0.045075458 -0.012689507 -0.011044394 0.998841882
1341846234.862270 0.085236169 -0.042917505 -0.001031677 0.044482119 -0.013378295 -0.010442333 0.998866022
1341846234.893971 0.079575464 -0.041011579 -0.000959137 0.045938127 -0.013063430 -0.010590272 0.998802722
1341846234.926031 0.084342733 -0.041168120 -0.003274739 0.046540283 -0.013793836 -0.011212684 0.998758197
1341846234.961979 0.081386335 -0.042714301 -0.004051184 0.046818864 -0.013250250 -0.012260101 0.998740256
1341846234.994016 0.082702599 -0.042116679 -0.005723247 0.047448289 -0.014100061 -0.012760645 0.998692632
1341846235.026311 0.070866764 -0.035524108 -0.006645642 0.047037959 -0.013042949 -0.013992826 0.998709917
1341846235.061915 0.072145820 -0.038146470 -0.008242316 0.045130067 -0.013098659 -0.014776056 0.998785973
1341846235.094075 0.069944002 -0.039045140 -0.006164303 0.044352245 -0.012621260 -0.014705066 0.998827994
1341846235.130068 0.068744764 -0.039367858 -0.004781104 0.044827793 -0.012923126 -0.013923449 0.998814106
1341846235.162449 0.071788594 -0.042094849 -0.005358562 0.045427948 -0.014765940 -0.013067497 0.998772979
1341846235.193917 0.072494648 -0.043074466 -0.006051356 0.046006028 -0.015433513 -0.012617279 0.998742223
1341846235.229939 0.075230807 -0.041910872 -0.005520652 0.047294054 -0.015138721 -0.013353117 0.998677015
1341846235.261811 0.074020572 -0.043164209 -0.005916161 0.047238100 -0.015347474 -0.013862561 0.998669565
1341846235.294134 0.075798117 -0.039490666 -0.003379333 0.048821241 -0.015840707 -0.014685526 0.998573959
1341846235.329890 0.075232841 -0.039698232 -0.006932918 0.048733614 -0.015726941 -0.015900334 0.998561382
1341846235.361974 0.074548990 -0.033989731 -0.008226660 0.047817707 -0.014849243 -0.018322760 0.998577595
1341846235.398097 0.069114700 -0.033896182 -0.005610310 0.045496423 -0.013833008 -0.019698814 0.998674452
1341846235.462163 0.071910366 -0.037543610 -0.003891547 0.045348287 -0.014675774 -0.019996889 0.998663247
1341846235.498142 0.072099522 -0.033324715 -0.005443444 0.045014486 -0.014480609 -0.021624628 0.998647273
1341846235.529989 0.072983891 -0.038148966 -0.003918532 0.043332517 -0.014906201 -0.022624541 0.998693228
1341846235.561921 0.072759904 -0.041934248 -0.005139186 0.043964148 -0.015224268 -0.022408383 0.998665750
1341846235.597951 0.073082678 -0.035678055 -0.005315348 0.045260694 -0.015468078 -0.022883115 0.998593330
1341846235.630160 0.073178068 -0.035793938 -0.005083839 0.044087239 -0.016009644 -0.023306523 0.998627484
1341846235.667679 0.070745081 -0.042567439 -0.004195704 0.043821156 -0.016087210 -0.022690950 0.998652101
1341846235.705783 0.072490841 -0.041442666 -0.004040411 0.045434926 -0.016616810 -0.023192571 0.998559773
1341846235.730392 0.070318520 -0.037401635 -0.007028658 0.046381228 -0.016215626 -0.024586266 0.998489559
1341846235.766032 0.068264127 -0.043524254 -0.003762545 0.046649031 -0.016013699 -0.025436820 0.998458982
1341846235.797942 0.071308501 -0.042780492 -0.004328886 0.047937725 -0.016990906 -0.025073335 0.998391032
1341846235.833964 0.070645556 -0.040228877 -0.006418366 0.048795916 -0.016636977 -0.025124872 0.998354077
1341846235.866037 0.070324235 -0.040518306 -0.006576886 0.048812263 -0.016633948 -0.023968682 0.998381793
1341846235.898007 0.075841404 -0.043080729 -0.006704244 0.048766740 -0.017335379 -0.022439567 0.998407602
1341846235.934106 0.075700797 -0.048782025 -0.006225511 0.049817413 -0.016356451 -0.021332499 0.998396516
1341846235.965921 0.074323736 -0.040049352 -0.008199843 0.052304637 -0.015208080 -0.021418633 0.998285651
1341846235.997897 0.075975128 -0.038694818 -0.010165710 0.051903490 -0.014668213 -0.021522999 0.998312414
1341846236.034072 0.074632689 -0.041551590 -0.006104845 0.052153565 -0.013549142 -0.021135759 0.998323441
1341846236.065823 0.071523607 -0.041444246 -0.009841388 0.053380560 -0.012508649 -0.020911895 0.998276889
1341846236.101989 0.071688674 -0.033623375 -0.010526056 0.053564679 -0.012643792 -0.021322019 0.998256624
1341846236.134258 0.074701741 -0.039094280 -0.006985265 0.052149091 -0.013293242 -0.020616053 0.998337984
1341846236.166269 0.074362859 -0.039986834 -0.009709255 0.052648846 -0.013211532 -0.020034339 0.998324692
1341846236.202022 0.073286295 -0.032123890 -0.011718253 0.053052321 -0.012576646 -0.020878710 0.998294234
1341846236.233893 0.072667547 -0.036048695 -0.011168627 0.050468676 -0.012314209 -0.021270996 0.998423159
1341846236.265924 0.075858109 -0.040421639 -0.011260373 0.049879745 -0.012635644 -0.019929009 0.998476446
1341846236.302018 0.076862119 -0.040518556 -0.009561495 0.050306171 -0.012649764 -0.019594565 0.998461485
1341846236.333756 0.076535605 -0.036479659 -0.012833906 0.050868463 -0.012379238 -0.020234123 0.998423636
1341846236.369949 0.072444007 -0.038222488 -0.012235477 0.050261121 -0.011044719 -0.020717477 0.998460114
1341846236.401964 0.074546464 -0.040163871 -0.011332558 0.049766928 -0.010818021 -0.020726746 0.998487175
1341846236.433828 0.076345384 -0.039051875 -0.010891097 0.050320100 -0.010872058 -0.021290125 0.998447001
1341846236.469948 0.075264804 -0.039226040 -0.010512358 0.051047448 -0.010149694 -0.021169854 0.998420238
1341846236.501946 0.075212926 -0.037834808 -0.014177551 0.051715601 -0.009368503 -0.020706901 0.998403192
1341846236.534764 0.077761143 -0.033508454 -0.014070677 0.051251348 -0.009315526 -0.019235255 0.998457074
1341846236.569956 0.079757854 -0.039690424 -0.010894831 0.050001185 -0.008960922 -0.017221276 0.998560488
1341846236.601901 0.076626740 -0.040340114 -0.012232732 0.050863404 -0.008097295 -0.016416410 0.998537838
1341846236.637896 0.077924334 -0.033121739 -0.014946729 0.050768718 -0.007487098 -0.017051471 0.998536825
1341846236.669818 0.077185638 -0.035693415 -0.014098350 0.048333652 -0.006496661 -0.018552208 0.998637795
1341846236.702100 0.078622207 -0.045610566 -0.011751910 0.046765402 -0.005226311 -0.019239027 0.998706937
1341846236.738521 0.068178155 -0.064921759 -0.011988607 0.049115982 -0.003808871 -0.018754832 0.998609722
1341846236.769905 0.077269822 -0.054082107 -0.015354298 0.059758365 -0.005814872 -0.013863170 0.998099685
1341846236.805999 0.076353796 -0.040327035 -0.016805422 0.063878588 -0.006800039 -0.013228133 0.997846842
1341846236.844067 0.083191969 -0.041811988 -0.016249841 0.063401036 -0.007554252 -0.014395590 0.997855663
1341846236.876573 0.082598343 -0.035606343 -0.017711073 0.063111775 -0.007056536 -0.016108463 0.997851491
1341846236.911899 0.078469694 -0.033065066 -0.016338168 0.060475085 -0.006611341 -0.018113416 0.997983456
1341846236.944484 0.085288145 -0.048306033 -0.015929677 0.058405481 -0.007901387 -0.017263578 0.998112381
1341846236.975811 0.076456673 -0.045360450 -0.016674094 0.060674317 -0.006618589 -0.015800953 0.998010576
1341846237.011848 0.082929373 -0.041474484 -0.016430929 0.060598120 -0.006888926 -0.016178222 0.998007357
1341846237.043850 0.081909619 -0.042210937 -0.016959740 0.059904091 -0.005564234 -0.017085427 0.998042405
1341846237.075882 0.075682908 -0.051891327 -0.015950443 0.059196949 -0.004853316 -0.015453291 0.998114944
1341846237.111887 0.078803211 -0.054881025 -0.017166445 0.061606307 -0.006493880 -0.014186527 0.997978568
1341846237.143863 0.083284594 -0.050420322 -0.018809330 0.064210773 -0.007538470 -0.013587153 0.997815371
1341846237.175838 0.079940170 -0.036299940 -0.015472713 0.065643750 -0.007443771 -0.012888166 0.997732103
1341846237.211847 0.080916122 -0.039930049 -0.014730808 0.063092336 -0.007253794 -0.012834066 0.997898817
1341846237.243895 0.083849363 -0.046798889 -0.014865109 0.063262418 -0.006603587 -0.011725764 0.997906148
1341846237.280228 0.077663556 -0.040828064 -0.014570544 0.065095857 -0.005544247 -0.011211572 0.997800589
1341846237.312079 0.077768356 -0.042718258 -0.016548080 0.064213566 -0.006453997 -0.010738476 0.997857511
1341846237.343828 0.081374340 -0.040601891 -0.015234246 0.064997114 -0.007013858 -0.009682723 0.997813821
1341846237.379983 0.080539525 -0.038939346 -0.014668894 0.064711660 -0.006533023 -0.009308508 0.997839212
1341846237.411962 0.075612843 -0.036573194 -0.015870504 0.063433260 -0.005782648 -0.009956512 0.997919619
1341846237.443790 0.081527814 -0.037540350 -0.014955397 0.061604209 -0.006738631 -0.011286783 0.998014092
1341846237.479911 0.079829864 -0.037053645 -0.014925681 0.060449809 -0.005595193 -0.013527474 0.998063862
1341846237.511862 0.074766204 -0.035718661 -0.013671599 0.059107129 -0.005146276 -0.014406289 0.998134434
1341846237.547914 0.073199369 -0.035266444 -0.014133594 0.057883427 -0.006635980 -0.013484840 0.998210192
1341846237.579956 0.073699482 -0.035304759 -0.013388077 0.057190143 -0.007558848 -0.012594366 0.998255253
1341846237.611852 0.075553246 -0.033897545 -0.013725371 0.056768343 -0.008224064 -0.012387629 0.998276651
1341846237.647976 0.073672719 -0.039141007 -0.014207836 0.055485453 -0.008539912 -0.012613188 0.998343289
1341846237.680417 0.073796518 -0.042007368 -0.014418159 0.054691292 -0.009256631 -0.011634273 0.998392642
1341846237.711902 0.071095973 -0.043972343 -0.012659092 0.055017710 -0.009621919 -0.010570507 0.998383045
1341846237.747860 0.070426941 -0.040329143 -0.013346766 0.057006095 -0.009895138 -0.011006016 0.998264134
1341846237.779848 0.070231326 -0.035851803 -0.013261596 0.058073856 -0.010229857 -0.011105244 0.998198092
1341846237.815934 0.069139555 -0.032558076 -0.013413250 0.057239767 -0.011136591 -0.009758390 0.998250663
1341846237.847966 0.070327230 -0.035620201 -0.014859153 0.055537842 -0.012468725 -0.009361101 0.998334825
1341846237.879781 0.070096135 -0.036263898 -0.015457428 0.054901924 -0.012688261 -0.009869457 0.998362362
1341846237.916026 0.071366496 -0.034179214 -0.016045501 0.053997699 -0.013313508 -0.009740313 0.998404801
1341846237.978064 0.071374655 -0.036070440 -0.013039896 0.052826319 -0.013248022 -0.009923749 0.998466492
1341846238.010069 0.070987716 -0.035966411 -0.018403882 0.052133210 -0.013049498 -0.010199330 0.998502791
1341846238.045995 0.069145963 -0.037717804 -0.018246394 0.050484344 -0.012759506 -0.010412944 0.998589098
1341846238.077963 0.070036456 -0.038735550 -0.017106328 0.049335182 -0.013069416 -0.010276475 0.998643875
1341846238.109791 0.068525277 -0.041242216 -0.016537329 0.048889633 -0.012719403 -0.010495638 0.998668075
1341846238.145837 0.072498657 -0.044230063 -0.015464557 0.049952738 -0.013060882 -0.010590049 0.998610020
1341846238.177943 0.071476042 -0.038286913 -0.018881030 0.051220775 -0.012146344 -0.011614170 0.998545945
1341846238.209943 0.072929010 -0.037489537 -0.017575683 0.049448941 -0.012289900 -0.012827856 0.998618662
1341846238.246227 0.070449188 -0.040087257 -0.015401750 0.048858710 -0.011697036 -0.012370236 0.998660624
1341846238.278227 0.070005171 -0.041748270 -0.016026266 0.049069412 -0.011559091 -0.012186652 0.998654127
1341846238.345918 0.072136767 -0.040877543 -0.014953637 0.048956532 -0.010851640 -0.014995007 0.998629391
1341846238.377978 0.071296975 -0.045385148 -0.016568897 0.049386945 -0.011083585 -0.014160341 0.998617828
1341846238.413879 0.069044046 -0.042258538 -0.015543119 0.051030867 -0.011470626 -0.014049716 0.998532355
1341846238.445979 0.070480041 -0.039140694 -0.016237004 0.051709145 -0.011705661 -0.015446321 0.998474121
1341846238.478188 0.068292126 -0.042291712 -0.018166747 0.050607599 -0.010984106 -0.016365713 0.998524129
1341846238.515328 0.069188409 -0.044393569 -0.015963929 0.050991967 -0.011307472 -0.016348040 0.998501241
1341846238.545906 0.069323592 -0.044510927 -0.016709944 0.052003630 -0.011919048 -0.016331665 0.998442233
1341846238.587827 0.073671930 -0.043651480 -0.016858630 0.052754637 -0.012421777 -0.016757548 0.998389602
1341846238.645944 0.071662113 -0.037101354 -0.015628217 0.052088354 -0.011238626 -0.017166533 0.998431683
1341846238.681933 0.072090581 -0.041242283 -0.016712544 0.050785460 -0.011462596 -0.016305491 0.998510659
1341846238.713917 0.072455235 -0.043748930 -0.015665881 0.051487911 -0.011598628 -0.015323874 0.998488724
1341846238.745925 0.071939506 -0.037507884 -0.012433393 0.052912332 -0.011882703 -0.015043444 0.998415112
1341846238.781932 0.070315227 -0.039403163 -0.015130001 0.051556114 -0.011847407 -0.015040067 0.998486578
1341846238.813869 0.073602140 -0.039711095 -0.017014323 0.050475162 -0.011785090 -0.016080368 0.998526335
1341846238.849931 0.071026981 -0.040704515 -0.013442460 0.049335543 -0.011078291 -0.016421227 0.998585820
1341846238.881927 0.070847675 -0.049305070 -0.013209673 0.048631448 -0.012085891 -0.015376083 0.998625338
1341846238.914000 0.069588788 -0.052291702 -0.012267744 0.050663088 -0.013939709 -0.012488002 0.998540461
1341846238.949903 0.070055783 -0.051608134 -0.009903538 0.054218110 -0.015468076 -0.011647577 0.998341382
1341846239.017941 0.070756942 -0.042604599 -0.011925877 0.057957988 -0.015171056 -0.015780097 0.998079002
1341846239.050041 0.070403591 -0.042512063 -0.014288326 0.058211919 -0.014578394 -0.016698053 0.998058140
1341846239.081902 0.069693848 -0.045910552 -0.016262304 0.058240954 -0.014520469 -0.018122124 0.998032451
1341846239.117866 0.073086061 -0.046009723 -0.014647151 0.058917139 -0.014841493 -0.019123236 0.997969329
1341846239.149976 0.073923409 -0.041510671 -0.014672481 0.059800047 -0.014157042 -0.019072704 0.997927725
1341846239.181897 0.071450017 -0.041319203 -0.015729059 0.059132170 -0.013674639 -0.019239262 0.997971058
1341846239.217929 0.067821532 -0.036346592 -0.009313387 0.057838641 -0.013738520 -0.019935401 0.998032331
1341846239.250009 0.073233895 -0.041527126 -0.013814261 0.055999026 -0.013667922 -0.019563377 0.998145580
1341846239.285917 0.072155528 -0.034407847 -0.008954447 0.056099094 -0.012928732 -0.019758331 0.998145938
1341846239.318442 0.072066180 -0.035392795 -0.011598974 0.054624442 -0.012328568 -0.020004390 0.998230457
1341846239.349930 0.072411060 -0.038315024 -0.012359723 0.052805789 -0.011847414 -0.018701686 0.998359382
1341846239.386011 0.070974059 -0.037849013 -0.008847193 0.052906726 -0.011234292 -0.018110255 0.998372018
1341846239.417983 0.069710091 -0.040619228 -0.011321947 0.052618489 -0.011066689 -0.017602086 0.998398244
1341846239.450112 0.071143046 -0.039612990 -0.014393068 0.051947370 -0.011156694 -0.017791932 0.998429000
1341846239.485973 0.072870128 -0.037827667 -0.012222772 0.051221646 -0.011281446 -0.017055571 0.998477936
1341846239.517913 0.074116886 -0.037285846 -0.011605513 0.050130699 -0.011124274 -0.016327932 0.998547256
1341846239.553979 0.072425671 -0.035769697 -0.012134503 0.049412113 -0.010760862 -0.016266335 0.998588026
1341846239.585911 0.071412556 -0.038187910 -0.008894206 0.047989868 -0.010661364 -0.015449610 0.998671412
1341846239.617967 0.070531689 -0.041496832 -0.006377267 0.047764689 -0.010454210 -0.014690151 0.998695910
1341846239.653941 0.069804214 -0.040471632 -0.008725492 0.048907965 -0.010331173 -0.013882032 0.998653352
1341846239.685852 0.070636712 -0.038529530 -0.009742863 0.049307700 -0.010695310 -0.013660267 0.998632967
1341846239.717923 0.072003923 -0.036075473 -0.008519817 0.049274933 -0.011567002 -0.012762832 0.998636723
1341846239.753857 0.071476787 -0.041313827 -0.007944104 0.048577853 -0.011365162 -0.012953051 0.998670757
1341846239.785918 0.070803232 -0.035004091 -0.010581669 0.048738196 -0.011407525 -0.013012207 0.998661697
1341846239.821950 0.069487773 -0.042197805 -0.008041035 0.047482677 -0.011818909 -0.012629869 0.998722255
1341846239.854023 0.068899333 -0.042949159 -0.009506733 0.048694361 -0.011969107 -0.011905353 0.998671055
1341846239.891801 0.068715826 -0.037719224 -0.010889243 0.049103290 -0.012102704 -0.012765980 0.998638809
1341846239.953963 0.071865276 -0.039982181 -0.006440234 0.048391629 -0.012468744 -0.012674973 0.998670220
1341846239.985997 0.067611136 -0.036606368 -0.007413639 0.049323350 -0.012225853 -0.013775432 0.998613060
1341846240.022055 0.065454461 -0.039471328 -0.006233435 0.048845463 -0.012418266 -0.016249936 0.998596966
1341846240.053998 0.064491071 -0.044236235 -0.003233638 0.048847966 -0.011992062 -0.016458601 0.998598635
1341846240.089841 0.063403256 -0.043857325 -0.005600823 0.050110362 -0.011904140 -0.016942516 0.998529017
1341846240.121795 0.062123392 -0.042627569 -0.004497365 0.050861523 -0.012314658 -0.017531801 0.998475909
1341846240.159862 0.061846860 -0.044809919 -0.003917557 0.052283704 -0.011897204 -0.018564841 0.998388827
1341846240.195884 0.064178027 -0.043062456 -0.007142752 0.053242769 -0.011734425 -0.018224776 0.998346329
1341846240.227927 0.062035751 -0.042367913 -0.008584986 0.053354077 -0.011605057 -0.018257270 0.998341322
1341846240.290031 0.068497159 -0.044328298 -0.007738582 0.054401580 -0.012875828 -0.016361870 0.998302042
1341846240.322206 0.068931185 -0.039415564 -0.009118864 0.054827143 -0.013368211 -0.016145390 0.998275816
1341846240.357948 0.067572147 -0.037529197 -0.009010645 0.054151554 -0.013729987 -0.015185394 0.998322845
1341846240.422212 0.066184655 -0.041180331 -0.005578804 0.056042373 -0.013666146 -0.017334424 0.998184323
1341846240.458143 0.066982687 -0.041248016 -0.009210164 0.056103155 -0.014183832 -0.018152215 0.998159170
1341846240.490243 0.067383841 -0.041862763 -0.009362401 0.055731375 -0.015261170 -0.017808320 0.998170316
1341846240.525976 0.066408552 -0.040114388 -0.005855531 0.056719109 -0.015623075 -0.017687688 0.998111188
1341846240.557894 0.065986276 -0.038578629 -0.006637133 0.058138773 -0.015541320 -0.019375516 0.997999430
1341846240.590418 0.064409524 -0.040198516 -0.009340164 0.058114700 -0.015529686 -0.019750403 0.997993708
1341846240.626172 0.065991126 -0.042341460 -0.007925695 0.058024079 -0.016494824 -0.019889476 0.997980714
1341846240.657964 0.068055086 -0.041934870 -0.005851284 0.058605351 -0.017332915 -0.019841071 0.997933507
1341846240.689825 0.063848600 -0.041051958 -0.007426199 0.059693828 -0.016684346 -0.020984720 0.997856677
1341846240.725903 0.064308546 -0.039524294 -0.011207670 0.059443176 -0.017092902 -0.020761112 0.997869372
1341846240.757973 0.063342564 -0.041016921 -0.008156304 0.059590958 -0.017352579 -0.020734480 0.997856617
1341846240.794024 0.065340504 -0.041653607 -0.008798281 0.060993586 -0.017935419 -0.020254731 0.997771442
1341846240.826068 0.065068744 -0.041688923 -0.010266080 0.061416056 -0.017815618 -0.020367825 0.997745395
1341846240.858147 0.062569283 -0.038886491 -0.011386559 0.061087284 -0.017158914 -0.021292105 0.997757733
1341846240.894038 0.063236900 -0.039335597 -0.012241856 0.060009062 -0.017209075 -0.020830644 0.997832060
1341846240.925975 0.063746177 -0.040397789 -0.011231033 0.059462383 -0.017266689 -0.020731203 0.997865856
1341846240.958080 0.064073116 -0.041682709 -0.009168851 0.059082054 -0.017440502 -0.020115053 0.997898042
1341846240.994099 0.064005293 -0.041231640 -0.007363098 0.058813222 -0.017524356 -0.020456923 0.997905552
1341846241.026041 0.066484131 -0.042648870 -0.007455006 0.059580218 -0.017871598 -0.020063389 0.997861862
1341846241.062449 0.064617306 -0.042200990 -0.009255264 0.060237970 -0.017251246 -0.021148397 0.997810900
1341846241.094372 0.064501137 -0.041727550 -0.010611962 0.059076440 -0.017107237 -0.021889813 0.997866809
1341846241.126068 0.066194512 -0.044415772 -0.007045168 0.058344878 -0.017398939 -0.021701857 0.997908890
1341846241.167863 0.064190410 -0.042486288 -0.007985166 0.059928700 -0.017163631 -0.022276640 0.997806430
1341846241.230127 0.064836383 -0.041247964 -0.009853193 0.059505697 -0.017290056 -0.023751261 0.997795582
1341846241.261868 0.062820584 -0.041461974 -0.007646660 0.060028631 -0.016963873 -0.024308192 0.997756422
1341846241.295211 0.063014306 -0.039225310 -0.011228680 0.060439199 -0.017278720 -0.025226137 0.997703433
1341846241.329804 0.062273540 -0.040722597 -0.009421120 0.059599470 -0.016901381 -0.025676992 0.997748911
1341846241.362000 0.063220203 -0.040566426 -0.010961770 0.059280992 -0.016691498 -0.025936222 0.997764707
1341846241.394012 0.060069866 -0.041963387 -0.010361315 0.059196074 -0.016315339 -0.025935156 0.997776031
1341846241.430126 0.062004112 -0.041794047 -0.009778612 0.059450787 -0.016792303 -0.026184045 0.997746468
1341846241.462018 0.061369408 -0.041562654 -0.010453293 0.059463151 -0.016698007 -0.026378719 0.997742176
1341846241.497907 0.061760478 -0.042600475 -0.010832456 0.059362929 -0.016585039 -0.026559908 0.997745216
1341846241.529930 0.063112825 -0.041312810 -0.011329657 0.059198000 -0.016765326 -0.026777133 0.997746229
1341846241.562493 0.060307533 -0.042676076 -0.009035346 0.058669098 -0.016547894 -0.026711019 0.997782886
1341846241.598412 0.060603410 -0.042781893 -0.009646964 0.058929671 -0.016632345 -0.026857980 0.997762144
1341846241.629998 0.064095899 -0.039624214 -0.010536197 0.059655864 -0.017114028 -0.026436444 0.997722089
1341846241.662234 0.062306914 -0.039263729 -0.011502788 0.059749559 -0.016897548 -0.026316587 0.997723341
1341846241.698098 0.063539118 -0.038780868 -0.012494600 0.060135987 -0.016699258 -0.026563248 0.997696936
1341846241.729805 0.063801147 -0.039758697 -0.011713748 0.059727706 -0.016938712 -0.026780436 0.997711599
1341846241.765805 0.063986234 -0.039222684 -0.012974123 0.059826683 -0.016784631 -0.026932137 0.997704208
1341846241.797970 0.064683333 -0.038528979 -0.014467516 0.060550462 -0.016630847 -0.026902921 0.997663915
1341846241.830240 0.064274222 -0.038326431 -0.014814412 0.060756013 -0.016639821 -0.027091509 0.997646153
1341846241.865867 0.063241668 -0.038725536 -0.013799127 0.060385972 -0.016619816 -0.027341202 0.997662127
1341846241.898156 0.063147031 -0.039329212 -0.011814406 0.060602490 -0.016596273 -0.027382664 0.997648299
1341846241.929917 0.064610496 -0.039047658 -0.014306716 0.061339956 -0.016738705 -0.027949803 0.997585118
1341846241.965882 0.064909257 -0.036105040 -0.017722044 0.061124578 -0.016404284 -0.027857786 0.997606456
1341846241.998017 0.063872047 -0.036922276 -0.014820390 0.060876414 -0.016494829 -0.027429024 0.997632027
1341846242.034019 0.063967004 -0.036678389 -0.016107196 0.061277758 -0.016506858 -0.026804380 0.997624218
1341846242.066365 0.064038657 -0.037446979 -0.015336383 0.061666094 -0.016463978 -0.026924321 0.997597754
1341846242.097916 0.064122178 -0.037360821 -0.016333727 0.062926464 -0.016083425 -0.027438957 0.997511268
1341846242.133980 0.064580671 -0.036307938 -0.018630361 0.063974977 -0.016228674 -0.026792066 0.997459769
1341846242.165895 0.064820498 -0.036153439 -0.019340491 0.064269580 -0.015923049 -0.026985252 0.997440577
1341846242.197924 0.064956672 -0.035818629 -0.020029463 0.064872637 -0.015783394 -0.027782289 0.997381866
1341846242.234487 0.063880526 -0.036754642 -0.016730178 0.065962367 -0.015787013 -0.027222386 0.997325778
1341846242.269588 0.064134814 -0.035570402 -0.015224549 0.067155339 -0.015826516 -0.027442172 0.997239470
1341846242.301972 0.065273158 -0.034916099 -0.016430665 0.066739917 -0.015902922 -0.028653311 0.997232080
1341846242.333996 0.064373285 -0.037044711 -0.012482624 0.066806905 -0.015563051 -0.028037872 0.997250438
1341846242.366000 0.064071976 -0.037331678 -0.014263080 0.067461342 -0.015407525 -0.027268311 0.997230172
1341846242.401903 0.062467393 -0.036789384 -0.015750149 0.067419700 -0.015312727 -0.027116636 0.997238576
1341846242.433933 0.063804612 -0.037508089 -0.014611728 0.067447960 -0.015333414 -0.027848560 0.997216165
1341846242.469883 0.065492347 -0.037350103 -0.015883073 0.068582475 -0.015235629 -0.027992878 0.997136235
1341846242.501972 0.064696990 -0.037987348 -0.016105982 0.068776153 -0.015130485 -0.028895080 0.997098804
1341846242.534063 0.064019784 -0.036886577 -0.018573856 0.068232507 -0.015306030 -0.028966907 0.997131348
1341846242.569931 0.063775323 -0.036278006 -0.018369237 0.068288796 -0.014569758 -0.029011654 0.997137249
1341846242.602000 0.063309528 -0.036255907 -0.018407987 0.068186149 -0.014489764 -0.028503194 0.997160077
1341846242.634077 0.064093813 -0.034873273 -0.020247314 0.067398265 -0.014789776 -0.028249497 0.997216463
1341846242.670215 0.064687692 -0.036167003 -0.018471243 0.066798173 -0.014690063 -0.028656706 0.997246683
1341846242.701929 0.065829620 -0.036339659 -0.017943040 0.066532701 -0.014766204 -0.028467285 0.997268796
1341846242.737996 0.064510047 -0.036974214 -0.017474772 0.066137202 -0.015159648 -0.028459502 0.997289360
1341846242.769937 0.064600758 -0.036275100 -0.017591495 0.066884421 -0.015360693 -0.028770499 0.997227550
1341846242.808080 0.066108666 -0.036333341 -0.019347662 0.067061193 -0.015353687 -0.029709039 0.997188270
1341846242.869936 0.065369502 -0.036694624 -0.020309385 0.065575577 -0.015555450 -0.030260272 0.997267365
1341846242.902131 0.064734362 -0.035957489 -0.020089144 0.065687187 -0.015314053 -0.030334536 0.997261524
1341846242.938061 0.064816080 -0.034927927 -0.020822303 0.066275612 -0.015624610 -0.030390924 0.997216046
1341846242.969969 0.065558098 -0.035750527 -0.020655032 0.066951863 -0.016317755 -0.029833892 0.997176588
1341846243.005810 0.065109171 -0.034658838 -0.021524904 0.067758530 -0.016535362 -0.030257381 0.997105718
1341846243.038095 0.064847440 -0.034719620 -0.023582140 0.067372739 -0.017058287 -0.029633561 0.997141838
1341846243.070041 0.066857204 -0.031796385 -0.026832866 0.066757977 -0.017741593 -0.029688120 0.997169614
1341846243.106059 0.064746112 -0.035015512 -0.022379495 0.065384619 -0.017563354 -0.030999539 0.997223854
1341846243.137899 0.065343127 -0.034750003 -0.024343114 0.065809876 -0.017221106 -0.030612357 0.997213781
1341846243.169985 0.065759741 -0.033745836 -0.024671832 0.066092782 -0.017438743 -0.030246632 0.997202456
1341846243.206007 0.065764949 -0.032955181 -0.025296740 0.066108778 -0.017321112 -0.030571334 0.997193575
1341846243.237999 0.064904168 -0.033024363 -0.024308372 0.065135196 -0.016597360 -0.031803843 0.997231364
1341846243.274026 0.065319411 -0.036525697 -0.023351386 0.064518705 -0.016312206 -0.032171562 0.997264385
1341846243.305879 0.065159753 -0.035801817 -0.023323171 0.065454803 -0.016382841 -0.032558937 0.997189641
1341846243.338022 0.065188162 -0.035168290 -0.024413569 0.066450171 -0.016256472 -0.032814570 0.997117519
1341846243.374348 0.066210583 -0.034130838 -0.024836769 0.067411706 -0.016429307 -0.032249589 0.997068584
1341846243.405837 0.065945871 -0.034209669 -0.025257714 0.067604430 -0.017060820 -0.031976819 0.997053683
1341846243.442193 0.066988885 -0.033344727 -0.027270485 0.067951240 -0.017337346 -0.031928021 0.997026861
1341846243.473902 0.066022463 -0.034829944 -0.024497475 0.068012632 -0.017052008 -0.032314334 0.997015178
1341846243.505839 0.065701246 -0.033614211 -0.024432488 0.068030722 -0.017255595 -0.032354202 0.997009158
1341846243.542001 0.065376475 -0.033889797 -0.028070925 0.067672171 -0.017431762 -0.032304559 0.997032106
1341846243.574058 0.065965414 -0.033099938 -0.028200040 0.067811191 -0.017052412 -0.031977762 0.997039735
1341846243.605841 0.065250702 -0.034578778 -0.023386301 0.068105251 -0.016482130 -0.031935796 0.997030675
1341846243.642015 0.065668814 -0.035432663 -0.023126913 0.068577707 -0.016278265 -0.032027688 0.996998668
1341846243.673926 0.064966008 -0.034344442 -0.024755385 0.068576470 -0.016298125 -0.031926122 0.997001708
1341846243.710095 0.066461489 -0.035230950 -0.024751002 0.068767786 -0.016146474 -0.031806376 0.996994793
1341846243.741951 0.065933190 -0.033795863 -0.026002141 0.068933584 -0.016599620 -0.032064941 0.996967614
1341846243.774067 0.066753760 -0.031861689 -0.028494930 0.068373971 -0.016737234 -0.032820810 0.996979237
1341846243.809881 0.065793015 -0.032870941 -0.026410792 0.068076320 -0.016150340 -0.032803871 0.997009873
1341846243.841971 0.066612475 -0.033000391 -0.024213208 0.068558551 -0.016566189 -0.031519178 0.997011423
1341846243.874062 0.066210128 -0.033777460 -0.025092473 0.068991698 -0.016986215 -0.031517047 0.996974528
1341846243.910022 0.068675414 -0.034956057 -0.019295501 0.069649704 -0.017052133 -0.031920057 0.996914864
1341846243.978045 0.065678418 -0.031701196 -0.029010117 0.069619708 -0.015564431 -0.032311965 0.996928692
1341846244.009892 0.066001333 -0.030973924 -0.026923802 0.068936341 -0.015432069 -0.032042064 0.996986926
1341846244.042105 0.066818751 -0.033683062 -0.023494737 0.069661453 -0.015106448 -0.031225279 0.996967435
1341846244.077884 0.067060255 -0.033162858 -0.023450540 0.070554003 -0.015127147 -0.030796189 0.996917725
1341846244.115904 0.067243457 -0.033833269 -0.023344399 0.069566123 -0.015243749 -0.030941958 0.996980846
1341846244.151850 0.067302413 -0.034755010 -0.023145203 0.068943702 -0.015076936 -0.030184062 0.997049809
1341846244.184334 0.065916918 -0.032801144 -0.023925927 0.070299402 -0.014591935 -0.029312553 0.996988416
1341846244.215953 0.065703653 -0.032226413 -0.027740171 0.070116758 -0.014598536 -0.029776964 0.996987402
1341846244.251877 0.065657593 -0.032544855 -0.028348608 0.069466151 -0.014712265 -0.029968726 0.997025549
1341846244.283880 0.065026611 -0.033129320 -0.027848372 0.070342511 -0.014621550 -0.029659208 0.996974647
1341846244.316068 0.066153675 -0.032714337 -0.028773658 0.070822068 -0.015130261 -0.029928954 0.996925056
1341846244.351999 0.066164292 -0.034075763 -0.030324265 0.070350870 -0.015515120 -0.029781833 0.996956885
1341846244.384040 0.063981295 -0.034818877 -0.031072201 0.070635945 -0.015858423 -0.028984955 0.996954799
1341846244.419869 0.065397553 -0.032706227 -0.031650353 0.071243592 -0.015956933 -0.028619958 0.996920586
1341846244.451888 0.066974938 -0.032470062 -0.031285010 0.070427902 -0.015480448 -0.029253749 0.996967614
1341846244.483871 0.066391155 -0.031243026 -0.031050641 0.069632530 -0.014700111 -0.029491335 0.997028291
1341846244.519923 0.065053441 -0.033411805 -0.026895437 0.069654122 -0.013815731 -0.029244140 0.997046769
1341846244.551942 0.068645850 -0.034683511 -0.027212899 0.070460916 -0.013488017 -0.028744403 0.997009099
1341846244.583892 0.066883154 -0.033030614 -0.024767701 0.070976719 -0.012582482 -0.026769806 0.997039258
1341846244.619870 0.066587970 -0.030163905 -0.030913195 0.071258433 -0.012552924 -0.025542660 0.997051775
1341846244.651850 0.066064000 -0.030718401 -0.031170864 0.071644247 -0.012323775 -0.024477201 0.997053683
1341846244.683815 0.067885056 -0.031911153 -0.030272817 0.072376452 -0.012423314 -0.023379153 0.997025907
1341846244.719873 0.071681134 -0.036296066 -0.027310666 0.071660519 -0.012410915 -0.023832137 0.997067094
1341846244.751827 0.075437672 -0.038761482 -0.024566371 0.071056351 -0.012094792 -0.023318298 0.997126341
1341846244.788300 0.073217176 -0.037282340 -0.028181853 0.072124735 -0.011338099 -0.022946667 0.997067153
1341846244.820099 0.076488435 -0.041179508 -0.030751660 0.072307430 -0.011099781 -0.023239413 0.997049809
1341846244.851973 0.081344515 -0.044795629 -0.026336662 0.073811360 -0.010909082 -0.022649193 0.996955335
1341846244.887873 0.079215854 -0.042054594 -0.028931912 0.075864181 -0.009261784 -0.022624038 0.996818423
1341846244.920072 0.079085872 -0.042420637 -0.028634174 0.075934015 -0.007963580 -0.022544701 0.996826112
1341846244.952621 0.080835886 -0.044643931 -0.027785026 0.076500036 -0.007408712 -0.021999380 0.996799290
1341846244.987985 0.084983237 -0.038770992 -0.022195980 0.077946216 -0.007430105 -0.019661697 0.996735990
1341846245.020060 0.082644574 -0.036164336 -0.023637775 0.077119961 -0.006837121 -0.019946208 0.996798813
1341846245.051869 0.085886784 -0.038597759 -0.018582610 0.075389549 -0.006378667 -0.020787004 0.996917069
1341846245.088236 0.085461810 -0.036456048 -0.020949023 0.074615367 -0.005679196 -0.021244379 0.996969879
1341846245.119935 0.083266139 -0.039541904 -0.025758868 0.073787764 -0.005146020 -0.021315971 0.997032821
1341846245.151835 0.082668357 -0.039700020 -0.021164717 0.074061997 -0.004962050 -0.021684678 0.997005522
1341846245.187889 0.083453409 -0.041024845 -0.023130482 0.074701786 -0.004924832 -0.021418199 0.996963680
1341846245.219842 0.084245041 -0.036660317 -0.021647831 0.075203992 -0.005113357 -0.021017298 0.996933520
1341846245.256030 0.078889742 -0.033534974 -0.020786775 0.074793883 -0.004104258 -0.022190159 0.996943653
1341846245.287962 0.075953484 -0.033676051 -0.020236785 0.074627876 -0.003332583 -0.023472345 0.996929586
1341846245.319885 0.074485622 -0.037664011 -0.022417022 0.073966905 -0.003123327 -0.024940534 0.996943891
1341846245.355859 0.073628440 -0.033009168 -0.023773195 0.074469313 -0.003480527 -0.024886820 0.996906638
1341846245.387919 0.078226253 -0.037655838 -0.018724127 0.073877193 -0.004523646 -0.024790611 0.996948898
1341846245.423977 0.078898713 -0.037817806 -0.016861690 0.074258208 -0.004401809 -0.025570575 0.996901453
1341846245.455822 0.079204358 -0.039476451 -0.021877179 0.074433647 -0.004242237 -0.026420556 0.996866882
1341846245.487804 0.072704524 -0.035659172 -0.024541069 0.075281009 -0.003532532 -0.026594169 0.996801376
1341846245.523916 0.076867238 -0.036370192 -0.022085400 0.075335622 -0.004251999 -0.026266618 0.996803164
1341846245.555797 0.075163849 -0.039875172 -0.020272225 0.074611321 -0.003707105 -0.026717845 0.996847808
1341846245.591988 0.074850127 -0.040426295 -0.018999219 0.075468689 -0.003738050 -0.026111763 0.996799231
1341846245.623837 0.073727898 -0.040217027 -0.016042383 0.076706074 -0.003999099 -0.024947738 0.996733546
1341846245.655890 0.079172730 -0.039734785 -0.017930197 0.076928094 -0.004468615 -0.024541622 0.996724546
1341846245.692060 0.080429398 -0.042030349 -0.016216639 0.076060660 -0.003761193 -0.025399463 0.996772528
1341846245.724517 0.082247049 -0.042706855 -0.016328048 0.076298065 -0.004019981 -0.024877056 0.996766567
1341846245.760068 0.082611814 -0.042227298 -0.014393391 0.077613100 -0.004014650 -0.024338672 0.996678352
1341846245.791914 0.079350293 -0.038386676 -0.013912922 0.078272365 -0.003323265 -0.024529416 0.996624649
1341846245.824142 0.082198866 -0.040547531 -0.014497585 0.077616043 -0.002882665 -0.024004355 0.996690094
1341846245.860005 0.077747062 -0.037766110 -0.013041604 0.077476293 -0.001877413 -0.023661809 0.996711612
1341846245.891878 0.078925803 -0.038152028 -0.009485040 0.076622233 -0.001893085 -0.023899656 0.996771872
1341846245.927903 0.078795411 -0.041898236 -0.011045004 0.076437570 -0.001170922 -0.024652943 0.996768832
1341846245.986182 0.080983490 -0.040293254 -0.013118587 0.077501237 -0.001827246 -0.024084739 0.996699631
1341846246.022057 0.076233514 -0.043364655 -0.012187572 0.077602148 -0.001273684 -0.024308167 0.996687174
1341846246.053871 0.073605396 -0.047270153 -0.019919749 0.078139260 -0.001058576 -0.024556814 0.996639371
1341846246.085916 0.071031474 -0.043841008 -0.017643696 0.080189236 -0.001663600 -0.023360645 0.996504486
1341846246.121806 0.072726339 -0.042194653 -0.015765022 0.080989815 -0.003171562 -0.023956057 0.996421933
1341846246.153949 0.074384823 -0.042307772 -0.017990261 0.082046337 -0.003659379 -0.025934594 0.996284306
1341846246.222002 0.072235145 -0.036944658 -0.020311426 0.082796343 -0.003175706 -0.028154043 0.996163666
1341846246.253984 0.073770061 -0.041816175 -0.017822184 0.082135417 -0.003583119 -0.029602267 0.996174991
1341846246.289808 0.063013256 -0.034797780 -0.022761954 0.084191762 -0.001479406 -0.031687230 0.995944500
1341846246.322001 0.068118662 -0.037694331 -0.019358547 0.083179429 -0.001092812 -0.032207448 0.996013403
1341846246.353946 0.065959834 -0.034671236 -0.017847057 0.081828699 0.000208190 -0.033871599 0.996070623
1341846246.389885 0.070970148 -0.039719060 -0.015668606 0.080011487 0.000241691 -0.032833073 0.996253014
1341846246.421855 0.069845363 -0.038627122 -0.017242715 0.080642588 0.000892598 -0.031181479 0.996254802
1341846246.457915 0.070076600 -0.034362741 -0.016320260 0.080503993 0.000980881 -0.028930536 0.996333838
1341846246.489829 0.071311273 -0.036953934 -0.017991841 0.079035632 0.001702025 -0.027797338 0.996482670
1341846246.521912 0.075950839 -0.034565877 -0.016384056 0.078200288 0.002731963 -0.026790099 0.996573925
1341846246.558038 0.073438749 -0.037261974 -0.014409593 0.077297933 0.004628260 -0.027466094 0.996618927
1341846246.589826 0.062885195 -0.040829688 -0.011609129 0.077497840 0.006657825 -0.027545270 0.996589661
1341846246.622033 0.062578447 -0.039102908 -0.012324946 0.077870898 0.006501384 -0.025144439 0.996625125
1341846246.658046 0.063966796 -0.036553875 -0.014128421 0.077501334 0.005739436 -0.024015892 0.996686459
1341846246.689939 0.062867023 -0.038065679 -0.012419276 0.076911680 0.005224763 -0.025061931 0.996709168
1341846246.725903 0.065666981 -0.035375912 -0.011960889 0.077176020 0.004663451 -0.025197117 0.996688128
1341846246.757894 0.072301753 -0.030959325 -0.011414484 0.076995619 0.003622653 -0.025154168 0.996707499
1341846246.789989 0.069896497 -0.034238610 -0.009246396 0.075840309 0.004036849 -0.026143426 0.996769011
1341846246.826059 0.067518599 -0.036824368 -0.007082498 0.075803205 0.003871772 -0.026160032 0.996772051
1341846246.857869 0.065949298 -0.038172819 -0.008279985 0.076617777 0.003895555 -0.026465837 0.996701598
1341846246.893944 0.067962281 -0.036651026 -0.010599510 0.076608628 0.003029607 -0.025631089 0.996727109
1341846246.925896 0.071090154 -0.034803819 -0.007031070 0.076243579 0.001757404 -0.024865573 0.996777594
1341846246.958090 0.073903717 -0.035419472 -0.006171992 0.076265357 0.001379628 -0.024821116 0.996777594
1341846246.993936 0.070916310 -0.032635584 -0.006969966 0.076473922 0.001443826 -0.025892068 0.996734321
1341846247.026204 0.068146139 -0.037195630 -0.006934147 0.075825825 0.001707889 -0.028247429 0.996719420
1341846247.057936 0.065899730 -0.039139558 -0.007355060 0.076592252 0.001963893 -0.028679388 0.996648014
1341846247.093899 0.068272248 -0.039199568 -0.008226159 0.077390052 0.001306582 -0.028072609 0.996604741
1341846247.126028 0.069618933 -0.036000211 -0.007072837 0.077580132 0.000404563 -0.026976677 0.996621013
1341846247.162093 0.068669140 -0.043213844 -0.004338334 0.077686325 0.000385384 -0.026621684 0.996622264
1341846247.194072 0.067654654 -0.044143680 -0.005457854 0.080570906 0.001759640 -0.025188938 0.996428967
1341846247.225977 0.069794595 -0.041902952 -0.009391843 0.081978738 0.001570559 -0.023424901 0.996357501
1341846247.261953 0.070644125 -0.046720382 -0.007722380 0.084655076 0.001999344 -0.024005003 0.996119142
1341846247.293957 0.072378442 -0.045195173 -0.008181709 0.089129373 0.002807612 -0.023779189 0.995732188
1341846247.325987 0.068499088 -0.037692852 -0.012339219 0.090704612 0.002853545 -0.023335066 0.995600343
1341846247.361940 0.069793627 -0.036206521 -0.011789570 0.088753551 0.001480810 -0.022863198 0.995790064
1341846247.430187 0.070339873 -0.032189179 -0.005954942 0.085083067 0.000465905 -0.023004269 0.996108174
1341846247.462223 0.072962172 -0.037590545 -0.005270021 0.083764233 -0.000754763 -0.023846064 0.996199965
1341846247.493952 0.073491938 -0.038288910 -0.004260670 0.083926342 -0.000979982 -0.024611119 0.996167481
1341846247.530027 0.075656392 -0.042248897 -0.002022943 0.084415406 -0.001088229 -0.024296328 0.996133804
1341846247.562209 0.076592341 -0.046995264 -0.001604316 0.086296692 -0.000934970 -0.023146851 0.996000111
1341846247.594166 0.076392703 -0.039997697 -0.000948685 0.088566497 -0.001264564 -0.022016939 0.995826125
1341846247.630035 0.079742648 -0.032618903 -0.003362480 0.087836944 -0.002671221 -0.021258781 0.995904386
1341846247.662701 0.081777662 -0.043692686 0.002472413 0.085626975 -0.003131990 -0.020585161 0.996109664
1341846247.697913 0.078394018 -0.038626052 0.000338837 0.087039948 -0.002007592 -0.019393571 0.996013999
1341846247.730051 0.077978142 -0.035869990 0.001703052 0.085911542 -0.002944194 -0.018066054 0.996134639
1341846247.762180 0.088761002 -0.044252329 -0.000746354 0.085720733 -0.004731916 -0.016021699 0.996179163
1341846247.798768 0.082167208 -0.040101074 0.004067654 0.088101916 -0.003440637 -0.014826326 0.995995224
1341846247.830259 0.080755688 -0.030942578 0.007288988 0.087903403 -0.003530819 -0.014537786 0.996016681
1341846247.865875 0.085813150 -0.041792613 0.008592947 0.085175477 -0.004058623 -0.015379394 0.996239007
1341846247.898157 0.081112742 -0.045191336 0.006115492 0.087229595 -0.002068309 -0.015002398 0.996073127
1341846247.930002 0.076894782 -0.036170207 0.004015790 0.088839002 -0.003258512 -0.013413955 0.995950341
1341846247.966006 0.080239624 -0.040196136 0.007832678 0.087590493 -0.005734980 -0.012677568 0.996059358
1341846247.998062 0.083379678 -0.044704080 0.006509243 0.089361355 -0.005643039 -0.012390971 0.995906234
1341846248.030615 0.083758622 -0.039134670 0.010083338 0.091369927 -0.005346749 -0.012760066 0.995720923
1341846248.065891 0.085843362 -0.031752404 0.010367033 0.090647213 -0.005563043 -0.012574881 0.995788157
1341846248.098211 0.091353588 -0.043815564 0.011488969 0.088743880 -0.004916209 -0.014159164 0.995941699
1341846248.133929 0.089240961 -0.043300498 0.003058738 0.090279497 -0.000585763 -0.017509183 0.995762348
1341846248.166050 0.090443730 -0.031346023 0.009683704 0.090988040 0.001139253 -0.018424086 0.995680869
1341846248.198024 0.080301836 -0.039815027 0.005856992 0.088840552 0.002138513 -0.019641235 0.995849907
1341846248.233930 0.088008381 -0.045328598 0.012885522 0.090433456 0.001617682 -0.019677084 0.995706797
1341846248.265968 0.087242246 -0.034171190 0.013526590 0.091914319 0.002419101 -0.020858154 0.995545506
1341846248.297927 0.081756048 -0.038953856 0.009752053 0.088973150 0.002655305 -0.023808617 0.995745897
1341846248.333956 0.086825512 -0.045656770 0.012456045 0.088870384 0.001507385 -0.025262849 0.995721638
1341846248.366013 0.085528947 -0.041352537 0.012471147 0.090964727 0.001778245 -0.025051221 0.995537400
1341846248.402093 0.080626316 -0.040614631 0.011220228 0.090662420 0.001536162 -0.025064457 0.995565057
1341846248.433862 0.086384304 -0.046535291 0.012860735 0.090118416 0.000616176 -0.025610089 0.995601535
1341846248.466804 0.089607880 -0.038700961 0.013234710 0.091889687 0.001598061 -0.025956409 0.995429575
1341846248.502139 0.080664337 -0.031163247 0.016833005 0.090582795 0.002249755 -0.026882084 0.995523512
1341846248.534215 0.078138180 -0.042722497 0.016651994 0.087239780 0.000277880 -0.026141644 0.995844245
1341846248.565971 0.088665999 -0.042726867 0.016692394 0.089251317 -0.000919781 -0.025414957 0.995684445
1341846248.602003 0.086324312 -0.033401623 0.016603487 0.088813275 0.000353854 -0.026560338 0.995694041
1341846248.640295 0.082056277 -0.047417950 0.017388714 0.086284593 0.001117901 -0.026707845 0.995911837
1341846248.675831 0.085778005 -0.046410605 0.013580464 0.089273639 0.001192119 -0.025695130 0.995674908
1341846248.708095 0.089070991 -0.042732634 0.016504597 0.091031104 0.001710524 -0.025445385 0.995521426
1341846248.740085 0.082448930 -0.043287549 0.017400879 0.090507805 0.002274185 -0.026015770 0.995553315
1341846248.802167 0.082957551 -0.045012102 0.018679287 0.093093753 0.001799425 -0.026372999 0.995306373
1341846248.833950 0.082081459 -0.044246510 0.020493394 0.092862070 0.001665545 -0.026218668 0.995332301
1341846248.869901 0.080731228 -0.052793689 0.018149314 0.093135267 0.001500131 -0.026189018 0.995307863
1341846248.901932 0.086551055 -0.046544943 0.018054871 0.095616534 0.001031656 -0.025640992 0.995087445
1341846248.938035 0.081571892 -0.041321725 0.017328192 0.095663011 0.001705183 -0.025861217 0.995076299
1341846248.969908 0.084600277 -0.039835464 0.019509260 0.095111094 0.000565408 -0.025531204 0.995139062
1341846249.001964 0.085062623 -0.043381643 0.019851660 0.094398201 0.000524213 -0.026099382 0.995192230
1341846249.037998 0.081326865 -0.043038499 0.016566774 0.094394028 0.001100967 -0.025393324 0.995210409
1341846249.069961 0.078290947 -0.042481165 0.021350946 0.093089908 0.000501953 -0.025108619 0.995340943
1341846249.105888 0.091385894 -0.043579038 0.018959757 0.092911385 -0.000551640 -0.024258710 0.995378673
1341846249.138041 0.078844272 -0.041946527 0.022705868 0.093273975 0.002240216 -0.024904625 0.995326459
1341846249.169904 0.081316382 -0.043846913 0.022764407 0.092876472 0.001776400 -0.023170978 0.995406389
1341846249.206013 0.087001041 -0.050264444 0.018963167 0.093614511 0.001723710 -0.022977885 0.995341837
1341846249.237872 0.084814914 -0.041037779 0.017956864 0.094725698 0.003403770 -0.023330754 0.995224178
1341846249.306095 0.086588241 -0.050313290 0.019024489 0.093054600 0.003813154 -0.023525989 0.995375752
1341846249.337853 0.090135448 -0.040901951 0.018587284 0.095111907 0.004620367 -0.022563092 0.995200098
1341846249.373854 0.097056687 -0.035904095 0.014653980 0.093755305 0.003845942 -0.021980969 0.995345175
1341846249.405928 0.096795671 -0.045480549 0.017637931 0.092008241 0.005115811 -0.023531079 0.995467067
1341846249.437945 0.093792073 -0.043554101 0.017872069 0.093369395 0.007117053 -0.024419766 0.995306551
1341846249.474182 0.095472194 -0.038047556 0.017797595 0.093319617 0.006870395 -0.023805631 0.995327830
1341846249.505956 0.098062456 -0.042898789 0.019591561 0.091386572 0.006441515 -0.023892544 0.995507956
1341846249.538288 0.097651228 -0.042225465 0.020804577 0.091441482 0.006851319 -0.023900544 0.995500028
1341846249.574263 0.093525350 -0.038901329 0.020858357 0.091161758 0.007486043 -0.023622142 0.995527744
1341846249.606015 0.088856295 -0.043179650 0.020988816 0.089331850 0.007144983 -0.022430824 0.995723665
1341846249.641995 0.093348101 -0.041658398 0.022429461 0.089901030 0.005042407 -0.019306136 0.995750785
1341846249.674108 0.095760986 -0.035920348 0.020114932 0.089055210 0.003793783 -0.018231194 0.995852590
1341846249.706034 0.093701839 -0.038642798 0.022702856 0.086090006 0.003024934 -0.018124947 0.996117890
1341846249.742012 0.095023215 -0.044478651 0.022277560 0.085320495 0.001458794 -0.016261457 0.996219754
1341846249.773906 0.095231280 -0.038290840 0.018953472 0.086556561 -0.000887739 -0.012675906 0.996165872
1341846249.806093 0.091598824 -0.039075393 0.020110367 0.085373439 -0.003253402 -0.010625565 0.996287048
1341846249.842148 0.096509352 -0.037319161 0.022137459 0.084960565 -0.005705892 -0.009066146 0.996326745
1341846249.873923 0.094025977 -0.038460918 0.020726020 0.084596083 -0.007461227 -0.007525454 0.996358991
1341846249.909991 0.089051142 -0.034355771 0.017853154 0.084925957 -0.010410150 -0.005690412 0.996316612
1341846249.942024 0.096819378 -0.034242038 0.023695223 0.084671736 -0.014149453 -0.002898678 0.996304214
1341846249.974199 0.100639090 -0.032457042 0.020863375 0.085187986 -0.015818585 -0.003936137 0.996231556
1341846250.010384 0.097720101 -0.031163592 0.018065963 0.084977172 -0.016864356 -0.004053898 0.996231914
1341846250.042022 0.102879919 -0.033321317 0.021551315 0.084850833 -0.019801060 -0.002057595 0.996194780
1341846250.078047 0.111332782 -0.029844470 0.023378540 0.087079316 -0.020439764 -0.001938714 0.995989799
1341846250.109945 0.108348072 -0.024085075 0.023051152 0.087176323 -0.018340204 -0.003571216 0.996017635
1341846250.141849 0.110886045 -0.025629543 0.020370638 0.085013159 -0.017238090 -0.003678320 0.996223927
1341846250.177803 0.115796417 -0.028501885 0.022922141 0.085175782 -0.015351758 -0.003986946 0.996239722
1341846250.210137 0.116236366 -0.022786491 0.016151929 0.085826166 -0.011234134 -0.005230187 0.996233046
1341846250.241903 0.114659198 -0.021401433 0.015528006 0.084967420 -0.008583035 -0.007875348 0.996315658
1341846250.277878 0.112154573 -0.023901762 0.019661160 0.083820432 -0.007079324 -0.009923666 0.996406317
1341846250.309873 0.111978084 -0.024815755 0.017808804 0.083143048 -0.006990009 -0.010231273 0.996460557
1341846250.346142 0.108493492 -0.024755133 0.019056855 0.083515815 -0.006787590 -0.010743425 0.996425450
1341846250.377944 0.111345902 -0.023153821 0.018962612 0.084270060 -0.007154647 -0.009910746 0.996367991
1341846250.410038 0.111110173 -0.024457783 0.018636202 0.084827937 -0.007355338 -0.009768417 0.996320605
1341846250.445984 0.112324394 -0.022904357 0.017350005 0.085911460 -0.007343108 -0.010874100 0.996216357
1341846250.477872 0.109955378 -0.019837990 0.017043442 0.085717745 -0.007449138 -0.010420732 0.996237099
1341846250.509930 0.106877282 -0.026781987 0.018837316 0.084790371 -0.009162611 -0.009191754 0.996314287
1341846250.546119 0.113620386 -0.021679649 0.019033669 0.086029224 -0.010976852 -0.008856518 0.996192753
1341846250.577998 0.115041368 -0.018162552 0.022920994 0.085042328 -0.010409758 -0.009673282 0.996276021
1341846250.613828 0.111516975 -0.022188704 0.023299830 0.083297566 -0.009842567 -0.008703831 0.996438086
1341846250.646114 0.111604199 -0.021716829 0.023919588 0.083990104 -0.010087724 -0.006241156 0.996395946
1341846250.677812 0.114930369 -0.018576561 0.022635998 0.083730586 -0.010128886 -0.004496017 0.996426821
1341846250.713958 0.113130502 -0.016812811 0.023485603 0.082508549 -0.008832037 -0.004030928 0.996543050
1341846250.745904 0.111904077 -0.018341107 0.021392198 0.081493422 -0.008673444 -0.001421390 0.996635139
1341846250.777886 0.111468762 -0.015406195 0.023233058 0.081177369 -0.010546742 0.001583450 0.996642590
1341846250.814024 0.115897775 -0.016163420 0.023123689 0.080306768 -0.011625079 0.001027910 0.996701896
1341846250.846025 0.114493422 -0.015960129 0.021573396 0.078883097 -0.010945979 -0.000537542 0.996823609
1341846250.881824 0.111431211 -0.023900751 0.023269035 0.078696296 -0.010874686 -0.000005323 0.996839285
1341846250.913808 0.114499301 -0.020284845 0.022678809 0.081087686 -0.011089119 0.000151549 0.996645272
1341846250.946118 0.114240780 -0.024099374 0.020615062 0.081092075 -0.010450620 -0.000587444 0.996651649
1341846250.981803 0.112113155 -0.020428276 0.020996079 0.082433604 -0.010238783 -0.000876367 0.996543586
1341846251.014047 0.111116678 -0.020692816 0.022025619 0.082495578 -0.011612657 -0.002126465 0.996521473
1341846251.046033 0.115260646 -0.024561226 0.021525014 0.082826421 -0.012674756 -0.002662073 0.996479809
1341846251.081959 0.117035799 -0.029786494 0.021795172 0.083731033 -0.012467325 -0.003606754 0.996403873
1341846251.114058 0.117132813 -0.030075088 0.022173226 0.085514650 -0.011776677 -0.003722015 0.996260345
1341846251.149920 0.116846777 -0.025693519 0.018360872 0.087316267 -0.011230057 -0.004446861 0.996107399
1341846251.181983 0.118963748 -0.024286816 0.020201683 0.088347979 -0.010520901 -0.005167532 0.996020675
1341846251.214205 0.111115731 -0.027458314 0.018013485 0.088943847 -0.009881408 -0.006253286 0.995967984
1341846251.249978 0.110360190 -0.025991149 0.018006293 0.089262448 -0.012016809 -0.005611538 0.995919824
1341846251.281923 0.113846473 -0.027733462 0.019859536 0.089828312 -0.013827640 -0.005256915 0.995847404
1341846251.318026 0.109217986 -0.017963165 0.019627888 0.090340331 -0.014547330 -0.005415092 0.995790005
1341846251.350003 0.106623732 -0.021667412 0.017652979 0.087704875 -0.016662750 -0.005582610 0.995991468
1341846251.382003 0.107932560 -0.025022101 0.021744387 0.087842263 -0.018916009 -0.005547076 0.995939314
1341846251.417971 0.106357567 -0.016555045 0.023841335 0.088719942 -0.019395581 -0.007142138 0.995842159
1341846251.449878 0.103345871 -0.013849836 0.024754073 0.086031266 -0.019842919 -0.008181741 0.996061206
1341846251.481872 0.101635732 -0.018305093 0.023874296 0.083126895 -0.021319954 -0.007635767 0.996281624
1341846251.517870 0.103226274 -0.015950058 0.023735024 0.082111597 -0.023155596 -0.006882838 0.996330321
1341846251.549884 0.104931951 -0.015432199 0.026907761 0.080399163 -0.023652293 -0.007460139 0.996454179
1341846251.586071 0.104085006 -0.019364232 0.026650006 0.079457082 -0.023353769 -0.006525523 0.996543348
1341846251.618241 0.103477500 -0.019473914 0.028226959 0.080177441 -0.023999522 -0.004524581 0.996481359
1341846251.649917 0.112089656 -0.019209249 0.026782412 0.081095949 -0.024313325 -0.004098262 0.996401250
1341846251.686034 0.110382155 -0.016337555 0.027588326 0.081999995 -0.021710524 -0.006101619 0.996377170
1341846251.718103 0.105945833 -0.020639377 0.026788091 0.081340007 -0.020113382 -0.007372115 0.996456206
1341846251.749907 0.103418589 -0.020113789 0.027966309 0.081873648 -0.020456024 -0.006363030 0.996412456
