1548265882.499630 0.000000000 0.000000000 0.000000000 -0.000000000 -0.000000000 -0.000000000 1.000000000
1548265882.533150 0.006188737 -0.016387090 -0.002863751 -0.004054918 -0.006884044 -0.006354646 0.999947906
1548265882.566560 0.104154810 -0.051371712 -0.033651035 -0.009903030 -0.016961941 -0.009814766 0.999758959
1548265882.600030 0.044536792 -0.022707555 -0.024921240 -0.007183234 -0.002117006 -0.010567069 0.999916196
1548265882.633440 0.011707389 -0.016551755 -0.009350372 -0.008352513 0.002829811 -0.018602036 0.999788105
1548265882.665210 0.028499853 -0.020045571 -0.018958645 -0.011805491 0.008533048 -0.020057883 0.999692738
1548265882.698670 -0.028273780 0.015215853 0.000563030 -0.009726822 0.018461663 -0.018501842 0.999611080
1548265882.732180 0.006911873 -0.004152377 -0.007065117 -0.015740138 0.008794159 -0.018979961 0.999657273
1548265882.765670 0.007131157 0.000745637 -0.006615524 -0.017970793 0.009533429 -0.014504401 0.999687910
1548265882.799210 0.007941993 0.002484243 -0.002182258 -0.021082358 0.006986598 -0.010828330 0.999694705
1548265882.832700 0.013827329 0.000196480 -0.004147302 -0.023539538 0.005240673 -0.007148636 0.999683619
1548265882.866180 0.014395003 0.005048688 -0.008666529 -0.024852499 0.003725757 -0.003986269 0.999676228
1548265882.899700 0.021236340 0.000985604 -0.010007821 -0.026431819 0.002346034 -0.001265430 0.999647081
1548265882.933210 0.019130254 -0.001592060 -0.015425105 -0.026218219 0.002570044 -0.000076799 0.999652922
1548265882.966730 0.018094860 -0.001643500 -0.020071248 -0.024401944 0.001760137 -0.000554825 0.999700546
1548265883.000250 0.034537267 -0.003480713 -0.031959530 -0.022116043 0.000617587 -0.001529813 0.999754071
1548265883.033800 0.018497473 0.008068014 -0.039768573 -0.018288478 0.005036272 -0.002189075 0.999817729
1548265883.067340 0.023226578 0.009110962 -0.049546335 -0.016476501 0.003626490 -0.004282594 0.999848545
1548265883.100860 0.027120754 0.014611118 -0.060659330 -0.014529426 0.004665309 -0.005814197 0.999866664
1548265883.134400 0.019715363 0.021854199 -0.067500554 -0.013547634 0.006301288 -0.007336069 0.999861479
1548265883.167910 0.019779976 0.024459653 -0.073190093 -0.013491637 0.006439252 -0.008308951 0.999853730
1548265883.201430 0.012505627 0.030439623 -0.079253703 -0.012974391 0.007073377 -0.008091326 0.999858081
1548265883.234950 0.021885108 0.033035744 -0.085873969 -0.013396424 0.004731702 -0.008206025 0.999865413
1548265883.268460 0.033064891 0.031635832 -0.092536345 -0.014594628 0.004676315 -0.008145602 0.999849379
1548265883.301800 0.013734488 0.036862209 -0.093490869 -0.014313404 0.008747447 -0.007565207 0.999830723
1548265883.335310 0.020506259 0.032479953 -0.097993277 -0.015126641 0.006182259 -0.008064440 0.999834001
1548265883.368830 0.036129076 0.025992468 -0.104048073 -0.015592922 0.005466269 -0.007897407 0.999832332
1548265883.402280 0.022904009 0.032664847 -0.104772314 -0.013697928 0.010025540 -0.006321988 0.999835968
1548265883.435790 0.019490628 0.033419542 -0.107032448 -0.012247083 0.009685974 -0.005795549 0.999861360
1548265883.469300 0.044901550 0.027300619 -0.115073316 -0.011812014 0.007866512 -0.005489760 0.999884248
1548265883.502820 0.032143828 0.031947710 -0.118128307 -0.010136457 0.013314854 -0.004371872 0.999850452
1548265883.536330 0.043739658 0.030585539 -0.121628933 -0.009349627 0.014053111 -0.003539613 0.999851286
1548265883.569820 0.049747154 0.029211216 -0.120573103 -0.008849127 0.019837711 -0.002625983 0.999760687
1548265883.603340 0.031194640 0.035892341 -0.116614148 -0.006612081 0.028585469 -0.000401037 0.999569476
1548265883.636850 0.070786752 0.014755040 -0.134968951 -0.007883325 0.027684061 0.000435993 0.999585569
1548265883.670370 0.059136298 0.020582363 -0.134545252 -0.004814944 0.037020914 0.002046827 0.999300838
1548265883.703910 0.048017297 0.019325657 -0.131451860 -0.002346223 0.044753939 0.002788402 0.998991489
1548265883.737430 0.092625327 0.008068007 -0.147313252 -0.001627036 0.045912113 0.005170407 0.998930812
1548265883.770950 0.054972470 0.024621254 -0.144098580 0.003245403 0.060525257 0.006751354 0.998138607
1548265883.804530 0.051265787 0.021193692 -0.135683477 0.005045961 0.067072101 0.009107398 0.997693837
1548265883.838180 0.042099748 0.023418488 -0.134399772 0.007377895 0.073145136 0.011769994 0.997224569
1548265883.871940 0.052842531 0.019677682 -0.132880807 0.008868893 0.075157009 0.013906188 0.997035325
1548265883.905460 0.041551627 0.021582352 -0.129177094 0.011373744 0.080590151 0.016055688 0.996553183
1548265883.939000 0.050022118 0.019156825 -0.128106877 0.013439219 0.081344172 0.017301438 0.996445298
1548265883.972510 0.080434673 0.009471050 -0.136908621 0.013893187 0.083271749 0.018433301 0.996259511
1548265884.006030 0.044850118 0.016911482 -0.128341243 0.017392071 0.094495371 0.020075053 0.995170951
1548265884.039550 0.046807181 0.014881380 -0.128247634 0.019462077 0.095679455 0.020082129 0.995019317
1548265884.073060 0.054419406 0.017924476 -0.129072145 0.021108387 0.098893337 0.020250274 0.994668067
1548265884.106580 0.031016931 0.023256535 -0.115583301 0.022756366 0.104799159 0.020525983 0.994021118
1548265884.140090 0.067090593 0.022955820 -0.117111325 0.023134457 0.102502704 0.019467795 0.994273126
1548265884.173590 0.040754318 0.023533951 -0.111585215 0.023705181 0.111971051 0.020349750 0.993220270
1548265884.206970 0.035816316 0.020001860 -0.109099708 0.024093024 0.112864897 0.020069510 0.993115485
1548265884.240470 0.060477186 0.023744909 -0.109733112 0.024872050 0.112267353 0.019541807 0.993174493
1548265884.273990 0.022371246 0.031973440 -0.105469227 0.025789777 0.122833751 0.019745586 0.991895616
1548265884.307480 0.027208708 0.028036647 -0.104509756 0.024573995 0.123308614 0.019403175 0.991874337
1548265884.340990 0.042670019 0.033297338 -0.104000576 0.023646871 0.125552818 0.019030524 0.991622508
1548265884.374510 0.024641158 0.034212150 -0.095826529 0.021458959 0.132521898 0.019037433 0.990764916
1548265884.408030 0.038071018 0.028862324 -0.094368733 0.018496951 0.133955166 0.018286308 0.990646005
1548265884.441190 0.032382179 0.020753685 -0.086255461 0.015297888 0.143192872 0.018506674 0.989403546
1548265884.474710 0.010663122 0.018571962 -0.076535977 0.013969509 0.151819468 0.018394221 0.988138318
1548265884.508230 0.030348234 0.018007133 -0.078839108 0.013316386 0.152608007 0.018126635 0.988030851
1548265884.541970 0.036756344 0.007320079 -0.075162984 0.010766163 0.160258383 0.019990383 0.986813962
1548265884.575610 0.011420364 0.011727912 -0.068009213 0.011340383 0.170802057 0.020878531 0.985018909
1548265884.609120 0.032559659 0.001729788 -0.073270775 0.009993284 0.174443007 0.024955053 0.984300315
1548265884.642640 0.029916422 0.003792571 -0.071257338 0.011261836 0.180112749 0.029783314 0.983130515
1548265884.676150 0.048254967 0.003334394 -0.072355241 0.012137530 0.183431849 0.033609986 0.982382774
1548265884.709670 0.017912012 0.004562607 -0.065256611 0.013689871 0.196900338 0.037938636 0.979593575
1548265884.743190 0.006475377 0.002048336 -0.060902964 0.014969972 0.206099093 0.043423239 0.977452576
1548265884.776700 0.048451949 0.014127514 -0.071888015 0.018172339 0.206275895 0.050064210 0.977043331
1548265884.810220 0.053588085 0.019599570 -0.073670059 0.019900147 0.214434475 0.055093318 0.974980354
1548265884.843710 0.024976365 0.012552288 -0.062884085 0.019418282 0.228994131 0.060702577 0.971339166
1548265884.877190 0.023364048 0.008744737 -0.058735259 0.018968202 0.236962453 0.067544691 0.968982339
1548265884.910640 0.021748096 0.006131100 -0.059815846 0.018563045 0.243531868 0.074346885 0.966861010
1548265884.944160 0.019393578 0.007217975 -0.059849817 0.018411361 0.249424696 0.079265952 0.964969099
1548265884.977740 0.014281990 -0.000851191 -0.056035906 0.016407762 0.255185723 0.083144799 0.963170826
1548265885.011250 0.000498189 0.019091340 -0.043925777 0.018875346 0.261642367 0.083682373 0.961345017
1548265885.044770 0.003081148 0.022814076 -0.048095580 0.018016418 0.264113098 0.084910825 0.960577846
1548265885.078290 -0.003246826 0.030029364 -0.048508979 0.016837789 0.268286377 0.086081348 0.959337771
1548265885.111800 0.014883456 0.036711574 -0.050280403 0.014729553 0.269401848 0.087043524 0.958972931
1548265885.145320 0.005851569 0.030243464 -0.044589058 0.011578314 0.276199937 0.089192249 0.956882656
1548265885.178890 -0.008056588 0.023408340 -0.036819864 0.010187868 0.281953782 0.091995239 0.954952955
1548265885.212670 -0.040173739 0.017497163 -0.031602278 0.009391960 0.290450990 0.094165504 0.952198982
1548265885.245870 -0.040510971 0.021288257 -0.030865395 0.009753536 0.294540882 0.097126909 0.950640321
1548265885.279380 -0.054453567 0.016878691 -0.026323892 0.009489491 0.299147427 0.100355752 0.948867500
1548265885.312810 -0.059678510 0.018072188 -0.027299523 0.009928776 0.301645488 0.102176711 0.947877288
1548265885.346410 -0.062504299 0.024146471 -0.028658453 0.010094474 0.307054281 0.104628392 0.945869327
1548265885.380420 -0.057279617 0.012429968 -0.037450846 0.007693411 0.310243368 0.107967325 0.944474995
1548265885.413960 -0.063826464 0.025222123 -0.031083059 0.009201379 0.314988285 0.109521993 0.942710280
1548265885.447470 -0.065918870 0.030296542 -0.033543654 0.008620231 0.322156668 0.112376384 0.939953387
1548265885.480990 -0.070660427 0.031361077 -0.030052243 0.007845433 0.327884197 0.114893571 0.937672555
1548265885.514510 -0.065833300 0.031077240 -0.029610015 0.006200155 0.333092958 0.116097175 0.935698748
1548265885.548020 -0.079515092 0.022414137 -0.019311745 0.003825653 0.340428203 0.118788265 0.932729065
1548265885.581520 -0.080049813 0.025734479 -0.017381128 0.002937912 0.344275951 0.120274186 0.931128144
1548265885.614860 -0.065441765 0.033460621 -0.023353679 0.002877051 0.346289665 0.123203650 0.929997921
1548265885.648370 -0.084020838 0.014691966 -0.004330780 -0.000340078 0.353464156 0.123853259 0.927212656
1548265885.681670 -0.091077626 0.013362395 0.001777567 -0.000830228 0.357898086 0.124904796 0.925368667
1548265885.715190 -0.095330328 0.010895271 0.007525344 -0.001331186 0.361772686 0.125946060 0.923718750
1548265885.748850 -0.080132358 0.021518499 -0.002645805 0.000051114 0.362054020 0.127869457 0.923345149
1548265885.782220 -0.094371065 0.010785084 0.009750571 -0.002358779 0.369553119 0.129034102 0.920203865
1548265885.815880 -0.093620382 0.016066303 0.011457458 -0.001625873 0.373775035 0.131056592 0.918212295
1548265885.849400 -0.096615970 0.015271923 0.016999206 -0.001540025 0.379209071 0.133843616 0.915578604
1548265885.882880 -0.099377349 0.011000177 0.020883230 -0.001132177 0.383289605 0.137305766 0.913364708
1548265885.916400 -0.098126188 0.003019996 0.027448535 -0.000790540 0.386744291 0.141015097 0.911341310
1548265885.949930 -0.107165098 -0.002948781 0.036396302 -0.000095869 0.392342865 0.145006180 0.908317327
1548265885.983450 -0.110776663 -0.008163142 0.042976171 0.000851836 0.396011710 0.149127245 0.906054735
1548265886.016980 -0.110709280 -0.010838319 0.044091947 0.002054405 0.398181409 0.152758017 0.904495656
1548265886.050490 -0.108372152 -0.007164494 0.047732733 0.003731982 0.400100052 0.155459955 0.903182268
1548265886.084010 -0.114863604 -0.011897685 0.056413852 0.004277455 0.403174400 0.158316135 0.901314676
1548265886.117600 -0.115276560 -0.016522961 0.059293453 0.005174989 0.404272586 0.161465913 0.900258720
1548265886.151160 -0.120135732 -0.024954652 0.069259569 0.006477917 0.406215876 0.164230406 0.898874402
1548265886.184730 -0.112309285 -0.015933486 0.059708968 0.010125905 0.403781593 0.165904850 0.899629653
1548265886.218240 -0.116298735 -0.017751725 0.065459654 0.011689657 0.406381905 0.167886332 0.898070931
1548265886.251770 -0.119509071 -0.019278686 0.066435218 0.013507792 0.406197011 0.169680431 0.897791743
1548265886.285280 -0.117981754 -0.022962250 0.063681655 0.014491708 0.407329112 0.171076983 0.896998167
1548265886.318790 -0.118720837 -0.034091439 0.067364298 0.015685042 0.409727752 0.172878429 0.895539045
1548265886.352310 -0.128353313 -0.039078102 0.075393222 0.017588476 0.412259489 0.172848910 0.894346714
1548265886.385830 -0.130001560 -0.043377936 0.074090518 0.019352246 0.413162619 0.173435211 0.893779814
1548265886.419490 -0.133215532 -0.049274720 0.076067679 0.021433407 0.414944023 0.174086615 0.892779946
1548265886.453000 -0.135111094 -0.041833889 0.072237894 0.025530623 0.415503144 0.173894882 0.892449439
1548265886.486520 -0.128696814 -0.028649576 0.057374507 0.028577080 0.416306674 0.173063278 0.892144263
1548265886.520030 -0.144027740 -0.055163898 0.074085295 0.026855465 0.425198406 0.176171720 0.887383044
1548265886.553550 -0.148940518 -0.059173629 0.074574776 0.028830709 0.427277714 0.176816285 0.886193335
1548265886.586910 -0.154790863 -0.047033653 0.066717327 0.031877898 0.433140963 0.174997389 0.883599818
1548265886.620090 -0.157285899 -0.060027167 0.087819919 0.033040002 0.440652072 0.179251760 0.878978372
1548265886.653600 -0.161419719 -0.052544661 0.078476064 0.036444664 0.442264408 0.179379404 0.878007472
1548265886.687120 -0.176769882 -0.057188049 0.086424269 0.037357096 0.451229095 0.181126356 0.873035014
1548265886.720630 -0.159836054 -0.052259214 0.076912984 0.039832421 0.451304078 0.185143307 0.872043610
1548265886.754150 -0.182126150 -0.057385556 0.089914091 0.039958548 0.457683116 0.184100986 0.868928313
1548265886.787670 -0.185689688 -0.055374578 0.097317964 0.040071253 0.464378923 0.186814412 0.864781380
1548265886.821180 -0.191216171 -0.061454404 0.106071867 0.039535999 0.469083935 0.189033300 0.861779392
1548265886.854700 -0.196924120 -0.058937613 0.101145424 0.039012834 0.473086208 0.190061614 0.859385908
1548265886.888210 -0.180459067 -0.055662956 0.087040335 0.037871484 0.476361752 0.193371370 0.856885612
1548265886.921730 -0.215169162 -0.068291344 0.128286764 0.036778785 0.487697035 0.194015354 0.850386381
1548265886.955230 -0.223023698 -0.071172208 0.139126837 0.035842624 0.494479090 0.194970146 0.846281588
1548265886.988750 -0.233952120 -0.078371406 0.149820819 0.034736637 0.501518548 0.197577760 0.841567338
1548265887.022280 -0.240597099 -0.080497541 0.152882352 0.034439869 0.505072713 0.198700637 0.839186251
1548265887.055800 -0.241449282 -0.076008424 0.146971390 0.034293618 0.508256435 0.198168620 0.837393939
1548265887.089320 -0.251427650 -0.082735226 0.159358650 0.033764213 0.513919830 0.199387565 0.833661199
1548265887.122870 -0.254342556 -0.085836142 0.158685803 0.033547334 0.516399682 0.199980319 0.831993937
1548265887.156400 -0.265234113 -0.093596846 0.173211694 0.033547297 0.522052288 0.201597273 0.828066766
1548265887.189910 -0.275443703 -0.089912340 0.174627826 0.036387142 0.523221970 0.202688277 0.826941490
1548265887.223460 -0.279862404 -0.089253537 0.176381707 0.036514085 0.526436865 0.203834385 0.824610531
1548265887.257080 -0.284137666 -0.097079918 0.182929546 0.037055675 0.528903842 0.207382843 0.822119236
1548265887.290490 -0.285385251 -0.094434798 0.180558503 0.038627494 0.528526783 0.208806813 0.821928918
1548265887.324010 -0.294142485 -0.088262960 0.188705236 0.039470337 0.531801581 0.209798440 0.819520473
1548265887.357520 -0.299627990 -0.104234993 0.200139642 0.037971914 0.535202503 0.213842914 0.816325724
1548265887.391040 -0.303726763 -0.104529098 0.206603795 0.037863128 0.535424650 0.215320408 0.815796554
1548265887.424660 -0.301062882 -0.100508295 0.203977853 0.036546752 0.535432339 0.215934351 0.815689325
1548265887.458180 -0.301303566 -0.094712093 0.204452038 0.036077615 0.536481142 0.216740772 0.814806640
1548265887.491690 -0.300364077 -0.097569391 0.206922859 0.035356775 0.537022471 0.216961488 0.814422846
1548265887.525210 -0.295605361 -0.097579643 0.202296227 0.034641016 0.537520051 0.216073081 0.814361513
1548265887.558720 -0.302093029 -0.106290415 0.215683013 0.033771046 0.541435778 0.215955719 0.811831295
1548265887.592200 -0.296226680 -0.105992079 0.204454511 0.034071170 0.540402830 0.216140449 0.812457621
1548265887.625650 -0.295827270 -0.103874877 0.207432061 0.034203161 0.542122662 0.215351477 0.811515272
1548265887.659100 -0.308144480 -0.110438988 0.237473950 0.034357194 0.548012674 0.215470761 0.807511091
1548265887.692610 -0.312033117 -0.114729695 0.250692844 0.035492241 0.549932778 0.217206597 0.805689514
1548265887.726110 -0.307627857 -0.111415058 0.248407722 0.036614340 0.549463809 0.218428105 0.805629075
1548265887.759600 -0.303719401 -0.104373075 0.249543712 0.037321530 0.551049471 0.220035166 0.804074764
1548265887.793080 -0.296725422 -0.121523522 0.251677781 0.035703998 0.553310752 0.224649787 0.801314473
1548265887.826460 -0.290219188 -0.115733445 0.252558857 0.036714658 0.553048015 0.225869238 0.801107407
1548265887.859920 -0.291358560 -0.117301151 0.274616778 0.036417931 0.557126880 0.227576599 0.797804713
1548265887.893440 -0.282274604 -0.123730719 0.277630955 0.035845142 0.558078945 0.230807677 0.796235383
1548265887.926950 -0.275683969 -0.121624805 0.282049388 0.035879437 0.559543788 0.232670859 0.794662058
1548265887.960470 -0.266811371 -0.122741483 0.287602991 0.035704996 0.561877489 0.235051200 0.792319298
1548265887.993980 -0.254755616 -0.124156386 0.283924222 0.036705490 0.562979043 0.238315865 0.790514410
1548265888.027500 -0.255782515 -0.126015559 0.308507949 0.036846410 0.567087948 0.238070920 0.787639439
1548265888.061020 -0.247047573 -0.133493468 0.316030085 0.036588758 0.568946183 0.240539178 0.785558760
1548265888.094560 -0.237671793 -0.130952105 0.317868590 0.037141122 0.570098639 0.241428897 0.784423470
1548265888.128110 -0.230703712 -0.129378498 0.325715184 0.036707576 0.574015141 0.242747143 0.781174183
1548265888.161670 -0.218891889 -0.132355765 0.338914573 0.035226487 0.579471588 0.244773626 0.776567936
1548265888.195670 -0.207037836 -0.141735643 0.343291491 0.033987559 0.583645165 0.247429788 0.772645950
1548265888.229180 -0.200031936 -0.142520040 0.353481263 0.034230992 0.586964428 0.248052552 0.769916236
1548265888.262700 -0.191226721 -0.150768369 0.364298850 0.033455312 0.591687918 0.249813110 0.765754282
1548265888.296210 -0.185490191 -0.149329454 0.371330857 0.034587115 0.594776273 0.250505745 0.763080478
1548265888.329730 -0.183165789 -0.148632675 0.387724519 0.035701066 0.598915875 0.249837771 0.760004163
1548265888.363320 -0.164706737 -0.154181510 0.378890038 0.034877077 0.601619661 0.251452059 0.757369936
1548265888.397010 -0.150791615 -0.168124452 0.381404877 0.034319669 0.604033291 0.254254490 0.754533410
1548265888.430530 -0.146287441 -0.163357928 0.386678249 0.035757970 0.606610715 0.253317386 0.752711833
1548265888.464040 -0.147908747 -0.150238380 0.402523935 0.036879178 0.612629950 0.251235962 0.748468399
1548265888.497380 -0.121243119 -0.181278959 0.385586083 0.033291321 0.612883091 0.257849425 0.746176779
1548265888.530830 -0.117696971 -0.177859098 0.400460809 0.034883484 0.615838945 0.256841183 0.744014978
1548265888.564200 -0.123085856 -0.161400422 0.426087499 0.036262631 0.622207701 0.253362983 0.739830971
1548265888.597340 -0.115632594 -0.167253166 0.429912865 0.035319410 0.626354754 0.254908979 0.735835433
1548265888.630850 -0.105807573 -0.174189001 0.432542533 0.034281213 0.629857481 0.256595373 0.732300043
1548265888.664370 -0.101046503 -0.170016617 0.449359864 0.034760378 0.635211766 0.256318182 0.727735400
1548265888.697880 -0.092139453 -0.179570675 0.446567923 0.032962039 0.638838530 0.258025795 0.724031448
1548265888.731560 -0.082711518 -0.179204881 0.454692185 0.032484617 0.643931210 0.258992910 0.719180107
1548265888.765210 -0.074215472 -0.189607829 0.476612329 0.031188080 0.651183367 0.260534227 0.712116241
1548265888.798810 -0.076671302 -0.173716009 0.498549014 0.031964965 0.659850717 0.259171724 0.704560459
1548265888.832330 -0.061297059 -0.175176263 0.480649829 0.030279014 0.663780272 0.263904452 0.699166238
1548265888.865760 -0.043220639 -0.200380683 0.476809025 0.026830615 0.666944504 0.270341963 0.693815827
1548265888.899140 -0.040041864 -0.205757484 0.501880467 0.024941383 0.674957693 0.272346884 0.685300887
1548265888.932500 -0.030236483 -0.207128897 0.505155981 0.024000850 0.681231439 0.276881993 0.677262306
1548265888.966010 -0.015442669 -0.216917604 0.504331768 0.022956362 0.685255706 0.282156914 0.671032846
1548265888.999530 -0.029336631 -0.198217243 0.498248428 0.022813782 0.690135598 0.281562150 0.666269600
1548265889.033040 0.000039041 -0.212643877 0.496694267 0.022965375 0.696749151 0.291123241 0.655179739
1548265889.066720 0.005806208 -0.206564352 0.509554029 0.023641758 0.704930127 0.293757081 0.645152271
1548265889.100280 0.002993584 -0.201989770 0.525395930 0.023870818 0.714579761 0.296301544 0.633254528
1548265889.133880 0.035965323 -0.216545925 0.512465239 0.022246283 0.720097005 0.304719687 0.622985840
1548265889.167490 0.040030718 -0.211086869 0.501569390 0.023961421 0.723852575 0.307895750 0.616979361
1548265889.200830 0.044540107 -0.210736513 0.506577015 0.024646055 0.729588985 0.309056193 0.609571040
1548265889.234310 0.056286037 -0.214847177 0.507975042 0.026211631 0.735006213 0.310940474 0.601992548
1548265889.267630 0.075311840 -0.245100111 0.538076937 0.024649721 0.742998242 0.312682837 0.591249168
1548265889.301080 0.074633777 -0.242883235 0.538059950 0.025721051 0.748773098 0.311432868 0.584539890
1548265889.334590 0.077850461 -0.244884372 0.538721681 0.027503747 0.753969193 0.310337454 0.578329206
1548265889.368180 0.072352171 -0.246834531 0.543654919 0.029187080 0.759792089 0.308998913 0.571300209
1548265889.401890 0.084049582 -0.261668563 0.546311975 0.031215237 0.764355361 0.312423557 0.563185692
1548265889.435440 0.088582754 -0.269001484 0.538130522 0.033057220 0.764823854 0.313438952 0.561878741
1548265889.468960 0.078913271 -0.259142071 0.530600011 0.035263926 0.765657246 0.312462032 0.561153293
1548265889.502470 0.089092076 -0.264297068 0.518625557 0.034795754 0.765248597 0.315065950 0.560283303
1548265889.535990 0.097211659 -0.262513816 0.552181900 0.034431037 0.770021915 0.312960148 0.554920435
1548265889.569470 0.106064558 -0.269303739 0.551312447 0.032135163 0.771759868 0.314363033 0.551842332
1548265889.602790 0.112106442 -0.268098593 0.556030393 0.029578997 0.773928106 0.313325882 0.549533665
1548265889.636240 0.118020952 -0.268237412 0.566511214 0.025661616 0.778053164 0.312281966 0.544476569
1548265889.669650 0.119420171 -0.260429591 0.557667375 0.023125906 0.779548466 0.312198699 0.542495489
1548265889.703150 0.146670938 -0.272834659 0.569948435 0.018548178 0.782397687 0.313824266 0.537609696
1548265889.736660 0.156688631 -0.272318900 0.578605294 0.015606588 0.785266459 0.313763440 0.533540666
1548265889.770170 0.167923927 -0.272034287 0.576103926 0.013869775 0.786387384 0.315023124 0.531190157
1548265889.803680 0.176987946 -0.272212625 0.584543824 0.011674677 0.788579464 0.315115899 0.527928174
1548265889.837200 0.191712976 -0.272748262 0.581848204 0.009120307 0.790387213 0.317120403 0.524060607
1548265889.870680 0.200759530 -0.269825190 0.577295661 0.008653144 0.791112542 0.319350004 0.521614552
1548265889.904200 0.217401862 -0.271563262 0.591486156 -0.006496295 -0.794463396 -0.320183486 -0.516011953
1548265889.937710 0.229534507 -0.269084752 0.591940939 -0.005922110 -0.797127664 -0.322303385 -0.510561407
1548265889.971260 0.233679056 -0.257387340 0.564425051 -0.007613387 -0.795196474 -0.324492246 -0.512161553
1548265890.004790 0.258788645 -0.269408345 0.589036584 0.004335829 0.800005972 0.325073540 0.504280508
1548265890.038340 0.262065828 -0.253846705 0.597965240 -0.006665390 -0.805761456 -0.325298071 -0.494858861
1548265890.071860 0.275874734 -0.246403337 0.582099557 -0.008840235 -0.806953132 -0.328611523 -0.490676105
1548265890.105380 0.289155960 -0.244079456 0.574045300 -0.007686682 -0.808644414 -0.330228388 -0.486810505
1548265890.138920 0.316673517 -0.252647012 0.588965416 0.004581602 0.813940823 0.332770765 0.476175368
1548265890.172490 0.328465104 -0.246062815 0.584209859 -0.004595237 -0.817229986 -0.334713787 -0.469127685
1548265890.206090 0.337113917 -0.231036097 0.583818674 -0.005067148 -0.821322441 -0.334934413 -0.461760491
1548265890.239610 0.353301942 -0.233201414 0.582857668 -0.002383196 -0.825951934 -0.337169170 -0.451790690
1548265890.273280 0.382234633 -0.247091353 0.565298855 0.000976098 0.828132033 0.344829679 0.441915035
1548265890.307030 0.386107385 -0.235745504 0.554433942 -0.002305385 -0.830058813 -0.346843690 -0.436688244
1548265890.340580 0.391769588 -0.223646298 0.546614945 -0.002994340 -0.832143307 -0.348181933 -0.431622535
1548265890.374130 0.402882338 -0.218361184 0.545382857 -0.002355192 -0.835430086 -0.350129724 -0.423627526
1548265890.407670 0.428685188 -0.232647508 0.534336865 -0.000650581 0.838197887 0.355820477 0.413298547
1548265890.441260 0.442180157 -0.232263327 0.527404904 0.000662821 -0.840827644 -0.358739078 -0.405357599
1548265890.474700 0.443914235 -0.223592192 0.524564564 -0.000456273 -0.843294680 -0.359703064 -0.399334073
1548265890.508220 0.454486012 -0.221702978 0.515538037 0.000318203 -0.845169723 -0.362938911 -0.392381668
1548265890.541740 0.467629373 -0.221198052 0.499283910 -0.000672427 0.846071303 0.367851883 0.385808080
1548265890.575280 0.471853018 -0.219635442 0.495704412 0.003534435 -0.848689556 -0.369368315 -0.378524363
1548265890.608840 0.472657025 -0.202998921 0.486147225 0.002390642 -0.851061344 -0.371170700 -0.371377587
1548265890.642360 0.487096846 -0.201805070 0.481748998 0.003857656 -0.853150725 -0.373312086 -0.364358515
1548265890.675870 0.509271264 -0.217411339 0.465295881 -0.008876961 0.854663610 0.379085034 0.354634792
1548265890.709400 0.515951693 -0.208352149 0.457743466 0.009277999 -0.857630849 -0.381405413 -0.344838053
1548265890.742920 0.527845144 -0.204009548 0.455902696 0.011509493 -0.861136973 -0.383626461 -0.333378762
1548265890.776420 0.527693033 -0.195248872 0.442144483 0.013844620 -0.863579750 -0.385758728 -0.324389696
1548265890.809910 0.542386651 -0.191402525 0.433999956 -0.016150329 0.866764307 0.390019894 0.310392201
1548265890.843410 0.544679284 -0.183111385 0.413744032 0.015965039 -0.867993534 -0.394569248 -0.301077336
1548265890.876930 0.562788665 -0.182558030 0.408670425 0.017958827 -0.870072842 -0.398538113 -0.289513618
1548265890.910430 0.550481200 -0.169755816 0.384494424 0.015385243 -0.870768011 -0.402677685 -0.281739533
1548265890.943930 0.591726363 -0.170154989 0.411379099 -0.018523118 0.876028776 0.403131068 0.264037520
1548265890.977410 0.592085123 -0.159169242 0.399329633 0.014219776 -0.877525687 -0.406159610 -0.254520983
1548265891.010920 0.596878886 -0.153818935 0.395450413 0.011874788 -0.879569590 -0.407723486 -0.244903788
1548265891.044310 0.575415492 -0.147779495 0.375378579 0.006751176 -0.879512072 -0.411198258 -0.239434853
1548265891.077790 0.624054909 -0.152833045 0.390847683 -0.009730338 0.882629871 0.412154734 0.225828037
1548265891.111210 0.619102240 -0.150986075 0.378421903 0.007954775 -0.882775128 -0.414814591 -0.220394388
1548265891.144720 0.641188562 -0.143449306 0.382494926 0.004613496 -0.883904338 -0.416106105 -0.213418692
1548265891.178180 0.642491519 -0.152557373 0.371698022 -0.008406472 0.883672714 0.416521698 0.213451445
1548265891.211530 0.647624075 -0.147072345 0.370128393 0.007934443 -0.885060132 -0.417163819 -0.206349134
1548265891.245000 0.664526403 -0.144114017 0.374519616 0.006398852 -0.886453152 -0.416578412 -0.201549709
1548265891.278480 0.645638883 -0.144948274 0.359067380 0.006553220 -0.886260450 -0.416427702 -0.202700362
1548265891.312000 0.655564666 -0.136044875 0.363184631 0.004548365 -0.887823999 -0.416503161 -0.195634827
1548265891.345540 0.659806430 -0.134050056 0.356623948 0.003982572 -0.887941241 -0.416879237 -0.194309622
1548265891.379110 0.673256159 -0.138947129 0.341593474 -0.009168983 0.888425887 0.418517709 0.188304022
1548265891.412580 0.666899741 -0.125673771 0.338505775 0.003288336 -0.888973236 -0.419545263 -0.183568999
1548265891.446060 0.676020443 -0.127125353 0.333933711 0.004407998 -0.889455318 -0.419404536 -0.181520566
1548265891.479570 0.674092472 -0.118977040 0.332024217 0.003442881 -0.890467703 -0.419534177 -0.176200539
1548265891.513080 0.710110784 -0.114699647 0.330303520 -0.005613380 0.891172409 0.420824826 0.169371739
1548265891.546610 0.706766784 -0.113669313 0.321030021 0.005384853 -0.890399039 -0.422489882 -0.169301331
1548265891.580130 0.702135921 -0.110879332 0.312246084 0.006109096 -0.890208542 -0.424709558 -0.164661482
1548265891.613670 0.730309963 -0.094483957 0.317152202 -0.002821773 0.890789032 0.426526278 0.156723708
1548265891.647190 0.736500144 -0.091642320 0.310789883 0.001068516 -0.889442742 -0.427832544 -0.160778850
1548265891.680700 0.739026964 -0.088887587 0.297991484 0.001902362 -0.888390779 -0.429417819 -0.162353322
1548265891.714190 0.735273540 -0.074334227 0.304993987 -0.005123182 -0.888159215 -0.428980708 -0.164689258
1548265891.747690 0.740367234 -0.072198480 0.293577343 -0.004689061 -0.886425197 -0.429661751 -0.172102764
1548265891.781220 0.764911413 -0.067682669 0.281768382 0.002068283 0.885275543 0.431369066 0.173791990
1548265891.814810 0.778617442 -0.053683084 0.284928620 -0.004918757 -0.884619236 -0.430845022 -0.178317636
1548265891.848320 0.779021144 -0.052041225 0.269404292 -0.003125272 -0.882269502 -0.431720853 -0.187637672
1548265891.881840 0.786679566 -0.044649608 0.260516644 -0.002249740 -0.881066501 -0.432099849 -0.192370594
1548265891.915370 0.788097501 -0.038395159 0.251800954 -0.001934038 -0.879541218 -0.432868242 -0.197556540
1548265891.948950 0.809841931 -0.037609451 0.235428542 -0.002158929 0.877593100 0.435073197 0.201338157
1548265891.982480 0.813013613 -0.031042576 0.219961107 0.004526820 -0.876168013 -0.436107397 -0.205230355
1548265892.016020 0.827375889 -0.021334529 0.213794887 0.005488290 -0.875666320 -0.436270893 -0.206993252
1548265892.049560 0.834350646 -0.017858461 0.199410617 0.008876026 -0.874403477 -0.436586171 -0.211500198
1548265892.083090 0.836828589 -0.003744006 0.195524514 0.008392376 -0.874495208 -0.435707629 -0.212947518
1548265892.116610 0.846032143 0.001610473 0.183245957 0.010785920 -0.873472691 -0.435710877 -0.216991350
1548265892.150120 0.855595052 0.006141946 0.171919554 0.013672293 -0.873183966 -0.436332524 -0.216741472
1548265892.183650 0.865152121 0.015955403 0.168260157 0.013261618 -0.873187721 -0.435808122 -0.217804417
1548265892.217160 0.872272909 0.019394279 0.152952164 0.016339617 -0.872136593 -0.436374307 -0.220654324
1548265892.250680 0.894274712 0.024393305 0.148452729 -0.018737881 0.872343898 0.437110037 0.218173966
1548265892.284700 0.902760506 0.040074721 0.150679052 0.015466689 -0.872526526 -0.435864955 -0.220181808
1548265892.318240 0.910671771 0.042525589 0.133508384 0.017888363 -0.871268749 -0.436263263 -0.224154353
1548265892.351750 0.914248824 0.052306801 0.132443011 0.015474525 -0.871684074 -0.435353011 -0.224488810
1548265892.385270 0.908977091 0.057851762 0.126011610 0.012548517 -0.870491564 -0.434601367 -0.230670005
1548265892.418790 0.912853897 0.057512105 0.110778451 0.014660858 -0.868843257 -0.435395688 -0.235217169
1548265892.452280 0.926514208 0.063264281 0.107434392 -0.014057174 0.868389904 0.435687929 0.236384034
1548265892.485800 0.928807378 0.063833714 0.094919920 0.014130086 -0.866270959 -0.436684042 -0.242243677
1548265892.519220 0.930092156 0.070302576 0.089591742 0.013740677 -0.865348339 -0.436960161 -0.245049641
1548265892.552740 0.934110880 0.078665853 0.091499805 0.010689138 -0.864299893 -0.437162966 -0.248515695
1548265892.586340 0.934725463 0.077879727 0.079127192 0.010534707 -0.861155510 -0.439241290 -0.255670309
1548265892.619770 0.935800612 0.081924230 0.071762919 0.010592360 -0.859295726 -0.441197753 -0.258540541
1548265892.653290 0.942631960 0.094575465 0.075643897 0.006825394 -0.857850730 -0.442032754 -0.262016624
1548265892.686800 0.951989770 0.098681927 0.061292827 -0.008607848 0.854528010 0.444805026 0.268060148
1548265892.720320 0.955410898 0.107228756 0.059961021 0.006748738 -0.852924466 -0.446772158 -0.269942492
1548265892.753840 0.963965952 0.113499016 0.056305587 0.006543819 -0.850348413 -0.448812842 -0.274648696
1548265892.787340 0.970527053 0.112560630 0.044166684 0.010034502 -0.846932411 -0.451904565 -0.279977024
1548265892.820710 0.978198111 0.127241135 0.049163282 0.009010589 -0.846084595 -0.452364236 -0.281826764
1548265892.854220 0.987568319 0.130754650 0.043532670 0.010474095 -0.843550026 -0.453490406 -0.287506789
1548265892.887740 0.991650581 0.132926583 0.038586438 0.012489663 -0.840961814 -0.454686016 -0.293066323
1548265892.921260 0.996614814 0.144063562 0.043554068 0.011756617 -0.839425206 -0.454671979 -0.297490507
1548265892.954790 1.005253553 0.144140333 0.035441935 0.016000735 -0.835303247 -0.456969827 -0.305272192
1548265892.988290 1.012020707 0.146992385 0.031103849 -0.019600123 0.832045257 0.459907025 0.309519053
1548265893.021750 1.010769725 0.156459838 0.036031127 0.019730445 -0.828756452 -0.461154401 -0.316401869
1548265893.055180 1.024154067 0.159298420 0.030056715 0.024785858 -0.824156523 -0.464411676 -0.323223680
1548265893.088680 1.030666590 0.167108029 0.034401774 0.027335288 -0.820672750 -0.466106862 -0.329383522
1548265893.122210 1.035942674 0.174486190 0.033182263 0.030875757 -0.815950930 -0.468459696 -0.337366819
1548265893.155710 1.052746534 0.181106687 0.033780575 -0.036264006 0.812073529 0.470775276 0.342917114
1548265893.189220 1.053904533 0.191324174 0.043395519 0.035390913 -0.808643401 -0.470764011 -0.351033658
1548265893.222720 1.065161467 0.190751433 0.032945395 0.041638732 -0.802042365 -0.473283231 -0.361935407
1548265893.256230 1.071229458 0.197465062 0.040326595 0.044598114 -0.799414337 -0.474236369 -0.366125077
1548265893.289750 1.073491335 0.208095074 0.045205116 0.042514715 -0.794831157 -0.473740101 -0.376837164
1548265893.323280 1.094648242 0.201398432 0.048385143 -0.050694309 0.790756524 0.474700361 0.383136809
1548265893.356810 1.085787177 0.212526143 0.060729146 0.048026718 -0.789985418 -0.472555101 -0.387696117
1548265893.390310 1.080699086 0.224158168 0.073641062 0.042293269 -0.786918402 -0.469578326 -0.398079187
1548265893.423830 1.104097843 0.212246537 0.059123158 0.051693171 -0.779832304 -0.472357780 -0.407513767
1548265893.457350 1.101401448 0.218524575 0.070394278 0.051336151 -0.779027939 -0.470142722 -0.411638141
1548265893.490860 1.108440518 0.221050858 0.090401530 -0.049559500 0.776325881 0.467264712 0.420149624
1548265893.524340 1.122070074 0.216635764 0.085941553 0.054806236 -0.770787537 -0.467236757 -0.429619223
1548265893.557850 1.121368766 0.219591379 0.098232508 0.054378089 -0.769286454 -0.464861184 -0.434908718
1548265893.591400 1.129742861 0.224911809 0.114211559 0.052744973 -0.766684830 -0.461488932 -0.443215907
1548265893.624890 1.141586185 0.220140278 0.117071271 0.056310453 -0.762990475 -0.460403919 -0.450225383
1548265893.658400 1.136438131 0.222945631 0.117060184 -0.053061984 0.758555293 0.458160579 0.460290432
1548265893.691890 1.139623404 0.223248839 0.120477200 0.052694399 -0.752787650 -0.454737872 -0.473019719
1548265893.725430 1.150418878 0.215511918 0.128386736 0.056655545 -0.750115931 -0.452269912 -0.479132682
1548265893.758920 1.135752320 0.219752789 0.133715153 0.049980793 -0.746179342 -0.447870225 -0.490031302
1548265893.792430 1.152833939 0.214901567 0.143943310 0.053254481 -0.742761075 -0.444338888 -0.498029113
1548265893.825950 1.159446716 0.210231185 0.152768254 0.057394642 -0.742400646 -0.439902544 -0.502028883
1548265893.859450 1.149318576 0.211548388 0.153797984 -0.053536765 0.739534855 0.436648250 0.509470642
1548265893.892940 1.145614147 0.210525393 0.151624441 -0.054256711 0.735644639 0.432354689 0.518606424
1548265893.926460 1.152475119 0.200808406 0.157945633 -0.057344764 0.734664798 0.429738253 0.521827996
1548265893.959970 1.151454687 0.198693752 0.166351914 -0.056257151 0.733650684 0.425511628 0.526812792
1548265893.993490 1.153776526 0.196191072 0.165547013 -0.058508199 0.731920302 0.422025025 0.531755984
1548265894.027010 1.146631598 0.190334737 0.165992141 -0.056964308 0.731506884 0.419260293 0.534671545
1548265894.060510 1.142354608 0.186942518 0.173676372 -0.053827040 0.731329620 0.415794045 0.537935972
1548265894.094000 1.153153896 0.169582129 0.189588308 -0.057490382 0.733370304 0.413942039 0.536204219
1548265894.127430 1.145860910 0.165482879 0.182680488 -0.052143905 0.730364084 0.413704276 0.541015863
1548265894.160950 1.148057580 0.160870373 0.188577175 -0.051904414 0.728736341 0.411491245 0.544907689
1548265894.194190 1.149367213 0.153752565 0.193066239 -0.052601531 0.729196191 0.411162019 0.544473886
1548265894.227710 1.141554117 0.152379394 0.187552810 -0.048127633 0.725928903 0.411422372 0.549038053
1548265894.261220 1.144793272 0.148674488 0.193587542 -0.048783731 0.724030972 0.409921855 0.552597106
1548265894.294740 1.152313709 0.140591443 0.204212189 -0.051580664 0.724909186 0.409239531 0.551696599
1548265894.328360 1.148787379 0.139106452 0.201553702 -0.048706237 0.721993089 0.408727974 0.556143165
1548265894.361920 1.151630640 0.132955611 0.203866363 -0.050294284 0.719571531 0.407161355 0.560274124
1548265894.395560 1.151615143 0.129383087 0.207934141 -0.051659770 0.719889998 0.405666560 0.560824633
1548265894.429080 1.149338841 0.126019895 0.200251341 -0.048974205 0.716274261 0.405852497 0.565540969
1548265894.462460 1.150705338 0.121595204 0.209683657 -0.049652770 0.715186119 0.402216703 0.569442868
1548265894.495940 1.150239706 0.118598461 0.215684414 -0.049919337 0.715931237 0.399362057 0.570491493
1548265894.529350 1.160261989 0.105194807 0.207940698 -0.048596226 0.712112784 0.401853591 0.573626578
1548265894.562970 1.156046391 0.105368853 0.215543389 -0.046442740 0.709645748 0.396241486 0.580722570
1548265894.596530 1.156699896 0.097178221 0.217701197 -0.047225822 0.709367156 0.393751353 0.582690299
1548265894.630040 1.157755136 0.092163563 0.215608358 -0.045292728 0.707469702 0.392624050 0.585902393
1548265894.663670 1.157278299 0.086051524 0.219331145 -0.043826275 0.704205513 0.389289558 0.592138052
1548265894.697250 1.157849550 0.078108251 0.224408507 -0.044223849 0.703771591 0.386274636 0.594593763
1548265894.730770 1.155782938 0.078884423 0.212644815 -0.039099950 0.699670613 0.384811223 0.600710154
1548265894.764280 1.157204270 0.061936557 0.223853588 -0.038873341 0.696800172 0.381803483 0.605957508
1548265894.797780 1.146597862 0.067548335 0.224556446 -0.037832405 0.697162628 0.375308245 0.609652996
1548265894.831250 1.156021595 0.059987962 0.211871505 -0.034608211 0.693089843 0.376330405 0.613843858
1548265894.864670 1.157058239 0.052971065 0.214651227 -0.033433601 0.690344334 0.372350633 0.619404554
1548265894.898180 1.152708292 0.043567657 0.232333183 -0.033272933 0.693070292 0.366508812 0.619853079
1548265894.931800 1.160039663 0.037032485 0.220377564 -0.028791806 0.689901412 0.367117703 0.623242915
1548265894.965360 1.158198595 0.032482326 0.222235084 -0.024861861 0.686068356 0.362787783 0.630140603
1548265894.998900 1.163736820 0.012371063 0.236823201 -0.025553433 0.687875628 0.361600220 0.628823876
1548265895.032410 1.164342880 0.022510588 0.200740814 -0.019138463 0.679210842 0.362187415 0.638064802
1548265895.065910 1.155259132 0.029134929 0.196277976 -0.012975951 0.673550308 0.357340336 0.646892250
1548265895.099380 1.150776029 0.014578044 0.230228662 -0.015785752 0.678536117 0.351659626 0.644728720
1548265895.132890 1.161884189 0.008506238 0.214975715 -0.014190329 0.674773574 0.354825765 0.646975994
1548265895.166460 1.169206619 0.004666209 0.204475403 -0.011670533 0.668212473 0.355125964 0.653637171
1548265895.199970 1.168380737 -0.009638250 0.229592323 -0.014694938 0.670245826 0.351030439 0.653706551
1548265895.233600 1.186105967 -0.024975240 0.243154526 -0.015810605 0.671079338 0.353142679 0.651684582
1548265895.267120 1.184413671 -0.003775835 0.206188440 -0.007039231 0.659439325 0.351998806 0.664219141
1548265895.300640 1.190336585 -0.023327470 0.233883500 -0.007345251 0.659644306 0.347440064 0.666409016
1548265895.334150 1.197798491 -0.038704574 0.249981284 -0.006444949 0.662430048 0.344792783 0.665028453
1548265895.367700 1.188890696 -0.025278687 0.228609085 0.004481006 0.656798959 0.340997607 0.672544241
1548265895.401220 1.186889052 -0.028325677 0.231881738 0.010206716 0.653975010 0.334626436 0.678408146
1548265895.434700 1.185195565 -0.041081369 0.245003819 0.013171196 0.656007409 0.328932881 0.679178894
1548265895.467870 1.182203889 -0.043651104 0.213955760 0.019738723 0.647599995 0.326086253 0.688398421
1548265895.501390 1.191994667 -0.067261398 0.236109495 0.020901354 0.648379147 0.320763379 0.690129340
1548265895.534900 1.200103402 -0.092055023 0.240000606 0.020020254 0.648443758 0.317504793 0.691600025
1548265895.568420 1.189788103 -0.089979827 0.227925897 0.024643067 0.643685281 0.311416686 0.698628426
1548265895.601970 1.188126564 -0.100171864 0.226670146 0.026496219 0.639621019 0.306198806 0.704574466
1548265895.635440 1.194179296 -0.118114173 0.235005856 0.024974231 0.638155520 0.301818013 0.707841575
1548265895.668930 1.197708249 -0.132665873 0.218552828 0.023762301 0.633458912 0.299458712 0.713084638
1548265895.702450 1.200041533 -0.140569478 0.219720125 0.025853395 0.632433772 0.297215492 0.714858115
1548265895.735960 1.199096084 -0.150406569 0.214095116 0.028145054 0.628808796 0.296246380 0.718363166
1548265895.769480 1.203180790 -0.160389096 0.218326807 0.029519806 0.627384543 0.295971960 0.719665110
1548265895.803020 1.198433638 -0.156935155 0.210171580 0.035330866 0.622724414 0.293946713 0.724266171
1548265895.836560 1.194460988 -0.158539623 0.205037355 0.039626997 0.617441952 0.291798323 0.729416907
1548265895.870050 1.211961865 -0.185953021 0.217048526 0.036590666 0.617009342 0.294264168 0.728950739
1548265895.903560 1.210751891 -0.187896788 0.210182548 0.040137131 0.612901330 0.293521464 0.732520461
1548265895.937080 1.214603424 -0.196145415 0.208701968 0.042357445 0.607671440 0.293455899 0.736766517
1548265895.970620 1.221176624 -0.208808452 0.208450794 0.042166837 0.602815688 0.293857872 0.740596294
1548265896.004140 1.217570782 -0.202902347 0.201116860 0.047753844 0.594046593 0.291421235 0.748265982
1548265896.037650 1.224089742 -0.214801967 0.199445188 0.047029167 0.585896015 0.290191144 0.755184293
1548265896.071170 1.237406373 -0.230130821 0.207093537 0.044235315 0.582254171 0.290722758 0.757960141
1548265896.104690 1.233717918 -0.220212638 0.202069104 0.048982218 0.572350144 0.286165148 0.766893506
1548265896.138210 1.239581108 -0.228293836 0.206739664 0.048648730 0.563600063 0.282622308 0.774669468
1548265896.171800 1.242451787 -0.228930861 0.198050499 0.048935059 0.550677121 0.277882189 0.785583556
1548265896.205310 1.251284122 -0.238829792 0.207631290 0.046235573 0.541869104 0.273367196 0.793417037
1548265896.238830 1.256394982 -0.242355227 0.213345706 0.045313060 0.533021331 0.267235994 0.801511049
1548265896.272350 1.259097099 -0.242752314 0.225313544 0.045476772 0.524919391 0.259494722 0.809354126
1548265896.306000 1.283694506 -0.278678030 0.236499846 0.031793959 0.518663764 0.257614404 0.814623833
1548265896.339380 1.292143106 -0.285280824 0.241278231 0.026556689 0.510733545 0.250933141 0.821875095
1548265896.372900 1.292299032 -0.286020666 0.254105866 0.023156228 0.505129576 0.242314115 0.828004777
1548265896.406410 1.296740770 -0.289152652 0.260656476 0.020404048 0.496902198 0.234952912 0.835146189
1548265896.439920 1.283814669 -0.296338588 0.277108669 0.017890964 0.492815703 0.228843346 0.839311302
1548265896.473440 1.274563432 -0.293412834 0.295588613 0.014456832 0.489660949 0.220041499 0.843566775
1548265896.506960 1.282496810 -0.318762958 0.299684405 0.007621182 0.482284069 0.223005041 0.847120285
1548265896.540470 1.274844408 -0.298077822 0.314389050 0.007691080 0.474850774 0.209414691 0.854753256
1548265896.573990 1.267698050 -0.291412532 0.327799678 0.004092093 0.471169472 0.202056885 0.858577669
1548265896.607390 1.272993565 -0.294322848 0.330840349 -0.000673840 0.464415252 0.200648591 0.862588108
1548265896.640900 1.274545312 -0.296546549 0.341154754 -0.004945818 0.456513792 0.197507292 0.867503107
1548265896.674410 1.286979318 -0.278968692 0.346618354 -0.006843967 0.447627008 0.192563877 0.873213887
1548265896.707930 1.282452464 -0.277747095 0.356907070 -0.011020106 0.442194223 0.189624324 0.876576066
1548265896.741440 1.285956264 -0.282119423 0.366011202 -0.015682209 0.435961276 0.187977567 0.879975200
1548265896.774970 1.271826148 -0.282111853 0.378347993 -0.018601885 0.431834817 0.185341343 0.882508516
1548265896.808290 1.272751451 -0.277702928 0.385518670 -0.021174125 0.427323997 0.182920039 0.885147512
1548265896.841960 1.279452682 -0.276966870 0.391320825 -0.023676360 0.421418846 0.182141602 0.888071001
1548265896.875480 1.274738669 -0.271709740 0.397063166 -0.025045523 0.415984035 0.178800330 0.891269088
1548265896.908990 1.271768212 -0.264856577 0.403889626 -0.026254945 0.412353665 0.175404862 0.893592954
1548265896.942440 1.278012037 -0.269328773 0.407908201 -0.028429748 0.406252533 0.175999269 0.896200359
1548265896.975870 1.273442268 -0.256161034 0.411602885 -0.028992545 0.401656032 0.169911683 0.899423122
1548265897.009390 1.264362574 -0.263633847 0.417885363 -0.031566050 0.399947643 0.169274434 0.900217533
1548265897.042990 1.273042440 -0.265523911 0.418973029 -0.033519994 0.393349141 0.169211403 0.903061688
1548265897.076510 1.270495892 -0.259562433 0.422201037 -0.034420166 0.389724374 0.166104540 0.905173719
1548265897.110030 1.268960953 -0.258677721 0.423869491 -0.035703108 0.387118310 0.165540174 0.906345010
1548265897.143540 1.262738943 -0.260259330 0.432542413 -0.037355494 0.384572417 0.163818687 0.907674015
1548265897.177060 1.258919835 -0.254361331 0.435282886 -0.037827950 0.382219583 0.161248133 0.909107447
1548265897.210570 1.262184381 -0.246452868 0.437074959 -0.038668465 0.379349798 0.159742668 0.910538733
1548265897.244020 1.248955250 -0.240511298 0.448849946 -0.039725244 0.379527748 0.156090811 0.911052287
1548265897.277540 1.257729411 -0.237116098 0.448571175 -0.040665574 0.375678688 0.157389641 0.912381709
1548265897.311050 1.255111575 -0.233448848 0.450935274 -0.041877903 0.373367339 0.156346917 0.913454294
1548265897.344550 1.253158689 -0.229623303 0.454390526 -0.043492977 0.371925503 0.155457601 0.914118648
1548265897.377990 1.260155439 -0.222784102 0.452508330 -0.044576161 0.368264556 0.155847907 0.915481091
1548265897.411500 1.259005189 -0.221442044 0.457074970 -0.046207074 0.365997165 0.155076817 0.916440010
1548265897.445020 1.268304229 -0.226069391 0.458852679 -0.048341699 0.362306386 0.154542953 0.917885482
1548265897.478530 1.246358991 -0.222608700 0.466695368 -0.047962137 0.363560200 0.151716262 0.917881191
1548265897.512050 1.246047497 -0.225162208 0.467919707 -0.048470192 0.360184044 0.153383330 0.918907881
1548265897.545570 1.245037675 -0.218325466 0.469684660 -0.047685370 0.354436040 0.151509702 0.921491265
1548265897.579080 1.241988063 -0.211670443 0.469340026 -0.047358636 0.350496829 0.149695277 0.923309565
1548265897.612600 1.241804004 -0.215444580 0.471716195 -0.048691809 0.346030384 0.150664195 0.924766183
1548265897.646100 1.239535570 -0.213440284 0.472313553 -0.049523804 0.340136349 0.148674741 0.927227378
1548265897.679600 1.222619534 -0.213507220 0.482074112 -0.050641436 0.338892400 0.145928904 0.928058326
1548265897.713120 1.221257925 -0.210136324 0.487826407 -0.051015545 0.334355265 0.145843595 0.929695427
1548265897.746640 1.205329061 -0.202152342 0.485678107 -0.049493480 0.327680022 0.144978121 0.932286263
1548265897.780160 1.203838587 -0.187416956 0.490073830 -0.047814667 0.321079701 0.141311780 0.935228646
1548265897.813760 1.200951099 -0.188213229 0.493874520 -0.048470359 0.316314757 0.140873343 0.936883330
1548265897.847450 1.190043211 -0.184259504 0.499840975 -0.047559150 0.309032261 0.139805973 0.939516664
1548265897.880960 1.196073771 -0.189694032 0.495595634 -0.050331537 0.300254315 0.134829074 0.942939758
1548265897.914480 1.187682748 -0.203574106 0.506370306 -0.053897168 0.298932791 0.132889912 0.943437636
1548265897.948000 1.184133530 -0.196380705 0.517516613 -0.053563386 0.292941242 0.131607935 0.945513487
1548265897.981670 1.187022328 -0.194299191 0.509884953 -0.055426668 0.283825010 0.126165479 0.948922396
1548265898.015030 1.179110408 -0.194595486 0.512371242 -0.057186849 0.279717147 0.124379084 0.950272560
1548265898.048540 1.173173666 -0.189891487 0.518861830 -0.058302525 0.274746090 0.122900292 0.951846063
1548265898.082030 1.173127651 -0.193304747 0.515803218 -0.061191231 0.268402904 0.120072342 0.953833401
1548265898.115480 1.187293530 -0.185646251 0.502913594 -0.062142864 0.261009127 0.119583316 0.955883026
1548265898.149000 1.151022911 -0.191275865 0.537998438 -0.064527936 0.264009297 0.117192931 0.955196917
1548265898.182520 1.157051563 -0.195966244 0.536138654 -0.066775545 0.253410101 0.113155760 0.958394647
1548265898.216030 1.148207784 -0.196987405 0.532556415 -0.067910492 0.248324573 0.108254179 0.960210502
1548265898.249230 1.141764998 -0.194482118 0.545330107 -0.067314811 0.245139211 0.105370462 0.961391032
1548265898.282750 1.133839488 -0.191568226 0.545308948 -0.066077381 0.238364831 0.101268090 0.963618636
1548265898.316260 1.131825328 -0.186181992 0.540820956 -0.064390160 0.229335800 0.096702240 0.966389060
1548265898.349780 1.122712612 -0.193589747 0.545030773 -0.064793468 0.220622659 0.091007546 0.968940198
1548265898.383300 1.116438627 -0.199621528 0.546461344 -0.065887049 0.218045205 0.086393580 0.969871819
1548265898.416810 1.113631606 -0.184806615 0.542626739 -0.062328447 0.211635605 0.083746053 0.971757293
1548265898.450300 1.086206436 -0.203665897 0.559271514 -0.066105574 0.207908198 0.080217429 0.972609580
1548265898.483760 1.087918043 -0.197134435 0.553557515 -0.066830344 0.201076388 0.078566544 0.974130094
1548265898.517280 1.079799771 -0.199833438 0.554962873 -0.071059957 0.195543766 0.076142691 0.975148976
1548265898.550790 1.070437551 -0.197885349 0.560131073 -0.075364992 0.190219253 0.075669207 0.975915492
1548265898.584310 1.072775841 -0.201160744 0.559466600 -0.081941687 0.181502834 0.073099539 0.977240384
1548265898.617910 1.063794136 -0.206977531 0.572628498 -0.088231422 0.177631959 0.071611211 0.977514207
1548265898.651420 1.062639475 -0.206655204 0.576206386 -0.092762642 0.168577507 0.068992041 0.978885531
1548265898.684960 1.061812878 -0.215537205 0.585571826 -0.098877601 0.167595312 0.067235947 0.978577793
1548265898.718670 1.049181938 -0.217158049 0.602015555 -0.101412423 0.165945679 0.069105104 0.978469253
1548265898.752330 1.050537825 -0.216297254 0.603165507 -0.103855565 0.158680096 0.066358604 0.979607701
1548265898.785730 1.046156764 -0.216286778 0.608496904 -0.105235271 0.157115489 0.065408424 0.979776561
1548265898.819220 1.045571446 -0.216927364 0.612863779 -0.105784051 0.152168557 0.064065717 0.980586588
1548265898.852680 1.042847276 -0.216344655 0.613912761 -0.105643079 0.146123961 0.060634915 0.981738687
1548265898.886190 1.035461426 -0.218505561 0.617345452 -0.104503639 0.144379660 0.058059044 0.982274294
1548265898.919610 1.036532998 -0.220045343 0.621925712 -0.101920620 0.139711902 0.057083879 0.983277321
1548265898.953120 1.036660194 -0.220834196 0.620041430 -0.098489478 0.131333977 0.053797830 0.984965563
1548265898.986740 1.011602521 -0.228324145 0.628938556 -0.095006518 0.133298293 0.052782003 0.985098720
1548265899.020320 1.014167190 -0.231170326 0.624980628 -0.090227269 0.129350454 0.052418791 0.986093223
1548265899.053860 1.010017753 -0.224806681 0.619247317 -0.084126003 0.123151138 0.047115952 0.987692654
1548265899.087370 1.000116467 -0.226056576 0.617669940 -0.079165772 0.121324971 0.042614173 0.988532841
1548265899.120890 0.997071266 -0.227998748 0.612506628 -0.074180752 0.118757583 0.038919944 0.989383280
1548265899.154430 0.991775990 -0.230877534 0.609750390 -0.069489241 0.114516303 0.034585822 0.990384340
1548265899.188040 0.981282830 -0.239945993 0.607015729 -0.066258028 0.112366401 0.029734140 0.991009414
1548265899.221550 0.973036528 -0.239512786 0.602999985 -0.061612029 0.113673277 0.026443187 0.991253316
1548265899.255070 0.953630149 -0.251862198 0.601098835 -0.059794016 0.112303227 0.024183944 0.991578460
1548265899.288680 0.948417664 -0.254498750 0.600342989 -0.056964226 0.106678978 0.019401081 0.992470860
1548265899.322260 0.946104109 -0.253904194 0.594924212 -0.053876787 0.103102714 0.016963456 0.993065655
1548265899.355980 0.940928161 -0.253735542 0.590771675 -0.051922988 0.098134287 0.013884504 0.993720770
1548265899.389500 0.933254123 -0.254712969 0.587143898 -0.050793014 0.093494810 0.011411602 0.994257867
1548265899.423020 0.925259769 -0.252773821 0.583995163 -0.049507346 0.091393769 0.008488368 0.994547248
1548265899.456530 0.921385229 -0.259793371 0.581415713 -0.050168369 0.087689251 0.008245513 0.994849682
1548265899.490050 0.919554651 -0.264771253 0.578392208 -0.050951067 0.079616763 0.006150361 0.995503604
1548265899.523570 0.905984223 -0.243035972 0.576558232 -0.047121648 0.077561468 0.002843566 0.995869339
1548265899.557080 0.900718331 -0.253813684 0.573003769 -0.048827406 0.074105531 0.001808379 0.996052742
1548265899.590600 0.893093765 -0.248515993 0.571432710 -0.047548022 0.069966428 -0.001744274 0.996414006
1548265899.624110 0.889475286 -0.246386617 0.571421623 -0.046437848 0.067958899 -0.004435312 0.996596932
1548265899.657630 0.885978878 -0.244960457 0.569788098 -0.045271557 0.065700375 -0.007268246 0.996785402
1548265899.691140 0.881119788 -0.244048834 0.567972243 -0.044496033 0.063154712 -0.010702226 0.996953905
1548265899.724660 0.876521885 -0.243110612 0.566592336 -0.044307850 0.061006539 -0.014371716 0.997049928
1548265899.758200 0.881182253 -0.236163214 0.563978374 -0.042853970 0.055871181 -0.017613046 0.997362435
1548265899.791710 0.865808785 -0.237161919 0.566788018 -0.043227520 0.055287827 -0.022213839 0.997286916
1548265899.825230 0.866811872 -0.237806648 0.567185223 -0.043207064 0.052875012 -0.024088891 0.997375131
1548265899.858740 0.862380147 -0.236366674 0.566560209 -0.042966813 0.050141346 -0.026615540 0.997462511
1548265899.892260 0.853307784 -0.230992198 0.564700007 -0.042257246 0.049069159 -0.029409613 0.997467577
1548265899.925780 0.848772645 -0.228254676 0.563958585 -0.042486072 0.048057392 -0.031050287 0.997457445
1548265899.959310 0.844972312 -0.226813167 0.563444436 -0.043740120 0.044730384 -0.033225756 0.997487903
1548265899.992880 0.838806927 -0.221176878 0.562757432 -0.045039959 0.042909727 -0.037147652 0.997371674
1548265900.026390 0.838517070 -0.223151833 0.565275013 -0.048129074 0.040121615 -0.039926536 0.997236073
1548265900.059910 0.825022101 -0.219353810 0.565897405 -0.050581377 0.038409557 -0.044295326 0.996997595
1548265900.093510 0.821690440 -0.221562982 0.567970753 -0.053869020 0.035892814 -0.048660688 0.996715665
1548265900.127030 0.819097996 -0.219517365 0.569818199 -0.055694830 0.034175809 -0.052516691 0.996479869
1548265900.160500 0.815610945 -0.217807710 0.572061479 -0.057085745 0.033483610 -0.055664238 0.996253788
1548265900.194060 0.811799407 -0.218593702 0.573838294 -0.058252729 0.031736348 -0.057614718 0.996132553
1548265900.227530 0.812427223 -0.214911550 0.573513865 -0.057955407 0.029806141 -0.060155880 0.996059239
1548265900.261040 0.810533822 -0.213372648 0.574161172 -0.057287399 0.030648043 -0.060195111 0.996069968
1548265900.294560 0.814045787 -0.215606540 0.574419379 -0.056998216 0.029046740 -0.060859572 0.996094167
1548265900.328090 0.814759433 -0.214416981 0.574175656 -0.055485006 0.029598126 -0.061379045 0.996131539
1548265900.361720 0.813825309 -0.214617655 0.573183477 -0.053880289 0.030107100 -0.061483126 0.996197939
1548265900.395240 0.813480794 -0.215186357 0.571635962 -0.052483700 0.030171316 -0.062248733 0.996223032
1548265900.428750 0.813234925 -0.214606225 0.570532501 -0.050546538 0.031142540 -0.062910222 0.996251762
1548265900.462150 0.811540306 -0.214353964 0.568088293 -0.048839480 0.031946816 -0.063597612 0.996267796
1548265900.495660 0.809431851 -0.215148404 0.566714525 -0.047687918 0.032221559 -0.064128369 0.996280730
1548265900.529170 0.803777158 -0.202678293 0.564458966 -0.043893576 0.033000689 -0.065609977 0.996333122
1548265900.562690 0.806036890 -0.208599120 0.563678563 -0.043903608 0.032360356 -0.064275712 0.996440649
1548265900.596200 0.806922793 -0.208217174 0.561248779 -0.042931035 0.030453909 -0.064820141 0.996507883
1548265900.629720 0.810137451 -0.202964291 0.559461772 -0.041331124 0.030746732 -0.065688260 0.996509612
1548265900.663230 0.805331707 -0.207487583 0.559129238 -0.041807748 0.031486772 -0.064737104 0.996528924
1548265900.696750 0.806595027 -0.204338640 0.556580067 -0.041068479 0.029856037 -0.066327564 0.996505260
1548265900.730270 0.808971882 -0.200417653 0.557121873 -0.040311467 0.029758476 -0.067110315 0.996486723
1548265900.763720 0.808435380 -0.204591691 0.556739628 -0.041025765 0.029451987 -0.067113206 0.996466458
1548265900.796880 0.798056841 -0.195422441 0.553240538 -0.039520942 0.031306289 -0.069233462 0.996325612
1548265900.830110 0.802113354 -0.199835896 0.552339017 -0.040558778 0.030202731 -0.069018491 0.996332943
1548265900.863620 0.801933289 -0.199490100 0.552876413 -0.040661801 0.030608337 -0.069083951 0.996311784
1548265900.897140 0.799959898 -0.203484848 0.553182662 -0.041456461 0.030056816 -0.068472959 0.996338010
1548265900.930650 0.803412735 -0.200906262 0.552736223 -0.040769167 0.029241426 -0.069351725 0.996329844
1548265900.964170 0.800673902 -0.200660214 0.552759707 -0.040559832 0.030816333 -0.068792343 0.996329725
1548265900.997830 0.800844848 -0.201040477 0.551675737 -0.040708758 0.030092748 -0.068441920 0.996369898
1548265901.031360 0.805579126 -0.198706850 0.554244220 -0.040477917 0.029379187 -0.068960235 0.996364892
1548265901.064950 0.803685606 -0.198915109 0.554282129 -0.040894058 0.029988118 -0.068463884 0.996363938
1548265901.098530 0.802641213 -0.197655246 0.553981900 -0.041524153 0.029886976 -0.068053618 0.996369064
1548265901.132110 0.802317083 -0.198192403 0.554936349 -0.042719867 0.028766159 -0.067699276 0.996375620
1548265901.165500 0.804835021 -0.195655704 0.555026293 -0.043280717 0.027459387 -0.068066120 0.996363282
1548265901.199020 0.803427994 -0.195832491 0.555812955 -0.044581261 0.027441399 -0.067210481 0.996364534
1548265901.232660 0.804728508 -0.195305422 0.556450307 -0.045778714 0.025805019 -0.067142412 0.996358573
1548265901.266190 0.809005439 -0.191517487 0.557134688 -0.046336949 0.025358947 -0.068071313 0.996281207
1548265901.299730 0.806741655 -0.194267899 0.559456110 -0.048026603 0.026155768 -0.067686111 0.996206760
1548265901.333310 0.809315622 -0.192720935 0.560737371 -0.048551686 0.025037726 -0.068833545 0.996131420
1548265901.366830 0.807766199 -0.192158520 0.561936319 -0.049154203 0.026418179 -0.068897814 0.996061802
1548265901.400280 0.807819426 -0.193286985 0.562872291 -0.050192755 0.025903272 -0.068952136 0.996019781
1548265901.433860 0.810272396 -0.191609919 0.564221799 -0.050496422 0.025819317 -0.069756247 0.995950580
1548265901.467480 0.808926940 -0.193650141 0.565581858 -0.051272769 0.026513252 -0.069671229 0.995898664
1548265901.501120 0.810569644 -0.192166761 0.566078186 -0.051286325 0.026609927 -0.070653759 0.995826185
1548265901.534660 0.808481753 -0.193907574 0.567124605 -0.051876962 0.027754076 -0.070363648 0.995784879
1548265901.568360 0.807966530 -0.194998041 0.567160368 -0.052367795 0.027416673 -0.070356436 0.995769024
1548265901.601880 0.809274316 -0.194848046 0.567844450 -0.052514590 0.027222587 -0.070513986 0.995755494
1548265901.635400 0.809123456 -0.197666019 0.568453372 -0.053054608 0.026674053 -0.069687538 0.995799899
1548265901.668910 0.813619852 -0.196414262 0.568708479 -0.052422348 0.026263203 -0.069439277 0.995861650
1548265901.702430 0.813946545 -0.198473826 0.568995118 -0.052223209 0.027253451 -0.067649215 0.995968699
1548265901.735940 0.816449046 -0.198963746 0.568615854 -0.051648371 0.027234858 -0.066117533 0.996102035
1548265901.769460 0.819546461 -0.199763611 0.568579257 -0.051047366 0.027642485 -0.064790204 0.996208966
1548265901.802970 0.821836233 -0.198750034 0.567889988 -0.050206322 0.028797770 -0.063258708 0.996317387
1548265901.836380 0.820947707 -0.200456575 0.567968488 -0.050394259 0.029785249 -0.061347380 0.996398389
1548265901.869840 0.824070394 -0.199786052 0.567931175 -0.050272878 0.028925890 -0.060869992 0.996459126
1548265901.903350 0.826445699 -0.198960960 0.568707943 -0.050008323 0.030042579 -0.059949964 0.996495187
