1548266065.390190 0.0000000 0.0000000 0.0000000 0.0000000 0.0000000 0.0000000 1.0000000
1548266065.825710 -0.0282383 0.0518501 0.0515482 -0.0273745 -0.0062427 -0.0121174 0.9995323
1548266066.864780 -0.0747990 0.1628005 0.2544642 -0.0739471 -0.0899503 -0.0665902 0.9909624
1548266067.333960 -0.1089876 0.1479885 0.3367557 -0.0928792 -0.1641047 -0.0818378 0.9786448
1548266067.635500 -0.1338898 0.1113302 0.3603404 -0.0961567 -0.2507230 -0.0873382 0.9593039
1548266067.870200 -0.1537285 0.0891109 0.3603526 -0.0857539 -0.2824804 -0.0982858 0.9503636
1548266068.674120 -0.1909501 -0.0286175 0.3073489 -0.0576456 -0.3267701 -0.0839919 0.9395976
1548266069.244470 -0.2695008 -0.0474806 0.2371924 -0.0608293 -0.3825818 -0.1139840 0.9148435
1548266069.546060 -0.3042927 -0.0078238 0.2062329 -0.0605720 -0.3988550 -0.1359331 0.9048580
1548266069.914660 -0.3203875 0.0473020 0.2087812 -0.0645081 -0.3772562 -0.1510124 0.9114339
1548266070.551720 -0.2962703 0.1162438 0.2549099 -0.0699749 -0.2728873 -0.1561266 0.9467103
1548266070.953730 -0.2490367 0.1284415 0.2766268 -0.0721584 -0.1962854 -0.1244469 0.9699372
1548266071.188460 -0.2059979 0.1138580 0.2989192 -0.0788037 -0.1572235 -0.1036215 0.9789450
1548266071.925650 -0.2216613 0.0472098 0.2385425 -0.0449292 -0.1270136 -0.0715251 0.9882981
1548266075.075720 -0.0263278 0.0950092 -0.1643887 -0.0302481 -0.1221921 -0.0614329 0.9901415
1548266075.310210 -0.0470121 0.0733847 -0.1685387 -0.0232297 -0.1167239 -0.0757088 0.9900020
1548266075.645360 -0.0532393 0.0372534 -0.2049855 -0.0045669 -0.1213637 -0.0689508 0.9901999
1548266076.684590 -0.0758158 -0.0926005 -0.2618082 -0.0411945 -0.1575151 -0.0733656 0.9839256
1548266076.919330 -0.1100578 -0.1374271 -0.2468199 -0.0648939 -0.1453559 -0.0790430 0.9840796
1548266077.355030 -0.1291171 -0.0698286 -0.2322847 -0.0807085 -0.1336136 -0.1065590 0.9819769
1548266077.422000 -0.1864815 -0.1172612 -0.2514828 -0.0909871 -0.1170076 -0.1123107 0.9825563
1548266077.958720 -0.0922098 -0.0292898 -0.2349421 -0.0978404 -0.0784350 -0.1083848 0.9861683
1548266078.193380 -0.0873742 -0.0261842 -0.2390299 -0.0988586 -0.0758087 -0.1073031 0.9863904
1548266079.299490 -0.0539954 0.0031021 -0.2962966 -0.0948728 -0.0372449 -0.1039246 0.9893491
1548266081.443550 0.0935557 0.0776502 -0.3267031 -0.1122807 -0.0110100 -0.0909500 0.9894443
1548266083.723090 -0.2423223 0.1063485 -0.2794937 -0.1073116 0.0766992 -0.0710204 0.9887151
1548266085.030440 -0.5361369 0.1594814 -0.3157561 -0.1099775 0.1506265 -0.0465619 0.9813504
1548266085.499420 -0.6335955 0.1566164 -0.2384913 -0.1308044 0.1413264 -0.0316669 0.9807723
1548266086.370810 -0.8041978 0.1973716 -0.1811533 -0.1316709 0.2133051 -0.0085485 0.9680344
1548266086.605340 -0.8726994 0.2145062 -0.1669102 -0.1257572 0.2218227 0.0091149 0.9669006
1548266086.672380 -0.8810706 0.2111647 -0.1709874 -0.1256343 0.2104960 0.0098060 0.9694387
1548266086.772930 -0.8983675 0.2186332 -0.1702494 -0.1210583 0.1887124 0.0081662 0.9745080
1548266086.873480 -0.9249505 0.2311638 -0.1616374 -0.1194792 0.1795806 -0.0011074 0.9764601
1548266086.940450 -0.9216386 0.2459732 -0.1687481 -0.1204273 0.1586352 -0.0121941 0.9798895
1548266087.074540 -0.9516252 0.2689352 -0.1510386 -0.1252847 0.1347000 -0.0168956 0.9827890
1548266087.677910 -0.9519950 0.3406211 -0.1061633 -0.1362835 0.1267436 -0.0060729 0.9825100
1548266088.046510 -0.9752964 0.3656726 -0.1043450 -0.1126750 0.1131977 -0.0099616 0.9871126
1548266088.582990 -0.9684948 0.4001740 -0.0892722 -0.0871919 0.0933537 -0.0056499 0.9917917
