1.000000 0.000000 0.000000 0.000000 0.000000 1.000000 0.000000 0.000000 0.000000 0.000000 1.000000 0.000000
0.999998 -0.001647 -0.001318 -0.012262 0.001646 0.999998 -0.000999 -0.010289 0.001320 0.000997 0.999999 0.637659
0.999990 -0.002112 -0.003879 0.029341 0.002101 0.999994 -0.002886 -0.015042 0.003885 0.002878 0.999988 1.276736
0.999968 -0.001881 -0.007782 0.105764 0.001841 0.999985 -0.005182 -0.007605 0.007791 0.005168 0.999956 1.936673
0.999954 -0.004687 -0.008400 0.035495 0.004637 0.999971 -0.005987 -0.039275 0.008427 0.005947 0.999947 2.530693
0.999905 -0.006099 -0.012342 0.149100 0.005979 0.999935 -0.009684 -0.027308 0.012400 0.009610 0.999877 3.174644
0.999877 -0.007353 -0.013838 0.121120 0.007231 0.999935 -0.008831 -0.067472 0.013902 0.008730 0.999865 3.799396
0.999787 -0.007051 -0.019411 0.237161 0.006884 0.999939 -0.008644 -0.081036 0.019471 0.008508 0.999774 4.517000
0.999712 -0.007882 -0.022688 0.296481 0.007678 0.999930 -0.009039 -0.092479 0.022758 0.008862 0.999702 5.180429
0.999716 -0.007652 -0.022552 0.249222 0.007386 0.999903 -0.011830 -0.109609 0.022640 0.011660 0.999676 5.822683
0.999640 -0.004529 -0.026462 0.322319 0.004035 0.999817 -0.018724 -0.054400 0.026542 0.018610 0.999474 6.529527
0.999690 -0.005195 -0.024341 0.134090 0.004732 0.999808 -0.019038 -0.146448 0.024435 0.018917 0.999522 7.163327
0.999673 -0.003759 -0.025296 0.106866 0.003286 0.999820 -0.018690 -0.163860 0.025361 0.018601 0.999505 7.848293
0.999581 -0.000559 -0.028941 0.163384 0.000200 0.999923 -0.012412 -0.172068 0.028946 0.012401 0.999504 8.586009
0.999484 0.000866 -0.032096 0.211907 -0.000927 0.999998 -0.001889 -0.187723 0.032095 0.001918 0.999483 9.355559
0.999272 0.002487 -0.038082 0.331473 -0.002320 0.999987 0.004429 -0.195215 0.038092 -0.004337 0.999265 10.146851
0.999188 0.005803 -0.039871 0.326153 -0.005634 0.999975 0.004334 -0.233077 0.039895 -0.004106 0.999195 10.919475
0.998992 0.008902 -0.043987 0.395974 -0.009061 0.999953 -0.003425 -0.229637 0.043955 0.003820 0.999026 11.694111
0.998811 0.011020 -0.047493 0.429151 -0.011479 0.999890 -0.009398 -0.254805 0.047384 0.009932 0.998827 12.407787
0.998467 0.007095 -0.054891 0.562788 -0.007584 0.999933 -0.008714 -0.236182 0.054826 0.009117 0.998454 13.259356
0.998843 0.001179 -0.048067 0.288012 -0.001029 0.999994 0.003141 -0.271518 0.048071 -0.003088 0.998839 14.039391
0.998703 -0.001766 -0.050876 0.335190 0.002235 0.999956 0.009154 -0.225672 0.050858 -0.009256 0.998663 14.814376
0.998586 -0.001547 -0.053141 0.300091 0.002309 0.999895 0.014276 -0.310900 0.053113 -0.014379 0.998485 15.812792
0.998470 -0.003879 -0.055151 0.304294 0.004637 0.999896 0.013620 -0.320956 0.055092 -0.013855 0.998385 16.681812
0.998367 -0.003442 -0.057024 0.303705 0.004102 0.999926 0.011470 -0.319165 0.056980 -0.011685 0.998307 17.611839
0.998237 -0.001129 -0.059337 0.320022 0.001580 0.999970 0.007552 -0.305478 0.059327 -0.007632 0.998209 18.536823
0.998139 -0.003221 -0.060898 0.301844 0.003381 0.999991 0.002526 -0.325323 0.060889 -0.002727 0.998141 19.555056
0.997871 -0.008557 -0.064656 0.335014 0.008342 0.999959 -0.003581 -0.319863 0.064684 0.003034 0.997901 20.553543
0.997765 -0.012419 -0.065664 0.304093 0.011629 0.999856 -0.012392 -0.232647 0.065809 0.011601 0.997765 21.564089
0.997496 -0.013008 -0.069513 0.272056 0.012169 0.999848 -0.012482 -0.261097 0.069665 0.011605 0.997503 22.674557
0.997160 -0.019168 -0.072836 0.248105 0.017978 0.999695 -0.016953 -0.149505 0.073139 0.015595 0.997200 23.710533
0.996493 -0.022695 -0.080535 0.303980 0.021613 0.999664 -0.014281 -0.245951 0.080832 0.012490 0.996649 24.719421
0.996065 -0.022345 -0.085760 0.337092 0.020898 0.999624 -0.017735 -0.252444 0.086124 0.015873 0.996158 25.742201
0.995835 -0.020663 -0.088798 0.341397 0.018700 0.999563 -0.022882 -0.199962 0.089232 0.021126 0.995787 26.699129
0.995922 -0.010600 -0.089593 0.335466 0.008930 0.999779 -0.019020 -0.323677 0.089775 0.018143 0.995797 27.566692
0.995412 -0.011443 -0.094992 0.318332 0.009547 0.999747 -0.020389 -0.348246 0.095202 0.019388 0.995269 28.671051
0.994743 -0.013651 -0.101494 0.320230 0.011708 0.999737 -0.019715 -0.385446 0.101736 0.018423 0.994641 29.769905
0.994293 -0.012980 -0.105895 0.224419 0.010935 0.999743 -0.019869 -0.396885 0.106125 0.018597 0.994179 30.937351
0.992587 -0.010555 -0.121075 0.450167 0.009046 0.999875 -0.013005 -0.518371 0.121197 0.011813 0.992558 31.932755
0.991452 -0.009081 -0.130153 0.451031 0.007711 0.999909 -0.011024 -0.561029 0.130241 0.009927 0.991433 33.053001
0.989956 -0.010532 -0.140986 0.478607 0.008571 0.999858 -0.014510 -0.540600 0.141118 0.013155 0.989905 34.192085
0.989026 -0.010138 -0.147391 0.386506 0.007947 0.999849 -0.015446 -0.568241 0.147525 0.014105 0.988958 35.282291
0.986986 -0.009222 -0.160542 0.378769 0.008222 0.999942 -0.006892 -0.707003 0.160596 0.005482 0.987005 36.462627
0.985168 -0.009490 -0.171327 0.328255 0.009003 0.999953 -0.003616 -0.737668 0.171354 0.002020 0.985207 37.654072
0.982656 -0.009823 -0.185179 0.288082 0.010251 0.999946 0.001356 -0.767850 0.185155 -0.003231 0.982704 38.817749
0.979644 -0.010903 -0.200445 0.219364 0.011709 0.999927 0.002835 -0.766997 0.200400 -0.005124 0.979701 39.997837
0.976844 -0.008848 -0.213768 0.077518 0.010752 0.999912 0.007747 -0.840734 0.213681 -0.009866 0.976854 41.178467
0.971737 -0.011549 -0.235782 0.041327 0.014900 0.999812 0.012435 -0.870761 0.235594 -0.015597 0.971726 42.330013
0.968316 -0.004534 -0.249688 -0.132655 0.009375 0.999790 0.018201 -0.956135 0.249553 -0.019966 0.968155 43.485394
0.959926 0.005367 -0.280204 0.102917 0.003638 0.999494 0.031605 -1.171872 0.280232 -0.031357 0.959420 44.071884
0.952550 -0.009780 -0.304225 -0.164405 0.018488 0.999497 0.025756 -0.996002 0.303820 -0.030158 0.952252 45.473656
0.941519 -0.013444 -0.336691 -0.217768 0.026386 0.999077 0.033894 -1.002267 0.335925 -0.040796 0.941005 46.687233
0.941519 -0.013444 -0.336691 -0.217768 0.026386 0.999077 0.033894 -1.002267 0.335925 -0.040796 0.941005 46.687233
0.941519 -0.013444 -0.336691 -0.217768 0.026386 0.999077 0.033894 -1.002267 0.335925 -0.040796 0.941005 46.687233
0.941519 -0.013444 -0.336691 -0.217768 0.026386 0.999077 0.033894 -1.002267 0.335925 -0.040796 0.941005 46.687233
0.941519 -0.013444 -0.336691 -0.217768 0.026386 0.999077 0.033894 -1.002267 0.335925 -0.040796 0.941005 46.687233
0.941519 -0.013444 -0.336691 -0.217768 0.026386 0.999077 0.033894 -1.002267 0.335925 -0.040796 0.941005 46.687233
0.941519 -0.013444 -0.336691 -0.217768 0.026386 0.999077 0.033894 -1.002267 0.335925 -0.040796 0.941005 46.687233
0.941519 -0.013444 -0.336691 -0.217768 0.026386 0.999077 0.033894 -1.002267 0.335925 -0.040796 0.941005 46.687233
0.941519 -0.013444 -0.336691 -0.217768 0.026386 0.999077 0.033894 -1.002267 0.335925 -0.040796 0.941005 46.687233
0.941519 -0.013444 -0.336691 -0.217768 0.026386 0.999077 0.033894 -1.002267 0.335925 -0.040796 0.941005 46.687233
0.941519 -0.013444 -0.336691 -0.217768 0.026386 0.999077 0.033894 -1.002267 0.335925 -0.040796 0.941005 46.687233
0.941519 -0.013444 -0.336691 -0.217768 0.026386 0.999077 0.033894 -1.002267 0.335925 -0.040796 0.941005 46.687233
0.941519 -0.013444 -0.336691 -0.217768 0.026386 0.999077 0.033894 -1.002267 0.335925 -0.040796 0.941005 46.687233
0.941519 -0.013444 -0.336691 -0.217768 0.026386 0.999077 0.033894 -1.002267 0.335925 -0.040796 0.941005 46.687233
0.941519 -0.013444 -0.336691 -0.217768 0.026386 0.999077 0.033894 -1.002267 0.335925 -0.040796 0.941005 46.687233
0.941519 -0.013444 -0.336691 -0.217768 0.026386 0.999077 0.033894 -1.002267 0.335925 -0.040796 0.941005 46.687233
0.941519 -0.013444 -0.336691 -0.217768 0.026386 0.999077 0.033894 -1.002267 0.335925 -0.040796 0.941005 46.687233
0.941519 -0.013444 -0.336691 -0.217768 0.026386 0.999077 0.033894 -1.002267 0.335925 -0.040796 0.941005 46.687233
0.941519 -0.013444 -0.336691 -0.217768 0.026386 0.999077 0.033894 -1.002267 0.335925 -0.040796 0.941005 46.687233
0.941519 -0.013444 -0.336691 -0.217768 0.026386 0.999077 0.033894 -1.002267 0.335925 -0.040796 0.941005 46.687233
0.941519 -0.013444 -0.336691 -0.217768 0.026386 0.999077 0.033894 -1.002267 0.335925 -0.040796 0.941005 46.687233
0.941519 -0.013444 -0.336691 -0.217768 0.026386 0.999077 0.033894 -1.002267 0.335925 -0.040796 0.941005 46.687233
0.941519 -0.013444 -0.336691 -0.217768 0.026386 0.999077 0.033894 -1.002267 0.335925 -0.040796 0.941005 46.687233
0.941519 -0.013444 -0.336691 -0.217768 0.026386 0.999077 0.033894 -1.002267 0.335925 -0.040796 0.941005 46.687233
0.941519 -0.013444 -0.336691 -0.217768 0.026386 0.999077 0.033894 -1.002267 0.335925 -0.040796 0.941005 46.687233
0.941519 -0.013444 -0.336691 -0.217768 0.026386 0.999077 0.033894 -1.002267 0.335925 -0.040796 0.941005 46.687233
0.941519 -0.013444 -0.336691 -0.217768 0.026386 0.999077 0.033894 -1.002267 0.335925 -0.040796 0.941005 46.687233
0.941519 -0.013444 -0.336691 -0.217768 0.026386 0.999077 0.033894 -1.002267 0.335925 -0.040796 0.941005 46.687233
0.941519 -0.013444 -0.336691 -0.217768 0.026386 0.999077 0.033894 -1.002267 0.335925 -0.040796 0.941005 46.687233
0.941519 -0.013444 -0.336691 -0.217768 0.026386 0.999077 0.033894 -1.002267 0.335925 -0.040796 0.941005 46.687233
0.941519 -0.013444 -0.336691 -0.217768 0.026386 0.999077 0.033894 -1.002267 0.335925 -0.040796 0.941005 46.687233
0.941519 -0.013444 -0.336691 -0.217768 0.026386 0.999077 0.033894 -1.002267 0.335925 -0.040796 0.941005 46.687233
0.941519 -0.013444 -0.336691 -0.217768 0.026386 0.999077 0.033894 -1.002267 0.335925 -0.040796 0.941005 46.687233
0.941519 -0.013444 -0.336691 -0.217768 0.026386 0.999077 0.033894 -1.002267 0.335925 -0.040796 0.941005 46.687233
0.941519 -0.013444 -0.336691 -0.217768 0.026386 0.999077 0.033894 -1.002267 0.335925 -0.040796 0.941005 46.687233
0.941519 -0.013444 -0.336691 -0.217768 0.026386 0.999077 0.033894 -1.002267 0.335925 -0.040796 0.941005 46.687233
0.941519 -0.013444 -0.336691 -0.217768 0.026386 0.999077 0.033894 -1.002267 0.335925 -0.040796 0.941005 46.687233
0.941519 -0.013444 -0.336691 -0.217768 0.026386 0.999077 0.033894 -1.002267 0.335925 -0.040796 0.941005 46.687233
0.941519 -0.013444 -0.336691 -0.217768 0.026386 0.999077 0.033894 -1.002267 0.335925 -0.040796 0.941005 46.687233
0.941519 -0.013444 -0.336691 -0.217768 0.026386 0.999077 0.033894 -1.002267 0.335925 -0.040796 0.941005 46.687233
0.941519 -0.013444 -0.336691 -0.217768 0.026386 0.999077 0.033894 -1.002267 0.335925 -0.040796 0.941005 46.687233
0.941519 -0.013444 -0.336691 -0.217768 0.026386 0.999077 0.033894 -1.002267 0.335925 -0.040796 0.941005 46.687233
0.941519 -0.013444 -0.336691 -0.217768 0.026386 0.999077 0.033894 -1.002267 0.335925 -0.040796 0.941005 46.687233
0.941519 -0.013444 -0.336691 -0.217768 0.026386 0.999077 0.033894 -1.002267 0.335925 -0.040796 0.941005 46.687233
0.941519 -0.013444 -0.336691 -0.217768 0.026386 0.999077 0.033894 -1.002267 0.335925 -0.040796 0.941005 46.687233
0.941519 -0.013444 -0.336691 -0.217768 0.026386 0.999077 0.033894 -1.002267 0.335925 -0.040796 0.941005 46.687233
0.941519 -0.013444 -0.336691 -0.217768 0.026386 0.999077 0.033894 -1.002267 0.335925 -0.040796 0.941005 46.687233
0.941519 -0.013444 -0.336691 -0.217768 0.026386 0.999077 0.033894 -1.002267 0.335925 -0.040796 0.941005 46.687233
0.941519 -0.013444 -0.336691 -0.217768 0.026386 0.999077 0.033894 -1.002267 0.335925 -0.040796 0.941005 46.687233
