0.000000 0.0000000 0.0000000 0.0000000 0.0000000 0.0000000 0.0000000 1.0000000
0.104228 -0.0166397 -0.0096659 0.6622847 0.0005128 -0.0005488 0.0008152 0.9999994
0.208477 0.0175085 -0.0183340 1.3235292 0.0013837 -0.0016134 0.0010806 0.9999971
0.416979 0.0247030 -0.0429361 2.6267390 0.0029985 -0.0036874 0.0022663 0.9999861
1.146853 0.0739074 -0.1545863 7.4004359 0.0095638 -0.0098341 0.0020832 0.9999037
1.980855 0.2861111 -0.2161350 13.6389170 0.0046168 -0.0184933 -0.0034504 0.9998124
3.023358 0.5248379 -0.2747508 23.0335884 0.0084095 -0.0254641 0.0023825 0.9996375
3.440232 0.5979586 -0.4352338 27.3584557 0.0101575 -0.0299233 -0.0011687 0.9994999
3.856982 0.7567347 -0.6647063 31.9938259 0.0088355 -0.0369958 -0.0029599 0.9992720
4.273854 0.6667289 -0.7948434 36.4124107 0.0084475 -0.0419144 -0.0044660 0.9990755
4.794755 0.4322875 -0.8443335 42.1757050 0.0058215 -0.0489058 -0.0045698 0.9987760
5.940858 -0.6953953 -0.7466598 54.4249420 0.0168446 -0.0601056 -0.0037267 0.9980429
6.566109 -1.2832031 -1.4262471 60.2854195 0.0265954 -0.0614534 -0.0331402 0.9972050
7.399507 -2.2383323 -1.7442758 66.6312408 0.0339115 -0.0604461 -0.0488689 0.9963976
7.712108 -2.5054827 -1.9122421 68.6256332 0.0366256 -0.0599557 -0.0577244 0.9958573
8.128736 -2.8575335 -2.1330721 71.2413559 0.0367881 -0.0602753 -0.0647287 0.9954013
8.441112 -3.1781151 -2.2939017 73.2373810 0.0383996 -0.0605568 -0.0688320 0.9950480
8.753612 -3.4671097 -2.4823198 75.1311493 0.0430994 -0.0613930 -0.0772231 0.9941881
9.170238 -3.8421967 -2.7152364 77.6158829 0.0429166 -0.0630297 -0.0842423 0.9935234
9.586735 -4.2463298 -2.9784529 79.9828568 0.0461959 -0.0639210 -0.0918134 0.9926481
9.794986 -4.4146514 -3.0966845 81.0721512 0.0462442 -0.0650753 -0.0952599 0.9922460
10.315740 -4.7749443 -3.4008291 83.4304581 0.0502894 -0.0737381 -0.1094943 0.9899721
