1341845688.561749 0.0000000 0.0000000 0.0000000 0.0000000 0.0000000 0.0000000 1.0000000
1341845688.663680 -0.0126522 -0.0050421 -0.0143043 0.0030699 -0.0116930 0.0129068 0.9998436
1341845688.697719 -0.0148649 -0.0081097 -0.0193434 0.0059197 -0.0170562 0.0187730 0.9996607
1341845689.065755 -0.0081084 0.0468976 -0.0398468 0.0111664 -0.0292677 0.0094417 0.9994646
1341845689.365881 -0.0218518 0.0511507 -0.0465758 -0.0066711 -0.0223434 0.0241742 0.9994358
1341845690.505978 -0.0307471 0.0558782 -0.0592582 0.0162188 -0.0601827 -0.0047468 0.9980443
1341845694.057728 0.0092768 0.0528191 -0.0759382 0.0439565 -0.0364687 -0.0177512 0.9982098
1341845695.172193 0.0188375 0.0510278 -0.0611832 0.0499005 -0.0189885 0.0024870 0.9985706
1341845695.603908 0.0196917 0.0521181 -0.0764543 0.0654354 -0.0688323 -0.0123319 0.9954036
1341845697.609653 0.0362641 0.0654903 -0.0661059 0.0328068 -0.0688552 0.0083856 0.9970518
1341845706.768143 0.0721721 0.0746344 -0.0242001 0.0383077 -0.0722063 -0.0081901 0.9966201
