1548339819.874260 0.0000000 0.0000000 0.0000000 0.0000000 0.0000000 0.0000000 1.0000000
1548339820.443820 0.0665417 -0.0212106 -0.0028523 -0.0073444 0.0562707 0.0127752 0.9983068
1548339820.477340 0.0664077 -0.0212487 -0.0016199 -0.0085023 0.0625027 0.0134658 0.9979177
1548339824.031810 0.2943098 0.0030809 -0.0767923 -0.0264097 0.3770839 0.0920348 0.9212165
1548339825.305320 0.3635938 0.0090869 -0.1515411 -0.0057872 0.3833787 0.0915586 0.9190236
1548339830.265230 0.2384249 -0.0731886 -0.0664035 0.0091080 0.3388537 0.0868488 0.9367777
1548339830.332270 0.2767596 -0.0463353 -0.1216403 0.0111694 0.3354734 0.0905210 0.9376240
1548339831.539130 0.3376173 0.0498826 -0.1913145 -0.0226953 0.3692259 0.0939176 0.9243033
1548339831.874340 0.3555835 0.0597359 -0.2079245 -0.0233285 0.3497792 0.1005431 0.9311291
1548339832.008400 0.3532464 0.0599889 -0.2096205 -0.0268700 0.3351386 0.0932505 0.9371577
1548339832.175980 0.3509647 0.0532327 -0.2078890 -0.0181406 0.3233986 0.0885106 0.9419396
1548339832.812350 0.3218718 0.0162700 -0.1951351 -0.0083896 0.2410320 0.0814939 0.9670532
1548339833.214590 0.2959115 0.0173098 -0.1761922 -0.0048588 0.2093093 0.0685202 0.9754338
1548339833.449230 0.2978109 0.0240058 -0.1696421 -0.0087375 0.2003387 0.0633315 0.9776386
1548339833.549840 0.2950905 0.0246745 -0.1677995 -0.0103283 0.1965033 0.0618463 0.9784962
1548339833.650440 0.2959804 0.0261018 -0.1549051 -0.0108614 0.1983489 0.0624227 0.9780813
1548339833.717490 0.2985007 0.0206796 -0.1556918 -0.0112337 0.1996629 0.0627363 0.9777897
1548339833.784530 0.2891954 0.0276960 -0.1519546 -0.0080421 0.2015793 0.0602521 0.9775841
1548339833.851540 0.3158396 0.0117596 -0.1544730 -0.0080593 0.1996516 0.0596589 0.9780159
1548339833.885060 0.2868455 0.0196989 -0.1517102 -0.0046851 0.2045315 0.0575505 0.9771555
1548339833.952090 0.2869633 -0.0048426 -0.1586987 -0.0041873 0.2052114 0.0556842 0.9771233
1548339834.019120 0.2705037 0.0186107 -0.1534951 0.0010151 0.2062523 0.0529171 0.9770664
1548339836.967880 0.3467092 0.0508282 -0.1919718 -0.0179883 0.3802293 0.0918182 0.9201475
1548339837.236000 0.3579237 0.0481790 -0.1901607 -0.0220609 0.3795147 0.0939431 0.9201394
1548339837.370060 0.3679413 0.0441272 -0.1939502 -0.0197443 0.3785949 0.0946791 0.9204955
1548339837.906960 0.3702284 0.0187760 -0.1953668 -0.0133284 0.3765923 0.0962605 0.9212679
1548339838.041050 0.3892289 0.0303163 -0.2129698 -0.0103168 0.3659727 0.0948554 0.9257213
1548339838.141700 0.3732905 0.0226974 -0.2003094 -0.0116600 0.3667991 0.0951304 0.9253500
1548339838.208780 0.4065131 0.0242683 -0.2219225 -0.0130235 0.3573722 0.0970341 0.9288164
1548339838.275790 0.3718711 0.0343812 -0.2029550 -0.0132534 0.3591732 0.0937434 0.9284563
1548339838.376340 0.3764485 0.0403229 -0.1990788 -0.0177437 0.3537726 0.0888183 0.9309358
1548339838.510340 0.3731175 0.0380613 -0.1985441 -0.0199271 0.3487404 0.0863843 0.9330170
1548339838.644360 0.3808426 0.0232636 -0.2032437 -0.0218218 0.3434101 0.0872650 0.9348680
1548339838.744910 0.3635463 0.0192357 -0.1846510 -0.0167697 0.3434447 0.0861736 0.9350607
1548339838.811940 0.3585806 0.0343014 -0.1899790 -0.0117163 0.3394256 0.0837065 0.9368277
1548339838.878950 0.3784407 0.0460154 -0.2089264 -0.0098786 0.3326474 0.0831926 0.9393227
1548339838.945970 0.3964844 0.0622718 -0.2427756 -0.0067273 0.3264684 0.0829444 0.9415377
1548339842.799560 0.2033559 -0.0003101 -0.0631508 -0.0064837 0.1203611 0.0222931 0.9924586
1548339843.168020 0.1839021 0.0240133 -0.0433205 -0.0225299 0.1332557 0.0111955 0.9907624
1548339843.503210 0.1337831 0.0181613 -0.0197280 -0.0206463 0.1199258 0.0146866 0.9924595
1548339843.603780 0.1244231 0.0210041 -0.0173525 -0.0170857 0.1111124 0.0128600 0.9935777
1548339843.737950 0.1151613 0.0160359 -0.0078539 -0.0169117 0.1069780 0.0147741 0.9940078
1548339844.475460 0.0916752 -0.0053014 0.0061226 -0.0095083 0.1049857 0.0105465 0.9943724
1548339844.676590 0.0912526 -0.0150314 0.0114808 0.0010681 0.1449335 0.0257327 0.9891062
1548339844.777170 0.1196204 -0.0080646 0.0037945 0.0041855 0.1527167 0.0269155 0.9878945
1548339845.749200 0.2005295 -0.0572421 -0.0676099 0.0023576 0.2891698 0.0538234 0.9557606
1548339846.017320 0.2398809 -0.0463670 -0.0843928 -0.0033776 0.3232220 0.0655441 0.9440445
1548339846.318940 0.2895247 -0.0476924 -0.1146370 -0.0120252 0.3498057 0.0738828 0.9338269
1548339846.587240 0.3186934 -0.0265671 -0.1351808 -0.0180585 0.3726871 0.0768744 0.9245910
1548339847.190270 0.3262137 0.0193621 -0.1123492 -0.0222447 0.3719055 0.0792377 0.9246150
1548339847.659510 0.3262695 0.0382533 -0.1158242 -0.0242301 0.3306622 0.0696798 0.9408614
1548339848.965900 0.3089233 0.0206802 -0.0899443 -0.0075390 0.2824000 0.0696838 0.9567327
1548339849.099970 0.3205506 0.0336648 -0.0955860 -0.0091617 0.2879313 0.0642427 0.9554499
