1548265286.565590 0.000000000 0.000000000 0.000000000 0.000000000 0.000000000 0.000000000 1.000000000
1548265286.599090 -0.005455035 0.000359902 0.009053605 0.001991247 0.007461366 0.004365126 0.999960661
1548265286.632600 0.005536553 -0.019194253 -0.007980064 0.000310973 0.011636636 0.006040381 0.999913990
1548265286.666120 0.007888320 -0.021251369 -0.009210183 0.000592452 0.023209048 0.009338043 0.999686837
1548265286.699640 0.000756690 -0.015331457 0.001138196 0.001718307 0.031537820 0.014478638 0.999396205
1548265286.733150 0.015950378 -0.025023825 -0.004045086 -0.000796954 0.032177627 0.015833410 0.999356389
1548265286.766670 0.020509601 -0.044803035 -0.011224035 -0.006566390 0.039423257 0.016636986 0.999062479
1548265286.800190 0.012332440 -0.055032294 -0.007925004 -0.010598030 0.047699377 0.018796092 0.998628616
1548265286.833720 0.026907526 -0.049613979 -0.009281887 -0.011650626 0.051192071 0.021923900 0.998380184
1548265286.867220 0.020467829 -0.058115993 -0.006048047 -0.015280929 0.060216296 0.023933778 0.997781336
1548265286.900730 0.021676030 -0.058789410 -0.007615304 -0.016647695 0.063503586 0.026500534 0.997490764
1548265286.934250 0.037527099 -0.068713777 -0.009398406 -0.019825483 0.064260729 0.027090741 0.997368336
1548265286.967760 0.048034795 -0.073468357 -0.016193271 -0.022540994 0.071371295 0.027336283 0.996820331
1548265287.001280 0.049121771 -0.065637544 -0.004435719 -0.022367267 0.078342751 0.032437198 0.996147573
1548265287.034790 0.056105752 -0.071321949 -0.010538357 -0.023729051 0.079438746 0.032500379 0.996027172
1548265287.068310 0.063344330 -0.077088006 -0.017723816 -0.025563153 0.083378881 0.031842604 0.995680928
1548265287.101820 0.057650436 -0.072745934 -0.014667862 -0.025968535 0.092173651 0.034201272 0.994816542
1548265287.135340 0.058742113 -0.070647828 -0.012048782 -0.026327275 0.092597753 0.034916025 0.994742870
1548265287.168810 0.066045493 -0.079187430 -0.020796204 -0.029455101 0.093276776 0.033281337 0.994647741
1548265287.202320 0.061939634 -0.070965387 -0.018391822 -0.029910283 0.096627489 0.033564210 0.994304776
1548265287.235890 0.065290362 -0.074740566 -0.021646071 -0.032120876 0.094113082 0.033086337 0.994492948
1548265287.269410 0.081255980 -0.080548391 -0.033677313 -0.034565147 0.093145087 0.030678011 0.994579375
1548265287.302920 0.083730541 -0.079209462 -0.034574848 -0.036683910 0.101291522 0.032014746 0.993664622
1548265287.336440 0.080301002 -0.067881241 -0.028646847 -0.036898181 0.106403790 0.034498956 0.993039072
1548265287.369980 0.083964832 -0.067157708 -0.032963395 -0.038889538 0.106993333 0.033162303 0.992945254
1548265287.403510 0.086410992 -0.054793499 -0.032368299 -0.039018314 0.109593928 0.032801632 0.992668569
1548265287.437360 0.085222445 -0.049388163 -0.032916319 -0.040805802 0.109588899 0.031673826 0.992633820
1548265287.470870 0.092053860 -0.053100858 -0.041599657 -0.045515470 0.110284157 0.027259303 0.992483079
1548265287.504390 0.086651504 -0.046834469 -0.036607802 -0.048154078 0.114343517 0.026338175 0.991923928
1548265287.537930 0.089897014 -0.043145400 -0.039366733 -0.050226286 0.111544453 0.024262732 0.992192745
1548265287.571450 0.098350786 -0.039096981 -0.043729722 -0.052656014 0.112848349 0.022247732 0.991966546
1548265287.605000 0.087239943 -0.025144681 -0.036913469 -0.052543294 0.117030568 0.023791350 0.991451979
1548265287.638520 0.090892807 -0.018353714 -0.042237349 -0.053329803 0.113253541 0.022523891 0.991878152
1548265287.672040 0.100326329 -0.010275110 -0.046437722 -0.054409225 0.112599112 0.021534797 0.991916001
1548265287.705560 0.093592457 -0.002927699 -0.044295970 -0.056130666 0.115142606 0.020704422 0.991545677
1548265287.739110 0.095707044 0.003857772 -0.046896655 -0.058291439 0.114141524 0.018941466 0.991572022
1548265287.772640 0.097385325 0.014518741 -0.050413050 -0.060159720 0.114836715 0.016263692 0.991427660
1548265287.806160 0.092432491 0.029563626 -0.047687836 -0.061152015 0.114586651 0.014157148 0.991428196
1548265287.839680 0.089967236 0.030590186 -0.050634433 -0.065005608 0.111816265 0.010643586 0.991543293
1548265287.873190 0.094674081 0.031272452 -0.054195285 -0.068984047 0.109263927 0.007454519 0.991588116
1548265287.906720 0.078002878 0.048189271 -0.056198061 -0.068217665 0.109315403 0.007711937 0.991633534
1548265287.940220 0.101017386 0.061313272 -0.052290395 -0.068337515 0.098733589 0.005016555 0.992752016
1548265287.973750 0.102572381 0.068260416 -0.054085519 -0.068800971 0.096760929 0.004926993 0.992914617
1548265288.007280 0.103090674 0.062358335 -0.063564241 -0.071815550 0.095282406 0.002505479 0.992853224
1548265288.040800 0.094665073 0.075290911 -0.062843204 -0.071111254 0.096814565 0.002406279 0.992755949
1548265288.074300 0.087734915 0.087141745 -0.065599516 -0.070629120 0.092752032 0.002188480 0.993178666
1548265288.107830 0.116334811 0.084214509 -0.078734383 -0.074384503 0.087201394 -0.002375996 0.993406832
1548265288.141420 0.102099709 0.100505285 -0.070558980 -0.074158914 0.091962487 -0.002174972 0.992994785
1548265288.174940 0.101893194 0.100695506 -0.075057179 -0.076633915 0.089857228 -0.003696738 0.992995083
1548265288.208380 0.099320099 0.109243378 -0.074918672 -0.076465420 0.087380320 -0.005298520 0.993221879
1548265288.241880 0.095603883 0.111460507 -0.079015523 -0.076339297 0.083923608 -0.006958726 0.993519366
1548265288.275340 0.097573988 0.120051578 -0.080997601 -0.075301751 0.079733901 -0.008401973 0.993932366
1548265288.308800 0.097306743 0.128333300 -0.081757858 -0.073800653 0.076079749 -0.010071549 0.994315803
1548265288.342230 0.113421135 0.114575461 -0.102136157 -0.076520264 0.072129734 -0.013670408 0.994361639
1548265288.375730 0.102392212 0.132119924 -0.092936352 -0.073685817 0.078409359 -0.011780126 0.994124532
1548265288.409240 0.100604922 0.143807277 -0.096711010 -0.072409719 0.076495565 -0.011849637 0.994366586
1548265288.442580 0.112854272 0.133284822 -0.112126149 -0.075973280 0.075231194 -0.015600099 0.994145334
1548265288.476100 0.104677774 0.149378896 -0.101226352 -0.074813902 0.079076461 -0.015526814 0.993936002
1548265288.509540 0.104601443 0.161895663 -0.104421206 -0.074700393 0.076236807 -0.018201828 0.994120955
1548265288.543050 0.113714784 0.158744454 -0.112655386 -0.077387832 0.076781221 -0.022964399 0.993774831
1548265288.576640 0.098869473 0.164384544 -0.107628994 -0.078313664 0.081161343 -0.022410804 0.993366778
1548265288.610080 0.104929961 0.172196835 -0.112275936 -0.078313939 0.075112186 -0.023788763 0.993810415
1548265288.643580 0.113144271 0.165284827 -0.123355396 -0.081333257 0.075153179 -0.028461553 0.993441939
1548265288.677100 0.089281417 0.178080320 -0.111262135 -0.079682723 0.081297658 -0.026337709 0.993150413
1548265288.710620 0.100845940 0.184439257 -0.120332032 -0.078937955 0.074380353 -0.027273457 0.993726552
1548265288.744150 0.096717574 0.186717093 -0.119681194 -0.078448124 0.073124029 -0.027038058 0.993865073
1548265288.777740 0.099148817 0.188331977 -0.124434024 -0.077489547 0.068542235 -0.027056718 0.994266212
1548265288.811260 0.108382501 0.187015191 -0.130064458 -0.076838367 0.067461699 -0.027783366 0.994370580
1548265288.844770 0.107357189 0.195090413 -0.132333472 -0.074219830 0.069472730 -0.026191486 0.994474173
1548265288.878260 0.100411184 0.202770621 -0.133612856 -0.071788587 0.070334263 -0.024821220 0.994627237
1548265288.911730 0.110416457 0.201164261 -0.136388987 -0.071131095 0.065609142 -0.026487676 0.994954407
1548265288.945290 0.114040032 0.204863384 -0.143693104 -0.069304332 0.069734983 -0.027882945 0.994764507
1548265288.978810 0.100480422 0.218219757 -0.138822660 -0.066991247 0.073275447 -0.027087312 0.994690478
1548265289.012420 0.105154991 0.223734140 -0.143001035 -0.066818245 0.069609582 -0.028927380 0.994913578
1548265289.045940 0.115736343 0.217244729 -0.150979698 -0.069713786 0.068581827 -0.032839861 0.994664788
1548265289.079450 0.111573003 0.228462026 -0.146816283 -0.069584519 0.072195828 -0.033341732 0.994401336
1548265289.112970 0.109142780 0.234803319 -0.145859748 -0.071081549 0.074213609 -0.034725916 0.994099498
1548265289.146480 0.108551748 0.239419922 -0.144012928 -0.073326766 0.074731454 -0.035454549 0.993871927
1548265289.180000 0.110464595 0.238369659 -0.143889904 -0.075817071 0.074196905 -0.035911828 0.993708670
1548265289.213520 0.115017854 0.240248650 -0.146242172 -0.077304117 0.075306982 -0.036187060 0.993500590
1548265289.247030 0.109219618 0.238982514 -0.141005352 -0.079524457 0.077340558 -0.034140039 0.993241549
1548265289.280550 0.125702560 0.235235438 -0.146503493 -0.080921039 0.075914465 -0.034210663 0.993236363
1548265289.314060 0.108889543 0.238054842 -0.141275942 -0.081055216 0.082961828 -0.030981520 0.992767632
1548265289.347730 0.104333155 0.241157219 -0.139744788 -0.080630518 0.081452981 -0.029027572 0.992986143
1548265289.381360 0.116310582 0.232385188 -0.144518182 -0.082329735 0.078014404 -0.028646134 0.993133903
1548265289.414870 0.113407999 0.232315078 -0.141238242 -0.082178697 0.081703328 -0.026581755 0.992907166
1548265289.448390 0.105872713 0.230099753 -0.137003168 -0.082130581 0.082405746 -0.024397088 0.992909193
1548265289.481980 0.111089133 0.225893483 -0.141127348 -0.081556849 0.080371119 -0.024082385 0.993130922
1548265289.515490 0.106352434 0.225115597 -0.137230873 -0.080087408 0.081850924 -0.021713832 0.993184209
1548265289.548900 0.095810138 0.221907005 -0.134280592 -0.078533255 0.080797255 -0.020445956 0.993421495
1548265289.582520 0.105269969 0.212797999 -0.136947870 -0.077706106 0.076645002 -0.020300735 0.993818521
1548265289.616040 0.100597441 0.210987806 -0.136495993 -0.074830167 0.077145547 -0.018774690 0.994030416
1548265289.649560 0.099562898 0.205547556 -0.138595626 -0.072395243 0.076101094 -0.016475597 0.994332016
1548265289.683070 0.106727853 0.203207269 -0.139846310 -0.069266781 0.073842481 -0.014806558 0.994751334
1548265289.716480 0.103825614 0.196555898 -0.140789613 -0.067419440 0.075347714 -0.012703802 0.994794428
1548265289.749940 0.102259129 0.197838977 -0.140653044 -0.064069733 0.075658247 -0.009974050 0.995023310
1548265289.783430 0.106045641 0.190550059 -0.142647684 -0.063064419 0.075387739 -0.008632288 0.995120585
1548265289.816950 0.096050732 0.191971660 -0.142322138 -0.060654439 0.077808686 -0.006132999 0.995102644
1548265289.850440 0.101336412 0.183437005 -0.142120376 -0.060317148 0.074426003 -0.005254254 0.995386899
1548265289.883850 0.109353177 0.179277286 -0.146782428 -0.058986682 0.074284732 -0.004443627 0.995481074
1548265289.917360 0.098121777 0.176942840 -0.142301634 -0.057412297 0.078256436 -0.001398208 0.995277762
1548265289.950850 0.094176486 0.171669006 -0.143019751 -0.056218628 0.075605042 0.000111503 0.995551765
1548265289.984350 0.104031339 0.162562191 -0.147446603 -0.055794783 0.073191479 -0.000242841 0.995755911
1548265290.017820 0.094559148 0.160144851 -0.143324599 -0.054097634 0.077222161 0.001732751 0.995543659
1548265290.051340 0.091588013 0.155063644 -0.142834142 -0.052199259 0.075009480 0.004516171 0.995805383
1548265290.084830 0.105349839 0.142187774 -0.150114223 -0.052247595 0.072425753 0.002838584 0.996000350
1548265290.118350 0.098474786 0.152255073 -0.147716969 -0.047983032 0.077658400 0.006247829 0.995805085
1548265290.151890 0.088301674 0.143731266 -0.146936566 -0.047564875 0.076607205 0.007366929 0.995898902
1548265290.185400 0.106002361 0.138930634 -0.151562989 -0.046714138 0.072818980 0.006726804 0.996227860
1548265290.218920 0.105869181 0.136648461 -0.151922688 -0.045598567 0.075572185 0.008005704 0.996065021
1548265290.252430 0.097094655 0.132502347 -0.153442815 -0.044915166 0.077545099 0.009036043 0.995935619
1548265290.285990 0.102042608 0.129703239 -0.154653832 -0.044458490 0.076685235 0.008862356 0.996024251
1548265290.319510 0.105133675 0.128160164 -0.161118791 -0.043847401 0.079045132 0.008715330 0.995868146
1548265290.353040 0.089138687 0.121823050 -0.155710787 -0.044139292 0.082165278 0.011418869 0.995575309
1548265290.386960 0.097399160 0.119900450 -0.160710484 -0.043514341 0.076394327 0.011402458 0.996062398
1548265290.420470 0.100129887 0.111559436 -0.165111497 -0.044026051 0.077637784 0.011426457 0.995943546
1548265290.454000 0.094750494 0.113723300 -0.162286192 -0.042428423 0.079584785 0.014938725 0.995812714
1548265290.487510 0.094155811 0.111916587 -0.168615460 -0.041717999 0.077014804 0.015300157 0.996039271
1548265290.521030 0.103054695 0.102698945 -0.175622538 -0.042632237 0.076414384 0.015198407 0.996048331
1548265290.554540 0.101221047 0.105513789 -0.178274676 -0.041560225 0.078759469 0.017336424 0.995876074
1548265290.588060 0.095813639 0.104649082 -0.180128813 -0.041666366 0.078424133 0.017152825 0.995901287
1548265290.621580 0.110401496 0.104934379 -0.185365453 -0.041424848 0.075612798 0.017546050 0.996121883
1548265290.655080 0.094199784 0.102197044 -0.186276063 -0.042706776 0.079355851 0.015671395 0.995807827
1548265290.688350 0.081623241 0.101052575 -0.187649265 -0.042955082 0.078708671 0.015254234 0.995854974
1548265290.721860 0.088606112 0.101891220 -0.193665177 -0.042958394 0.073051967 0.012996146 0.996317744
1548265290.755360 0.082590349 0.099660434 -0.196190834 -0.043294780 0.072946355 0.012271713 0.996320128
1548265290.788870 0.083317988 0.097116835 -0.201914832 -0.043277968 0.065503500 0.012797755 0.996831238
1548265290.822390 0.082840905 0.094706364 -0.205816105 -0.043902930 0.061652575 0.010240889 0.997079015
1548265290.855890 0.067222811 0.092839964 -0.210803851 -0.043828156 0.061025053 0.009670940 0.997126639
1548265290.889360 0.067837767 0.103337564 -0.214449957 -0.041582379 0.053691041 0.010429969 0.997636914
1548265290.922840 0.085241355 0.093003482 -0.224195033 -0.044902910 0.046877962 0.007232962 0.997864664
1548265290.956300 0.076917551 0.094388425 -0.226957858 -0.045919977 0.049227618 0.008703785 0.997693479
1548265290.989780 0.070921600 0.106990218 -0.228799045 -0.044793177 0.046266727 0.010048030 0.997873724
1548265291.023000 0.078503177 0.097417600 -0.232683867 -0.048278663 0.043551039 0.009825348 0.997835636
1548265291.056480 0.065061167 0.104397058 -0.229493245 -0.047974039 0.044265855 0.011642507 0.997799337
1548265291.090330 0.072891288 0.103656046 -0.237938389 -0.049331080 0.038063053 0.013020403 0.997972012
1548265291.123840 0.081734046 0.097727299 -0.243133545 -0.051780593 0.036474146 0.013047663 0.997906864
1548265291.157360 0.072262935 0.102429092 -0.246594027 -0.051416259 0.037717938 0.017304583 0.997814775
1548265291.190780 0.071960464 0.105274379 -0.246981710 -0.052229732 0.032790780 0.016209260 0.997964978
1548265291.224200 0.078584954 0.098498039 -0.252521873 -0.054797277 0.031976573 0.016069332 0.997855961
1548265291.257710 0.063534029 0.099127531 -0.251992971 -0.055334162 0.033382691 0.017242586 0.997760713
1548265291.291230 0.076527663 0.101518869 -0.254218817 -0.055514045 0.028448556 0.017075110 0.997906446
1548265291.324710 0.074615560 0.095026582 -0.255923986 -0.056752753 0.029346513 0.016804131 0.997815371
1548265291.358230 0.069296464 0.099227451 -0.257199228 -0.055468608 0.029390236 0.017091583 0.997881413
1548265291.391740 0.067760870 0.099985681 -0.257771045 -0.055391982 0.027560240 0.015187411 0.997968674
1548265291.425290 0.079919226 0.096817777 -0.261842251 -0.055698972 0.025613694 0.014557050 0.998012841
1548265291.458810 0.071306877 0.098359890 -0.259993196 -0.054964211 0.027705275 0.014089645 0.998004436
1548265291.492320 0.077167720 0.101550929 -0.262116671 -0.053554032 0.024876049 0.012886226 0.998171866
1548265291.525840 0.087616496 0.098236352 -0.269358456 -0.053428810 0.024920329 0.010594666 0.998204470
1548265291.559370 0.074858546 0.100465775 -0.260218769 -0.052350290 0.029054757 0.011336584 0.998141646
1548265291.592890 0.083818287 0.103131011 -0.265355617 -0.050758202 0.025755124 0.009615422 0.998332500
1548265291.626390 0.092014305 0.096389689 -0.269560546 -0.051040538 0.027223989 0.007854313 0.998294532
1548265291.659890 0.084538206 0.101781823 -0.263449252 -0.049100112 0.031759460 0.008692794 0.998250902
1548265291.693390 0.093136556 0.098071136 -0.270599723 -0.048648141 0.032003060 0.007471166 0.998275161
1548265291.726910 0.094051138 0.102645919 -0.271174639 -0.046798337 0.036013272 0.007621620 0.998225868
1548265291.760440 0.091863893 0.112048194 -0.264026761 -0.044655822 0.038653199 0.009093422 0.998212934
1548265291.793960 0.096598223 0.104750820 -0.268596858 -0.045709383 0.038310409 0.007841623 0.998189092
1548265291.827470 0.098276176 0.104779810 -0.267916828 -0.045725368 0.042997781 0.007118214 0.998002827
1548265291.860990 0.100699045 0.111323662 -0.268073410 -0.044820838 0.046043191 0.009159896 0.997891366
1548265291.894510 0.102495104 0.101315759 -0.267786771 -0.047504544 0.050808273 0.007720579 0.997548103
1548265291.928020 0.102481745 0.121338040 -0.259846717 -0.044098884 0.054379717 0.011178891 0.997483432
1548265291.961550 0.106925249 0.115212761 -0.264382631 -0.045804951 0.055543900 0.009813648 0.997356772
1548265291.995080 0.110636063 0.123448946 -0.258513927 -0.045145195 0.060574435 0.010252121 0.997089505
1548265292.028610 0.113489047 0.130106121 -0.254964679 -0.044418253 0.061640892 0.011320761 0.997045279
1548265292.062190 0.118680455 0.128206939 -0.254593760 -0.045283630 0.063384615 0.008494498 0.996925116
1548265292.095780 0.109386481 0.135261402 -0.246499717 -0.044079814 0.068308972 0.009037052 0.996648967
1548265292.129340 0.117176250 0.137074932 -0.250033796 -0.043406956 0.067668885 0.007220096 0.996737003
1548265292.162860 0.121613227 0.136746734 -0.244522303 -0.043801341 0.069454320 0.006425013 0.996602356
1548265292.196370 0.115583114 0.140114397 -0.248094797 -0.042297520 0.071718231 0.005978014 0.996509731
1548265292.229890 0.119089998 0.143522665 -0.251205683 -0.041152779 0.071097955 0.003595097 0.996613562
1548265292.263400 0.116034538 0.141902506 -0.251288801 -0.041414641 0.073183931 0.002096598 0.996456027
1548265292.296910 0.117844135 0.147598833 -0.248371929 -0.040502612 0.073158152 0.002230691 0.996495068
1548265292.330420 0.118932657 0.145715997 -0.251134247 -0.041033477 0.072519347 0.000967767 0.996522069
1548265292.363930 0.116292998 0.153035879 -0.249459043 -0.040088359 0.074008353 -0.000177063 0.996451557
1548265292.397450 0.119443603 0.153064743 -0.247921810 -0.041178737 0.073879056 0.000575226 0.996416509
1548265292.430970 0.123724818 0.149271846 -0.247328863 -0.042834133 0.073188461 0.000968780 0.996397376
1548265292.464480 0.122164376 0.151351005 -0.245594978 -0.043786325 0.074518919 0.002181690 0.996255457
1548265292.497980 0.123853430 0.151605248 -0.242246807 -0.044975016 0.073812388 0.002649840 0.996253967
1548265292.531500 0.125068098 0.151111498 -0.245644912 -0.045926988 0.073675707 0.002608028 0.996220767
1548265292.565010 0.123951755 0.158775583 -0.245881408 -0.045157745 0.073521987 0.002916936 0.996266425
1548265292.598530 0.124823354 0.154812083 -0.244244903 -0.047082037 0.072572313 0.004178315 0.996242464
1548265292.632030 0.123214394 0.150253922 -0.244119808 -0.048772518 0.072757192 0.004418349 0.996146679
1548265292.665550 0.123158649 0.144424826 -0.243510976 -0.050379340 0.072233021 0.006263804 0.996094942
1548265292.699060 0.128192782 0.144639120 -0.242035806 -0.050347827 0.070502706 0.006613013 0.996218204
1548265292.732580 0.126747027 0.144793004 -0.241990909 -0.049962007 0.071272150 0.007399286 0.996177316
1548265292.766100 0.123039134 0.141363114 -0.242482468 -0.049999289 0.071952380 0.008861335 0.996114671
1548265292.799610 0.120865561 0.147361085 -0.243560612 -0.047801547 0.070823550 0.008187378 0.996309161
1548265292.833130 0.127095386 0.146608546 -0.241904125 -0.047386225 0.069277488 0.008336593 0.996436477
1548265292.866640 0.126221552 0.150413185 -0.242674261 -0.046444211 0.069323055 0.007888097 0.996481299
1548265292.900160 0.125903487 0.155376866 -0.241602525 -0.045524497 0.068964079 0.006620696 0.996557891
1548265292.933680 0.129428715 0.158044919 -0.241343051 -0.045629527 0.068264998 0.005018135 0.996610582
1548265292.967190 0.128045857 0.154500321 -0.242368966 -0.047000591 0.069485404 0.003641387 0.996468484
1548265293.000710 0.129498020 0.160503164 -0.240578160 -0.046572197 0.069693558 0.001794512 0.996479094
1548265293.034200 0.125828683 0.157531172 -0.239613101 -0.047940403 0.071189746 0.000121249 0.996310055
1548265293.067580 0.125628978 0.157284915 -0.240847692 -0.048503973 0.071588166 -0.001269440 0.996253431
1548265293.101080 0.122503094 0.158137456 -0.240252674 -0.048502177 0.072003528 -0.001740206 0.996222854
1548265293.134590 0.122850843 0.158082321 -0.240109339 -0.048327703 0.071277782 -0.002559389 0.996281743
1548265293.168030 0.119416140 0.156521887 -0.240758613 -0.048292074 0.071319968 -0.002609871 0.996280372
1548265293.201550 0.116290234 0.160750344 -0.241537258 -0.047085598 0.070537776 -0.002359008 0.996394396
1548265293.235070 0.119671278 0.160080343 -0.242931634 -0.046977691 0.068388283 -0.002604345 0.996548712
1548265293.268580 0.110046424 0.168076873 -0.245422587 -0.045688111 0.068360262 -0.002601109 0.996610641
1548265293.302170 0.118869208 0.169744894 -0.247447208 -0.046529390 0.064805329 -0.003272987 0.996807218
1548265293.335700 0.115545675 0.173577979 -0.247189388 -0.047137029 0.064720407 -0.003345159 0.996783912
1548265293.369710 0.108693451 0.181656331 -0.246229902 -0.047499575 0.063805185 -0.003695654 0.996824443
1548265293.403220 0.109647065 0.178762600 -0.247795582 -0.050171930 0.062601723 -0.004502566 0.996766567
1548265293.436240 0.122775815 0.181691021 -0.248350441 -0.051497418 0.061972637 -0.004053439 0.996740162
1548265293.469760 0.112402394 0.184506267 -0.246606320 -0.052837532 0.065175474 -0.002770982 0.996470094
1548265293.503340 0.104884408 0.190546706 -0.244138017 -0.053343646 0.065571487 -0.002596840 0.996417642
1548265293.536860 0.113225020 0.187062174 -0.246577024 -0.055420924 0.063641049 -0.003819332 0.996425509
1548265293.570370 0.095087081 0.192749709 -0.243248969 -0.055437952 0.065380491 -0.004283935 0.996310055
1548265293.603890 0.094943315 0.188694850 -0.245048359 -0.057286602 0.060595583 -0.006894171 0.996493280
1548265293.637880 0.103114896 0.197662562 -0.241359606 -0.056539524 0.056576382 -0.010743657 0.996738136
1548265293.671430 0.104041904 0.191837057 -0.242759213 -0.057906352 0.056473758 -0.013569891 0.996631026
1548265293.705050 0.092698909 0.190236270 -0.239399597 -0.058224283 0.057934746 -0.014906592 0.996509552
1548265293.738460 0.090316474 0.189088300 -0.235858172 -0.057627730 0.056349806 -0.016691854 0.996606767
1548265293.771540 0.098317243 0.185855359 -0.235787272 -0.056910016 0.053795408 -0.017136723 0.996781647
1548265293.804990 0.100517467 0.183335617 -0.236312091 -0.055391837 0.056000080 -0.017284045 0.996743202
1548265293.838500 0.093096532 0.185918048 -0.232820332 -0.053168207 0.060754802 -0.015090629 0.996621430
1548265293.872010 0.083950415 0.180182576 -0.231545165 -0.051935866 0.063094161 -0.012186386 0.996580780
1548265293.905430 0.087540254 0.182479322 -0.234457120 -0.048636694 0.063333981 -0.009934690 0.996757030
1548265293.939040 0.086191721 0.173387036 -0.233673751 -0.047085978 0.065593384 -0.005649078 0.996718884
1548265293.972550 0.074665815 0.166219682 -0.227340221 -0.045786228 0.067039482 -0.000261021 0.996699154
1548265294.006070 0.080984399 0.158065915 -0.232128978 -0.044528019 0.063255146 0.002365738 0.997000754
1548265294.039590 0.085043453 0.162499785 -0.238563403 -0.041259743 0.064504765 0.004207767 0.997055173
1548265294.072920 0.078162752 0.165225774 -0.233753666 -0.039841272 0.066123508 0.008852618 0.996976435
1548265294.106430 0.084072448 0.159298405 -0.239320621 -0.039602567 0.061261877 0.009838480 0.997287214
1548265294.139950 0.080184251 0.148343876 -0.239421159 -0.040739767 0.061974365 0.010714663 0.997188389
1548265294.173430 0.068102740 0.132147759 -0.236294180 -0.043231949 0.063951887 0.013532138 0.996924281
1548265294.206950 0.078922763 0.138139442 -0.237185612 -0.040981192 0.059005450 0.014445947 0.997311473
1548265294.240460 0.078737311 0.137632653 -0.238701403 -0.040005509 0.059556559 0.015627291 0.997300565
1548265294.274010 0.073130108 0.129323393 -0.241537943 -0.040454332 0.060150828 0.017393140 0.997217536
1548265294.307530 0.072384782 0.132490844 -0.242395535 -0.039083596 0.057120651 0.017757423 0.997443914
1548265294.341050 0.077499688 0.129849300 -0.244189784 -0.039052710 0.054161754 0.016706528 0.997628331
1548265294.374560 0.076152749 0.127113983 -0.245068222 -0.039363291 0.053706065 0.015850769 0.997654736
1548265294.408080 0.053784873 0.144317597 -0.242891639 -0.036224637 0.056310851 0.013769166 0.997660875
1548265294.441590 0.063948937 0.124818526 -0.244108260 -0.039971251 0.053898487 0.012885499 0.997662902
1548265294.475110 0.069486074 0.115235090 -0.244401559 -0.041907705 0.051369607 0.012518373 0.997721493
1548265294.508630 0.069212370 0.119402766 -0.245362729 -0.040687844 0.049554884 0.011474497 0.997876346
1548265294.542180 0.063191198 0.115665637 -0.246061787 -0.040867768 0.049783595 0.011042658 0.997862458
1548265294.575710 0.060767286 0.109325141 -0.242182463 -0.041516222 0.048025284 0.012394076 0.997905970
1548265294.609210 0.070984490 0.105811782 -0.246057048 -0.040679131 0.041154794 0.012406155 0.998247266
1548265294.642730 0.072610594 0.113149658 -0.249709547 -0.037654717 0.043476745 0.013785361 0.998249412
1548265294.676240 0.060686719 0.103034131 -0.243721023 -0.038785901 0.044967588 0.017729973 0.998077750
1548265294.709740 0.079752043 0.105975404 -0.251214802 -0.036859561 0.038940955 0.019131279 0.998378158
1548265294.743230 0.078391492 0.114038616 -0.252876729 -0.034411952 0.041267090 0.020761035 0.998339534
1548265294.776750 0.073845580 0.112402573 -0.249919727 -0.035228021 0.042331122 0.022559645 0.998227477
1548265294.810260 0.090321645 0.120325506 -0.252146482 -0.034207672 0.039412901 0.022291830 0.998388469
1548265294.843770 0.080680154 0.121962450 -0.255306125 -0.034855761 0.044412490 0.022245625 0.998157203
1548265294.877290 0.078291908 0.120900817 -0.253052831 -0.036512859 0.045175333 0.021213762 0.998086154
1548265294.910810 0.083590105 0.114776775 -0.251824886 -0.038966771 0.043593127 0.019108854 0.998106241
1548265294.944320 0.078428231 0.117376864 -0.251439661 -0.039564483 0.045583174 0.017101511 0.998030245
1548265294.977820 0.074146025 0.113814868 -0.247577280 -0.041184876 0.044801325 0.015471522 0.998026669
1548265295.011330 0.077535622 0.127204999 -0.253563643 -0.038913738 0.044196010 0.012948127 0.998180747
1548265295.044850 0.080556482 0.122250557 -0.248541683 -0.040994544 0.042675309 0.013233939 0.998159885
1548265295.078350 0.075836912 0.120869696 -0.254813045 -0.041064557 0.040433772 0.010909650 0.998278439
1548265295.111870 0.076949909 0.115710273 -0.255639493 -0.042226925 0.037083723 0.008661282 0.998382032
1548265295.145370 0.075559385 0.121248662 -0.258968174 -0.041737970 0.035431385 0.006585208 0.998478413
1548265295.178900 0.067168273 0.133924037 -0.261935025 -0.040558469 0.035622895 0.006317726 0.998521984
1548265295.212430 0.059981268 0.131327912 -0.263417155 -0.042416647 0.032704782 0.005170667 0.998551190
1548265295.245950 0.063708186 0.130538642 -0.269039214 -0.043352921 0.028878426 0.003225397 0.998637140
1548265295.279450 0.069526032 0.132840320 -0.267995089 -0.044143803 0.024730043 0.003026500 0.998714447
1548265295.312940 0.064912945 0.130615145 -0.271149069 -0.045426715 0.018190246 0.002076356 0.998799860
1548265295.346450 0.041409701 0.133955926 -0.279778212 -0.045553587 0.016755251 0.000439024 0.998821259
1548265295.379960 0.033151899 0.129149273 -0.279921860 -0.046780985 0.011818100 -0.002364797 0.998832464
1548265295.413480 0.043927833 0.136328384 -0.285356969 -0.046945274 0.004741643 -0.002723334 0.998882473
1548265295.446990 0.044750109 0.131492302 -0.286176831 -0.049762469 0.001135636 -0.004370412 0.998750865
1548265295.480510 0.053843975 0.122442581 -0.284635633 -0.053168915 -0.004838885 -0.006815067 0.998550594
1548265295.514030 0.061598163 0.117525138 -0.287446052 -0.055893216 -0.004501958 -0.007459883 0.998398781
1548265295.547530 0.050445843 0.127986774 -0.283356845 -0.055815641 -0.001861978 -0.005566766 0.998423874
1548265295.581060 0.049682081 0.127374008 -0.279765159 -0.056773428 -0.002558423 -0.006165748 0.998364747
1548265295.614570 0.061126180 0.100381963 -0.275834441 -0.061028711 -0.000913125 -0.009579251 0.998089671
1548265295.648080 0.052996002 0.121953323 -0.272939593 -0.056471493 0.004376906 -0.007289739 0.998368025
1548265295.681590 0.059144631 0.118889846 -0.273252308 -0.055064365 0.006176931 -0.008518621 0.998427391
1548265295.715110 0.053864893 0.120099887 -0.270109951 -0.052831989 0.010295151 -0.011949523 0.998478830
1548265295.748630 0.037535138 0.151266918 -0.265388072 -0.045615852 0.014591111 -0.010143202 0.998800993
1548265295.782140 0.054531384 0.132891908 -0.267425060 -0.045918591 0.010759047 -0.015717372 0.998763561
1548265295.815660 0.053485990 0.126892328 -0.269959778 -0.044673320 0.013815201 -0.019062860 0.998724222
1548265295.849600 0.043507181 0.160139680 -0.263642162 -0.037743647 0.016953358 -0.017172204 0.998996079
1548265295.883220 0.032728855 0.147788286 -0.263048589 -0.038543586 0.018782843 -0.020152515 0.998877108
1548265295.916730 0.038539562 0.172217563 -0.258271992 -0.033786975 0.015185138 -0.018224454 0.999147534
1548265295.950150 0.044781737 0.170688957 -0.262083739 -0.033470713 0.016470553 -0.018928118 0.999124706
1548265295.983080 0.030617669 0.181708038 -0.256807745 -0.032084629 0.020488689 -0.015505179 0.999154866
1548265296.017180 0.038794059 0.174022391 -0.256306887 -0.034300365 0.015318832 -0.016618466 0.999155939
1548265296.050800 0.044032056 0.168031350 -0.257928610 -0.036708485 0.017572358 -0.016984629 0.999027133
1548265296.084310 0.029512247 0.183815196 -0.252900869 -0.035527643 0.020134619 -0.014770676 0.999056637
1548265296.117830 0.039269537 0.170663729 -0.252376974 -0.039906431 0.016567376 -0.016667813 0.998926997
1548265296.151360 0.040580977 0.166180134 -0.248878717 -0.042387705 0.018235514 -0.017234163 0.998786151
1548265296.184870 0.034118980 0.168839261 -0.244879007 -0.043371592 0.021087429 -0.016216416 0.998704791
1548265296.218380 0.037662838 0.169256166 -0.242118731 -0.044416659 0.021212196 -0.015535473 0.998667061
1548265296.251530 0.043185074 0.157362446 -0.242550418 -0.047327917 0.025198266 -0.014575562 0.998455107
1548265296.285050 0.030703602 0.165141150 -0.234977528 -0.046383236 0.029952198 -0.010808909 0.998416066
1548265296.318660 0.036434431 0.159217194 -0.233231232 -0.047375914 0.028694849 -0.009241721 0.998422086
1548265296.352180 0.048474010 0.137428507 -0.236663714 -0.050746929 0.032310199 -0.007205842 0.998162746
1548265296.385690 0.036524180 0.147301227 -0.228314251 -0.048714802 0.038807008 -0.002800956 0.998054624
1548265296.419210 0.038819682 0.144256845 -0.226703972 -0.048491284 0.039860856 -0.001031105 0.998027384
1548265296.452730 0.024402758 0.112499855 -0.234319359 -0.053000003 0.047984712 -0.001275424 0.997440100
1548265296.486240 0.020938978 0.114945740 -0.227915645 -0.051519714 0.059726123 0.003137960 0.996879458
1548265296.519660 0.037171427 0.129061714 -0.213158742 -0.047619749 0.062686346 0.007689883 0.996866882
1548265296.553180 0.021429284 0.110648960 -0.209236085 -0.049095076 0.069561362 0.008573650 0.996331930
1548265296.586490 0.038363185 0.122077100 -0.206088796 -0.045265038 0.072647519 0.012892313 0.996246517
1548265296.620010 0.042263359 0.109094180 -0.202664599 -0.045140449 0.074311160 0.015633551 0.996090233
1548265296.653460 0.047458310 0.098052830 -0.201266065 -0.044198677 0.078900844 0.016946619 0.995757937
1548265296.686880 0.045324277 0.100151151 -0.196396112 -0.040768843 0.082878321 0.021755788 0.995487690
1548265296.720490 0.049373586 0.096958302 -0.197015658 -0.037929334 0.082697451 0.024546048 0.995550096
1548265296.754070 0.047006458 0.094355680 -0.192498609 -0.035290107 0.083804831 0.025091538 0.995540917
1548265296.787520 0.044959705 0.084281705 -0.189948097 -0.033860356 0.085792281 0.027832840 0.995348394
1548265296.820940 0.046379916 0.090029165 -0.188980088 -0.029687745 0.084810175 0.030620877 0.995483875
1548265296.854390 0.045914136 0.072233640 -0.187078103 -0.030192245 0.082911178 0.031827856 0.995590866
1548265296.887890 0.049667940 0.064239196 -0.187844157 -0.030101392 0.084019944 0.033958670 0.995430231
1548265296.921410 0.044520937 0.069740333 -0.183544248 -0.027887236 0.084058791 0.036368743 0.995406270
1548265296.954940 0.055321611 0.055519290 -0.182212472 -0.030647399 0.082103200 0.036275934 0.995491743
1548265296.988450 0.057978671 0.049295373 -0.177122518 -0.031983640 0.083886147 0.037709393 0.995247781
1548265297.021970 0.054740101 0.041404624 -0.173419878 -0.033880532 0.085496336 0.039785743 0.994967103
1548265297.055490 0.059204262 0.035825830 -0.170083612 -0.035151228 0.085045271 0.041188117 0.994904637
1548265297.089160 0.062137611 0.022937626 -0.163966149 -0.037424102 0.085306339 0.043457501 0.994702816
1548265297.122680 0.057244260 0.028185982 -0.160672322 -0.036098570 0.085014686 0.046069104 0.994659245
1548265297.156390 0.054691698 0.004807851 -0.151302084 -0.038936142 0.082486980 0.047916956 0.994677722
1548265297.189970 0.062965080 -0.001836135 -0.148701206 -0.038749501 0.079805546 0.050954178 0.994752884
1548265297.223420 0.059217971 0.001100312 -0.147074714 -0.036541518 0.075748608 0.053961173 0.994994998
1548265297.256940 0.062254917 -0.023367550 -0.140243858 -0.038993310 0.071733683 0.055346143 0.995123386
1548265297.290450 0.064063400 -0.033891547 -0.137648791 -0.038738146 0.069510549 0.058347750 0.995119691
1548265297.323970 0.067341223 -0.040509399 -0.136908904 -0.038058702 0.066867866 0.061674722 0.995126367
1548265297.357480 0.078740142 -0.044518624 -0.133145139 -0.037179403 0.062429622 0.063862026 0.995309949
1548265297.391070 0.084216841 -0.055202425 -0.127811641 -0.038416304 0.062041041 0.065246977 0.995197415
1548265297.424600 0.084702365 -0.065331064 -0.122970603 -0.039635833 0.063099049 0.067366287 0.994941890
1548265297.458120 0.088007227 -0.070384808 -0.121959917 -0.039380565 0.061672591 0.069380887 0.994902968
1548265297.491640 0.073318958 -0.059880391 -0.120157413 -0.035994697 0.057446387 0.069817975 0.995253623
1548265297.525130 0.109838299 -0.091833375 -0.111481756 -0.042588402 0.049295694 0.065744251 0.995707691
1548265297.558580 0.082479596 -0.060757961 -0.108797535 -0.036934607 0.051789895 0.066599436 0.995750010
1548265297.592060 0.072276466 -0.070831664 -0.099798471 -0.038729981 0.037757732 0.060528044 0.996699870
1548265297.625550 0.104214624 -0.098420069 -0.089625128 -0.045618139 0.030393833 0.051868707 0.997148335
1548265297.659010 0.094664067 -0.081053182 -0.084848709 -0.043178201 0.033866744 0.053161938 0.997076929
1548265297.692520 0.068645068 -0.093628377 -0.080251388 -0.045027301 0.023102120 0.043722261 0.997761071
1548265297.726010 0.102024272 -0.085776903 -0.072128937 -0.044738151 0.014813382 0.036820386 0.998210013
1548265297.759530 0.088737451 -0.061188884 -0.077702910 -0.039294098 0.014322816 0.035929173 0.998478770
1548265297.793050 0.090521209 -0.090010531 -0.061941948 -0.044543546 -0.001010025 0.025270944 0.998687267
1548265297.826560 0.108949259 -0.088646121 -0.057172842 -0.045455676 0.000332611 0.019455729 0.998776853
1548265297.860080 0.105055556 -0.052779850 -0.058530521 -0.039245535 -0.000492198 0.020248407 0.999024272
1548265297.893600 0.096403278 -0.072731599 -0.047218811 -0.044436391 -0.010059574 0.010515571 0.998906195
1548265297.927110 0.112409487 -0.071026906 -0.049773648 -0.046302088 -0.007805939 0.006590757 0.998875260
1548265297.960630 0.082964815 -0.019888507 -0.036736365 -0.039012671 -0.004564555 0.007642574 0.999199092
1548265297.994140 0.110007301 -0.047304653 -0.041281790 -0.047512412 -0.016340451 0.000074632 0.998736978
1548265298.027660 0.109509222 -0.052342869 -0.039652605 -0.051920600 -0.014464621 -0.003828248 0.998539090
1548265298.061180 0.116025120 -0.037344109 -0.032375496 -0.052584860 -0.014134260 -0.005250946 0.998502612
1548265298.094690 0.101958908 -0.039329171 -0.020484207 -0.056115929 -0.013381899 -0.008746538 0.998296261
1548265298.128210 0.125309125 -0.034031130 -0.027309949 -0.058814727 -0.013312985 -0.011090258 0.998118520
1548265298.161720 0.115428545 -0.016204501 -0.013236333 -0.058829028 -0.011248088 -0.011529054 0.998138130
1548265298.195250 0.125529230 -0.016269844 -0.011012358 -0.062163252 -0.014250849 -0.014462774 0.997859418
1548265298.228770 0.136157110 -0.016443565 -0.015726687 -0.064983599 -0.012935784 -0.015647519 0.997679770
1548265298.262290 0.126460627 -0.010066912 -0.000914895 -0.066650055 -0.008134148 -0.014998213 0.997630537
1548265298.295800 0.133962423 0.013349884 -0.002267759 -0.064351171 -0.010485086 -0.014880789 0.997761250
1548265298.329310 0.140675157 0.004411345 0.000448545 -0.067930371 -0.009900309 -0.016450489 0.997505307
1548265298.362840 0.134402663 0.010681311 0.010408949 -0.068103477 -0.007245612 -0.014069107 0.997552752
1548265298.396370 0.142083898 0.005976324 0.012417440 -0.070113890 -0.008014116 -0.014277093 0.997404635
1548265298.429900 0.135882750 0.013034697 0.014992042 -0.069483832 -0.006360698 -0.013167190 0.997475922
1548265298.463380 0.140701413 0.021477446 0.017901400 -0.068434425 -0.008757805 -0.012389243 0.997540236
1548265298.496930 0.150022820 0.018899271 0.020653646 -0.069426514 -0.009874664 -0.013279182 0.997449815
1548265298.530410 0.144216612 0.036591012 0.022760397 -0.066863842 -0.009525456 -0.013176813 0.997629583
1548265298.563820 0.162028849 0.038304552 0.020013748 -0.067619018 -0.013071204 -0.015454215 0.997505844
1548265298.597330 0.156535432 0.023731304 0.026457356 -0.071990348 -0.008073189 -0.017141297 0.997225344
1548265298.631000 0.156709000 0.036807787 0.029556515 -0.070802048 -0.006205251 -0.017027320 0.997325718
1548265298.664410 0.154876232 0.043704461 0.035379451 -0.070119590 -0.005905647 -0.019137023 0.997337520
1548265298.697930 0.149119824 0.053335585 0.038019106 -0.067969866 -0.005638570 -0.020460527 0.997461617
1548265298.731440 0.161055177 0.054897536 0.036509514 -0.067087874 -0.008400555 -0.023042202 0.997445583
1548265298.764960 0.153347060 0.059780773 0.035857733 -0.065883920 -0.006161621 -0.024807608 0.997499824
1548265298.798470 0.158378154 0.066863939 0.032176487 -0.064036749 -0.007716995 -0.027734594 0.997532189
1548265298.832010 0.156042650 0.073717482 0.031879164 -0.062927537 -0.006799386 -0.030112242 0.997540534
1548265298.865510 0.157756850 0.079627544 0.028376563 -0.062302317 -0.007543393 -0.033316810 0.997472584
1548265298.898950 0.160037771 0.087996617 0.027404530 -0.061918490 -0.007046605 -0.035190240 0.997435749
1548265298.932470 0.152378082 0.099484421 0.021894040 -0.061489403 -0.006807412 -0.037159763 0.997392535
1548265298.965990 0.158864021 0.099909641 0.017542306 -0.063619904 -0.008736180 -0.040678117 0.997106552
1548265298.999470 0.158860371 0.105713710 0.014586384 -0.065254614 -0.007093666 -0.041632097 0.996974587
1548265299.032970 0.149965227 0.136434987 0.015469809 -0.061919797 -0.006817293 -0.041454304 0.997196555
1548265299.066480 0.160859376 0.120735615 0.011303891 -0.067094304 -0.010533417 -0.043409131 0.996746242
1548265299.100000 0.155583575 0.129499719 0.007508906 -0.068197951 -0.006369415 -0.041960143 0.996768653
1548265299.133520 0.144323677 0.166171059 -0.000722980 -0.064316764 -0.008263745 -0.039004657 0.997132719
1548265299.167030 0.176698357 0.153033480 -0.014391998 -0.070024960 -0.016349297 -0.040145751 0.996603012
1548265299.200550 0.157829821 0.173523024 -0.017291585 -0.071035184 -0.010647426 -0.038479388 0.996674478
1548265299.234060 0.161745235 0.200578555 -0.019755483 -0.070457920 -0.014856286 -0.036119800 0.996749878
1548265299.267570 0.171520159 0.184529617 -0.023377309 -0.078657962 -0.018312592 -0.038784418 0.995978594
1548265299.301090 0.161578864 0.196316928 -0.031285174 -0.082180813 -0.015892901 -0.038325883 0.995753407
1548265299.334580 0.173884958 0.195221081 -0.032747973 -0.088174537 -0.019144056 -0.037309851 0.995221972
1548265299.368090 0.168705896 0.207077354 -0.040689532 -0.090678342 -0.017802106 -0.038176674 0.994988978
1548265299.401610 0.170649365 0.210969508 -0.042826079 -0.094613262 -0.018555114 -0.037645146 0.994629025
1548265299.435120 0.156358287 0.217681006 -0.046807263 -0.097406365 -0.018752960 -0.037369799 0.994366050
1548265299.468640 0.167718798 0.220485881 -0.057741508 -0.100539364 -0.025181180 -0.039203405 0.993841469
1548265299.502160 0.171056047 0.219613671 -0.062968113 -0.104204610 -0.026605858 -0.041532151 0.993332088
1548265299.535670 0.162284181 0.220986515 -0.064190567 -0.106360570 -0.025077365 -0.041371390 0.993150055
1548265299.569190 0.170455858 0.216778174 -0.070343859 -0.108539440 -0.031104375 -0.042611293 0.992691278
1548265299.602730 0.175695598 0.208134249 -0.081069261 -0.110354535 -0.031692419 -0.046114352 0.992315948
1548265299.636220 0.155368432 0.213377491 -0.080102198 -0.109330073 -0.026892154 -0.044520736 0.992643774
1548265299.669740 0.166838169 0.214359194 -0.087694548 -0.107843883 -0.035075072 -0.045198973 0.992520273
1548265299.703250 0.177314535 0.205652386 -0.094107866 -0.107312806 -0.036929093 -0.046688564 0.992441654
1548265299.736790 0.156812355 0.210354239 -0.099619873 -0.104701683 -0.034673028 -0.045346878 0.992864013
1548265299.770320 0.182807207 0.199801609 -0.106667586 -0.104136035 -0.043664500 -0.046500988 0.992515385
1548265299.804010 0.180305213 0.196040750 -0.114690721 -0.102151833 -0.039908361 -0.047616009 0.992826819
1548265299.837540 0.155907378 0.193733960 -0.112689488 -0.100452267 -0.039487939 -0.046334628 0.993077636
1548265299.871060 0.183470562 0.162378907 -0.127193257 -0.101696596 -0.048743974 -0.048047505 0.992458224
1548265299.904610 0.188434631 0.162712753 -0.133691207 -0.095485926 -0.043343555 -0.045332398 0.993452966
1548265299.938180 0.171132743 0.148022562 -0.125099018 -0.092606902 -0.043980993 -0.040594801 0.993902266
1548265299.971970 0.201508224 0.128656894 -0.144475594 -0.088532284 -0.050833870 -0.041343503 0.993915796
1548265300.005480 0.211483419 0.121235952 -0.149917677 -0.082483895 -0.044731285 -0.037524778 0.994880617
1548265300.039000 0.209085733 0.101513699 -0.142563373 -0.080242947 -0.045169294 -0.034104094 0.995167196
1548265300.072520 0.206066847 0.091084793 -0.147802874 -0.076574661 -0.044283915 -0.033552527 0.995514631
1548265300.106030 0.222681507 0.082943633 -0.151297480 -0.073356561 -0.033192102 -0.029459307 0.996317863
1548265300.139550 0.228095576 0.081566073 -0.147426635 -0.069972552 -0.033887379 -0.027343558 0.996598125
1548265300.173080 0.282127976 0.028720815 -0.160015583 -0.075369678 -0.038048945 -0.029342875 0.995997310
1548265300.206600 0.270847827 0.059519604 -0.150527388 -0.067102425 -0.026426269 -0.021739798 0.997159123
1548265300.240100 0.285134852 0.035615459 -0.153286442 -0.068364806 -0.029040489 -0.019531921 0.997046351
1548265300.273610 0.283736259 0.008429555 -0.157143712 -0.070097461 -0.023010805 -0.018175872 0.997109056
1548265300.307130 0.252308190 0.027485216 -0.140960291 -0.064960659 -0.009259485 -0.009717723 0.997797549
1548265300.340640 0.247604892 0.026990123 -0.137112841 -0.063462503 -0.009596992 -0.003083735 0.997933328
1548265300.374180 0.292697966 -0.000036576 -0.141029596 -0.066379033 -0.016617844 0.001281076 0.997655272
1548265300.407690 0.287715137 0.014565454 -0.137713268 -0.063351072 -0.010389465 0.007588755 0.997908354
1548265300.441210 0.289563090 -0.009837400 -0.137253165 -0.067082718 -0.014371024 0.012016675 0.997571528
1548265300.474830 0.298142999 -0.015526109 -0.125989616 -0.067033447 -0.017691445 0.013116272 0.997507632
1548265300.508490 0.314260423 -0.032277003 -0.123544917 -0.068509638 -0.016856501 0.016293887 0.997374952
1548265300.542010 0.305747390 -0.038535286 -0.114050210 -0.068055071 -0.014011081 0.020085644 0.997380972
1548265300.575520 0.326629221 -0.043604434 -0.110607795 -0.066413015 -0.018606864 0.021538015 0.997386217
1548265300.609040 0.328980803 -0.040517528 -0.107240684 -0.064740211 -0.018272983 0.020661052 0.997520924
1548265300.642560 0.324085981 -0.046307921 -0.102141082 -0.065828770 -0.016994210 0.018189367 0.997520387
1548265300.675930 0.320391893 -0.043111414 -0.097856350 -0.065017872 -0.017893974 0.014648343 0.997616112
1548265300.709440 0.317800403 -0.044522565 -0.090304554 -0.064996116 -0.020618819 0.009220554 0.997629881
1548265300.742960 0.299125910 -0.040657911 -0.087637879 -0.063956708 -0.020465445 0.002977766 0.997738361
1548265300.775610 0.297615826 -0.040159408 -0.082011446 -0.063383602 -0.025408762 -0.003291171 0.997660339
1548265300.809090 0.292039514 -0.032894384 -0.076280542 -0.061494686 -0.028851783 -0.010751189 0.997632384
1548265300.842600 0.282821566 -0.034285542 -0.071779728 -0.061878003 -0.030161113 -0.016829284 0.997485936
1548265300.876120 0.273478270 -0.021610107 -0.065949738 -0.060145296 -0.032576874 -0.022577133 0.997402370
1548265300.909640 0.260333210 -0.017333755 -0.065156110 -0.060231149 -0.036627274 -0.028313462 0.997110307
1548265300.943150 0.256588370 -0.021524483 -0.055027004 -0.061906870 -0.042052414 -0.034308296 0.996605277
1548265300.976670 0.247810423 -0.013978576 -0.051073119 -0.060959939 -0.043722942 -0.037463512 0.996478140
1548265301.010180 0.239424080 0.002136807 -0.050487440 -0.059076700 -0.048660301 -0.039986610 0.996264637
1548265301.043710 0.231406182 0.003725254 -0.046328925 -0.060789488 -0.052349746 -0.042821795 0.995856643
1548265301.077220 0.224075347 0.016885065 -0.043117851 -0.060434613 -0.056904525 -0.042891655 0.995625377
1548265301.110730 0.208437368 0.008020977 -0.036438495 -0.063471094 -0.062337365 -0.043157768 0.995099425
1548265301.144250 0.217346296 0.004312725 -0.032859001 -0.064769037 -0.068090864 -0.042323779 0.994674444
1548265301.177760 0.212138444 0.011553686 -0.029813832 -0.064212903 -0.067784056 -0.038576331 0.994883835
1548265301.211360 0.174355239 0.031877402 -0.027918421 -0.061737590 -0.066434294 -0.033844873 0.995303750
1548265301.245020 0.223091260 0.020869024 -0.025451757 -0.064282678 -0.079330504 -0.033057749 0.994224131
1548265301.278540 0.211639926 0.022191659 -0.024228543 -0.065473959 -0.074602857 -0.028835436 0.994643688
1548265301.312050 0.208167285 0.038892273 -0.024304980 -0.063980766 -0.077733770 -0.025208078 0.994599640
1548265301.345570 0.229620665 0.031795111 -0.023546640 -0.067508571 -0.082459204 -0.026158320 0.993961155
1548265301.379120 0.213211119 0.041256506 -0.023196282 -0.069203712 -0.077781662 -0.022942934 0.994301021
1548265301.412630 0.211567268 0.048648894 -0.023739770 -0.071336724 -0.080134347 -0.022994993 0.993962169
1548265301.446150 0.215251788 0.043390285 -0.023236096 -0.074984945 -0.081466734 -0.023617990 0.993570626
1548265301.479670 0.204093277 0.051468268 -0.019781694 -0.075581446 -0.080871105 -0.022667825 0.993596256
1548265301.512980 0.214549735 0.046558216 -0.024062227 -0.077482857 -0.086608931 -0.023424968 0.992948413
1548265301.546500 0.228305131 0.050366264 -0.026869062 -0.077857360 -0.089172095 -0.025067681 0.992652059
1548265301.580020 0.215395600 0.050405934 -0.026310068 -0.079624265 -0.085784383 -0.025462076 0.992800415
1548265301.613530 0.208694756 0.053490900 -0.033140611 -0.080167875 -0.086782336 -0.025521062 0.992668450
1548265301.647050 0.216389254 0.054759391 -0.034562998 -0.080928586 -0.091142751 -0.027162215 0.992172241
1548265301.680430 0.212879419 0.056780636 -0.038556967 -0.081813753 -0.091766499 -0.029331103 0.991980374
1548265301.713940 0.213593900 0.059117872 -0.042186555 -0.082743876 -0.094228335 -0.030284101 0.991643786
1548265301.747460 0.212578729 0.056524985 -0.044376727 -0.084296107 -0.096641175 -0.032155827 0.991221786
1548265301.780970 0.213463008 0.061827324 -0.046840724 -0.083955340 -0.099443041 -0.033355717 0.990933895
1548265301.814590 0.215125233 0.059780635 -0.051923994 -0.085039370 -0.100745670 -0.035163049 0.990647376
1548265301.848110 0.216204852 0.065280035 -0.055365350 -0.084936507 -0.101935886 -0.035315014 0.990529001
1548265301.881620 0.221912041 0.065487839 -0.057712611 -0.086153544 -0.104539774 -0.036707014 0.990101814
1548265301.915140 0.223559245 0.071083628 -0.061569296 -0.086820111 -0.105568707 -0.037484922 0.989905238
1548265301.948660 0.225622028 0.070550218 -0.062295344 -0.088908426 -0.106569104 -0.038208872 0.989584982
1548265301.982690 0.226024047 0.073069252 -0.062115081 -0.090341464 -0.107076898 -0.038811345 0.989376903
1548265302.016240 0.222905040 0.067454763 -0.063064083 -0.092521176 -0.106732778 -0.039193247 0.989197552
1548265302.049760 0.223657787 0.069797628 -0.062197238 -0.092837378 -0.107611850 -0.038474381 0.989100933
1548265302.083280 0.224417999 0.067500532 -0.065379418 -0.093781151 -0.109330937 -0.038118631 0.988837123
1548265302.116820 0.225557268 0.067880489 -0.066896752 -0.093755007 -0.110630535 -0.038843643 0.988666832
1548265302.150330 0.221694902 0.068572864 -0.068972163 -0.093989789 -0.110778630 -0.038592722 0.988637745
1548265302.183870 0.224438623 0.070363626 -0.071006104 -0.094090618 -0.113383405 -0.039480515 0.988297760
1548265302.217400 0.228257075 0.072748564 -0.072807625 -0.093873233 -0.114570878 -0.040740464 0.988130331
1548265302.250900 0.218880489 0.067697287 -0.073780663 -0.095565453 -0.114089169 -0.041393209 0.987996697
1548265302.284400 0.216455504 0.068178929 -0.075459734 -0.094939500 -0.117391735 -0.042880557 0.987606645
1548265302.317910 0.219898671 0.066129431 -0.075114869 -0.094118409 -0.120741859 -0.044766065 0.987197578
1548265302.351430 0.214394510 0.061932258 -0.079575181 -0.093540162 -0.121562362 -0.045343895 0.987125516
1548265302.384950 0.213744923 0.065097466 -0.079533607 -0.091044299 -0.124728680 -0.045760002 0.986944616
1548265302.418460 0.214784890 0.057964530 -0.081531413 -0.090128943 -0.127477288 -0.047035448 0.986617446
1548265302.451980 0.217317685 0.065277368 -0.085422806 -0.086842038 -0.128717616 -0.047971480 0.986706138
1548265302.485490 0.216788948 0.067113988 -0.087004751 -0.085618667 -0.129627734 -0.047196288 0.986731291
1548265302.519040 0.211200833 0.069291808 -0.092163682 -0.084486961 -0.131460696 -0.048407886 0.986527622
1548265302.552560 0.210064694 0.071409531 -0.094401926 -0.083898462 -0.133156642 -0.050092228 0.986266255
1548265302.586080 0.211555436 0.068582237 -0.095959239 -0.084863074 -0.136087731 -0.050562348 0.985759497
1548265302.619560 0.208403647 0.068662271 -0.098714314 -0.084951513 -0.138096765 -0.052292742 0.985382140
1548265302.653070 0.209959269 0.067887999 -0.098898567 -0.084893048 -0.140529439 -0.053610049 0.984972358
1548265302.686570 0.204343185 0.070861399 -0.101314858 -0.084186815 -0.141412899 -0.053626031 0.984905720
1548265302.720080 0.213030279 0.065320574 -0.100631416 -0.084643289 -0.146240398 -0.055245437 0.984071732
1548265302.753620 0.211102471 0.068183862 -0.106029205 -0.083477624 -0.145123065 -0.056270592 0.984278619
1548265302.787140 0.205632836 0.069153048 -0.107782029 -0.083045073 -0.144349545 -0.055034440 0.984498799
1548265302.820660 0.211705193 0.070153579 -0.109888099 -0.082217932 -0.146468952 -0.055396151 0.984234869
1548265302.854210 0.213098332 0.066495717 -0.111188263 -0.083049275 -0.146195695 -0.055312853 0.984210432
1548265302.887760 0.206888884 0.077027895 -0.113356002 -0.081464089 -0.144415990 -0.054861970 0.984630764
1548265302.921340 0.209085450 0.073992528 -0.114563055 -0.082465112 -0.145752326 -0.055109113 0.984336674
1548265302.954870 0.212115645 0.071148247 -0.115134455 -0.083402447 -0.146675825 -0.055930056 0.984074235
1548265302.988390 0.207667828 0.069386579 -0.115242682 -0.084197491 -0.145588264 -0.055750057 0.984178245
1548265303.021900 0.206798986 0.061122868 -0.116466947 -0.085771956 -0.147438571 -0.055340283 0.983789861
1548265303.055420 0.207534418 0.061654195 -0.116953120 -0.084818512 -0.148847535 -0.056247965 0.983608842
1548265303.088940 0.208836481 0.060643766 -0.117812626 -0.083891563 -0.148728251 -0.055217132 0.983764768
