1548265286.565590 0.0000000 0.0000000 0.0000000 0.0000000 0.0000000 0.0000000 1.0000000
1548265286.599090 -0.0054550 0.0003599 0.0090536 0.0019912 0.0074614 0.0043651 0.9999607
1548265286.632600 0.0055366 -0.0191943 -0.0079801 0.0003110 0.0116366 0.0060404 0.9999140
1548265287.001280 0.0491218 -0.0656376 -0.0044357 -0.0223673 0.0783428 0.0324372 0.9961476
1548265287.504390 0.0866515 -0.0468345 -0.0366078 -0.0481541 0.1143435 0.0263382 0.9919239
1548265287.906720 0.0780029 0.0481893 -0.0561981 -0.0682177 0.1093154 0.0077119 0.9916335
1548265288.710620 0.1008459 0.1844393 -0.1203320 -0.0789380 0.0743804 -0.0272735 0.9937266
1548265292.196370 0.1155831 0.1401144 -0.2480948 -0.0422975 0.0717182 0.0059780 0.9965097
1548265292.531500 0.1250681 0.1511115 -0.2456449 -0.0459270 0.0736757 0.0026080 0.9962208
1548265293.067580 0.1256290 0.1572850 -0.2408477 -0.0485040 0.0715882 -0.0012694 0.9962534
1548265293.671430 0.1040419 0.1918371 -0.2427592 -0.0579064 0.0564738 -0.0135699 0.9966310
1548265293.872010 0.0839504 0.1801826 -0.2315452 -0.0519359 0.0630942 -0.0121864 0.9965808
1548265294.039590 0.0850435 0.1624998 -0.2385634 -0.0412597 0.0645048 0.0042078 0.9970552
1548265294.374560 0.0761527 0.1271140 -0.2450683 -0.0393633 0.0537061 0.0158508 0.9976547
1548265294.944320 0.0784282 0.1173769 -0.2514397 -0.0395645 0.0455832 0.0171015 0.9980302
1548265299.133520 0.1443237 0.1661711 -0.0007230 -0.0643168 -0.0082637 -0.0390047 0.9971327
1548265299.435120 0.1563583 0.2176810 -0.0468073 -0.0974064 -0.0187530 -0.0373698 0.9943660
1548265299.669740 0.1668382 0.2143592 -0.0876945 -0.1078439 -0.0350751 -0.0451990 0.9925203
1548265299.971970 0.2015082 0.1286569 -0.1444756 -0.0885323 -0.0508339 -0.0413435 0.9939158
1548265300.173080 0.2821280 0.0287208 -0.1600156 -0.0753697 -0.0380489 -0.0293429 0.9959973
1548265300.575520 0.3266292 -0.0436044 -0.1106078 -0.0664130 -0.0186069 0.0215380 0.9973862
1548265301.512980 0.2145498 0.0465582 -0.0240622 -0.0774829 -0.0866089 -0.0234250 0.9929484
