1341846092.023798 0.000000000 0.000000000 0.000000000 0.000000000 0.000000000 0.000000000 1.000000000
1341846092.059891 -0.000046837 0.000682601 0.000324805 0.001517100 0.000579001 -0.001565524 0.999997437
1341846092.091861 -0.000136461 0.000795281 0.000055288 0.002883685 0.001029798 -0.001807018 0.999993682
1341846092.123884 0.000210841 0.001480533 -0.000050238 0.004504684 0.001088551 -0.001442226 0.999988198
1341846092.159881 0.001166111 0.000992316 0.000856666 0.005713936 0.000811559 0.000255050 0.999983311
1341846092.191824 0.001189037 0.001385868 0.000197193 0.007289622 0.000401556 0.001077875 0.999972761
1341846092.227766 0.003617035 0.005040960 -0.000337126 0.008879854 0.000568072 0.000157364 0.999960363
1341846092.259844 0.001357756 0.005224235 0.000006921 0.008217359 0.001293373 -0.000499223 0.999965250
1341846092.291754 0.001954105 0.002092543 0.001811964 0.008607750 0.001023387 -0.001721107 0.999960959
1341846092.327827 0.003358968 -0.000030987 0.002295062 0.010704070 0.001019217 -0.002323963 0.999939501
1341846092.359956 0.000791463 -0.000837045 0.001649595 0.013416413 0.001608880 -0.003386898 0.999902964
1341846092.395855 0.003807907 -0.000161905 0.002169161 0.016351059 0.000938266 -0.005289529 0.999851882
1341846092.428016 0.004532626 -0.000491922 0.002138012 0.018924277 0.001416612 -0.007938847 0.999788404
1341846092.459991 0.003591434 -0.001737503 0.002475093 0.021455020 0.001934724 -0.010528632 0.999712527
1341846092.495930 0.003931414 -0.003394463 0.002707114 0.024587149 0.002334949 -0.012536624 0.999616325
1341846092.528072 0.002980451 -0.007330866 0.002209397 0.027733859 0.002708531 -0.016012028 0.999483407
1341846092.559842 0.001279773 -0.006178002 0.001932627 0.032694966 0.004770814 -0.018354984 0.999285460
1341846092.595783 0.004701946 -0.005325994 0.000778602 0.037338067 0.005288790 -0.017944010 0.999127567
1341846092.628121 -0.003454752 -0.007943861 0.003483504 0.041537896 0.005703133 -0.018418137 0.998950899
1341846092.659797 0.010957531 -0.003870373 0.001189369 0.046686210 0.004300771 -0.018686850 0.998725533
1341846092.696012 0.008407149 -0.002169704 0.000698012 0.049605217 0.006648275 -0.019695545 0.998552561
1341846092.727906 0.006078020 -0.009082204 0.001867663 0.051902298 0.007306847 -0.020820947 0.998408377
1341846092.760105 0.009964399 -0.013007746 0.002082752 0.058284912 0.006183050 -0.016837992 0.998138845
1341846092.795871 0.009340095 -0.012416643 0.000509700 0.063092753 0.004490227 -0.015722424 0.997873724
1341846092.827857 0.014219865 -0.015681244 -0.002370422 0.068746850 0.004093627 -0.020369777 0.997417748
1341846092.863824 0.015739698 -0.012187059 -0.001998235 0.073253639 0.006706620 -0.026333155 0.996943057
1341846092.895885 0.009455409 -0.016612023 -0.002325945 0.074109331 0.007911091 -0.029705962 0.996776223
1341846092.927920 0.014470769 -0.021865385 0.003192733 0.078414269 0.006419993 -0.029975513 0.996449411
1341846092.963849 0.016278982 -0.021565935 -0.004771923 0.084118560 0.007473503 -0.028855937 0.996009767
1341846092.995760 0.014071319 -0.029286675 -0.008260669 0.087529652 0.008130719 -0.027702359 0.995743454
1341846093.027860 0.015367174 -0.030607797 -0.005736249 0.095729485 0.007393963 -0.025607519 0.995050430
1341846093.063741 0.016489416 -0.022679022 -0.003838900 0.104963087 0.007962440 -0.025120882 0.994126916
1341846093.125933 0.024974387 -0.032373570 -0.004802136 0.110502861 0.009535663 -0.029613419 0.993388772
1341846093.157795 0.014171874 -0.032729257 -0.008900266 0.116588295 0.012893477 -0.026714465 0.992737234
1341846093.189822 0.014235851 -0.033989422 -0.008049835 0.121493414 0.010966219 -0.022384536 0.992279232
1341846093.225887 0.023230957 -0.032452278 -0.006129329 0.126899704 0.009987143 -0.021889662 0.991623700
1341846093.257900 0.023998557 -0.033481393 -0.004271387 0.131583989 0.011802460 -0.022058999 0.990989268
1341846093.289744 0.025753768 -0.036521923 -0.003224720 0.136497393 0.012663332 -0.021156371 0.990333557
1341846093.325795 0.024808811 -0.041755218 -0.004799263 0.141821668 0.013521570 -0.020456752 0.989588439
1341846093.357904 0.023625657 -0.039145872 -0.005697477 0.146783754 0.015019013 -0.021447683 0.988821983
1341846093.393841 0.023189457 -0.041529205 -0.004767884 0.150164247 0.016137047 -0.021985572 0.988284826
1341846093.425924 0.027592639 -0.052378546 -0.002798767 0.154642403 0.014573312 -0.017566713 0.987706840
1341846093.457796 0.030675065 -0.051052995 -0.010999409 0.161021873 0.013469316 -0.017323896 0.986706853
1341846093.493817 0.030387657 -0.053522382 -0.007328995 0.166189522 0.014081111 -0.015552098 0.985870600
1341846093.525871 0.033621162 -0.055698540 -0.008420474 0.172039777 0.013717447 -0.012962398 0.984909177
1341846093.561833 0.029571582 -0.054796543 -0.006264786 0.179675236 0.014393824 -0.009112450 0.983578444
1341846093.593995 0.034959897 -0.051488530 -0.012191832 0.185526714 0.013740133 -0.009591023 0.982496381
1341846093.625945 0.033740003 -0.058798965 -0.012526083 0.188059226 0.015010075 -0.011426562 0.981976509
1341846093.661809 0.033629075 -0.059292324 -0.016635301 0.193988860 0.015320485 -0.012602163 0.980803132
1341846093.693938 0.039484460 -0.049605440 -0.013020599 0.201278970 0.014197331 -0.012809053 0.979347289
1341846093.725842 0.031817876 -0.064428590 -0.013153934 0.204570845 0.014528244 -0.012652307 0.978662133
1341846093.761995 0.024810307 -0.088595510 -0.009520940 0.209431157 0.013425899 -0.011969194 0.977657974
1341846093.794228 0.025570065 -0.073224388 0.002484806 0.219984189 0.009773452 -0.006707427 0.975431442
1341846093.829820 0.027637310 -0.070742071 -0.017472181 0.225882500 0.007757315 -0.005295023 0.974109292
1341846093.861841 0.033125453 -0.074122094 -0.020527255 0.230076149 0.008403291 -0.009070953 0.973094046
1341846093.893823 0.020692501 -0.091721669 -0.027420780 0.234450251 0.009573844 -0.009179085 0.972037613
1341846093.929912 0.024182858 -0.095080338 -0.028464399 0.241375148 0.006146627 -0.007167699 0.970385969
1341846093.961968 0.035850331 -0.087627277 -0.022686247 0.252008379 0.004535355 -0.006053930 0.967695475
1341846093.994029 0.025798941 -0.091554381 -0.024918312 0.256780922 0.006473138 -0.005973171 0.966429472
1341846094.029902 0.035847962 -0.084509693 -0.034766588 0.261285454 0.006005427 -0.009643191 0.965194702
1341846094.062046 0.041111019 -0.086489081 -0.025282977 0.265560240 0.006840325 -0.008487326 0.964032650
1341846094.097921 0.029030994 -0.090331770 -0.030430621 0.269527495 0.009458528 -0.008121524 0.962911963
1341846094.129856 0.041318856 -0.091316238 -0.025583876 0.271300286 0.008475431 -0.008279865 0.962421834
1341846094.161786 0.045898773 -0.087820828 -0.018881563 0.274778306 0.009949628 -0.009074654 0.961413264
1341846094.197938 0.050170708 -0.086943194 -0.028053164 0.273596376 0.014050053 -0.008775936 0.961701930
1341846094.229967 0.040026415 -0.086637035 -0.023325928 0.275393993 0.016888194 -0.006924294 0.961158156
1341846094.261795 0.048610650 -0.085928775 -0.022557439 0.273611933 0.016699946 -0.007690597 0.961664438
1341846094.297927 0.052320652 -0.082922421 -0.020206772 0.272337377 0.018290199 -0.009437495 0.961981714
1341846094.329846 0.050424330 -0.084921747 -0.029974207 0.268758506 0.020958332 -0.009716514 0.962930501
1341846094.366053 0.048130471 -0.075051792 -0.023002410 0.267321259 0.019911259 -0.008932061 0.963360369
1341846094.397911 0.047095682 -0.077350140 -0.021358799 0.263336658 0.018107461 -0.007279356 0.964506567
1341846094.429746 0.049554158 -0.066187494 -0.024790673 0.258514196 0.018630531 -0.008745289 0.965788186
1341846094.466133 0.051082164 -0.065151870 -0.024590094 0.250821769 0.016990885 -0.005390438 0.967869163
1341846094.497922 0.046091124 -0.072788477 -0.024313753 0.242856398 0.014298530 -0.001820158 0.969955146
1341846094.533970 0.045364432 -0.068215668 -0.030090990 0.236561343 0.012289723 0.002812817 0.971534789
1341846094.565945 0.051904805 -0.065499187 -0.028293943 0.229489431 0.009382943 0.002944707 0.973261476
1341846094.597899 0.054242756 -0.065856785 -0.022438806 0.221814185 0.008569920 0.005431959 0.975036144
1341846094.633912 0.050518416 -0.061878491 -0.025178391 0.212685615 0.007818703 0.010575050 0.977032185
1341846094.665844 0.057194069 -0.063387789 -0.022635875 0.206173271 0.004660414 0.011928632 0.978431702
1341846094.697961 0.070352830 -0.050440941 -0.019140413 0.199882761 0.005376723 0.013893743 0.979706526
1341846094.733999 0.066851102 -0.055930234 -0.025218563 0.192158297 0.009982779 0.011263474 0.981248558
1341846094.767923 0.058330011 -0.050518934 -0.018120553 0.185751408 0.009887503 0.021794766 0.982305288
1341846094.801844 0.049345773 -0.050532263 -0.022258995 0.180870503 0.007479843 0.022642594 0.983217776
1341846094.833846 0.064517044 -0.052831333 -0.021708326 0.174546331 0.005589970 0.025567397 0.984301090
1341846094.866031 0.053133406 -0.050426252 -0.015192647 0.166175589 0.009575047 0.027283154 0.985672176
1341846094.901923 0.051850501 -0.051587779 -0.017666293 0.155434802 0.009047209 0.028408051 0.987396121
1341846094.966365 0.055585191 -0.043846577 -0.014819705 0.140639514 0.004538755 0.038193643 0.989313483
1341846095.002198 0.033919014 -0.034003519 -0.036903121 0.130344227 0.009753734 0.024884878 0.991108477
1341846095.034722 0.053368263 -0.028191112 -0.019166293 0.120298035 0.007532983 0.033925321 0.992129385
1341846095.075946 0.056666799 -0.023462193 -0.012918671 0.117524542 0.007954209 0.034308527 0.992445290
1341846095.134021 0.050292205 -0.014579239 -0.008570485 0.111771673 0.013019078 0.037414551 0.992944002
1341846095.169946 0.045662921 -0.008822283 -0.008735267 0.110049531 0.013949967 0.041979261 0.992941201
1341846095.201911 0.055711374 -0.001109173 -0.009421092 0.106602423 0.010489583 0.047146425 0.993127942
1341846095.233880 0.060786743 0.001931680 -0.007678596 0.101948045 0.009605727 0.047273614 0.993619382
1341846095.269927 0.049828492 -0.011871671 -0.017274383 0.093857899 0.012596198 0.044861469 0.994494617
1341846095.301803 0.043863449 -0.002287720 -0.008800449 0.089537099 0.011066461 0.045342177 0.994889319
1341846095.337767 0.054595344 -0.001625995 -0.023150751 0.083593421 0.007008967 0.047742561 0.995330930
1341846095.369772 0.058355454 0.002283328 -0.013979948 0.078017622 0.007057860 0.049597852 0.995692492
1341846095.401800 0.049984429 0.011875032 -0.002202151 0.074766107 0.009043052 0.049261048 0.995942593
1341846095.437762 0.053984221 0.002794184 -0.007953643 0.068314046 0.007914724 0.049969848 0.996380210
1341846095.469900 0.058188692 0.001510817 -0.007394026 0.064140119 0.008188978 0.051923782 0.996555507
1341846095.501905 0.053340103 0.005326358 -0.014374458 0.061406948 0.010201802 0.052848611 0.996660471
1341846095.538219 0.058472741 0.019464793 -0.011165565 0.057175424 0.010054845 0.053460311 0.996881068
1341846095.569934 0.055174764 0.011806777 -0.008579699 0.050591934 0.011302914 0.052105989 0.997295201
1341846095.606238 0.058247928 0.014405342 -0.010001126 0.046127707 0.011191331 0.053501137 0.997439027
1341846095.637875 0.052376188 0.004025545 -0.007333239 0.041359238 0.012447382 0.053013749 0.997659266
1341846095.669890 0.059795428 0.013445793 -0.008298236 0.039550368 0.010702846 0.055931542 0.997593522
1341846095.705878 0.063257068 0.017539950 -0.013955031 0.035951488 0.012486574 0.054940529 0.997764051
1341846095.737902 0.058984112 0.014364891 -0.005990071 0.031381432 0.014542953 0.056545198 0.997800767
1341846095.773812 0.056155071 0.014545798 -0.010063480 0.028151179 0.015228569 0.058891743 0.997751176
1341846095.838106 0.065009959 0.024113690 -0.017220547 0.020573936 0.015628958 0.059071090 0.997919381
1341846095.873871 0.060479488 0.026984936 -0.014474967 0.016574632 0.018636964 0.056805316 0.998073697
1341846095.905980 0.058720231 0.033585660 -0.032385629 0.010715598 0.018968925 0.058824491 0.998030603
1341846095.937932 0.063007176 0.031680088 -0.009061673 0.006116136 0.016485939 0.059228260 0.998089612
1341846095.973926 0.062286157 0.040021803 -0.008900259 0.003792258 0.018011341 0.060120780 0.998021364
1341846096.005891 0.052487269 0.050878394 -0.006950386 0.001033842 0.019664859 0.059736401 0.998019934
1341846096.041838 0.061654381 0.037849728 -0.007675393 -0.007135700 0.016646974 0.059700258 0.998052001
1341846096.073937 0.060299575 0.042684514 -0.010119287 -0.010512760 0.017035469 0.056609847 0.998195648
1341846096.105773 0.065497339 0.048011295 -0.010063558 -0.015295333 0.016146109 0.055519562 0.998209834
1341846096.141944 0.063016377 0.039417099 -0.009235309 -0.023976607 0.016677478 0.054847449 0.998067498
1341846096.173951 0.065858439 0.036039211 -0.007174416 -0.027439566 0.015177424 0.053662725 0.998066664
1341846096.205991 0.059755526 0.041558940 -0.005449095 -0.027394973 0.016612405 0.052900862 0.998085678
1341846096.241942 0.062154315 0.041871794 -0.009009454 -0.030073155 0.015377587 0.054874320 0.997921824
1341846096.273909 0.063057706 0.042405847 -0.010203341 -0.032974701 0.014488718 0.052959327 0.997946918
1341846096.309891 0.062660813 0.058166131 -0.014543036 -0.033563182 0.014891229 0.051834811 0.997980416
1341846096.341861 0.059808243 0.044369750 -0.006978496 -0.040036902 0.015000674 0.052231386 0.997719347
1341846096.374240 0.066678628 0.037316538 -0.008139988 -0.042358268 0.012751442 0.051382355 0.997698843
1341846096.409718 0.066639982 0.049534250 -0.007420473 -0.041195489 0.013409714 0.049564749 0.997830868
1341846096.441905 0.065240480 0.053342164 -0.006814014 -0.043627683 0.014072605 0.047640052 0.997812092
1341846096.473846 0.065827526 0.050308622 -0.006801005 -0.047349371 0.013108775 0.045090221 0.997774065
1341846096.510050 0.071768805 0.043264542 -0.010077370 -0.051064871 0.012682343 0.042546734 0.997708023
1341846096.542063 0.070725098 0.049090594 -0.004005488 -0.051421054 0.013312594 0.042755146 0.997672617
1341846096.577955 0.063018218 0.050001841 -0.009776783 -0.053289194 0.015361074 0.041758325 0.997587323
1341846096.609941 0.060086764 0.069882773 -0.006436555 -0.053624820 0.014788608 0.040976007 0.997610450
1341846096.641875 0.066195153 0.051574625 -0.007937823 -0.063196413 0.013432278 0.038736813 0.997158587
1341846096.677902 0.066122256 0.055033553 -0.010474859 -0.065484807 0.014275072 0.037030052 0.997064054
1341846096.709906 0.061840937 0.068087764 -0.016324649 -0.067955762 0.015022422 0.036221281 0.996917427
1341846096.745991 0.071107857 0.062663868 -0.010175987 -0.074822016 0.012220076 0.036987107 0.996435761
1341846096.777870 0.076163195 0.065212451 -0.013979296 -0.077589095 0.012526361 0.033020336 0.996359706
1341846096.810244 0.064595580 0.082620002 -0.008625492 -0.081322826 0.015000795 0.032924231 0.996030867
1341846096.845763 0.070357159 0.075231947 -0.007573200 -0.089768462 0.013448828 0.030469038 0.995405614
1341846096.878199 0.074985281 0.071959019 -0.007777503 -0.094919756 0.012793203 0.027986577 0.995009184
1341846096.909946 0.073228359 0.099182166 -0.005572939 -0.093367994 0.013741179 0.028796688 0.995120287
1341846096.945914 0.070154317 0.075217403 -0.007824550 -0.106076449 0.013385050 0.029201265 0.993838966
1341846096.978058 0.076418303 0.088948809 -0.008183070 -0.111245975 0.012079648 0.025768265 0.993385315
1341846097.014061 0.069630437 0.078694455 -0.009478383 -0.120581284 0.015032671 0.023029881 0.992322445
1341846097.045960 0.069384314 0.084365137 -0.007762558 -0.127906173 0.016045330 0.021839065 0.991415977
1341846097.078464 0.066972114 0.083285056 -0.004946916 -0.134299889 0.017153632 0.020986149 0.990569949
1341846097.113795 0.071797945 0.081369147 -0.006417125 -0.139644101 0.016934527 0.019259045 0.989869595
1341846097.146138 0.071365699 0.080648169 -0.005618457 -0.143924773 0.018582104 0.018014623 0.989250124
1341846097.178019 0.073426299 0.078394353 -0.002950134 -0.148180336 0.018634144 0.019232133 0.988597751
1341846097.213933 0.067725629 0.079352461 0.000204415 -0.149556264 0.017736316 0.018682297 0.988417625
1341846097.246080 0.077057891 0.080524668 -0.001514948 -0.151501864 0.014264952 0.018070063 0.988188863
1341846097.282030 0.075917363 0.084630050 -0.001521721 -0.153326049 0.015772715 0.018454194 0.987877429
1341846097.313977 0.068619475 0.082632586 0.000261652 -0.156177163 0.017149167 0.021257505 0.987351358
1341846097.345922 0.071796037 0.094946384 -0.003355678 -0.157237664 0.014751973 0.026331801 0.987099469
1341846097.381852 0.077642567 0.087106481 -0.003829668 -0.162927195 0.015177575 0.026797889 0.986157298
1341846097.413864 0.074239127 0.089371912 -0.005694480 -0.166140988 0.018852372 0.027112428 0.985548913
1341846097.445910 0.076433092 0.075927377 -0.005468930 -0.178009942 0.019142341 0.028001841 0.983443916
1341846097.481979 0.072696991 0.050739810 0.006664309 -0.191043407 0.019704621 0.025636880 0.981048882
1341846097.514061 0.064724527 0.050650626 0.011221868 -0.198354840 0.022875333 0.018632621 0.979686141
1341846097.550048 0.073510081 0.080746196 0.000889517 -0.197557554 0.022261361 0.021977667 0.979792058
1341846097.587812 0.107342653 0.119237959 -0.025807582 -0.197378561 0.015008617 0.020700578 0.979993820
1341846097.649731 0.077293910 0.119965471 -0.018502327 -0.206824347 0.023030140 0.016692320 0.977964520
1341846097.681970 0.078369945 0.078423105 -0.001038261 -0.224121809 0.023078414 0.016422413 0.974149406
1341846097.714026 0.076673336 0.086708635 -0.003425489 -0.224581912 0.023419490 0.016015284 0.974042118
1341846097.749749 0.077068493 0.088025108 -0.003899460 -0.225792363 0.023211749 0.014915029 0.973784685
1341846097.782019 0.078859374 0.079654031 -0.001657080 -0.231769025 0.022477470 0.013167319 0.972422004
1341846097.817835 0.073390953 0.081631988 -0.002674976 -0.234003648 0.023288380 0.011021409 0.971894264
1341846097.849998 0.071434267 0.092688978 -0.005252017 -0.229006201 0.023414297 0.010250079 0.973089337
1341846097.882032 0.070611574 0.087051913 -0.004728878 -0.229272217 0.022840692 0.010075545 0.973042130
1341846097.917945 0.072607912 0.095273711 -0.007915533 -0.227118909 0.021234727 0.009693944 0.973587215
1341846097.949812 0.062620096 0.088822648 -0.002876705 -0.225792632 0.023206394 0.009025859 0.973857105
1341846097.985786 0.067460790 0.093554817 -0.006518823 -0.218994468 0.023143824 0.008044853 0.975418389
1341846098.017778 0.069736131 0.094483204 -0.008197609 -0.213055417 0.022483308 0.007224835 0.976754665
1341846098.050033 0.077477127 0.082431376 -0.004062443 -0.210100561 0.021189474 0.005899404 0.977432311
1341846098.085962 0.066104278 0.055737700 0.004150787 -0.211030871 0.024134859 -0.002875472 0.977177143
1341846098.117764 0.077375829 0.051711135 0.008941342 -0.210269839 0.026024709 -0.013699681 0.977200925
1341846098.149904 0.064679720 0.078805141 -0.000995286 -0.203814059 0.030316001 -0.015450756 0.978418112
1341846098.185874 0.074382864 0.084205553 0.005305523 -0.198444083 0.027718458 -0.010019290 0.979668915
1341846098.217722 -0.012121423 0.039835449 0.061941709 -0.200577885 0.046005625 -0.004789329 0.978585243
1341846098.253811 0.064078838 0.072967581 -0.008142637 -0.184330940 0.032323334 -0.003536187 0.982326210
1341846098.285939 0.056791835 0.132439971 -0.041247852 -0.157882839 0.033163857 0.002897284 0.986896574
1341846098.319650 0.065162107 0.108194262 -0.006008788 -0.156096488 0.034599923 -0.003506235 0.987129390
1341846098.353827 0.036619082 0.104397334 0.006896469 -0.145521507 0.043393228 -0.004844678 0.988391161
1341846098.385963 0.079534046 0.061754450 -0.001196495 -0.146149203 0.037195463 -0.010877947 0.988503218
1341846098.418076 0.058987040 0.075165279 -0.019049061 -0.134799376 0.044932697 -0.018122993 0.989687681
1341846098.453988 0.061402183 0.076164655 -0.009373722 -0.130198017 0.046825256 -0.019763300 0.990184486
1341846098.485927 0.070028931 0.065132387 -0.004866908 -0.128319755 0.045502860 -0.020859053 0.990468800
1341846098.521907 0.079042085 0.069817275 -0.004612850 -0.120665163 0.042816691 -0.017574852 0.991613746
1341846098.553851 0.081566758 0.067094132 -0.002377705 -0.113312140 0.043343645 -0.015034834 0.992499709
1341846098.585937 0.070704140 0.062043637 -0.004240398 -0.107581422 0.045639969 -0.012346288 0.993071377
1341846098.621830 0.067675948 0.063486062 -0.007862422 -0.098245017 0.045253355 -0.007914010 0.994101346
1341846098.653874 0.069978409 0.054486230 -0.009500131 -0.091764703 0.045181967 -0.006310821 0.994735122
1341846098.685832 0.075590469 0.051253382 -0.005678964 -0.083978675 0.043078434 -0.004198557 0.995527089
1341846098.721860 0.076291502 0.042383648 -0.005796595 -0.076000273 0.042256229 -0.001632022 0.996210635
1341846098.753828 0.069872372 0.040030170 -0.002585059 -0.064168274 0.041384701 0.000925237 0.997080207
1341846098.789998 0.070752449 0.018230801 -0.001077773 -0.057949416 0.040530205 0.003417171 0.997490644
1341846098.827945 0.064755745 0.026351698 -0.005658990 -0.042227335 0.041343208 0.005030763 0.998239577
1341846098.889904 0.064807907 0.014865059 -0.005210457 -0.023501476 0.037496824 0.011287169 0.998956621
1341846098.921923 0.070449039 0.029926566 -0.008265300 -0.003976957 0.036117554 0.011946678 0.999268234
1341846098.957887 0.068947174 0.015983339 -0.015074983 0.003216967 0.035522893 0.014304467 0.999261320
1341846098.990630 0.073796019 0.021884691 -0.019133329 0.013400483 0.031486347 0.013264205 0.999326348
1341846099.022028 0.072815470 0.014514472 -0.023099799 0.022955175 0.031033680 0.010429727 0.999200284
1341846099.058015 0.077466376 0.023321034 -0.021889791 0.037167970 0.030040713 0.010843427 0.998798549
1341846099.089878 0.076182023 0.019055463 -0.023833714 0.044699304 0.029150331 0.009961813 0.998525381
1341846099.121774 0.083358005 0.018354265 -0.021981345 0.055401739 0.027045734 0.011699111 0.998029232
1341846099.157775 0.083576575 0.023004269 -0.023503834 0.063588172 0.026178267 0.011566037 0.997565746
1341846099.189822 0.086461611 0.024576508 -0.021289807 0.069436185 0.025578588 0.009609172 0.997212112
1341846099.226178 0.086270988 0.019297006 -0.022703839 0.074507460 0.026106963 0.011469913 0.996812642
1341846099.264156 0.075455651 0.018349407 -0.026776012 0.078941911 0.026962582 0.012794175 0.996432364
1341846099.300270 0.089016132 0.020550871 -0.023529090 0.083085895 0.024290510 0.014106406 0.996146441
1341846099.332076 0.094633803 0.025003579 -0.021517321 0.085710287 0.025067719 0.016116370 0.995874286
1341846099.363831 0.093710713 0.026250612 -0.022389304 0.086459190 0.026975542 0.017683648 0.995733082
1341846099.399799 0.098830685 0.031043736 -0.019246938 0.086244375 0.028594930 0.017251551 0.995714128
1341846099.432113 0.102200836 0.033377487 -0.017088318 0.085743606 0.033217248 0.016313683 0.995629668
1341846099.463909 0.101912662 0.030053796 -0.017914422 0.085142836 0.039214700 0.017233837 0.995447576
1341846099.499765 0.107242741 0.028502114 -0.020195052 0.085225724 0.044695884 0.018094745 0.995194137
1341846099.564678 0.111640468 0.025270671 -0.011327358 0.088382773 0.066173740 0.012843245 0.993803084
1341846099.626222 0.114415534 0.033247143 0.003529005 0.091589831 0.086023085 0.011893041 0.992002964
1341846099.657825 0.130659848 0.029915504 -0.013272091 0.089202471 0.094007544 0.012685008 0.991486073
1341846099.693870 0.129514605 0.024377828 -0.010079481 0.088353962 0.105278581 0.010116578 0.990458310
1341846099.725881 0.140375599 0.024223441 -0.013872566 0.089285918 0.114683188 0.010899728 0.989321470
1341846099.761986 0.153566867 0.014680408 -0.026362758 0.090858534 0.122361466 0.016326847 0.988183081
1341846099.793945 0.143854439 0.032407746 0.017508751 0.099477693 0.135100961 0.026441932 0.985470831
1341846099.825926 0.135279983 0.027603243 -0.004849350 0.098887593 0.147017047 0.028678777 0.983760536
1341846099.862065 0.139503047 0.023853909 0.002309792 0.098477028 0.158564836 0.028298087 0.982017636
1341846099.894034 0.137036562 0.021734459 -0.002565137 0.100272685 0.167538986 0.032864626 0.980202019
1341846099.925860 0.139430702 0.014829202 -0.009724482 0.099813446 0.174115255 0.037892964 0.978920460
1341846099.961831 0.153119102 0.022033624 -0.023162866 0.102784768 0.183062732 0.038051166 0.976972580
1341846099.993861 0.147348344 0.016177809 -0.015387996 0.101805054 0.195023507 0.036237407 0.974827349
1341846100.029846 0.159541905 0.021225013 -0.007050189 0.103593081 0.201788217 0.037585329 0.973209798
1341846100.069920 0.144733295 0.017595820 -0.032294776 0.104713470 0.216491178 0.038743507 0.969879150
1341846100.099862 0.155093163 0.008607315 -0.048900794 0.103703618 0.222932115 0.044545401 0.968278110
1341846100.132811 0.138385460 0.014685862 -0.016856622 0.106953152 0.233820930 0.042232893 0.965455949
1341846100.168188 0.134117618 0.014883798 -0.024091847 0.108954608 0.242976427 0.045571551 0.962815940
1341846100.199801 0.140045047 0.019770723 -0.021177080 0.110077560 0.248096094 0.048116006 0.961257517
1341846100.235866 0.142774224 0.015089748 -0.018885192 0.109074287 0.254430354 0.050048660 0.959616125
1341846100.267868 0.146077350 0.016610684 -0.021928504 0.108978532 0.261458844 0.051349629 0.957667053
1341846100.299821 0.145643547 0.013676397 -0.030627988 0.108162075 0.266147405 0.054158241 0.956312358
1341846100.335884 0.155295357 0.014139663 -0.025957128 0.108734041 0.270300061 0.056482643 0.954947352
1341846100.367898 0.152411059 0.016087960 -0.033392169 0.108562797 0.276251376 0.056841526 0.953240931
1341846100.400000 0.156224698 0.021095488 -0.023548964 0.109786518 0.278041601 0.056887031 0.952577353
1341846100.435828 0.156998992 0.011742536 -0.031220749 0.108156033 0.284606636 0.054046925 0.950989068
1341846100.467678 0.154003784 0.015078652 -0.036554188 0.109200925 0.291422307 0.053558327 0.948830724
1341846100.503838 0.163635448 0.014640719 -0.035057534 0.110128783 0.293434590 0.052873343 0.948141396
1341846100.535834 0.165387794 0.014038336 -0.050823588 0.112162612 0.300828010 0.051390991 0.945664346
1341846100.568004 0.166088074 0.018527320 -0.034381539 0.114664853 0.308847457 0.048097584 0.942948461
1341846100.604545 0.176713780 0.016707273 -0.067074552 0.114796877 0.313983440 0.047175579 0.941281319
1341846100.635826 0.164274290 0.019775733 -0.055734310 0.116843827 0.326489478 0.043480206 0.936942637
1341846100.672445 0.163599446 0.019578604 -0.059112944 0.116171926 0.328264236 0.045443930 0.936312735
1341846100.733981 0.145666093 0.025539635 -0.046367668 0.120503001 0.340006530 0.041086797 0.931765199
1341846100.765776 0.168819383 0.018448856 -0.059968933 0.116578132 0.342026234 0.048047453 0.931192279
1341846100.798442 0.174689204 0.023119314 -0.038056199 0.118404366 0.346626014 0.050829999 0.929110944
1341846100.833838 0.169082820 0.025931014 -0.060262885 0.118420027 0.348664790 0.053286929 0.928207994
1341846100.866041 0.163624316 0.026260909 -0.053415496 0.116955116 0.348320425 0.054778453 0.928436160
1341846100.897858 0.167467698 0.016840056 -0.045724276 0.115385689 0.348926723 0.052420467 0.928541005
1341846100.933895 0.163450330 0.021788651 -0.057775807 0.117859326 0.348963350 0.055870369 0.928015232
1341846100.965736 0.165774703 0.023214258 -0.035393994 0.118161649 0.346238524 0.057094272 0.928922474
1341846101.001817 0.167731941 0.019478275 -0.049440566 0.117649965 0.345766842 0.056643743 0.929190636
1341846101.033901 0.164961874 0.028286949 -0.032198381 0.119622998 0.346207798 0.057565976 0.928717732
1341846101.065947 0.165731698 0.029755816 -0.033543836 0.118654303 0.340852708 0.058145855 0.930784404
1341846101.102829 0.161208794 0.021563837 -0.046036180 0.116759241 0.339540631 0.057041708 0.931571603
1341846101.134613 0.162183300 0.029715244 -0.049979180 0.116630606 0.336491078 0.055944178 0.932760060
1341846101.169743 0.161635473 0.024922770 -0.035290509 0.112942308 0.331828028 0.053109724 0.935047328
1341846101.202171 0.154074237 0.017677210 -0.061319306 0.110271052 0.329050243 0.050306145 0.936501741
1341846101.234098 0.157134503 0.029159300 -0.043959387 0.112118185 0.325770319 0.049108759 0.937492132
1341846101.269940 0.141806930 0.016793951 -0.069253273 0.106841631 0.321342528 0.048094057 0.939686537
1341846101.301837 0.154308856 0.024776090 -0.032656383 0.108830579 0.317162603 0.044925615 0.941034257
1341846101.333884 0.152532473 0.025430508 -0.038153298 0.107930042 0.311930478 0.044531155 0.942903757
1341846101.369943 0.147599846 0.020744894 -0.034326501 0.105011679 0.308751315 0.043398041 0.944331408
1341846101.402755 0.147843212 0.024330700 -0.042000342 0.104433037 0.301170975 0.041179862 0.946939290
1341846101.437821 0.145409361 0.040025894 -0.019379303 0.106522664 0.297809362 0.040786501 0.947786331
1341846101.469768 0.130304262 0.018511970 -0.051538706 0.100926414 0.293057710 0.039649732 0.949925780
1341846101.501812 0.144219905 0.021785680 -0.032252662 0.102761686 0.284137309 0.039001856 0.952462554
1341846101.537892 0.144270420 0.021962814 -0.032223303 0.103144616 0.281084508 0.037700444 0.953378916
1341846101.569873 0.128617331 0.050816957 -0.008921389 0.107774019 0.280026883 0.037998073 0.953166246
1341846101.601955 0.133912221 0.026973004 -0.039734915 0.099749342 0.267745912 0.034761939 0.957681477
1341846101.637841 0.130717322 0.028194210 -0.055863734 0.097930767 0.262294948 0.034239981 0.959394872
1341846101.670644 0.126616225 0.024047375 -0.050583817 0.098015219 0.256045729 0.035607021 0.961023271
1341846101.705786 0.128286317 0.025434460 -0.032357037 0.100500345 0.247596219 0.037962817 0.962888718
1341846101.738127 0.128121570 0.024614390 -0.028287064 0.102395445 0.243038267 0.038578108 0.963825345
1341846101.769786 0.123464823 0.025165927 -0.053926609 0.103137627 0.236518160 0.041945174 0.965226591
1341846101.805816 0.120610707 0.026657917 -0.025032341 0.104057729 0.231100589 0.039976195 0.966522872
1341846101.837808 0.118409105 0.025601363 -0.023895036 0.103762992 0.227896497 0.040367138 0.967298806
1341846101.869834 0.104854681 0.022392690 -0.043637902 0.103054605 0.224195659 0.040773585 0.968221843
1341846101.905918 0.111056589 0.025115972 -0.035134330 0.102797844 0.214429036 0.042271085 0.970394731
1341846101.937872 0.110414967 0.020787936 -0.032067966 0.101959042 0.209342986 0.041983902 0.971605480
1341846101.973942 0.107098877 0.023784382 -0.026792975 0.104324088 0.203671962 0.041989718 0.972559035
1341846102.005947 0.090927087 0.022624893 -0.062748618 0.104145557 0.191566184 0.044804167 0.974909544
1341846102.037846 0.092195787 0.022662411 -0.029545456 0.105503000 0.183478892 0.044064254 0.976351857
1341846102.073879 0.081334777 0.030718243 -0.048476610 0.108160064 0.178128555 0.047045365 0.976912677
1341846102.105961 0.053449020 0.026898330 -0.075634770 0.103728898 0.168362468 0.042533260 0.979328990
1341846102.137878 0.078603886 0.029473724 -0.039318353 0.101682469 0.156265557 0.043678112 0.981495798
1341846102.173907 0.077449322 0.031319309 -0.039762530 0.100796811 0.150521338 0.039252356 0.982671142
1341846102.205896 0.066681311 0.027026305 -0.067384645 0.096705489 0.141195416 0.036897711 0.984555960
1341846102.242018 0.050996035 0.035665866 -0.069075249 0.095168486 0.130348906 0.034435000 0.986289203
1341846102.274144 0.069154516 0.033213977 -0.042062610 0.093678832 0.115541272 0.035164885 0.988249958
1341846102.305875 0.041951869 0.028024234 -0.061608773 0.091004446 0.111462496 0.026951747 0.989225924
1341846102.341821 0.056736346 0.017658068 -0.068542130 0.085167930 0.091923796 0.028639415 0.991703689
1341846102.374024 0.053625308 0.024005909 -0.059380278 0.087219805 0.080491215 0.026687436 0.992573261
1341846102.409984 0.046870962 0.021114353 -0.073906317 0.089458108 0.073753305 0.022489408 0.993001461
1341846102.441952 0.041219395 0.026072774 -0.074699923 0.088243879 0.062279135 0.019525182 0.993958294
1341846102.473881 0.060681943 0.026810080 -0.044216577 0.088811010 0.049034681 0.018600792 0.994666874
1341846102.509959 0.065713994 0.026016867 -0.042936683 0.091585070 0.046158269 0.015843121 0.994600713
1341846102.541996 0.059184890 0.037127834 -0.044341180 0.093966812 0.044860680 0.015263530 0.994446993
1341846102.574361 0.053834062 0.034611825 -0.045315515 0.089531012 0.036005065 0.015521486 0.995212018
1341846102.610654 0.061186895 0.015054433 -0.045237362 0.088369109 0.031573810 0.019570539 0.995394886
1341846102.642222 0.054106575 0.027807981 -0.053071808 0.094216354 0.027894106 0.024786752 0.994852126
1341846102.677806 0.038131382 0.040090155 -0.076320477 0.095188670 0.019198731 0.023332641 0.995000541
1341846102.709968 0.063860640 0.039027970 -0.052260924 0.093343489 0.001915144 0.028166188 0.995233655
1341846102.741857 0.042613208 0.035476919 -0.054756448 0.093436159 -0.000649923 0.029099850 0.995199680
1341846102.777720 0.042150736 0.047307167 -0.057082795 0.093348093 -0.009896906 0.030733937 0.995109856
1341846102.809783 0.045030355 0.027641911 -0.054986000 0.089423694 -0.017656745 0.031067356 0.995352447
1341846102.841828 0.055014513 0.028656956 -0.056548953 0.096107751 -0.027021557 0.035001826 0.994388223
1341846102.877813 0.057939183 0.037855264 -0.055581227 0.096233502 -0.030674025 0.038569439 0.994138122
1341846102.909875 0.055005737 0.030430242 -0.079469137 0.091990553 -0.036742471 0.037882242 0.994360447
1341846102.945843 0.054700390 0.028836878 -0.079273090 0.092436917 -0.045716204 0.039984994 0.993864477
1341846102.977815 0.052153081 0.035154663 -0.066607572 0.093026035 -0.055714723 0.042203847 0.993207335
1341846103.009867 0.048094817 0.036358949 -0.063601956 0.088590264 -0.066347897 0.044473782 0.992860436
1341846103.045829 0.064466648 0.030711761 -0.073762484 0.084288441 -0.081238046 0.042199757 0.992227316
1341846103.077786 0.071584605 0.023090826 -0.081393741 0.083648652 -0.094469734 0.044931710 0.990989149
1341846103.110039 0.056190550 0.029464183 -0.071209870 0.085796110 -0.105025388 0.047839921 0.989605963
1341846103.145830 0.062898912 0.028772252 -0.069034241 0.085734844 -0.117077224 0.049021147 0.988200068
1341846103.177933 0.059253115 0.029410323 -0.057015739 0.086902253 -0.124186970 0.046817351 0.987336695
1341846103.213980 0.063994221 0.025583381 -0.086282901 0.087467201 -0.130445242 0.042069171 0.986693323
1341846103.246103 0.045529898 0.034758076 -0.067326918 0.090104453 -0.145066708 0.037649918 0.984590948
1341846103.277869 0.061607566 0.030007172 -0.066957712 0.087357186 -0.156036809 0.033387836 0.983314037
1341846103.314495 0.061439071 0.031507008 -0.098066546 0.086398356 -0.160737142 0.023617929 0.982924759
1341846103.345951 0.070180185 0.034815162 -0.090047590 0.085999787 -0.184709400 0.021156188 0.978794634
1341846103.382135 0.066913381 0.041210763 -0.058248807 0.084822081 -0.203974605 0.019305006 0.975103557
1341846103.413791 0.060146499 0.037079085 -0.069398381 0.083391383 -0.209557891 0.011521095 0.974165618
1341846103.445861 0.015140129 0.036981482 -0.104969524 0.083614990 -0.212618336 0.007187303 0.973524690
1341846103.482382 0.074243657 0.036645483 -0.114536054 0.077364668 -0.247280285 0.012667585 0.965767443
1341846103.513968 0.066879205 0.032235179 -0.070187703 0.073773421 -0.263490707 0.014738343 0.961723924
1341846103.545990 0.061625078 0.026534887 -0.066009790 0.075619623 -0.269689828 0.014542532 0.959863305
1341846103.582021 0.066392697 0.036564216 -0.097970486 0.078353032 -0.283187151 0.009997249 0.955806375
1341846103.614121 0.077496305 0.038544893 -0.084690757 0.076282725 -0.302238226 0.013871009 0.950073957
1341846103.650229 0.048013698 0.024323240 -0.078476369 0.076646738 -0.310595691 0.023116061 0.947164834
1341846103.714025 0.012821692 0.050942194 -0.055385672 0.078856975 -0.331430048 0.031448361 0.939652383
1341846103.749741 0.048045479 0.030173955 -0.050479569 0.071042977 -0.353574961 0.032069664 0.932152987
1341846103.813998 0.074906461 0.031275246 -0.038556263 0.069804154 -0.380458057 0.050575186 0.920772076
1341846103.849900 0.029620230 0.049295206 -0.065021411 0.069901064 -0.384085655 0.048679847 0.919359744
1341846103.883046 0.079877399 0.029957421 -0.040895063 0.062408663 -0.409165591 0.052524902 0.908806801
1341846103.917830 0.086333930 0.030474700 -0.058813222 0.060883831 -0.416707069 0.050282195 0.905604839
1341846103.949988 0.080929309 0.018741226 -0.060095929 0.056919992 -0.427596688 0.047138117 0.900943518
1341846103.981996 0.087797612 0.041882735 -0.083567776 0.057192124 -0.438801765 0.044370268 0.895663619
1341846104.017780 0.085956618 0.033191748 -0.059189100 0.056206845 -0.447478473 0.042529956 0.891512752
1341846104.049832 0.088053823 0.031056352 -0.074567325 0.056176241 -0.454905748 0.040638741 0.887836397
1341846104.082120 0.100966565 0.046152394 -0.103374116 0.056613650 -0.465809554 0.033580545 0.882433414
1341846104.117792 0.099151768 0.037324149 -0.095105916 0.053204272 -0.474748611 0.033837143 0.877859950
1341846104.150184 0.093298875 0.035141848 -0.082166165 0.053502504 -0.482657224 0.030103214 0.873655140
1341846104.185757 0.078955695 0.045403916 -0.076774940 0.051886898 -0.487269104 0.023306340 0.871397376
1341846104.217842 0.089122519 0.041429769 -0.087553263 0.047119550 -0.494459569 0.023442779 0.867605865
1341846104.250204 0.080878705 0.024664698 -0.029065682 0.045677960 -0.502374351 0.023942208 0.863110840
1341846104.286035 0.093726993 0.028792784 -0.032996312 0.046304278 -0.507447362 0.023663322 0.860112309
1341846104.317813 0.115601115 0.052808255 -0.111033961 0.043723375 -0.512166977 0.022148997 0.857486248
1341846104.349826 0.089611933 0.031998813 -0.075464271 0.041443165 -0.519568384 0.020227525 0.853183448
1341846104.385800 0.077897951 0.040386114 -0.073660314 0.043272011 -0.527936101 0.019633019 0.847953737
1341846104.417992 0.102559194 0.037667122 -0.107928775 0.039903671 -0.532186031 0.016498221 0.845525622
1341846104.453901 0.081824824 0.021439275 -0.049095400 0.038117900 -0.540048718 0.017653735 0.840584815
1341846104.485845 0.095510170 0.056350961 -0.022246690 0.040646803 -0.541937947 0.018082965 0.839240253
1341846104.517786 0.084326021 0.052329868 -0.027396141 0.039069768 -0.539478779 0.017492132 0.840910375
1341846104.553687 0.071240783 0.036141463 -0.041724242 0.037431881 -0.540786028 0.018985676 0.840112388
1341846104.585769 0.112311132 0.013070111 -0.017418969 0.037020814 -0.543192208 0.017062614 0.838618279
1341846104.621999 0.102133833 0.023203220 -0.038778458 0.038636152 -0.539345384 0.014908606 0.841065764
1341846104.653963 0.102136239 0.021490501 -0.032107558 0.037288837 -0.537966967 0.015829509 0.841992021
1341846104.691974 0.100482434 0.049588688 -0.040239137 0.037867483 -0.532840490 0.018622471 0.845162868
1341846104.754029 0.258478701 -0.088657714 0.053574905 0.031595077 -0.521826267 0.008669847 0.852422416
1341846104.785861 0.258708119 -0.086768314 0.052517358 0.033807561 -0.508359373 0.010206531 0.860420644
1341846104.822207 0.249888197 -0.076863810 0.055534355 0.036113668 -0.495474130 0.012262291 0.867785037
1341846104.889952 0.190192327 -0.026482526 0.024959987 0.040994234 -0.470465928 0.017536648 0.881290972
1341846104.921931 0.185247168 -0.006778774 0.062165070 0.044602420 -0.461125463 0.019683162 0.885994613
1341846104.954032 0.173116952 -0.012276514 0.080200508 0.047088761 -0.445596099 0.017833931 0.893816948
1341846104.989984 0.165504336 -0.005504463 0.067202538 0.049863540 -0.430465072 0.020057293 0.901005626
1341846105.021966 0.178001568 -0.017838148 0.075379014 0.049381550 -0.417315573 0.025521787 0.907059968
1341846105.053992 0.164339513 -0.020189084 0.071855210 0.052697469 -0.397028357 0.028829398 0.915838599
1341846105.089855 0.176284298 -0.021317270 0.076228909 0.057595883 -0.383160859 0.031069912 0.921360493
1341846105.121922 0.177150130 -0.018713200 0.081251480 0.061636336 -0.365598261 0.035815015 0.928038895
1341846105.158015 0.165433764 -0.022016270 0.136786714 0.065236136 -0.350096971 0.038089935 0.933662415
1341846105.189943 0.179031521 -0.000996563 0.178722814 0.067994758 -0.338799894 0.039393026 0.937571108
1341846105.222089 0.174012676 -0.026058223 0.124594018 0.066219933 -0.318160146 0.040061295 0.944872558
1341846105.258397 0.163516298 -0.017605884 0.072867319 0.070433266 -0.302961826 0.045765579 0.949293852
1341846105.289917 0.169768080 -0.012512241 0.032075245 0.069405712 -0.293923795 0.051316366 0.951923430
1341846105.321831 0.165702790 -0.010361611 0.061941989 0.068593889 -0.288535148 0.053301841 0.953520417
1341846105.357830 0.167237580 -0.015978104 0.080451250 0.068502486 -0.281413436 0.057594962 0.955403924
1341846105.389824 0.167619318 -0.010770665 0.076274976 0.070380442 -0.272539139 0.060597245 0.957651794
1341846105.425915 0.168446332 -0.009945720 0.086414129 0.070389956 -0.261822492 0.060131095 0.960665643
1341846105.457863 0.170147657 -0.013715721 0.085896783 0.071984030 -0.251281381 0.059517849 0.963396907
1341846105.489902 0.171881422 -0.007140412 0.101242758 0.073161326 -0.240744293 0.060317144 0.965945899
1341846105.525969 0.174700186 -0.015472678 0.122752652 0.073667303 -0.227586374 0.061625324 0.969009757
1341846105.557770 0.175350875 -0.012145298 0.115116164 0.076578751 -0.215334699 0.061007369 0.971619666
1341846105.594012 0.192679361 -0.013781035 0.079757042 0.075868569 -0.203898355 0.060840070 0.974149823
1341846105.626122 0.182268545 -0.015300424 0.105168782 0.078446858 -0.191547900 0.062318325 0.976356447
1341846105.657815 0.193088725 -0.005839598 0.081459716 0.080106832 -0.180679575 0.066120349 0.978041887
1341846105.693879 0.199965537 -0.013186240 0.105628267 0.079767600 -0.169018939 0.067522116 0.980056345
1341846105.726045 0.192720279 -0.004383103 0.072555006 0.083342411 -0.156770781 0.067894585 0.981767416
1341846105.758468 0.185253501 0.008485253 0.070175625 0.087696627 -0.146190614 0.065520391 0.983180881
1341846105.793970 0.185506448 -0.000708251 0.091404155 0.088158362 -0.133808419 0.061004374 0.985191286
1341846105.825903 0.195490107 -0.007780510 0.046914779 0.086725965 -0.120086461 0.061727636 0.987039745
1341846105.861764 0.188851625 -0.009772718 0.082975589 0.090880990 -0.110511094 0.062388498 0.987742662
1341846105.893922 0.223635748 -0.013252057 0.081449233 0.089806974 -0.100674629 0.065195873 0.988710701
1341846105.925960 0.210696802 -0.014463825 0.073933341 0.093401261 -0.084667608 0.065546677 0.989854157
1341846105.963745 0.142303526 0.059407495 -0.027311293 0.102107570 -0.064816460 0.059454493 0.990877390
1341846106.025952 0.109029517 0.061006676 -0.078423515 0.096991420 -0.038948637 0.042412248 0.993618071
1341846106.061758 0.111150213 0.026932295 -0.071813479 0.093721889 -0.033157926 0.039379593 0.994266570
1341846106.093961 0.120455593 0.031987768 -0.066257000 0.094548456 -0.033271316 0.035773754 0.994320810
1341846106.130133 0.143371865 0.026535742 -0.064884715 0.093885951 -0.029409656 0.030498406 0.994681060
1341846106.161819 0.122208938 0.029202966 -0.065826558 0.094688103 -0.019293370 0.028612228 0.994908690
1341846106.193968 0.120085835 0.029446192 -0.060038760 0.094101161 -0.016942983 0.031087045 0.994932890
1341846106.229889 0.137227446 0.031630643 -0.069008097 0.094663858 -0.015693842 0.030420179 0.994920611
1341846106.261942 0.137255773 0.038130492 -0.064867981 0.093539171 -0.006151379 0.032103166 0.995078862
1341846106.293939 0.119871162 0.031837717 -0.062974162 0.090833187 -0.000453916 0.032100216 0.995348573
1341846106.329961 0.121711075 0.033970281 -0.063702382 0.089353569 -0.000938253 0.027643198 0.995615840
1341846106.361877 0.132623270 0.050837640 -0.066591479 0.087961137 -0.003143089 0.017518280 0.995964885
1341846106.398046 0.106102794 0.050467666 -0.065710984 0.081673384 0.000458226 0.000306756 0.996658981
1341846106.429938 0.111992508 0.038823590 -0.067920119 0.075897112 -0.005047559 -0.007004958 0.997078300
1341846106.461886 0.107402071 0.045638777 -0.060398836 0.071828276 -0.009702747 -0.019526029 0.997178674
1341846106.497910 0.128082708 0.037488062 -0.055964105 0.067161471 -0.012673017 -0.031770740 0.997155607
1341846106.529979 0.122868329 0.031261813 -0.063254699 0.067445964 -0.009215006 -0.040453620 0.996859908
1341846106.561925 0.130697459 0.039919976 -0.066782825 0.069079906 -0.012410293 -0.048598900 0.996349394
1341846106.597815 0.134908423 0.034961332 -0.076754920 0.065445952 -0.011363652 -0.070718408 0.995282173
1341846106.632234 0.128461093 0.034046814 -0.066101953 0.062842324 -0.006952174 -0.092433289 0.993709505
1341846106.665869 0.129965469 0.036428515 -0.060366809 0.062801063 -0.006533880 -0.104146749 0.992555678
1341846106.697883 0.140583232 0.035167146 -0.074244015 0.061770272 -0.007548183 -0.119335830 0.990901828
1341846106.729896 0.143011928 0.032850336 -0.076431490 0.060608227 -0.004842438 -0.134556875 0.989038765
1341846106.766032 0.137200147 0.035196714 -0.068018436 0.060703222 -0.002109502 -0.147847578 0.987143219
1341846106.797963 0.144736335 0.046443809 -0.068628989 0.060864426 -0.005382489 -0.157844603 0.985571742
1341846106.834113 0.133193955 0.030651696 -0.081653424 0.053835791 -0.006595948 -0.176416844 0.982820034
1341846106.865869 0.142031729 0.033009809 -0.077630244 0.053130481 -0.006222117 -0.187182665 0.980867505
1341846106.897921 0.134255424 0.030741543 -0.071282223 0.052579131 -0.005723505 -0.194869369 0.979402184
1341846106.933929 0.138316333 0.032798819 -0.075624399 0.053635437 -0.006628324 -0.203297451 0.977624357
1341846106.967484 0.141435161 0.034700204 -0.077811047 0.052557550 -0.006548820 -0.212311819 0.975765586
1341846106.999098 0.139263913 0.035885084 -0.078329682 0.050230391 -0.005307080 -0.225502953 0.972932279
1341846107.033909 0.110524796 0.030088857 -0.071829714 0.047549769 -0.003919827 -0.241855592 0.969138563
1341846107.065762 0.135128498 0.031503052 -0.075817786 0.048015006 -0.008520966 -0.254051119 0.965960681
1341846107.101921 0.134785295 0.043591958 -0.075519681 0.046328969 -0.007919987 -0.265184045 0.963051558
1341846107.133974 0.128433600 0.037112091 -0.077609457 0.040491868 -0.011681457 -0.277352482 0.959843516
1341846107.166082 0.111950822 0.032937292 -0.072221696 0.037273254 -0.010470452 -0.297871977 0.953820407
1341846107.202100 0.128944233 0.052316312 -0.064219438 0.038661648 -0.013092170 -0.306181788 0.951097548
1341846107.233799 0.117002793 0.055345878 -0.064529575 0.035130203 -0.014329387 -0.315352798 0.948215783
1341846107.265874 0.107814014 0.047443923 -0.070560932 0.030926591 -0.017422417 -0.330186903 0.943247914
1341846107.301965 0.107090585 0.050437588 -0.068206362 0.030376583 -0.020093789 -0.340326786 0.939601600
1341846107.334002 0.110356838 0.053396508 -0.060249958 0.028320653 -0.025256654 -0.351172864 0.935541332
1341846107.369797 0.103022881 0.048472673 -0.061609711 0.025544886 -0.026138179 -0.365818501 0.929968297
1341846107.401899 0.103919953 0.058559537 -0.068494081 0.027219230 -0.024893161 -0.379282415 0.924545467
1341846107.434304 0.105807796 0.061978355 -0.064771540 0.024766004 -0.026524151 -0.388996333 0.920524299
1341846107.469787 0.112262800 0.066041559 -0.064662255 0.021780696 -0.029452460 -0.394448310 0.918187737
1341846107.502174 0.113107853 0.057993498 -0.068817474 0.018024085 -0.029499033 -0.399905711 0.915904105
1341846107.533946 0.106306098 0.072197795 -0.058682170 0.017465422 -0.026641430 -0.411496937 0.910854280
1341846107.601911 0.099220522 0.069992118 -0.062393807 0.010429781 -0.032769602 -0.423672706 0.905162334
1341846107.637876 0.097343482 0.073045902 -0.062193658 0.010450735 -0.031281602 -0.434343219 0.900143445
1341846107.669757 0.104843833 0.074749835 -0.059283655 0.008473936 -0.032342676 -0.446172178 0.894322395
1341846107.701892 0.095020704 0.078469053 -0.062637568 0.004387146 -0.030799197 -0.456445098 0.889207542
1341846107.737797 0.109958857 0.082967058 -0.062185988 0.004199980 -0.035500910 -0.458778769 0.887831151
1341846107.769837 0.089352474 0.087025948 -0.055618290 -0.000030480 -0.031642783 -0.469415694 0.882410169
1341846107.805959 0.089588344 0.089818105 -0.059562422 -0.001750373 -0.030580956 -0.478471130 0.877568901
1341846107.837955 0.101488039 0.090958305 -0.061619408 -0.004393230 -0.032024555 -0.487419695 0.872569323
1341846107.870011 0.091193244 0.080569752 -0.070197187 -0.013521018 -0.025875976 -0.501964033 0.864395618
1341846107.905926 0.084275872 0.077677280 -0.068671741 -0.016728971 -0.020200932 -0.517086029 0.855531454
1341846107.938092 0.109764218 0.082073353 -0.079114161 -0.015695874 -0.017511457 -0.530363977 0.847443819
1341846107.969943 0.108395271 0.092007391 -0.066669710 -0.023228381 -0.008900601 -0.542247832 0.839850247
1341846108.006614 0.111367084 0.093300618 -0.067247845 -0.029411614 -0.007650431 -0.550432563 0.834326327
1341846108.073927 0.100659855 0.093124360 -0.068876907 -0.047012273 0.004139279 -0.571253717 0.819415629
1341846108.106110 0.103822596 0.092589356 -0.067536637 -0.048921630 0.005093827 -0.576817632 0.815390825
1341846108.137977 0.104735866 0.098954819 -0.059984107 -0.049729086 0.007350353 -0.577669084 0.814721704
1341846108.173901 0.106604785 0.096201397 -0.065589443 -0.051105950 0.006333073 -0.581178010 0.812145412
1341846108.205882 0.106477655 0.092556320 -0.072540723 -0.053036559 0.010757085 -0.585940719 0.808544874
1341846108.237836 0.118751958 0.099448949 -0.064011328 -0.053187039 0.012643716 -0.590551853 0.805145860
1341846108.273872 0.112371385 0.099295691 -0.074252397 -0.058569003 0.015404579 -0.597027838 0.799931347
1341846108.305866 0.109986991 0.098520182 -0.076330572 -0.065561540 0.022909993 -0.606401563 0.792119920
1341846108.341858 0.109740697 0.100538410 -0.069653891 -0.068143830 0.026662206 -0.612572670 0.787019849
1341846108.373928 0.122830555 0.100902572 -0.073951386 -0.070137806 0.026346397 -0.613722444 0.785958886
1341846108.406059 0.116751686 0.102946147 -0.075494736 -0.075571455 0.031827424 -0.616625547 0.782974422
1341846108.441881 0.105166174 0.100694060 -0.064255558 -0.078481443 0.034149043 -0.618528903 0.781086743
1341846108.473918 0.105432309 0.099167012 -0.064004898 -0.076764219 0.036315996 -0.617172956 0.782231390
1341846108.506142 0.115646556 0.099468343 -0.065528430 -0.073587202 0.037236251 -0.614319623 0.784735501
1341846108.541923 0.112836763 0.096478343 -0.072624452 -0.075506069 0.039485164 -0.615837574 0.783252060
1341846108.573967 0.109286413 0.090340428 -0.070527628 -0.075995572 0.045222081 -0.621821165 0.778150439
1341846108.609979 0.117733203 0.099119395 -0.072431445 -0.071490057 0.055214938 -0.619921744 0.779446900
1341846108.641701 0.126716092 0.098781370 -0.057019040 -0.067455754 0.054121591 -0.613051474 0.785295129
1341846108.673868 0.113513000 0.085002415 -0.070555352 -0.069938466 0.055667572 -0.611189425 0.786420524
1341846108.710024 0.107168004 0.089686073 -0.060741711 -0.063673891 0.068896078 -0.608935535 0.787652552
1341846108.742835 0.118614040 0.091077276 -0.065350816 -0.058333386 0.070435613 -0.606263518 0.789987743
1341846108.773793 0.106183283 0.094944268 -0.060686052 -0.056581475 0.079144008 -0.608350158 0.787683189
1341846108.810032 0.105128430 0.089960955 -0.057352293 -0.051453345 0.085745484 -0.607840657 0.787737250
1341846108.841885 0.124235749 0.093087353 -0.050754983 -0.045598362 0.086353146 -0.604311109 0.790741444
1341846108.877944 0.121274933 0.092313513 -0.047959227 -0.044281475 0.087290972 -0.602976799 0.791731298
1341846108.909950 0.118097283 0.087408729 -0.053226411 -0.040210146 0.089790009 -0.601913571 0.792477727
1341846108.941882 0.127675593 0.093685247 -0.058531038 -0.036176376 0.091205977 -0.595095575 0.797642767
1341846108.977902 0.130102634 0.088387661 -0.066119961 -0.038488995 0.088726394 -0.593134761 0.799273014
1341846109.009916 0.120949268 0.085662633 -0.058508955 -0.037036978 0.093026198 -0.594259918 0.798016012
1341846109.045986 0.126022294 0.090229623 -0.064385019 -0.033171993 0.095751300 -0.587126613 0.803127408
1341846109.077854 0.131544426 0.083260238 -0.067397833 -0.034093820 0.094286151 -0.585435808 0.804495275
1341846109.109839 0.124629110 0.079815954 -0.062317584 -0.034328409 0.097243808 -0.585614920 0.804002762
1341846109.145865 0.128158867 0.079977274 -0.052970007 -0.028482866 0.098075710 -0.581908345 0.806816280
1341846109.178396 0.133461714 0.082718037 -0.049644724 -0.022090655 0.095573753 -0.574749947 0.812428594
1341846109.209809 0.127317324 0.075907089 -0.051194254 -0.019253561 0.093503349 -0.571958780 0.814708233
1341846109.245810 0.114673547 0.075489700 -0.035077613 -0.010312034 0.093990736 -0.567141414 0.818174839
1341846109.277797 0.115908042 0.077436909 -0.024282426 0.002283286 0.087226950 -0.553908408 0.827992558
1341846109.313909 0.119226411 0.069283023 -0.026903177 0.012789576 0.077798873 -0.543056071 0.835986793
1341846109.345968 0.114991747 0.071210615 -0.039284132 0.022112956 0.075492948 -0.532924533 0.842498243
1341846109.377812 0.115925290 0.078009613 -0.031151675 0.029797656 0.070806883 -0.521988988 0.849485695
1341846109.413820 0.115413412 0.069837108 -0.035742912 0.034861818 0.062101692 -0.506351113 0.859381497
1341846109.445954 0.122520626 0.062035400 -0.062892281 0.037401345 0.057740569 -0.494955033 0.866190910
1341846109.490348 0.135856479 0.068150260 -0.063213505 0.038681258 0.057176426 -0.485232890 0.871655703
1341846109.545959 0.128862903 0.056800324 -0.052285675 0.040686633 0.051984236 -0.468070686 0.881221950
1341846109.581855 0.119443230 0.059224408 -0.047630955 0.044295952 0.051248468 -0.454606473 0.888112843
1341846109.613999 0.121203110 0.060466576 -0.037143864 0.050987251 0.043486558 -0.436954707 0.896983683
1341846109.645963 0.114091754 0.057457156 -0.043817814 0.056272082 0.033221941 -0.413572878 0.908122897
1341846109.681808 0.112727113 0.050904866 -0.049152069 0.061723165 0.026368244 -0.394143522 0.916594684
1341846109.713847 0.117351748 0.048728943 -0.072744124 0.064622238 0.021615682 -0.380029410 0.922461033
1341846109.745831 0.104742229 0.046521217 -0.062434949 0.065714173 0.020130580 -0.366856009 0.927735448
1341846109.781814 0.130110383 0.049322654 -0.071620055 0.068198167 0.015294681 -0.351543367 0.933558941
1341846109.813956 0.123349525 0.048137274 -0.066822730 0.069282293 0.016452137 -0.343337715 0.936508656
1341846109.850256 0.119464263 0.047230493 -0.061914884 0.070983700 0.014483870 -0.334238023 0.939700186
1341846109.913863 0.119624048 0.047984235 -0.079685159 0.076685868 0.009001832 -0.319868118 0.944310665
1341846109.949976 0.111745641 0.044799764 -0.070581988 0.076218016 0.009541119 -0.319936126 0.944320202
1341846109.981998 0.107232995 0.038474560 -0.075547516 0.076362908 0.009330576 -0.320424885 0.944144845
1341846110.017884 0.105715789 0.040718947 -0.070235454 0.079374306 0.008279577 -0.317644387 0.944845617
1341846110.049982 0.106692336 0.034381963 -0.077071011 0.081779055 0.007331413 -0.313310474 0.946094573
1341846110.117943 0.113850996 0.042705312 -0.069370896 0.089628935 0.003243315 -0.298974782 0.950036943
1341846110.150254 0.113326356 0.036660973 -0.081049711 0.089703172 0.001458266 -0.292758793 0.951968193
1341846110.181980 0.117206804 0.036094520 -0.079670914 0.091831081 0.000285601 -0.283065379 0.954694152
1341846110.217907 0.116149649 0.045361996 -0.078262702 0.093073666 -0.001030164 -0.275235593 0.956860304
1341846110.249883 0.111650929 0.042009007 -0.072014995 0.091882281 -0.003329957 -0.266676039 0.959390640
1341846110.286020 0.112698734 0.032227889 -0.076199926 0.093148999 -0.006896747 -0.254218876 0.962625802
1341846110.356025 0.116824456 0.049167436 -0.078949846 0.095891654 -0.009345189 -0.233800799 0.967499197
1341846110.417989 0.117350370 0.033597153 -0.093508407 0.092991926 -0.010686253 -0.222875759 0.970342577
1341846110.449878 0.106745288 0.033225909 -0.081215069 0.094070293 -0.011443830 -0.217178881 0.971521080
1341846110.485899 0.108567804 0.036184486 -0.087059997 0.094987698 -0.013122381 -0.214708790 0.971959472
1341846110.517949 0.110089518 0.033120845 -0.090392910 0.094271466 -0.013455976 -0.213569403 0.972275615
1341846110.554149 0.107029125 0.032423779 -0.088166952 0.093494371 -0.015084764 -0.209637552 0.973182082
1341846110.585896 0.110477813 0.036631797 -0.086975597 0.094562531 -0.018937869 -0.206248671 0.973735452
1341846110.617933 0.119531646 0.039858609 -0.087909453 0.093837388 -0.021655954 -0.201458335 0.974751294
1341846110.653885 0.111159600 0.035180271 -0.091030203 0.091602400 -0.022066506 -0.194110721 0.976444125
1341846110.686533 0.111030243 0.033298820 -0.088679038 0.092744216 -0.025989981 -0.182958409 0.978391111
1341846110.717831 0.122861236 0.037446331 -0.089319669 0.093946196 -0.027276307 -0.172922477 0.980065286
1341846110.753826 0.122609235 0.035824601 -0.095256053 0.092246875 -0.024831500 -0.161558166 0.982228518
1341846110.785789 0.118790992 0.031485874 -0.088428982 0.092627019 -0.024022449 -0.148979828 0.984199226
1341846110.821828 0.124289669 0.035107728 -0.092423663 0.093626119 -0.025369110 -0.136424378 0.985889912
1341846110.853855 0.125302449 0.036252119 -0.090140969 0.093564764 -0.024688622 -0.125002652 0.987426162
1341846110.885864 0.124461681 0.029580254 -0.093089193 0.093657441 -0.022822041 -0.116466932 0.988505423
1341846110.921999 0.120978676 0.033548631 -0.089364037 0.095086552 -0.023297682 -0.107484795 0.989374936
1341846110.953861 0.131119952 0.028416181 -0.081378989 0.094398394 -0.024801210 -0.101862699 0.989998877
1341846110.985986 0.124590792 0.026392154 -0.086027972 0.094481528 -0.021016862 -0.099106640 0.990358233
1341846111.021940 0.121636800 0.034747317 -0.087804519 0.093911186 -0.020272739 -0.095819145 0.990751445
1341846111.053945 0.119571202 0.035685871 -0.085673533 0.090542793 -0.020914013 -0.093593597 0.991264224
1341846111.089856 0.116644993 0.027524408 -0.084163077 0.088219240 -0.022011140 -0.089566164 0.991821945
1341846111.121811 0.118880503 0.032280978 -0.084345326 0.087603241 -0.025533376 -0.081043005 0.992524922
1341846111.153919 0.119588815 0.022394920 -0.082880162 0.086709999 -0.029554628 -0.073431879 0.993083894
1341846111.189911 0.121488102 0.025229510 -0.087184884 0.087094404 -0.032109205 -0.066715442 0.993444800
1341846111.221870 0.124542944 0.033346921 -0.089147545 0.084834717 -0.033833347 -0.059761625 0.994025588
1341846111.258571 0.121516816 0.026596813 -0.088701881 0.080975018 -0.034494869 -0.057027731 0.994485259
1341846111.289825 0.120485343 0.024709355 -0.091109999 0.078842044 -0.034841698 -0.054251194 0.994799852
1341846111.321895 0.121837541 0.016069664 -0.088893041 0.078651041 -0.035582744 -0.051169202 0.994952023
1341846111.357890 0.116289720 0.023812486 -0.087268546 0.080046281 -0.035779182 -0.044457320 0.995156229
1341846111.390567 0.121015288 0.017378407 -0.084769577 0.078063838 -0.038768273 -0.041024804 0.995349169
1341846111.421924 0.125942394 0.022096369 -0.086277880 0.079852253 -0.038927045 -0.037055261 0.995356798
1341846111.457975 0.122424997 0.023497036 -0.087124906 0.079488099 -0.038111866 -0.030447001 0.995641530
1341846111.490354 0.112981305 0.019729931 -0.086862192 0.078275152 -0.039652769 -0.022427028 0.995890379
1341846111.525824 0.128101096 0.022430705 -0.085138746 0.080394819 -0.043505941 -0.011840873 0.995742798
1341846111.557829 0.123737864 0.022671338 -0.090985745 0.080333784 -0.042768344 -0.003144666 0.995845079
1341846111.589761 0.129000753 0.031449709 -0.089191340 0.079341076 -0.045967009 0.008295380 0.995752573
1341846111.625966 0.132711068 0.026162988 -0.087990552 0.077514961 -0.047129262 0.020083671 0.995674074
1341846111.658029 0.133757293 0.016313583 -0.093112387 0.075464882 -0.045601949 0.033767834 0.995532632
1341846111.689871 0.130426437 0.024011368 -0.089959860 0.076623462 -0.045117050 0.044279817 0.995054066
1341846111.725851 0.135663584 0.019528022 -0.088284984 0.074367836 -0.046171181 0.056980375 0.994530499
1341846111.757957 0.146581471 0.017377110 -0.087772176 0.073578194 -0.046656922 0.069930002 0.993739963
1341846111.793921 0.132976770 0.021405859 -0.086488970 0.074752495 -0.043890949 0.081878617 0.992865324
1341846111.825999 0.131773680 0.019983076 -0.088476777 0.074435607 -0.045655817 0.093074322 0.991822600
1341846111.857852 0.142295733 0.012159185 -0.086129531 0.073795237 -0.048330031 0.103962705 0.990661502
1341846111.893939 0.137220576 0.015272212 -0.092471033 0.076164171 -0.046800464 0.108815439 0.990034282
1341846111.925817 0.124129862 0.015315092 -0.089129187 0.075635858 -0.048251867 0.115827866 0.989209175
1341846111.957857 0.134514630 0.004408885 -0.094158880 0.075578481 -0.054051772 0.124025248 0.987919033
1341846111.993917 0.133633211 0.010912358 -0.086012930 0.078801371 -0.055217426 0.129346788 0.986919820
1341846112.025975 0.133156762 0.009955760 -0.077693783 0.079083607 -0.057212692 0.137708187 0.985651493
1341846112.061964 0.146454021 0.003013084 -0.088703237 0.078926988 -0.060207862 0.149697006 0.983735919
1341846112.094004 0.147334650 0.005969431 -0.087574817 0.081126086 -0.060973600 0.161352471 0.981665015
1341846112.125857 0.155437231 -0.000504862 -0.091288567 0.081553273 -0.063234106 0.177098751 0.978767872
1341846112.161882 0.158381835 -0.008375657 -0.094490707 0.083934419 -0.065366849 0.191000000 0.975807965
1341846112.193903 0.154577866 -0.003042624 -0.094486244 0.089218616 -0.066769019 0.205182478 0.972359061
1341846112.230507 0.153179184 -0.005857199 -0.085261233 0.092834212 -0.068797387 0.214006543 0.969974160
1341846112.261848 0.149978146 0.004350006 -0.082961291 0.096246928 -0.067509808 0.220602542 0.968252778
1341846112.293912 0.156384364 -0.008179504 -0.093391865 0.094913334 -0.068218984 0.232613266 0.965519905
1341846112.329892 0.161908060 -0.020044066 -0.083845049 0.099683002 -0.069837794 0.243216351 0.962305427
1341846112.361751 0.156093538 -0.015465083 -0.082730159 0.105208158 -0.069086663 0.251058489 0.959754109
1341846112.393853 0.157718629 -0.011119230 -0.086563051 0.107116804 -0.068347268 0.257544041 0.957875609
1341846112.429940 0.162319556 -0.014975516 -0.089954555 0.108313374 -0.068005763 0.263109416 0.956251442
1341846112.461839 0.160907790 -0.019456008 -0.091115378 0.110582992 -0.068169467 0.271144152 0.953732252
1341846112.498139 0.159095228 -0.015786814 -0.089271918 0.112755559 -0.068073638 0.276235968 0.952022016
1341846112.530069 0.155424282 -0.016450573 -0.096400477 0.112522431 -0.068055570 0.279510081 0.951094747
1341846112.562160 0.152894005 -0.014512117 -0.100755282 0.111661129 -0.070536792 0.285545886 0.949220717
1341846112.597968 0.152509570 -0.020676691 -0.090667501 0.111570217 -0.072972938 0.296086311 0.945811808
1341846112.630702 0.150204122 -0.016201533 -0.096087337 0.112216830 -0.074726634 0.303662717 0.943192601
1341846112.661861 0.146562368 -0.013067294 -0.094985440 0.110090725 -0.074695624 0.311371446 0.940929532
1341846112.698170 0.151838809 -0.022245573 -0.090802617 0.105561219 -0.074915186 0.320073962 0.938507974
1341846112.729995 0.157313049 -0.023937622 -0.095565610 0.104518525 -0.076127268 0.333455652 0.933856428
1341846112.765875 0.166709229 -0.012723741 -0.086961761 0.105603419 -0.076221459 0.341901839 0.930667162
1341846112.798043 0.178831875 -0.014814833 -0.087337054 0.105660349 -0.070556425 0.352860272 0.927009881
1341846112.829969 0.161601499 -0.017506696 -0.084963001 0.107658118 -0.061528530 0.363868922 0.923159480
1341846112.865900 0.162249669 -0.015178808 -0.096261844 0.106216475 -0.060338233 0.373179823 0.919681549
1341846112.897929 0.166009456 -0.014863418 -0.083908536 0.104868069 -0.060306527 0.381900251 0.916252196
1341846112.935783 0.171134830 -0.016152268 -0.090056673 0.105623446 -0.057501156 0.389291048 0.913230419
1341846112.998277 0.169545650 -0.019068910 -0.086166240 0.103411786 -0.058161944 0.406278312 0.906013846
1341846113.033814 0.170468330 -0.017147304 -0.082318187 0.104566693 -0.056142375 0.412178397 0.903339803
1341846113.072059 0.172533765 -0.021110712 -0.087879770 0.103057951 -0.051922239 0.420073926 0.900122821
1341846113.139948 0.184395775 -0.021951472 -0.076983154 0.102861337 -0.050288178 0.440490127 0.890426338
1341846113.198174 0.179894328 -0.014348995 -0.091321893 0.103610687 -0.042065561 0.460212290 0.880738318
1341846113.233852 0.179806963 -0.017328240 -0.083900556 0.103292249 -0.040617660 0.468668193 0.876373827
1341846113.265850 0.189774573 -0.009401801 -0.070798367 0.104486637 -0.039306682 0.475739121 0.872473419
1341846113.301938 0.193957597 -0.018276190 -0.083202437 0.103551157 -0.034414440 0.487242788 0.866422117
1341846113.333866 0.177729100 -0.013655747 -0.090881422 0.105406754 -0.030007647 0.497493863 0.860516608
1341846113.366028 0.192654088 -0.020267550 -0.087101728 0.102286935 -0.030825268 0.509916067 0.853564739
1341846113.401917 0.181967095 -0.016739884 -0.080004498 0.105150573 -0.027313188 0.519335330 0.847636819
1341846113.433895 0.192168742 -0.018061848 -0.082727320 0.103803903 -0.027500410 0.529978037 0.841184735
1341846113.469984 0.186014697 -0.017824765 -0.082983464 0.104252033 -0.027271524 0.537877202 0.836107612
1341846113.501829 0.195293009 -0.013340080 -0.085075460 0.105438478 -0.027014853 0.545283377 0.831155181
1341846113.533888 0.179216355 -0.017662905 -0.094916902 0.106069095 -0.024612924 0.552994549 0.826039076
1341846113.569800 0.192615151 -0.020402461 -0.094020605 0.104124323 -0.028829826 0.562208414 0.819907725
1341846113.601892 0.193858013 -0.015428756 -0.086292110 0.105805844 -0.029588455 0.567342758 0.816120028
1341846113.634488 0.186295182 -0.018184837 -0.100683019 0.104646191 -0.026631080 0.572840571 0.812523007
1341846113.669776 0.195674598 -0.021053644 -0.095815234 0.101458408 -0.028378779 0.583768666 0.805055857
1341846113.701823 0.206896394 -0.022645691 -0.090449363 0.101851076 -0.029515561 0.596633852 0.795476735
1341846113.737952 0.197470263 -0.022984819 -0.105866961 0.103347108 -0.028292341 0.602588058 0.790826499
1341846113.769790 0.189480737 -0.017779233 -0.104808398 0.101648785 -0.030050386 0.607913971 0.786895871
1341846113.801808 0.197342768 -0.021188740 -0.085835099 0.099112228 -0.032188643 0.614877224 0.781707525
1341846113.837973 0.199096292 -0.019378025 -0.093345173 0.098650590 -0.031429395 0.619169295 0.778401971
1341846113.869842 0.208857954 -0.020217543 -0.097827785 0.096237317 -0.033449475 0.629381299 0.770388663
1341846113.901753 0.202219486 -0.017062049 -0.093758069 0.098371543 -0.032875270 0.633778274 0.766529381
1341846113.937955 0.192550600 -0.015632996 -0.099630937 0.098842010 -0.029233284 0.641570151 0.760107577
1341846113.969840 0.191613719 -0.015468150 -0.102556750 0.095679462 -0.029712951 0.649505317 0.753727734
1341846114.005912 0.196993068 -0.016197536 -0.097281329 0.093329474 -0.030889120 0.654876769 0.749314308
1341846114.043864 0.191502705 -0.013466890 -0.096802682 0.092760019 -0.027059456 0.664047897 0.741420150
1341846114.106082 0.201950654 -0.017758090 -0.109564267 0.089569397 -0.029686350 0.678891897 0.728149593
1341846114.137798 0.194261566 -0.013768147 -0.092551313 0.091007456 -0.029699877 0.680150151 0.726795256
1341846114.170101 0.196000725 -0.015189816 -0.105785124 0.089124732 -0.027647125 0.683719039 0.723754585
1341846114.205882 0.192378521 -0.014730962 -0.115061112 0.087856725 -0.028666874 0.685649276 0.722041845
1341846114.237814 0.197584689 -0.014942342 -0.106862955 0.086997710 -0.030869840 0.686866939 0.720896840
1341846114.273904 0.194738939 -0.015362746 -0.109707870 0.088074557 -0.031601597 0.689021349 0.718675017
1341846114.305813 0.198992729 -0.019366648 -0.111235552 0.086629458 -0.033283971 0.693548977 0.714406967
1341846114.337919 0.192448735 -0.012707909 -0.105740458 0.088542901 -0.034033302 0.694006205 0.713692665
1341846114.374059 0.192169636 -0.015381647 -0.110925548 0.088297352 -0.033658139 0.695579827 0.712207377
1341846114.406296 0.197658002 -0.013321348 -0.112813212 0.087658264 -0.036740016 0.699862838 0.707925260
1341846114.441861 0.194446698 -0.010794919 -0.110529326 0.089340173 -0.039191462 0.700716615 0.706737995
1341846114.473886 0.190817147 -0.013445023 -0.109675437 0.089572586 -0.039310161 0.700696468 0.706721902
1341846114.506009 0.193615869 -0.016975030 -0.115154900 0.087315574 -0.040794149 0.705322742 0.702304482
1341846114.541924 0.194942415 -0.013996586 -0.107087523 0.088967942 -0.043723550 0.706324518 0.700912654
1341846114.573824 0.182831049 -0.016406724 -0.107862376 0.090174280 -0.041816510 0.701959789 0.705246329
1341846114.605897 0.183024466 -0.016043171 -0.118742347 0.086360097 -0.041310899 0.700702190 0.707001925
1341846114.641888 0.191414192 -0.010627558 -0.106100440 0.084984228 -0.045110945 0.702355206 0.705294132
1341846114.673974 0.186275125 -0.011263854 -0.100408085 0.087676525 -0.043342523 0.701337576 0.706087708
1341846114.709730 0.177592650 -0.015466551 -0.118424684 0.085595779 -0.041445829 0.697586417 0.710161090
1341846114.741795 0.187187359 -0.015110769 -0.112764053 0.081917390 -0.043974619 0.693213582 0.714710236
1341846114.773917 0.192155853 -0.008125376 -0.099311218 0.082460411 -0.045607165 0.687927246 0.719636261
1341846114.810044 0.181505695 -0.013382004 -0.106040090 0.083495274 -0.042741843 0.676812351 0.730155289
1341846114.841856 0.181410551 -0.015170216 -0.110014454 0.081606768 -0.043086227 0.663814247 0.742182314
1341846114.873982 0.184663877 -0.011465000 -0.089807153 0.082980931 -0.044642217 0.652258277 0.752117336
1341846114.909807 0.188017949 -0.011078782 -0.078871846 0.087241828 -0.043274008 0.643633306 0.759112835
1341846114.941865 0.194429651 -0.010487894 -0.081401981 0.093745224 -0.042099211 0.638123393 0.763045192
1341846114.977980 0.174525574 -0.001014391 -0.091982804 0.102203883 -0.039567731 0.629348338 0.769356549
1341846115.009784 0.180768147 -0.002639008 -0.105263658 0.101789698 -0.037888970 0.620655894 0.776524007
1341846115.041927 0.174895197 -0.003427283 -0.106192708 0.100405239 -0.035345711 0.611992121 0.783667743
1341846115.077974 0.175079927 -0.005208815 -0.107510068 0.099473163 -0.036589492 0.605999827 0.788372099
1341846115.109710 0.171447232 0.000431355 -0.109725207 0.100855969 -0.037948016 0.596485794 0.795356989
1341846115.177979 0.160326079 -0.003578056 -0.133580804 0.093914717 -0.036067422 0.574046910 0.812618792
1341846115.209893 0.139683515 -0.003198583 -0.124524802 0.089760855 -0.036934216 0.558957279 0.823495984
1341846115.245960 0.143596441 -0.000439942 -0.125472635 0.082673304 -0.036396034 0.552014709 0.828927100
1341846115.277850 0.140893757 0.000986314 -0.119527534 0.076210238 -0.034061447 0.545665503 0.833835125
1341846115.309821 0.133037552 -0.003930812 -0.140291527 0.068589665 -0.032727554 0.533971786 0.842079878
1341846115.345985 0.132527575 0.004966230 -0.120156862 0.064378530 -0.033997614 0.520270050 0.850892842
1341846115.377811 0.130203411 0.001898100 -0.122038163 0.060366217 -0.031972311 0.505502701 0.860116661
1341846115.409843 0.110412009 0.005417812 -0.131472498 0.055934068 -0.028583709 0.485720515 0.871854305
1341846115.445793 0.122399174 0.019386487 -0.119746119 0.049055010 -0.031226931 0.466254115 0.882737517
1341846115.478059 0.135397121 0.018357640 -0.105358124 0.047230769 -0.031457409 0.456556320 0.887882888
1341846115.513951 0.132143095 0.022196459 -0.114465818 0.050169174 -0.030204952 0.446213633 0.893008471
1341846115.545891 0.123880707 0.028793199 -0.124745905 0.049416438 -0.031094551 0.435259938 0.898409665
1341846115.577954 0.121520311 0.035162214 -0.114636108 0.047154598 -0.031923987 0.422390819 0.904623270
1341846115.613954 0.117873125 0.031780202 -0.115296558 0.045207277 -0.029766427 0.409330189 0.910779417
1341846115.645824 0.111067548 0.034006212 -0.118665807 0.044457201 -0.030918073 0.395462632 0.916884363
1341846115.681882 0.090484701 0.038375661 -0.120669737 0.042029001 -0.029661419 0.377639294 0.924522758
1341846115.714384 0.109724142 0.045763515 -0.115026250 0.038826659 -0.030766474 0.361212134 0.931166887
1341846115.746144 0.107226327 0.040439386 -0.108929656 0.035739191 -0.027709289 0.348906219 0.936065912
1341846115.781725 0.107260875 0.044152789 -0.102469899 0.033641849 -0.028755505 0.339851797 0.939437151
1341846115.813812 0.111539826 0.046667598 -0.109493032 0.030709572 -0.026909182 0.329491675 0.943275154
1341846115.848050 0.117770642 0.047017265 -0.099692471 0.029702527 -0.023152260 0.318215728 0.947270036
1341846115.881857 0.110043474 0.053770553 -0.112803474 0.028061861 -0.019763235 0.309891999 0.950152040
1341846115.913919 0.102704547 0.050767917 -0.114820629 0.023762450 -0.018187253 0.300731063 0.953239441
1341846115.950006 0.116821587 0.050270792 -0.113964580 0.021134695 -0.017390456 0.293710351 0.955502510
1341846115.982063 0.109328769 0.051996883 -0.111183606 0.021602320 -0.011833480 0.284447432 0.958375156
1341846116.014067 0.104073122 0.047600891 -0.111172497 0.020121841 -0.010335927 0.280788243 0.959503114
1341846116.050272 0.109695271 0.047995351 -0.101060688 0.020549828 -0.012211679 0.276424199 0.960738361
1341846116.081984 0.108455904 0.047843501 -0.103536606 0.022221643 -0.009556787 0.266440094 0.963547885
1341846116.113928 0.102840468 0.050864115 -0.107277848 0.021366192 -0.006498905 0.258521736 0.965747237
1341846116.149901 0.104428731 0.045123793 -0.102808639 0.019849194 -0.008817223 0.254093021 0.966935873
1341846116.181797 0.111597173 0.044424087 -0.101307787 0.022364682 -0.009871911 0.245160982 0.969174087
1341846116.219755 0.106778331 0.052792635 -0.097325653 0.023808550 -0.006921835 0.235407516 0.971580446
1341846116.252587 0.109394327 0.044699170 -0.101558954 0.020834994 -0.006773655 0.230743751 0.972767889
1341846116.282014 0.112682410 0.042463042 -0.099830173 0.022906138 -0.006093188 0.224301994 0.974231362
1341846116.319031 0.108571015 0.051432364 -0.106292896 0.025664646 -0.003939859 0.219694898 0.975223064
1341846116.381987 0.114497609 0.050991133 -0.095440529 0.023986487 -0.003266316 0.213579968 0.976625621
1341846116.417962 0.103611149 0.053973593 -0.105257295 0.024532735 0.000399494 0.207318231 0.977965832
1341846116.449943 0.101043865 0.054252129 -0.099652208 0.023334052 0.000621291 0.200630814 0.979388773
1341846116.486079 0.102883451 0.053627606 -0.103297241 0.022481767 0.001983662 0.191379741 0.981256545
1341846116.517901 0.102177598 0.058067251 -0.102209724 0.021569382 0.003039022 0.182073966 0.983043551
1341846116.549851 0.102536939 0.058102809 -0.099837057 0.019673893 0.001607472 0.172417060 0.984826207
1341846116.585719 0.104685716 0.061690029 -0.100249045 0.018724469 0.001274977 0.161218330 0.986740291
1341846116.617985 0.106590994 0.061625503 -0.105987646 0.015974648 0.003554557 0.153432116 0.988023698
1341846116.653901 0.099531107 0.057420436 -0.097876079 0.014729939 0.004615135 0.150730461 0.988454401
1341846116.686079 0.107587524 0.058298204 -0.101751521 0.014651661 0.002920288 0.149773479 0.988607466
1341846116.717942 0.107313223 0.061224513 -0.100260109 0.015958628 0.005474085 0.146767452 0.989027143
1341846116.753865 0.097927652 0.060538430 -0.107267939 0.014659909 0.008381617 0.144290462 0.989391267
1341846116.785839 0.097929485 0.052918125 -0.101357132 0.013820169 0.006009432 0.142186224 0.989725173
1341846116.818815 0.099193290 0.058998566 -0.109600991 0.016730677 0.005337276 0.133960888 0.990831017
1341846116.853902 0.093850821 0.062234234 -0.105803877 0.015882568 0.007131660 0.125425443 0.991950274
1341846116.886435 0.094069012 0.057133198 -0.102823958 0.014408664 0.004452737 0.118937701 0.992787182
1341846116.921838 0.095028050 0.058850676 -0.100849554 0.016596848 0.003254790 0.111439221 0.993627310
1341846116.953941 0.093165725 0.056010704 -0.105826557 0.016427701 0.003528953 0.102944709 0.994545162
1341846116.985759 0.087614805 0.060071778 -0.098827556 0.017704170 0.002642465 0.096500278 0.995172024
1341846117.021816 0.088654220 0.057998873 -0.094567195 0.017945765 0.000351873 0.089917891 0.995787442
1341846117.054055 0.087500133 0.061142314 -0.097572193 0.019252483 -0.000967456 0.082357734 0.996416390
1341846117.085953 0.082473867 0.062371414 -0.098937571 0.018911112 -0.001959983 0.074954934 0.997005641
1341846117.121840 0.080627017 0.055313807 -0.100357771 0.018507764 -0.003937711 0.068867266 0.997446358
1341846117.154178 0.086377993 0.056726497 -0.098185644 0.019864501 -0.006623384 0.064012155 0.997729421
1341846117.190028 0.082600825 0.055766363 -0.098614864 0.021187574 -0.007157158 0.059933044 0.997951865
1341846117.221812 0.088261120 0.059170268 -0.099561088 0.022162149 -0.008946326 0.055230156 0.998187602
1341846117.253848 0.083491884 0.054744273 -0.100901075 0.021339905 -0.006482684 0.050174214 0.998491466
1341846117.289976 0.076940686 0.054149881 -0.101453014 0.021039305 -0.007130516 0.049509477 0.998526573
1341846117.321956 0.084188730 0.058826067 -0.093822017 0.022615012 -0.011308488 0.047923058 0.998530984
1341846117.354004 0.094592929 0.056276876 -0.097971320 0.023577154 -0.010209660 0.043305878 0.998731434
1341846117.389874 0.084987007 0.060857479 -0.100600734 0.023804838 -0.006996323 0.040411480 0.998875022
1341846117.421707 0.084376067 0.053351305 -0.093353115 0.022120960 -0.010242729 0.038968347 0.998943031
1341846117.457914 0.094560124 0.054825030 -0.096197926 0.024244899 -0.012150889 0.036414266 0.998968720
1341846117.490067 0.085032240 0.060912039 -0.098952904 0.024704209 -0.009424822 0.032462604 0.999123156
1341846117.521746 0.080317341 0.055245906 -0.096213870 0.022393815 -0.011365632 0.030906560 0.999206722
1341846117.557896 0.085266866 0.052881952 -0.093852162 0.023763975 -0.014460484 0.029271226 0.999184310
1341846117.590027 0.085300967 0.055568114 -0.094777465 0.024654163 -0.015020670 0.028100008 0.999188125
1341846117.621818 0.084117651 0.049238749 -0.091812119 0.024381861 -0.016666075 0.029017424 0.999142528
1341846117.658054 0.087406643 0.046140850 -0.094019078 0.026919015 -0.019848816 0.029898459 0.998993218
1341846117.689984 0.089947246 0.047889203 -0.093349583 0.029748134 -0.020152219 0.028746195 0.998940766
1341846117.725898 0.087910682 0.040243585 -0.094690025 0.030952146 -0.020473732 0.028012108 0.998918474
1341846117.757737 0.088979661 0.039690550 -0.093694292 0.035396483 -0.022475872 0.027047453 0.998754382
1341846117.790023 0.091422588 0.042622425 -0.092838965 0.037664071 -0.024933312 0.025293991 0.998659074
1341846117.825949 0.094048373 0.040281974 -0.092089944 0.039286148 -0.025721271 0.022547169 0.998642385
1341846117.857847 0.094710603 0.043189771 -0.093593769 0.041733507 -0.024804322 0.022374414 0.998570204
1341846117.893987 0.089753039 0.042216949 -0.096173689 0.041794512 -0.024745105 0.025705751 0.998488903
1341846117.925908 0.096794464 0.043352816 -0.094057329 0.042042896 -0.027518423 0.028275313 0.998336434
1341846117.958141 0.102908686 0.042471003 -0.093866259 0.042717706 -0.026327960 0.029677017 0.998299241
1341846117.993978 0.094778240 0.047342245 -0.094984874 0.042397074 -0.023406139 0.031982563 0.998314440
1341846118.025852 0.094236366 0.043927804 -0.096445777 0.040333744 -0.024583610 0.035039492 0.998269022
1341846118.058362 0.102542944 0.042952362 -0.093046434 0.040283289 -0.025901843 0.037198640 0.998159587
1341846118.093970 0.102878958 0.043645937 -0.092217311 0.040705599 -0.024364563 0.037894029 0.998154998
1341846118.125943 0.095354646 0.042529844 -0.096541606 0.039361071 -0.023494290 0.038866770 0.998192430
1341846118.161827 0.102808200 0.038062081 -0.092804514 0.038762394 -0.025838226 0.039969988 0.998114347
1341846118.194750 0.106348462 0.038798541 -0.093536735 0.040619086 -0.024292363 0.038308468 0.998144507
1341846118.226048 0.105534248 0.039867848 -0.091205858 0.040955313 -0.023228662 0.039332442 0.998116255
1341846118.261772 0.104497902 0.035158329 -0.097022407 0.041114885 -0.023008196 0.038876306 0.998132646
1341846118.294053 0.108055584 0.036251370 -0.092893720 0.043310732 -0.022396389 0.039556935 0.998026967
1341846118.336123 0.107590131 0.036989134 -0.093170062 0.044200405 -0.021111945 0.039839230 0.998004735
1341846118.362053 0.107151851 0.038454775 -0.092692442 0.043646432 -0.021165548 0.039731365 0.998032272
1341846118.393906 0.112285927 0.039489537 -0.090500563 0.043972321 -0.020784406 0.038358144 0.998079717
1341846118.429882 0.109040089 0.039926458 -0.088056475 0.044520192 -0.018400829 0.038757280 0.998086751
1341846118.461821 0.101379327 0.040659152 -0.092483111 0.043462202 -0.018392790 0.039228484 0.998115182
1341846118.509152 0.107809335 0.038887620 -0.090674996 0.042357877 -0.020032017 0.039359506 0.998125911
1341846118.535838 0.108882539 0.038655661 -0.090074748 0.043007046 -0.019026417 0.039904699 0.998096168
1341846118.567808 0.099449582 0.040837571 -0.096353844 0.042229909 -0.018179713 0.040979672 0.998101592
1341846118.603991 0.104949236 0.034730211 -0.097033851 0.040999152 -0.020589722 0.041516647 0.998083949
1341846118.635802 0.115684360 0.035195693 -0.088999167 0.043421086 -0.020016868 0.041332044 0.998000801
1341846118.667919 0.100724265 0.038663905 -0.097438298 0.043504722 -0.016499845 0.041255627 0.998064637
1341846118.703956 0.108749270 0.034863483 -0.091028906 0.042936638 -0.019284796 0.042924564 0.997968972
1341846118.735837 0.115340970 0.035039108 -0.091632396 0.044619884 -0.018654147 0.043026689 0.997902691
1341846118.772013 0.106537305 0.038931672 -0.098385155 0.044832900 -0.015647370 0.043456856 0.997926176
1341846118.804343 0.109767482 0.036867559 -0.094347693 0.043949541 -0.017052289 0.045102466 0.997869432
1341846118.835817 0.112708032 0.036916774 -0.096309789 0.045523677 -0.016875098 0.044930801 0.997809649
1341846118.872045 0.110434033 0.039071474 -0.097671136 0.045589179 -0.015933733 0.045509350 0.997795880
1341846118.903860 0.110464618 0.037222322 -0.098221526 0.044762705 -0.016646173 0.044966962 0.997846246
1341846118.935809 0.115358330 0.037638120 -0.095857531 0.045279153 -0.016733743 0.043714475 0.997877121
1341846118.971870 0.113808013 0.036552258 -0.097602367 0.045774613 -0.015390776 0.043706175 0.997876525
1341846119.003949 0.113952897 0.033888206 -0.097324505 0.045519572 -0.016055260 0.046029110 0.997773290
1341846119.035768 0.123841517 0.031854820 -0.096017793 0.048462261 -0.016239012 0.047244307 0.997574925
1341846119.071829 0.122139663 0.031228570 -0.094616935 0.051940773 -0.012597807 0.049338728 0.997351050
1341846119.103837 0.119162932 0.033732194 -0.099661827 0.053044289 -0.011852192 0.051245861 0.997205913
1341846119.136478 0.122744724 0.031926002 -0.096787192 0.053448193 -0.012560419 0.050383665 0.997219622
1341846119.171928 0.128989905 0.032239083 -0.095266797 0.055918179 -0.011725617 0.050817125 0.997072339
1341846119.203919 0.121584244 0.032083627 -0.100026555 0.057596676 -0.009238395 0.051854920 0.996949494
1341846119.266059 0.120425723 0.027783483 -0.099940524 0.058574822 -0.013968437 0.058192130 0.996487617
1341846119.297817 0.123231769 0.031752121 -0.101963766 0.059642211 -0.014999758 0.059695341 0.996320367
1341846119.334095 0.120375283 0.031535920 -0.102333739 0.058601361 -0.016242933 0.060642574 0.996305406
1341846119.365757 0.126211345 0.027263479 -0.100882702 0.059294213 -0.019662878 0.062609874 0.996081114
1341846119.401815 0.129532829 0.026947228 -0.100061461 0.061083261 -0.020857668 0.064088561 0.995854616
1341846119.434863 0.127557784 0.030532103 -0.105688892 0.061644550 -0.019517228 0.062401693 0.995954335
1341846119.465868 0.131103724 0.029586852 -0.100909717 0.061626196 -0.019222941 0.061139327 0.996039510
1341846119.501761 0.131725773 0.028016588 -0.100204490 0.062886484 -0.018467754 0.061148133 0.995974481
1341846119.533772 0.126837581 0.026845092 -0.103166640 0.063773602 -0.017211577 0.061387625 0.995925844
1341846119.565854 0.131268218 0.028647475 -0.101620823 0.064195924 -0.018066008 0.060188197 0.995956779
