1.000000 0.000000 0.000000 0.000000 0.000000 1.000000 0.000000 0.000000 0.000000 0.000000 1.000000 0.000000
0.999998 -0.001732 -0.001274 -0.014098 0.001731 0.999998 -0.000896 -0.011793 0.001275 0.000893 0.999999 0.634772
0.999990 -0.002110 -0.003930 0.034469 0.002099 0.999994 -0.002798 -0.017733 0.003935 0.002790 0.999988 1.273056
0.999965 -0.001750 -0.008201 0.120222 0.001707 0.999985 -0.005213 -0.009717 0.008210 0.005198 0.999953 1.948470
0.999924 -0.003909 -0.011669 0.179822 0.003831 0.999970 -0.006696 -0.026087 0.011695 0.006651 0.999909 2.573066
0.999859 -0.004665 -0.016134 0.279405 0.004480 0.999924 -0.011526 0.001912 0.016187 0.011452 0.999803 3.228147
0.999887 -0.007887 -0.012829 0.075093 0.007768 0.999926 -0.009332 -0.054019 0.012901 0.009231 0.999874 3.785502
0.999792 -0.005138 -0.019726 0.301326 0.004881 0.999903 -0.013062 0.002906 0.019791 0.012963 0.999720 4.553894
0.999800 -0.008564 -0.018069 0.158620 0.008432 0.999937 -0.007383 -0.115186 0.018131 0.007229 0.999809 5.097802
0.999756 -0.006472 -0.021113 0.226078 0.006190 0.999891 -0.013429 -0.047672 0.021198 0.013295 0.999687 5.758194
0.999630 -0.004177 -0.026885 0.348063 0.003721 0.999849 -0.016967 -0.083004 0.026952 0.016861 0.999494 6.504243
0.999588 -0.002629 -0.028580 0.356634 0.002031 0.999779 -0.020938 -0.094838 0.028629 0.020872 0.999372 7.164131
0.999692 -0.002244 -0.024709 0.115255 0.001756 0.999803 -0.019756 -0.152000 0.024748 0.019707 0.999499 7.814236
0.999618 0.000699 -0.027628 0.154488 -0.001046 0.999921 -0.012529 -0.172990 0.027617 0.012553 0.999540 8.553476
0.999541 0.002184 -0.030232 0.202370 -0.002237 0.999996 -0.001704 -0.201115 0.030228 0.001771 0.999541 9.315732
0.999542 0.002270 -0.030169 0.134631 -0.002144 0.999989 0.004209 -0.191128 0.030179 -0.004142 0.999536 10.037189
0.999434 0.004776 -0.033307 0.169457 -0.004652 0.999982 0.003799 -0.224437 0.033324 -0.003642 0.999438 10.818089
0.999317 0.007134 -0.036270 0.213246 -0.007286 0.999965 -0.004063 -0.218833 0.036240 0.004324 0.999334 11.609383
0.999211 0.007579 -0.038975 0.238644 -0.007957 0.999923 -0.009555 -0.239411 0.038899 0.009858 0.999194 12.429092
0.999035 0.006735 -0.043406 0.311173 -0.007141 0.999932 -0.009185 -0.226024 0.043341 0.009486 0.999015 13.263400
0.999011 0.001992 -0.044414 0.276066 -0.002067 0.999997 -0.001651 -0.158580 0.044410 0.001742 0.999012 14.157460
0.998788 0.003233 -0.049110 0.368455 -0.002887 0.999970 0.007117 -0.204998 0.049131 -0.006967 0.998768 15.024464
0.998781 0.001098 -0.049342 0.311229 -0.000676 0.999963 0.008559 -0.197883 0.049349 -0.008516 0.998745 15.893098
0.998657 -0.001109 -0.051804 0.376771 0.001530 0.999966 0.008077 -0.200335 0.051794 -0.008145 0.998625 16.655684
0.998637 -0.001990 -0.052148 0.349967 0.002416 0.999964 0.008116 -0.274329 0.052130 -0.008231 0.998606 17.652716
0.998977 -0.002426 -0.045165 0.058082 0.002603 0.999989 0.003865 -0.226805 0.045156 -0.003979 0.998972 18.572687
0.998691 -0.004430 -0.050955 0.207121 0.004350 0.999989 -0.001694 -0.234052 0.050962 0.001470 0.998699 19.633026
0.998823 -0.010958 -0.047255 0.068757 0.010570 0.999909 -0.008438 -0.217206 0.047343 0.007929 0.998847 20.553122
0.998751 -0.010758 -0.048802 0.079972 0.010021 0.999832 -0.015326 -0.186595 0.048959 0.014817 0.998691 21.537149
0.998709 -0.010547 -0.049681 0.043341 0.009745 0.999819 -0.016349 -0.225344 0.049845 0.015844 0.998631 22.539692
0.998579 -0.011097 -0.052115 0.043042 0.010316 0.999831 -0.015228 -0.257449 0.052275 0.014669 0.998525 23.599327
0.998404 -0.010953 -0.055409 0.058187 0.010019 0.999804 -0.017098 -0.276144 0.055586 0.016515 0.998317 24.692760
0.998260 -0.009618 -0.058168 0.047783 0.008489 0.999772 -0.019614 -0.305617 0.058343 0.019086 0.998114 25.812996
0.998461 -0.003319 -0.055357 -0.101905 0.002223 0.999800 -0.019857 -0.346903 0.055412 0.019703 0.998269 26.830866
0.998240 -0.002220 -0.059259 -0.095459 0.001018 0.999793 -0.020313 -0.372725 0.059292 0.020217 0.998036 27.928942
0.998108 -0.001452 -0.061474 -0.142696 0.000210 0.999796 -0.020203 -0.420381 0.061491 0.020152 0.997904 29.091921
0.997854 -0.002215 -0.065448 -0.136277 0.000946 0.999811 -0.019412 -0.464953 0.065479 0.019309 0.997667 30.212618
0.997591 -0.002233 -0.069341 -0.175683 0.000875 0.999807 -0.019619 -0.480024 0.069371 0.019511 0.997400 31.393274
0.997773 -0.000892 -0.066696 -0.297499 -0.000199 0.999866 -0.016351 -0.533669 0.066702 0.016328 0.997639 32.476814
0.997530 -0.000344 -0.070243 -0.336045 -0.000743 0.999880 -0.015450 -0.563548 0.070240 0.015464 0.997410 33.659565
0.997334 -0.001296 -0.072960 -0.407621 0.000118 0.999870 -0.016145 -0.602757 0.072971 0.016093 0.997204 34.824203
0.997133 -0.000740 -0.075664 -0.484152 -0.000628 0.999837 -0.018051 -0.630376 0.075665 0.018047 0.996970 36.020084
0.996904 -0.001977 -0.078609 -0.577360 0.000643 0.999855 -0.017003 -0.658335 0.078631 0.016900 0.996761 37.216553
0.996883 -0.004592 -0.078766 -0.683052 0.003135 0.999822 -0.018613 -0.574473 0.078837 0.018308 0.996719 38.322460
0.996391 -0.007485 -0.084551 -0.694504 0.006319 0.999881 -0.014051 -0.598381 0.084646 0.013466 0.996320 39.453987
0.996167 -0.009464 -0.086961 -0.947381 0.008093 0.999838 -0.016102 -0.559459 0.087100 0.015337 0.996082 40.829948
0.996021 -0.008723 -0.088691 -1.122353 0.007261 0.999833 -0.016790 -0.593231 0.088822 0.016079 0.995918 42.049721
0.995926 -0.011867 -0.089387 -1.277003 0.010252 0.999776 -0.018506 -0.595530 0.089586 0.017514 0.995825 43.205688
0.995583 -0.007050 -0.093619 -1.414337 0.004935 0.999728 -0.022804 -0.634572 0.093754 0.022241 0.995347 44.373859
0.995395 -0.018913 -0.093975 -1.637381 0.016860 0.999602 -0.022599 -0.589348 0.094365 0.020911 0.995318 45.495323
0.995417 -0.027686 -0.091538 -1.826940 0.025218 0.999290 -0.028006 -0.422488 0.092249 0.025569 0.995408 46.474251
0.995369 -0.026035 -0.092533 -1.938739 0.023088 0.999196 -0.032774 -0.331423 0.093312 0.030486 0.995170 47.486511
0.995428 -0.007657 -0.095207 -1.985099 0.004664 0.999489 -0.031612 -0.498420 0.095400 0.031023 0.994955 48.347939
0.994918 -0.002088 -0.100668 -2.129798 -0.001015 0.999526 -0.030767 -0.685730 0.100685 0.030713 0.994444 49.559299
0.994259 0.008794 -0.106640 -2.118198 -0.012500 0.999339 -0.034129 -0.867848 0.106269 0.035266 0.993712 50.835213
0.994257 0.008685 -0.106665 -2.213432 -0.012579 0.999277 -0.035887 -0.868539 0.106276 0.037023 0.993647 51.673611
0.992859 0.014413 -0.118423 -1.960182 -0.018700 0.999206 -0.035170 -0.892900 0.117822 0.037133 0.992340 52.422478
0.992737 0.018022 -0.118948 -2.029487 -0.022232 0.999169 -0.034161 -0.938558 0.118233 0.036557 0.992313 53.268379
0.991556 0.031127 -0.125890 -1.836264 -0.035619 0.998801 -0.033587 -1.033991 0.124694 0.037787 0.991475 54.168407
0.991365 0.043501 -0.123702 -2.168169 -0.048291 0.998185 -0.035995 -1.232818 0.121912 0.041658 0.991666 55.245743
0.989792 0.036478 -0.137774 -1.741700 -0.042132 0.998376 -0.038346 -1.142737 0.136151 0.043759 0.989721 55.976776
0.988128 0.046125 -0.146542 -1.610789 -0.052677 0.997763 -0.041150 -1.241121 0.144316 0.048381 0.988348 56.879852
0.986442 0.043390 -0.158268 -1.558604 -0.051386 0.997582 -0.046788 -1.270046 0.155855 0.054286 0.986287 57.898449
0.985067 0.052046 -0.164114 -1.477984 -0.060832 0.996946 -0.048972 -1.374872 0.161064 0.058224 0.985225 58.759342
0.983746 0.056454 -0.170463 -1.439611 -0.066049 0.996504 -0.051149 -1.454158 0.166980 0.061577 0.984036 59.480030
0.988127 0.027700 -0.151123 -1.736311 -0.033327 0.998837 -0.034830 -1.635499 0.149983 0.039453 0.987901 58.555676
0.988945 0.032480 -0.144685 -1.843539 -0.037933 0.998664 -0.035093 -1.425685 0.143352 0.040194 0.988855 58.108910
0.990287 0.011497 -0.138561 -1.970774 -0.014714 0.999645 -0.022214 -1.539597 0.138256 0.024037 0.990105 57.938980
0.991948 0.008595 -0.126350 -2.177480 -0.012176 0.999545 -0.027599 -1.279896 0.126055 0.028916 0.991602 57.127701
0.992018 0.025603 -0.123467 -2.220145 -0.030994 0.998639 -0.041942 -1.024382 0.122225 0.045434 0.991462 57.249836
0.991606 0.027530 -0.126329 -2.226192 -0.033329 0.998474 -0.044020 -1.116008 0.124924 0.047861 0.991011 57.917057
0.992163 0.011497 -0.124417 -2.320069 -0.017467 0.998742 -0.046998 -1.101409 0.123720 0.048803 0.991116 57.923393
0.990956 0.014595 -0.133391 -2.217379 -0.021074 0.998659 -0.047290 -1.314913 0.132522 0.049673 0.989935 58.758129
0.992105 0.013190 -0.124715 -2.404243 -0.019761 0.998472 -0.051598 -1.164079 0.123844 0.053656 0.990850 58.577209
0.991836 0.043763 -0.119775 -2.456736 -0.051154 0.996926 -0.059345 -0.885708 0.116809 0.064987 0.991026 58.497604
0.990658 0.037570 -0.131095 -2.358124 -0.044741 0.997634 -0.052191 -1.083760 0.128824 0.057568 0.989995 59.228989
0.992712 0.030681 -0.116537 -2.624065 -0.036862 0.998005 -0.051261 -1.037121 0.114732 0.055183 0.991863 59.132027
0.991382 0.038532 -0.125206 -2.497668 -0.045281 0.997645 -0.051511 -1.115194 0.122926 0.056736 0.990793 59.829247
0.989532 0.043123 -0.137717 -2.337010 -0.050112 0.997604 -0.047688 -1.277802 0.135330 0.054090 0.989323 60.676212
0.988574 0.050231 -0.142118 -2.390219 -0.058569 0.996761 -0.055106 -1.171556 0.138890 0.062800 0.988315 61.316452
0.986009 0.047640 -0.159737 -2.213614 -0.054967 0.997614 -0.041767 -1.529137 0.157366 0.049963 0.986276 62.355930
0.991146 0.026996 -0.130001 -2.639813 -0.033871 0.998126 -0.050963 -1.143799 0.128381 0.054915 0.990203 61.195641
0.993485 0.011775 -0.113349 -3.010659 -0.018530 0.998102 -0.058730 -0.969824 0.112442 0.060448 0.991818 60.877529
0.991886 0.016834 -0.126014 -2.829005 -0.023415 0.998428 -0.050925 -1.273056 0.124958 0.053462 0.990721 61.506172
0.992737 0.000477 -0.120304 -2.987514 -0.005687 0.999060 -0.042974 -1.376103 0.120170 0.043346 0.991807 61.454391
0.992361 0.013588 -0.122619 -3.001794 -0.018809 0.998960 -0.041525 -1.377040 0.121927 0.043514 0.991585 61.868000
0.991919 -0.016226 -0.125829 -3.096220 0.013461 0.999649 -0.022797 -1.697404 0.126155 0.020919 0.991790 62.344944
0.987941 0.035297 -0.150754 -2.761331 -0.042850 0.997968 -0.047153 -1.451593 0.148783 0.053045 0.987446 64.164017
0.991119 0.017860 -0.131772 -3.114169 -0.023632 0.998822 -0.042370 -1.379408 0.130860 0.045108 0.990374 63.893627
0.992079 0.026162 -0.122862 -3.273878 -0.031617 0.998589 -0.042660 -1.402099 0.121572 0.046207 0.991506 63.780403
0.992696 0.007632 -0.120400 -3.179404 -0.011979 0.999301 -0.035423 -1.444368 0.120046 0.036606 0.992093 62.626629
0.992748 0.011740 -0.119639 -3.263776 -0.016461 0.999121 -0.038551 -1.402730 0.119081 0.040241 0.992069 63.095078
0.992079 0.010139 -0.125208 -3.277144 -0.015016 0.999162 -0.038069 -1.433823 0.124717 0.039648 0.991400 63.965172
0.991094 0.012995 -0.132527 -3.222340 -0.018158 0.999120 -0.037820 -1.422860 0.131918 0.039890 0.990458 64.555862
0.990953 0.013568 -0.133523 -3.288937 -0.018549 0.999175 -0.036132 -1.453202 0.132923 0.038282 0.990387 64.908440
0.991047 0.013803 -0.132801 -3.359276 -0.018957 0.999112 -0.037624 -1.461524 0.132163 0.039805 0.990428 65.137489
0.990752 0.014921 -0.134862 -3.380030 -0.020129 0.999100 -0.037331 -1.479263 0.134184 0.039701 0.990161 65.336281
0.990322 0.012572 -0.138221 -3.424309 -0.017841 0.999158 -0.036947 -1.502035 0.137641 0.039056 0.989712 65.571648
0.989615 0.011251 -0.143302 -3.444327 -0.016824 0.999146 -0.037735 -1.509570 0.142755 0.039754 0.988959 65.881226
0.988939 0.010475 -0.147954 -3.480375 -0.016124 0.999184 -0.037031 -1.522550 0.147446 0.039007 0.988301 66.141457
