1548340549.995450 0.0000000 0.0000000 0.0000000 0.0000000 0.0000000 0.0000000 1.0000000
1548340550.596470 0.0414824 -0.0147722 0.0742738 -0.0053855 -0.0323751 0.0143468 0.9993583
1548340550.629970 0.0430941 -0.0182403 0.0811963 -0.0066454 -0.0348455 0.0124035 0.9992936
1548340550.931550 0.0637861 -0.0302906 0.1513985 -0.0183640 -0.0476072 0.0055248 0.9986820
1548340551.770160 0.0014787 -0.0964136 0.4514298 -0.0280456 -0.0529388 -0.0202572 0.9979983
1548340552.473500 -0.0058362 -0.1536934 0.7857870 -0.0556760 -0.0851065 -0.0279600 0.9944221
1548340552.674600 -0.0150596 -0.1747762 0.8752893 -0.0635121 -0.0855724 -0.0310888 0.9938194
1548340552.842170 -0.0278888 -0.1841937 0.9418749 -0.0639144 -0.0848782 -0.0309522 0.9938574
1548340553.076830 -0.0589095 -0.1922986 1.0352012 -0.0719051 -0.0830083 -0.0448273 0.9929399
1548340553.311510 -0.0977033 -0.1958011 1.1311400 -0.0787277 -0.0703956 -0.0592648 0.9926400
1548340554.015830 -0.1281166 -0.1798915 1.4152898 -0.1131797 -0.0598204 -0.0767263 0.9887998
1548340554.350950 -0.1497099 -0.1688782 1.5040898 -0.1155206 -0.0625584 -0.0982348 0.9864540
1548340554.518530 -0.1550857 -0.1623158 1.5341475 -0.1189214 -0.0592769 -0.1005603 0.9860181
1548340554.652830 -0.1581077 -0.1551598 1.5538855 -0.1260765 -0.0573735 -0.1036576 0.9849203
1548340554.821520 -0.1615574 -0.1432693 1.5752860 -0.1361177 -0.0606332 -0.1097311 0.9827282
1548340554.989130 -0.1608462 -0.1343112 1.5924183 -0.1407703 -0.0620622 -0.1122804 0.9816950
1548340555.123270 -0.1566632 -0.1316774 1.6047750 -0.1420622 -0.0605697 -0.1121634 0.9816155
1548340555.223800 -0.1545837 -0.1288239 1.6113195 -0.1385724 -0.0607908 -0.1170095 0.9815350
1548340555.659980 -0.1645243 -0.1241318 1.6309239 -0.1556053 -0.0680877 -0.1206875 0.9780519
1548340556.866120 -0.1231318 -0.1474328 1.5266180 -0.1290662 -0.0829439 -0.0956386 0.9835220
1548340557.635150 -0.0848598 -0.1801701 1.2741736 -0.0751930 -0.0340768 -0.0731167 0.9939008
1548340558.104230 -0.0532510 -0.1633860 1.0759015 -0.0574251 -0.0230574 -0.0444966 0.9970912
1548340561.790420 -0.3448322 0.0539996 -0.0546088 -0.0166271 -0.0183368 -0.0489229 0.9984958
1548340563.064720 -0.4251621 0.0874141 -0.3400239 -0.0142894 0.0221631 0.0116788 0.9995840
1548340566.114030 -0.4512743 0.2880345 -1.2019619 -0.0189049 0.0328888 0.0309975 0.9987993
1548340568.862030 -0.4718088 0.3872510 -2.1490896 0.0018654 0.0462850 0.0066740 0.9989042
1548340571.510370 -0.4029200 0.5679704 -2.9822612 0.0005055 0.0523845 0.0280048 0.9982341
1548340571.711250 -0.4243034 0.5672310 -3.0287964 -0.0003267 0.0723905 0.0297260 0.9969332
1548340571.912520 -0.4445436 0.5724093 -3.0835469 0.0135180 0.0705733 0.0289857 0.9969937
1548340572.783320 -0.4012459 0.5883890 -3.1231360 0.0258977 0.0410500 0.0208996 0.9986027
1548340573.554060 -0.4087070 0.5731653 -2.9727223 0.0280763 0.0630641 0.0279388 0.9972232
1548340573.621040 -0.4199715 0.5674761 -2.9457650 0.0239036 0.0677449 0.0268717 0.9970542
1548340573.956180 -0.4159063 0.5168573 -2.8248332 0.0191136 0.0448864 0.0145541 0.9987032
1548340574.761410 -0.3413838 0.4641871 -2.4494705 -0.0068803 0.0302563 0.0024206 0.9995155
1548340574.995460 -0.3441833 0.4368005 -2.3358870 -0.0053719 0.0371395 0.0031065 0.9992908
1548340575.665720 -0.3017288 0.3751183 -1.9616573 -0.0171017 0.0132288 -0.0032754 0.9997609
1548340576.336170 -0.2667481 0.2880100 -1.5906881 -0.0373275 0.0125794 0.0027461 0.9992201
1548340577.173620 -0.2476543 0.2043497 -1.1138928 -0.0452283 0.0003100 0.0253930 0.9986538
1548340578.447820 -0.3580375 0.0676789 -0.6403501 0.0072116 0.0600256 0.0563161 0.9965808
1548340579.185020 -0.2811077 -0.0108240 -0.2652116 -0.0201872 0.0554179 0.0353751 0.9976321
1548340579.720910 -0.2123118 -0.0883836 -0.0227809 -0.0325353 0.0623423 0.0195425 0.9973329
1548340580.290850 -0.0971032 -0.1647919 0.2532723 -0.0394169 0.0030164 0.0106613 0.9991614
1548340580.659570 -0.0730486 -0.2030109 0.4240435 -0.0369561 -0.0495150 -0.0188611 0.9979112
1548340581.028260 -0.0727569 -0.2279600 0.6087822 -0.0526841 -0.0883854 -0.0347426 0.9940852
1548340581.430530 -0.0732567 -0.2454618 0.7970797 -0.0458031 -0.0749947 -0.0403357 0.9953145
1548340581.798990 -0.0716875 -0.2322596 0.9993129 -0.0877994 -0.1070987 -0.0451903 0.9893326
1548340582.200920 -0.0790119 -0.2251769 1.1959262 -0.0997539 -0.0969507 -0.0701689 0.9877884
1548340582.435790 -0.1008113 -0.1981257 1.2684218 -0.1048651 -0.0989998 -0.0875591 0.9856651
1548340582.737690 -0.1109515 -0.1689431 1.3557051 -0.1076786 -0.0614311 -0.0792680 0.9891148
1548340582.972270 -0.1248293 -0.1603637 1.3963164 -0.1046117 -0.0683611 -0.0750125 0.9893211
1548340583.206960 -0.1362019 -0.1511533 1.4281421 -0.1070327 -0.0719504 -0.0824994 0.9882110
1548340583.743250 -0.1491696 -0.1297368 1.5048362 -0.1203559 -0.0568597 -0.1054855 0.9854716
1548340584.112890 -0.1786724 -0.0928039 1.5363663 -0.1345641 -0.0456428 -0.1511554 0.9782440
1548340584.313990 -0.1865351 -0.0805091 1.5175142 -0.1403908 -0.0507306 -0.1552636 0.9765296
1548340584.381010 -0.1870878 -0.0824624 1.5048945 -0.1379700 -0.0549477 -0.1498428 0.9774928
1548340584.414520 -0.1870268 -0.0861286 1.4998311 -0.1395244 -0.0562260 -0.1447607 0.9779652
1548340584.448040 -0.1867887 -0.0863614 1.4905881 -0.1339038 -0.0574583 -0.1426327 0.9789914
1548340584.716260 -0.1790587 -0.1086468 1.4151231 -0.1092898 -0.0627073 -0.1186712 0.9849064
1548340585.051290 -0.1547588 -0.1311914 1.2802590 -0.0739435 -0.0625918 -0.0950682 0.9907455
1548340585.351080 -0.1312814 -0.1436554 1.1319706 -0.0469978 -0.0479941 -0.0897733 0.9936944
1548340585.854550 -0.0983434 -0.1779452 0.9000193 -0.0186324 -0.0559248 -0.0748129 0.9954538
1548340586.189500 -0.0638363 -0.1925961 0.7344028 0.0083472 -0.0665033 -0.0726994 0.9950992
1548340586.759190 -0.0632480 -0.1747012 0.4706914 0.0233374 -0.0327571 -0.0436842 0.9982355
1548340587.295310 -0.1251332 -0.1412721 0.2316412 0.0479742 -0.0016129 -0.0343632 0.9982560
1548340588.937410 -0.2825442 -0.1044751 -0.2961799 0.0310725 0.0487191 0.0129147 0.9982455
1548340589.574170 -0.2698447 -0.1076497 -0.3277635 0.0333932 0.0551753 0.0205366 0.9977068
1548340591.819990 -0.4300317 0.0064315 -0.7877197 0.0567263 0.0010289 0.0189261 0.9982098
1548340593.127110 -0.2788076 0.0490587 -1.1595196 0.0128394 -0.0157680 0.0380534 0.9990688
1548340593.395130 -0.2804594 0.0822107 -1.2564923 0.0094265 -0.0094217 0.0438454 0.9989494
1548340593.462080 -0.2616808 0.0955239 -1.3043882 0.0060741 0.0082246 0.0488150 0.9987555
1548340593.529060 -0.2971521 0.1043798 -1.3005700 0.0027913 0.0234262 0.0502413 0.9984584
1548340593.562570 -0.2700320 0.1092387 -1.3279195 0.0012427 0.0266680 0.0494261 0.9984209
1548340593.730020 -0.3137251 0.1313799 -1.3680036 0.0012949 0.0602373 0.0609735 0.9963192
1548340593.797110 -0.2564124 0.1318853 -1.4350257 0.0035131 0.0589936 0.0604845 0.9964181
1548340593.864410 -0.3285900 0.1397049 -1.4213494 0.0090778 0.0711770 0.0648058 0.9953148
1548340593.897970 -0.2983501 0.1498714 -1.4535534 0.0140101 0.0607895 0.0640365 0.9959958
1548340593.964950 -0.3034415 0.1608681 -1.4820789 0.0191500 0.0571990 0.0655299 0.9960258
1548340594.031990 -0.2719525 0.1835802 -1.5267670 0.0198639 0.0477857 0.0640175 0.9966061
1548340594.098730 -0.2741484 0.2018838 -1.5502675 0.0128500 0.0464796 0.0617679 0.9969249
1548340594.132250 -0.2631821 0.2042488 -1.5653208 0.0072607 0.0439485 0.0583153 0.9973040
1548340594.299800 -0.2753064 0.2004544 -1.6165183 -0.0071251 0.0458892 0.0562359 0.9973369
1548340595.305010 -0.3942645 0.3636968 -2.0798850 0.0174490 0.0460021 0.0453657 0.9977582
1548340595.807710 -0.4308442 0.4250565 -2.2870533 0.0092601 0.0341695 0.0420177 0.9984894
1548340596.746880 -0.5403854 0.5380341 -2.6234438 0.0065790 0.0103751 0.0247918 0.9996172
1548340597.517540 -0.5413089 0.5949958 -2.9408593 0.0342929 0.0449805 0.0458833 0.9973442
1548340598.020220 -0.5853986 0.6167452 -3.0582497 0.0147108 0.0472148 0.0356821 0.9981388
1548340598.589880 -0.5393209 0.6734744 -3.1625214 0.0097415 0.0546300 0.0194906 0.9982689
1548340598.723980 -0.5258709 0.6821215 -3.1747489 0.0090080 0.0472870 0.0204168 0.9986320
1548340598.992090 -0.5146883 0.6780412 -3.1733868 0.0094975 0.0469717 0.0275416 0.9984713
1548340599.126100 -0.5147278 0.6733186 -3.1582587 0.0108895 0.0468261 0.0301862 0.9983875
1548340599.327220 -0.5234350 0.6741191 -3.1301522 0.0174412 0.0526584 0.0284208 0.9980557
1548340599.394230 -0.5211154 0.6804928 -3.1182821 0.0174528 0.0543168 0.0274645 0.9979934
1548340599.662500 -0.5289237 0.6687230 -3.0653155 0.0197789 0.0753977 0.0285075 0.9965497
1548340599.763050 -0.5262122 0.6759662 -3.0456181 0.0252478 0.0807050 0.0281785 0.9960197
1548340599.897130 -0.5110496 0.6896866 -3.0056844 0.0183987 0.0891338 0.0282686 0.9954484
1548340600.131710 -0.5169824 0.6552058 -2.9120440 0.0079022 0.0770029 0.0289936 0.9965779
1548340600.835510 -0.3882032 0.6152062 -2.6055813 -0.0343672 0.0420159 0.0112411 0.9984624
1548340601.338390 -0.3615024 0.5401269 -2.3589222 -0.0217765 0.0506919 0.0137267 0.9983826
1548340602.008530 -0.3310519 0.4251251 -1.9605858 -0.0230727 -0.0154611 0.0061305 0.9995954
1548340602.510780 -0.3571169 0.3352741 -1.6571292 -0.0128512 -0.0123373 0.0094797 0.9997964
1548340602.980420 -0.3790267 0.2486912 -1.3994685 0.0010202 0.0093549 0.0368544 0.9992763
1548340603.516550 -0.3809474 0.1754232 -1.0502735 0.0029985 0.0318273 0.0470518 0.9983808
1548340603.918630 -0.3378198 0.1165917 -0.8519177 0.0133925 0.0603838 0.0549879 0.9965695
1548340604.220470 -0.3377792 0.0802327 -0.7229498 0.0267241 0.1239144 0.0561634 0.9903417
1548340604.857110 -0.2515855 0.0428142 -0.3634177 0.0175340 0.1331089 0.0782999 0.9878480
1548340605.829340 -0.1242436 -0.0751084 0.1560399 0.0020823 0.0626921 0.0024871 0.9980276
1548340608.812370 0.1111067 -0.2097204 0.8117473 -0.0286742 -0.0507119 -0.0596676 0.9965169
