1548265158.741470 0.000000000 0.000000000 0.000000000 -0.000000000 -0.000000000 -0.000000000 1.000000000
1548265158.774300 0.008677177 0.006169033 -0.000703285 0.001637636 0.001081593 -0.001295407 0.999997258
1548265158.807780 -0.001739668 0.000910998 -0.002767609 0.000505944 0.004036514 0.000263092 0.999991715
1548265158.841290 0.004880248 0.002980835 -0.003888505 0.001103068 0.002264936 -0.001449036 0.999995828
1548265158.874790 0.000582182 0.005185804 -0.006414243 0.001254766 0.002913008 -0.002255977 0.999992490
1548265158.908300 -0.000018378 0.010428209 -0.005354061 0.001420725 0.001629144 -0.003386132 0.999991953
1548265158.941820 -0.002215168 0.020558471 -0.009871928 0.001305266 0.000215758 -0.006072834 0.999980688
1548265158.975330 -0.005718015 0.023322439 -0.010431910 -0.001588615 -0.000029587 -0.009091344 0.999957442
1548265159.008680 -0.003130058 0.024928739 -0.010435551 -0.004638232 -0.001108920 -0.011476902 0.999922752
1548265159.042060 -0.004399170 0.030774761 -0.011798733 -0.006893406 0.000422048 -0.012829056 0.999893844
1548265159.075570 -0.001946300 0.033568151 -0.009585612 -0.010156852 -0.000150680 -0.013442583 0.999858141
1548265159.108230 0.004424430 0.040535744 -0.010743127 -0.012343505 -0.000225195 -0.014781713 0.999814510
1548265159.141920 0.004845791 0.040726114 -0.010076763 -0.015906816 0.003299004 -0.015311035 0.999750793
1548265159.175430 0.000272337 0.047158435 -0.010058357 -0.018125778 0.006571121 -0.015123304 0.999699771
1548265159.208950 0.007272606 0.058351021 -0.006538612 -0.019657042 0.006387436 -0.015928799 0.999659479
1548265159.242470 0.025319001 0.068176046 -0.007655145 -0.022563517 0.007701629 -0.015878584 0.999589622
1548265159.275810 0.023278259 0.070170172 -0.004329013 -0.027182156 0.012974964 -0.015134603 0.999431729
1548265159.309300 0.029586777 0.078246318 0.000630325 -0.030106386 0.016849263 -0.014953519 0.999292850
1548265159.342820 0.029484782 0.069129013 -0.000617545 -0.036623415 0.023385873 -0.014243628 0.998953938
1548265159.376330 0.012883610 0.066059507 -0.000602143 -0.041470788 0.030602142 -0.012044029 0.998598337
1548265159.409850 0.025946809 0.071795650 0.002012602 -0.043392867 0.029831951 -0.011584319 0.998545408
1548265159.443360 0.028533043 0.076789267 0.005768197 -0.045469198 0.034770116 -0.009707745 0.998313248
1548265159.476880 0.020387173 0.074012704 0.008372695 -0.048926834 0.040625416 -0.006725363 0.997953176
1548265159.510430 0.033056829 0.075636163 0.009390404 -0.050544892 0.041047890 -0.005712545 0.997861564
1548265159.544110 0.038027253 0.077511624 0.011562896 -0.052433796 0.045683894 -0.004161642 0.997570276
1548265159.577920 0.034894440 0.081382602 0.012058924 -0.053760689 0.051494144 -0.001898756 0.997223496
1548265159.611470 0.040702879 0.083203509 0.013632672 -0.055797853 0.055023111 -0.001257137 0.996923983
1548265159.645020 0.042346500 0.085915528 0.016021976 -0.057307459 0.060779616 -0.000101325 0.996504784
1548265159.678550 0.040361471 0.092135310 0.017666316 -0.058332685 0.066139527 0.001432911 0.996102870
1548265159.712070 0.062248919 0.099170849 0.014589577 -0.059351798 0.066082530 0.001755134 0.996045887
1548265159.745590 0.058559697 0.100950122 0.021330802 -0.061774787 0.075049520 0.001839852 0.995262861
1548265159.779100 0.050547045 0.098186649 0.022074532 -0.063945316 0.083144791 0.002766570 0.994479895
1548265159.812620 0.052373502 0.094090179 0.024747390 -0.065840244 0.087925494 0.002546485 0.993945539
1548265159.846140 0.066217750 0.089039862 0.023863887 -0.067488700 0.092584871 0.002321290 0.993412256
1548265159.879650 0.053058233 0.091449954 0.026979161 -0.065954894 0.102661036 0.004504467 0.992517233
1548265159.913170 0.057475697 0.081481025 0.027462306 -0.066068806 0.106390856 0.006243636 0.992107332
1548265159.946680 0.057674296 0.074328274 0.028858226 -0.064005136 0.111144312 0.008061281 0.991708338
1548265159.980200 0.056152102 0.068874493 0.030758984 -0.060089309 0.116518863 0.011615361 0.991301060
1548265160.013710 0.060911052 0.067733288 0.029785145 -0.054312669 0.119867906 0.015135622 0.991187572
1548265160.047200 0.060214527 0.064646088 0.029497514 -0.048376285 0.123552069 0.018932158 0.990977407
1548265160.080720 0.072328374 0.056219280 0.023366852 -0.043647356 0.124114759 0.023471933 0.991029561
1548265160.114230 0.075940683 0.059419878 0.021820642 -0.036653668 0.126376793 0.027506286 0.990923226
1548265160.147750 0.073370993 0.052549075 0.020193936 -0.031866211 0.128285170 0.029500630 0.990786135
1548265160.181260 0.077037245 0.052951619 0.018964088 -0.026490157 0.128735229 0.031398445 0.990827799
1548265160.214890 0.076467805 0.048218168 0.015747983 -0.022886783 0.129508942 0.032375205 0.990785301
1548265160.248410 0.078004852 0.047740325 0.017184939 -0.019359456 0.130153283 0.031300552 0.990810573
1548265160.281810 0.078268975 0.045845218 0.014562520 -0.016455565 0.131676450 0.030456997 0.990688086
1548265160.315190 0.075183235 0.047560968 0.015422666 -0.013046652 0.133299261 0.029646138 0.990546465
1548265160.348710 0.084777653 0.038434193 0.011517418 -0.012360017 0.132544518 0.029020725 0.990675032
1548265160.382220 0.085467897 0.035923894 0.011753948 -0.010124547 0.135423750 0.029197609 0.990305781
1548265160.415860 0.087959595 0.024391318 0.010729897 -0.009234987 0.138194844 0.030434974 0.989894271
1548265160.449380 0.088153079 0.025102722 0.009897490 -0.005340912 0.141039327 0.032882970 0.989443362
1548265160.482970 0.090818852 0.017550567 0.006123284 -0.002191226 0.142857403 0.034790646 0.989129245
1548265160.516480 0.115869954 -0.000241744 -0.001400017 -0.000907970 0.143036172 0.038032591 0.988986015
1548265160.550000 0.111686580 0.001305040 0.000117157 0.003936622 0.150302127 0.040411189 0.987806022
1548265160.583440 0.110009186 0.003241688 0.000555536 0.009763533 0.155238792 0.043186542 0.986884296
1548265160.616960 0.121415772 -0.007701232 -0.005918025 0.012764033 0.158693671 0.045179646 0.986211061
1548265160.650440 0.123727873 -0.009545102 -0.006205941 0.017668268 0.164538100 0.048880968 0.985000372
1548265160.683950 0.140664101 -0.014309200 -0.014418473 0.021598158 0.166735560 0.051844861 0.984400749
1548265160.717470 0.130642414 -0.007122655 -0.015321541 0.027201498 0.173232451 0.052632507 0.983097374
1548265160.750980 0.166258305 -0.022578683 -0.034833081 0.026766334 0.175996184 0.056977861 0.982375920
1548265160.784500 0.149577737 -0.015907004 -0.026363315 0.030565068 0.186347380 0.058837641 0.980244160
1548265160.818020 0.151193008 -0.015109802 -0.026340138 0.032674849 0.192964450 0.060469985 0.978795469
1548265160.851530 0.153303608 -0.013852194 -0.031794421 0.034240935 0.200327411 0.061878871 0.977173269
1548265160.885020 0.158826023 -0.007254819 -0.036514983 0.035914633 0.206642300 0.063213103 0.975711703
1548265160.918500 0.177026272 -0.009082213 -0.046878867 0.035023157 0.209374547 0.064862780 0.975053072
1548265160.952010 0.158724770 -0.006903587 -0.032471493 0.034938473 0.220996171 0.065614991 0.972437501
1548265160.985530 0.166439727 0.003078690 -0.039180245 0.035345163 0.227071449 0.067552283 0.970889270
1548265161.019010 0.198090076 -0.017146993 -0.061681390 0.029634887 0.227927431 0.069794089 0.970721185
1548265161.052520 0.208365247 -0.011483387 -0.064649977 0.029699920 0.235561192 0.072625935 0.968686938
1548265161.086030 0.179089233 -0.004345692 -0.044320997 0.031285282 0.251585573 0.075814843 0.964353681
1548265161.119550 0.193306148 -0.021261651 -0.048624553 0.027929530 0.255877733 0.078730837 0.963092923
1548265161.153020 0.194374949 -0.010950521 -0.043159604 0.031228863 0.262063503 0.081984781 0.961054623
1548265161.186500 0.199393228 -0.010823522 -0.047804795 0.032010160 0.267656833 0.084765434 0.959244549
1548265161.220010 0.198206127 -0.017867813 -0.048565201 0.031093527 0.271883309 0.087979905 0.957795501
1548265161.253530 0.203202561 -0.011675341 -0.050849631 0.032115050 0.273696721 0.089769796 0.957078993
1548265161.287040 0.206419855 -0.019012934 -0.054965843 0.029298795 0.277180314 0.091040835 0.956046224
1548265161.320520 0.210207105 -0.008207502 -0.052730527 0.029346528 0.279124200 0.091947429 0.955392182
1548265161.354030 0.209786952 -0.008189550 -0.048710175 0.026788924 0.280767977 0.091687515 0.955010593
1548265161.387340 0.210580587 0.004499007 -0.046088643 0.026046449 0.283138245 0.092700623 0.954233170
1548265161.420750 0.210435808 0.008342532 -0.044864662 0.022925872 0.284083217 0.093337841 0.953970253
1548265161.454260 0.210425600 0.003184557 -0.040211927 0.017897388 0.285350949 0.093629859 0.953670859
1548265161.487770 0.208954796 0.007683853 -0.032273591 0.014260592 0.287634104 0.094180003 0.952991784
1548265161.521260 0.202615872 0.024412317 -0.023014620 0.014502599 0.287984610 0.095310606 0.952769876
1548265161.554780 0.215454757 0.026977986 -0.033598877 0.010540545 0.284584314 0.094702244 0.953903675
1548265161.588290 0.204446748 0.015613216 -0.014738864 0.005189691 0.288940459 0.095327683 0.952575088
1548265161.621810 0.202183485 0.020079590 -0.008284635 0.003172882 0.289266676 0.095960833 0.952421308
1548265161.655330 0.202954993 0.018066779 -0.006085177 0.000276433 0.289065897 0.096550778 0.952427864
1548265161.688870 0.203551769 0.019420844 -0.000294669 -0.001634103 0.289519459 0.097206265 0.952222049
1548265161.722380 0.202209666 0.017301569 0.002330730 -0.003854553 0.289558977 0.097246304 0.952199519
1548265161.755880 0.203126222 0.019066544 0.001864547 -0.005332997 0.290149271 0.097309671 0.952006221
1548265161.789420 0.200911060 0.025520621 0.005879926 -0.005932474 0.290688127 0.097814932 0.951786458
1548265161.822970 0.201892376 0.025176203 0.006600844 -0.008466287 0.289893985 0.096377403 0.952156126
1548265161.856510 0.198633969 0.028094150 0.012459779 -0.010005342 0.290830761 0.096577615 0.951835215
1548265161.890040 0.197543636 0.028909048 0.017363815 -0.011856512 0.289894938 0.096367799 0.952120602
1548265161.923550 0.188218102 0.034541830 0.026267502 -0.012746265 0.289453208 0.095435202 0.952337384
1548265161.957080 0.193704411 0.025963098 0.020694397 -0.016792903 0.286395192 0.093390055 0.953401387
1548265161.990590 0.186787203 0.033290841 0.029981663 -0.016636908 0.287333190 0.093087591 0.953151464
1548265162.024120 0.180556238 0.038002800 0.037154060 -0.016859109 0.286262572 0.092180781 0.953557670
1548265162.057630 0.182456568 0.036917884 0.034941327 -0.018413767 0.283518076 0.091403984 0.954423308
1548265162.091140 0.178075477 0.042563815 0.041360494 -0.018253721 0.282192856 0.091000602 0.954857588
1548265162.124670 0.175308555 0.051861353 0.036248777 -0.017456628 0.278479189 0.089841835 0.956071675
1548265162.158180 0.179142758 0.050324127 0.031571560 -0.019564152 0.275977463 0.088969477 0.956837595
1548265162.191700 0.178100914 0.054943312 0.031687208 -0.020554539 0.276158422 0.088571526 0.956801534
1548265162.225210 0.172815681 0.064371049 0.037297666 -0.020701736 0.276405990 0.088433966 0.956739604
1548265162.258730 0.176144242 0.061050117 0.028000323 -0.024210624 0.274066120 0.087577604 0.957408965
1548265162.292250 0.172070146 0.069077685 0.031562924 -0.025719058 0.275202334 0.088245608 0.956982255
1548265162.325760 0.172116891 0.077692039 0.033133641 -0.027465807 0.274991512 0.089474939 0.956880152
1548265162.359280 0.176351339 0.081117108 0.029411145 -0.030681876 0.275116533 0.090695567 0.956631541
1548265162.392770 0.169692442 0.086522475 0.036418535 -0.033494595 0.277523994 0.093839020 0.955537975
1548265162.426290 0.171595857 0.088180512 0.039614595 -0.036551222 0.276448667 0.097250856 0.955396473
1548265162.459800 0.180070743 0.091991365 0.031942263 -0.039443869 0.274990201 0.098144509 0.955610931
1548265162.493290 0.168160364 0.098726697 0.042091314 -0.042063229 0.278237641 0.101399146 0.954218447
1548265162.526790 0.171034768 0.115948111 0.042731702 -0.042568371 0.275441378 0.103980273 0.954729319
1548265162.560310 0.185947150 0.106377944 0.033806175 -0.049833465 0.273508966 0.105861999 0.954726517
1548265162.593820 0.187582582 0.106799006 0.035656687 -0.053974219 0.275051415 0.109386832 0.953660369
1548265162.627320 0.187486127 0.104090422 0.039874539 -0.058217719 0.276312262 0.112350151 0.952701271
1548265162.660840 0.192908108 0.110908851 0.037972435 -0.059998289 0.277498245 0.114987224 0.951931179
1548265162.694350 0.192009717 0.115931429 0.037968941 -0.061435211 0.279883206 0.118643157 0.950691879
1548265162.727870 0.191845849 0.115506314 0.039067686 -0.063887119 0.280650020 0.121411964 0.949954271
1548265162.761380 0.199903995 0.116973780 0.033687890 -0.066539317 0.281033188 0.122464806 0.949523747
1548265162.794890 0.199458003 0.119929083 0.036667854 -0.068455540 0.284696579 0.124686517 0.948005855
1548265162.828410 0.194967598 0.118752055 0.041257948 -0.070265278 0.287104517 0.126160339 0.946951687
1548265162.861920 0.197383344 0.121404700 0.040219046 -0.070950538 0.287831008 0.127073050 0.946557879
1548265162.895450 0.197902247 0.119378284 0.040153213 -0.071958601 0.289167643 0.128290623 0.945909977
1548265162.928960 0.200324327 0.123470299 0.037854701 -0.071437232 0.290909708 0.129362673 0.945269108
1548265162.962480 0.200946778 0.123719059 0.039270610 -0.071912348 0.293534756 0.131973833 0.944059789
1548265162.996000 0.202814966 0.121278688 0.038290240 -0.072480567 0.295855075 0.134662539 0.942911685
1548265163.029550 0.206939831 0.125714317 0.036265664 -0.071492031 0.297039479 0.136960313 0.942283630
1548265163.063070 0.208173320 0.122336507 0.035633035 -0.072338983 0.299086422 0.138503835 0.941345394
1548265163.096590 0.207723036 0.120772287 0.037962075 -0.071993127 0.302084535 0.140218198 0.940159976
1548265163.130120 0.207490191 0.115854926 0.037384965 -0.072245486 0.303119540 0.141527534 0.939611197
1548265163.163690 0.205359578 0.112224676 0.039745674 -0.071371779 0.302972555 0.142153665 0.939630806
1548265163.197210 0.203591704 0.107170187 0.041931432 -0.070728689 0.301902384 0.142180800 0.940019727
1548265163.230730 0.201570481 0.114948422 0.041223563 -0.067427553 0.299570709 0.140413776 0.941273034
1548265163.264320 0.207437143 0.103297450 0.038311474 -0.069307521 0.297610223 0.138404593 0.942055643
1548265163.297760 0.200318038 0.099832125 0.043910485 -0.067967154 0.298496008 0.137334570 0.942029655
1548265163.331270 0.194568202 0.094584920 0.050114315 -0.066495545 0.297232956 0.135943532 0.942735553
1548265163.364790 0.193425238 0.097177021 0.046347786 -0.062487639 0.293654978 0.134571612 0.944326520
1548265163.398300 0.193956330 0.083132289 0.045889109 -0.061920300 0.289446980 0.132464379 0.945959628
1548265163.431820 0.197878763 0.083036415 0.045269530 -0.058878049 0.286155641 0.131700039 0.947261035
1548265163.465670 0.186409071 0.079423375 0.056644291 -0.056108009 0.285274148 0.132151455 0.947632134
1548265163.499260 0.191575319 0.072916389 0.054950070 -0.054038569 0.278642088 0.131301180 0.949841321
1548265163.532780 0.194519430 0.057692446 0.052418519 -0.054816607 0.274898857 0.131057754 0.950920463
1548265163.566300 0.190574393 0.054121580 0.058246363 -0.053150851 0.273217142 0.130866751 0.951525807
1548265163.599820 0.184798226 0.055108581 0.065069690 -0.049903307 0.270675898 0.130057633 0.952538371
1548265163.633350 0.196449623 0.047238261 0.060026266 -0.049292613 0.264999926 0.129079998 0.954297483
1548265163.666870 0.198680982 0.040716104 0.061781347 -0.049012177 0.263229638 0.128174081 0.954923749
1548265163.700380 0.197191373 0.047195286 0.064391688 -0.045885898 0.262085140 0.127209008 0.955522776
1548265163.733900 0.200643778 0.037467740 0.067231193 -0.045189686 0.260684431 0.126710057 0.956005275
1548265163.767390 0.207437560 0.033748053 0.065177336 -0.043722637 0.259825766 0.125755951 0.956433177
1548265163.800910 0.214855239 0.028658971 0.062417269 -0.042589355 0.260196924 0.126078784 0.956340849
1548265163.834430 0.222774968 0.016517814 0.059188955 -0.042575367 0.262848854 0.127026960 0.955490470
1548265163.867940 0.223507002 0.012292275 0.063788489 -0.039745115 0.266852736 0.129586875 0.954157889
1548265163.901460 0.231745958 0.013129929 0.061408117 -0.036756042 0.268036693 0.130468547 0.953825593
1548265163.934920 0.235431314 0.002313753 0.061789747 -0.035408657 0.271609575 0.133458227 0.952451289
1548265163.968440 0.241969049 -0.001065380 0.064977944 -0.031835344 0.273241490 0.137573540 0.951524675
1548265164.001940 0.249253631 0.000203440 0.062233415 -0.027247498 0.271686018 0.140594840 0.951670885
1548265164.035450 0.260820568 0.001148634 0.057199374 -0.024877500 0.270806760 0.141925514 0.951788843
1548265164.068940 0.268404484 -0.006364996 0.055438712 -0.024803789 0.272050470 0.144658163 0.951024413
1548265164.102420 0.268601835 -0.005624525 0.063208953 -0.022693327 0.273488164 0.145979524 0.950462639
1548265164.135900 0.281786054 -0.006225497 0.061075535 -0.022659384 0.272522151 0.145512834 0.950812459
1548265164.169390 0.288090169 -0.016091354 0.060119133 -0.024313264 0.274805158 0.146001801 0.950039208
1548265164.202880 0.289953202 -0.016097192 0.065344110 -0.023646081 0.276362807 0.146075338 0.949592829
1548265164.236390 0.296877980 -0.019908149 0.065964580 -0.023566920 0.275464833 0.146067202 0.949856937
1548265164.269910 0.304916263 -0.019302441 0.060229149 -0.023960015 0.275596082 0.144789621 0.950004578
1548265164.303420 0.300924420 -0.022335378 0.070481412 -0.025024801 0.278645664 0.145264894 0.949014485
1548265164.336940 0.313473314 -0.028665928 0.066015728 -0.026451511 0.276921034 0.144619018 0.949579060
1548265164.370460 0.316290736 -0.035887059 0.069227390 -0.027290970 0.279386073 0.143125877 0.949059367
1548265164.403970 0.316350341 -0.040667787 0.071908973 -0.026990162 0.280972451 0.140886456 0.948934734
1548265164.437490 0.320493996 -0.041690115 0.068692483 -0.026269354 0.281869233 0.138754383 0.949003160
1548265164.471000 0.323003203 -0.042019948 0.067306235 -0.025822004 0.284383535 0.136126667 0.948645830
1548265164.504510 0.327608615 -0.040757723 0.067803711 -0.026065648 0.289878994 0.133091256 0.947405696
1548265164.538030 0.333036751 -0.068055183 0.060675800 -0.032545738 0.294619143 0.130102009 0.946157455
1548265164.571450 0.338637114 -0.075773790 0.055572871 -0.034732252 0.301552027 0.129063174 0.944035351
1548265164.604960 0.327482641 -0.077437721 0.065102145 -0.036030509 0.313182861 0.127976909 0.940340519
1548265164.638320 0.325468361 -0.079757906 0.072631896 -0.037291102 0.322730631 0.127176493 0.937166214
1548265164.671700 0.325077444 -0.083323039 0.083120726 -0.037223034 0.328532606 0.127459601 0.935112238
1548265164.705220 0.338064432 -0.075388655 0.063251495 -0.035672329 0.333163589 0.126892343 0.933610141
1548265164.738730 0.326228321 -0.067180052 0.071475700 -0.032858148 0.346811146 0.129810706 0.928327262
1548265164.772250 0.327972084 -0.067789771 0.074113496 -0.031348038 0.353844911 0.130718186 0.925593853
1548265164.805770 0.329684973 -0.061867267 0.070624091 -0.028532645 0.362892449 0.132027939 0.921988964
1548265164.839270 0.321997464 -0.054933466 0.073851019 -0.024293587 0.373149961 0.135986030 0.917429447
1548265164.872740 0.345505834 -0.050643906 0.049790271 -0.021756276 0.372209221 0.137823448 0.917601109
1548265164.906300 0.337562442 -0.033520963 0.045677185 -0.017557150 0.375428617 0.139521018 0.916121721
1548265164.939820 0.340273798 -0.023765473 0.042655230 -0.017471567 0.377362549 0.142049730 0.914939404
1548265164.973330 0.320708007 -0.027711501 0.054239005 -0.021941543 0.384154111 0.144902945 0.911563218
1548265165.006850 0.326188803 -0.015474474 0.042311952 -0.025316594 0.385006338 0.148491099 0.910538137
1548265165.040310 0.348374248 0.008611698 0.028979786 -0.028960580 0.382973820 0.149506465 0.911120296
1548265165.073830 0.344634026 0.011464048 0.034374066 -0.035994519 0.386742413 0.152352288 0.908803344
1548265165.107390 0.346702307 0.022080388 0.038926318 -0.041937720 0.389008909 0.154077947 0.907288969
1548265165.140890 0.345056474 0.027750811 0.046138525 -0.048605558 0.392673373 0.155455247 0.905140221
1548265165.174400 0.345582247 0.027045028 0.050888740 -0.054461528 0.395408005 0.158640340 0.903061330
1548265165.207920 0.343585879 0.040178493 0.057906650 -0.057241011 0.397771358 0.159202710 0.901751578
1548265165.241430 0.344025254 0.039080165 0.066179700 -0.061438400 0.400321633 0.161254883 0.899980485
1548265165.274950 0.342745066 0.037657827 0.070541814 -0.064088285 0.400654882 0.163706347 0.899204433
1548265165.308470 0.343151033 0.042522430 0.069481716 -0.065462977 0.400192022 0.163843423 0.899286568
1548265165.342000 0.342079341 0.044822525 0.069223456 -0.067185454 0.400621265 0.165186286 0.898722589
1548265165.375540 0.335475445 0.044940945 0.077255681 -0.069245763 0.401350468 0.164794818 0.898312569
1548265165.409070 0.335547864 0.044158269 0.076484919 -0.071018286 0.399256855 0.165303871 0.899013400
1548265165.443020 0.338769734 0.045698773 0.074426718 -0.073209606 0.397875249 0.163310245 0.899814188
1548265165.476630 0.335919380 0.051357836 0.078430705 -0.072978154 0.399261028 0.162939131 0.899286211
1548265165.510150 0.335443348 0.049756672 0.079049572 -0.074361898 0.399654269 0.161560625 0.899246931
1548265165.543750 0.339914322 0.047105324 0.074176319 -0.075272836 0.400299639 0.160503954 0.899073303
1548265165.577270 0.335777074 0.041135695 0.080864713 -0.074912533 0.404257417 0.159433588 0.897521615
1548265165.610780 0.332048476 0.037452463 0.082098044 -0.073011577 0.406519473 0.156792387 0.897121727
1548265165.644300 0.330341667 0.031278342 0.080252394 -0.071189657 0.409586698 0.155372635 0.896119535
1548265165.677820 0.329076558 0.027282959 0.082789414 -0.068081856 0.413298547 0.154132605 0.894869983
1548265165.711330 0.326714516 0.027025264 0.083199799 -0.062943347 0.415442854 0.153103217 0.894429862
1548265165.744760 0.324714154 0.026603639 0.078189567 -0.057826437 0.417350918 0.151477218 0.894163907
1548265165.778270 0.324511528 0.022539258 0.073611259 -0.053447686 0.419761330 0.151789367 0.893254638
1548265165.811490 0.321398765 0.023577847 0.072645113 -0.048319902 0.423595458 0.151040718 0.891862571
1548265165.844830 0.323681921 0.013285968 0.069251701 -0.044653609 0.426467955 0.152325884 0.890465021
1548265165.878350 0.325096518 0.012464482 0.065152019 -0.039430220 0.428306878 0.152975395 0.889717400
1548265165.911790 0.327100515 0.011187650 0.051040746 -0.034897275 0.429336041 0.153700873 0.889285624
1548265165.945260 0.326081783 0.011521919 0.056245744 -0.031747878 0.433395177 0.152958199 0.887561023
1548265165.978770 0.331609249 0.008946937 0.043714866 -0.028337756 0.434774637 0.154764295 0.886688292
1548265166.012290 0.324199110 -0.001494665 0.051357761 -0.026918046 0.439424604 0.153854162 0.884596229
1548265166.045800 0.329415798 -0.000650954 0.041918255 -0.022890115 0.440528691 0.155059978 0.883949637
1548265166.079370 0.327817917 -0.006563358 0.044804826 -0.020858554 0.443725377 0.155088201 0.882394791
1548265166.112960 0.328046978 -0.011548005 0.040888429 -0.018093387 0.445826441 0.155718967 0.881284893
1548265166.146480 0.334509790 -0.010023091 0.028679565 -0.014450818 0.446744233 0.156131625 0.880814195
1548265166.179920 0.327086121 -0.013168003 0.037607655 -0.011591148 0.452372134 0.156061366 0.877991974
1548265166.213390 0.328442156 -0.014786400 0.034872040 -0.007903521 0.454635948 0.157342374 0.876633942
1548265166.246830 0.328770936 -0.031564869 0.031591624 -0.007521040 0.456994683 0.157512635 0.875379384
1548265166.280330 0.331534594 -0.031880390 0.022990778 -0.003906248 0.459019572 0.158552244 0.874155045
1548265166.313810 0.324226290 -0.035213932 0.029678255 -0.000488964 0.462347031 0.158801198 0.872363031
1548265166.347330 0.323903322 -0.035276301 0.021853864 0.002701367 0.463892877 0.158134446 0.871659160
1548265166.380830 0.321110010 -0.034655865 0.022925809 0.006532893 0.466864437 0.159463495 0.869808257
1548265166.414360 0.320143759 -0.044967022 0.023621812 0.008354235 0.468014628 0.160045996 0.869067192
1548265166.447880 0.320968926 -0.038133312 0.014427513 0.012069824 0.468048304 0.158377498 0.869311094
1548265166.481390 0.316229731 -0.045699846 0.014496267 0.012535199 0.472067267 0.158411175 0.867122471
1548265166.514910 0.328430295 -0.043071944 0.005944118 0.014972813 0.470687807 0.160875514 0.867379904
1548265166.548430 0.338620186 -0.046682078 -0.008701265 0.015786810 0.468232036 0.160505936 0.868762016
1548265166.581940 0.327643842 -0.044843767 0.002739668 0.017057059 0.472404629 0.158982396 0.866756976
1548265166.615460 0.328522563 -0.046441194 -0.000879318 0.017904138 0.472683281 0.159423068 0.866506934
1548265166.649000 0.325409949 -0.050903983 -0.002204284 0.018766263 0.473848164 0.158082038 0.866098046
1548265166.682680 0.327165127 -0.051864598 -0.006715834 0.020329503 0.474776924 0.157412767 0.865675986
1548265166.716330 0.329572350 -0.062076941 -0.009989083 0.020354573 0.475278676 0.157986298 0.865295470
1548265166.750110 0.324115753 -0.066489786 -0.013864413 0.022478271 0.475086510 0.157651260 0.865409553
1548265166.783630 0.254873484 -0.043202877 0.118002638 0.029233333 0.496573448 0.148974106 0.854615152
1548265166.817150 0.277314365 -0.045409519 0.067510724 0.030762579 0.490080148 0.153025091 0.857588828
1548265166.850700 0.305085540 -0.044168763 0.019935697 0.031939462 0.482006729 0.155046523 0.861748219
1548265166.884220 0.335445315 -0.040807478 -0.029771283 0.033481743 0.473338962 0.157166660 0.866099238
1548265166.917730 0.360847175 -0.038859412 -0.075034127 0.034399185 0.466160148 0.160139799 0.869405925
1548265166.951250 0.391122162 -0.032808162 -0.119223788 0.035591371 0.457390368 0.162621364 0.873545468
1548265166.984770 0.417372465 -0.023372915 -0.156148687 0.036142319 0.450549334 0.161281317 0.877318263
1548265167.018280 0.449757993 -0.014769010 -0.188187018 0.036757495 0.443834543 0.161719412 0.880628526
1548265167.051760 0.479189813 -0.006183457 -0.222066209 0.037607655 0.436012357 0.160712302 0.884675324
1548265167.085130 0.508508623 -0.001312450 -0.249251604 0.036610503 0.428792775 0.158008248 0.888723731
1548265167.118620 0.539623857 0.006809887 -0.278793633 0.036309037 0.421211988 0.156508237 0.892618299
1548265167.152130 0.567748547 0.007609140 -0.303461820 0.033534106 0.413948059 0.153559357 0.896628141
1548265167.185630 0.596332490 0.003244046 -0.333025455 0.028900107 0.405041903 0.150521353 0.901359618
1548265167.219140 0.630005240 -0.006106671 -0.357655585 0.022052689 0.398352832 0.149068803 0.904769182
1548265167.252660 0.661892056 -0.019651283 -0.389674097 0.013944679 0.389744848 0.149852395 0.908542097
1548265167.286170 0.698778152 -0.041911751 -0.412512302 0.003258553 0.379510701 0.148696244 0.913154125
1548265167.319690 0.737462401 -0.065581866 -0.436975479 -0.006421042 0.368907630 0.150295943 0.917211592
1548265167.353200 0.770396829 -0.090535775 -0.463770032 -0.015325807 0.360481381 0.151847214 0.920195997
1548265167.386700 0.809082925 -0.114581652 -0.505595446 -0.022211777 0.349166334 0.156895697 0.923565507
1548265167.420220 0.845663249 -0.141534328 -0.529460549 -0.029772054 0.340177894 0.160624549 0.926062882
1548265167.453740 0.883308411 -0.172980234 -0.559363723 -0.036163129 0.331043661 0.166266844 0.928147495
1548265167.487250 0.927118838 -0.211288393 -0.588177383 -0.043416522 0.321210861 0.173296735 0.930003703
1548265167.520730 0.973295510 -0.251253098 -0.619061172 -0.052249819 0.311807245 0.178121343 0.931836367
1548265167.554250 1.014682293 -0.284350812 -0.646610618 -0.058676343 0.303139836 0.184608087 0.933050454
1548265167.587800 1.063876152 -0.325700521 -0.673912883 -0.069082968 0.292798370 0.189570099 0.934644282
1548265167.621380 1.109280586 -0.359700620 -0.691166520 -0.078549065 0.285036922 0.195131227 0.935151279
1548265167.654890 1.149266720 -0.385087669 -0.706019878 -0.085161060 0.277342260 0.200868160 0.935671329
1548265167.688410 1.200472832 -0.424529344 -0.721995175 -0.096296951 0.267104030 0.204844400 0.936707616
1548265167.721910 1.247843981 -0.458398253 -0.737217247 -0.106305674 0.259732574 0.208411202 0.936911345
1548265167.755420 1.282927513 -0.481974602 -0.746428549 -0.111995444 0.253635585 0.213996515 0.936659753
1548265167.788940 1.330806136 -0.515513897 -0.757584095 -0.121108279 0.243936971 0.217521280 0.937289774
1548265167.822450 1.373186231 -0.548728168 -0.764368713 -0.130389735 0.236817122 0.221442625 0.936952174
1548265167.855970 1.397514939 -0.573417306 -0.760617614 -0.136510134 0.232131660 0.224397331 0.936549902
1548265167.889490 1.438386679 -0.599497020 -0.763926029 -0.143747732 0.222844571 0.227959245 0.936862588
1548265167.923000 1.480084777 -0.629610002 -0.776408553 -0.150357842 0.214882106 0.232068777 0.936676204
1548265167.956520 1.499957800 -0.646079779 -0.771183789 -0.155050844 0.209615454 0.235710993 0.936194956
1548265167.990060 1.531935453 -0.661078990 -0.783391237 -0.159346774 0.202413335 0.237687826 0.936558604
1548265168.023580 1.542012811 -0.668396175 -0.783256233 -0.162528172 0.199503675 0.239570811 0.936156332
1548265168.057100 1.529415846 -0.669955432 -0.776382148 -0.164592102 0.200079307 0.239713356 0.935636282
1548265168.090610 1.527758360 -0.672813416 -0.774613440 -0.167805687 0.197928622 0.239159152 0.935664773
1548265168.124100 1.521984220 -0.661866605 -0.774239719 -0.168120593 0.195276797 0.239225924 0.936148226
1548265168.157700 1.522916079 -0.656817257 -0.776517987 -0.171031311 0.191113040 0.239004076 0.936536789
1548265168.191500 1.522895813 -0.648936391 -0.775265098 -0.174327716 0.187349021 0.238162726 0.936903834
1548265168.225010 1.525913000 -0.648997307 -0.773789942 -0.179050580 0.183181912 0.236459017 0.937268615
1548265168.258530 1.526964784 -0.645578802 -0.772870958 -0.182896242 0.179232970 0.234620467 0.937751472
1548265168.292050 1.521654606 -0.638385892 -0.773419499 -0.185357958 0.177092925 0.232820749 0.938123226
1548265168.325560 1.512341619 -0.629756153 -0.770501256 -0.188157797 0.174832016 0.230693355 0.938515306
1548265168.359080 1.519546509 -0.640068054 -0.761134744 -0.193725675 0.171178490 0.231042638 0.937969983
1548265168.392590 1.511547089 -0.631990194 -0.763263941 -0.194574207 0.169099510 0.229329437 0.938591719
1548265168.425870 1.500965834 -0.629298329 -0.758810282 -0.195736006 0.168102026 0.228559196 0.938717186
1548265168.459390 1.500336885 -0.629005432 -0.755727291 -0.198042154 0.165626854 0.227776796 0.938863575
1548265168.492890 1.504127026 -0.629194021 -0.756668985 -0.199608400 0.162590221 0.227424353 0.939148128
1548265168.526400 1.488358736 -0.624297321 -0.751059413 -0.199409515 0.163698405 0.226612583 0.939194024
1548265168.559900 1.477216721 -0.619216025 -0.748777807 -0.198598921 0.160168424 0.227024943 0.939874589
1548265168.593420 1.503099084 -0.621787488 -0.758556068 -0.201371267 0.150893703 0.227678105 0.940661132
1548265168.626930 1.496681690 -0.614526987 -0.759544969 -0.201540679 0.150106460 0.228203326 0.940623581
1548265168.660340 1.473818898 -0.608255804 -0.753049910 -0.201926157 0.150326893 0.225966558 0.941045582
1548265168.693850 1.487882614 -0.607634485 -0.758049846 -0.204726964 0.141571060 0.225317866 0.941953480
1548265168.727350 1.484013438 -0.604913712 -0.754560232 -0.207433075 0.139822736 0.223806113 0.941982985
1548265168.760890 1.472483277 -0.601822257 -0.749408245 -0.209132925 0.138377473 0.223409012 0.941914797
1548265168.794400 1.476454377 -0.598025858 -0.748235881 -0.210990995 0.131073579 0.223354876 0.942557812
1548265168.827920 1.488899946 -0.600084066 -0.755408883 -0.214303419 0.126286194 0.222241476 0.942727208
1548265168.861440 1.469124079 -0.594067872 -0.746855319 -0.214949027 0.129094198 0.221719593 0.942322731
1548265168.894950 1.470457435 -0.585175812 -0.748553336 -0.214713573 0.123946056 0.222618118 0.942855597
1548265168.928470 1.482467532 -0.589809716 -0.751103103 -0.219190389 0.120669760 0.221761242 0.942452312
1548265168.961970 1.463775992 -0.579034388 -0.746600688 -0.218517721 0.123112626 0.222242460 0.942179203
1548265168.995480 1.481619120 -0.579509139 -0.750527263 -0.222380474 0.114510670 0.224933311 0.941721439
1548265169.029130 1.476622343 -0.573457479 -0.747307003 -0.225240543 0.115065724 0.224648938 0.941041708
1548265169.062680 1.469061017 -0.566072166 -0.744982243 -0.227055326 0.111942485 0.225702077 0.940730274
1548265169.096190 1.457874894 -0.560719430 -0.742266536 -0.228991866 0.109870121 0.225735411 0.940497160
1548265169.129850 1.473400593 -0.561604798 -0.745651364 -0.233935416 0.104348116 0.226139262 0.939812064
1548265169.163370 1.464523911 -0.558062613 -0.739898384 -0.236592814 0.105195992 0.228229374 0.938546300
1548265169.196890 1.463024616 -0.554437816 -0.736109138 -0.238054663 0.100305431 0.231328577 0.937953055
1548265169.230410 1.460837960 -0.550982237 -0.734316707 -0.238912642 0.096318230 0.234217778 0.937435627
1548265169.263910 1.450189948 -0.545385659 -0.732608676 -0.238815218 0.090457745 0.236303508 0.937520921
1548265169.297290 1.466834784 -0.542262018 -0.742095113 -0.238504872 0.076465853 0.236830860 0.938711643
1548265169.330560 1.461353183 -0.536725879 -0.741907179 -0.239145368 0.076543674 0.235460445 0.938887119
1548265169.364000 1.453492403 -0.531960011 -0.739394128 -0.239325151 0.071179762 0.234785646 0.939432085
1548265169.397590 1.447233915 -0.529434800 -0.738049388 -0.239665106 0.066286393 0.232703894 0.940221071
1548265169.431110 1.450308084 -0.525572062 -0.743594050 -0.239911139 0.062294178 0.232238010 0.940546453
1548265169.464620 1.444320560 -0.523322403 -0.741119504 -0.240932375 0.059672616 0.233126104 0.940235615
1548265169.498140 1.446180463 -0.517581820 -0.741834342 -0.241772756 0.053277235 0.234887674 0.939965546
1548265169.531610 1.441290617 -0.512119234 -0.737473071 -0.241984785 0.050419554 0.235497043 0.939916193
1548265169.565130 1.443953514 -0.512199521 -0.734915316 -0.243117064 0.046198137 0.236472920 0.939595878
1548265169.598610 1.440907001 -0.510727882 -0.735452414 -0.242833167 0.044083536 0.236926913 0.939656556
1548265169.632100 1.439634562 -0.515416920 -0.729299188 -0.244092956 0.040028833 0.236995712 0.939494193
1548265169.665610 1.439510703 -0.513258696 -0.728609920 -0.241599083 0.037111193 0.236797422 0.940308273
1548265169.699160 1.437562227 -0.516895533 -0.726532280 -0.239581585 0.033818275 0.235173225 0.941355705
1548265169.732710 1.441587925 -0.516540051 -0.727651119 -0.236850947 0.030081525 0.233797565 0.942515492
1548265169.766270 1.437310934 -0.521789134 -0.723565757 -0.235300764 0.028907899 0.230878428 0.943659425
1548265169.799780 1.444157600 -0.523410201 -0.721509993 -0.232699528 0.025368512 0.229383782 0.944770098
1548265169.833260 1.442141056 -0.520148754 -0.722689569 -0.228319988 0.025892179 0.227760032 0.946216166
1548265169.866770 1.434929132 -0.532280147 -0.721749663 -0.226854205 0.027831707 0.225837097 0.946974218
1548265169.900250 1.438569546 -0.535625815 -0.720690668 -0.223516136 0.026622070 0.225157082 0.947964191
1548265169.933740 1.442381263 -0.538128495 -0.721501410 -0.219571874 0.025749573 0.225802675 0.948756218
1548265169.967260 1.444540143 -0.532715380 -0.722671986 -0.214079812 0.024489181 0.226722449 0.949824810
1548265170.000710 1.444899797 -0.532157362 -0.725761294 -0.210254252 0.024545271 0.226405621 0.950753033
1548265170.034230 1.439096808 -0.544369817 -0.723842263 -0.209962800 0.026412921 0.224831402 0.951140821
1548265170.067750 1.448139906 -0.548231006 -0.725152135 -0.208159611 0.025412353 0.224089578 0.951739252
1548265170.101260 1.439748287 -0.554757059 -0.725063562 -0.206806093 0.029721653 0.224033400 0.951922774
1548265170.134780 1.445276380 -0.556072116 -0.726589501 -0.204257473 0.028015250 0.225048810 0.952285230
1548265170.168290 1.448442936 -0.558006406 -0.725908041 -0.201569408 0.027418604 0.223849386 0.953157663
1548265170.201770 1.446397662 -0.565663159 -0.727080286 -0.200117439 0.028810453 0.223897174 0.953411281
1548265170.235280 1.451315403 -0.566190898 -0.725540161 -0.196893901 0.026520941 0.224137545 0.954092205
1548265170.268770 1.450545788 -0.564625919 -0.732464314 -0.192011163 0.028283415 0.222193703 0.955490291
1548265170.302290 1.449221253 -0.569498777 -0.730332196 -0.190701634 0.030754868 0.222253218 0.955662370
1548265170.335800 1.449679971 -0.573715448 -0.730294287 -0.188411564 0.031655431 0.221591413 0.956240773
1548265170.369320 1.458935022 -0.575420618 -0.732448816 -0.186344996 0.032777153 0.221573904 0.956611872
1548265170.402860 1.447072029 -0.586587429 -0.732914984 -0.185804427 0.037307125 0.220697671 0.956753612
1548265170.436390 1.454945326 -0.585268319 -0.734822750 -0.183485940 0.036215320 0.221197620 0.957127512
1548265170.469920 1.457390308 -0.584133983 -0.738186240 -0.181548581 0.039320614 0.220775411 0.957471848
1548265170.503480 1.451761127 -0.587952971 -0.735267937 -0.181210145 0.043106034 0.221806213 0.957134724
1548265170.536950 1.456988692 -0.586238623 -0.737045169 -0.179196447 0.042461351 0.221398205 0.957636952
1548265170.570470 1.460716963 -0.589724660 -0.739771485 -0.178996429 0.045063693 0.221090809 0.957626522
1548265170.603980 1.459941268 -0.594197333 -0.737017751 -0.179292202 0.047438718 0.221349210 0.957396746
1548265170.637580 1.465554595 -0.597457528 -0.738755941 -0.178434193 0.047345936 0.220528707 0.957750916
1548265170.671020 1.462337613 -0.593987525 -0.737905562 -0.177118286 0.051962670 0.219702467 0.957945645
1548265170.704610 1.469218373 -0.607389331 -0.735173047 -0.179705918 0.053154420 0.221669912 0.956944585
1548265170.738120 1.472840786 -0.604493439 -0.740000665 -0.176619515 0.053064141 0.221028104 0.957672417
1548265170.771640 1.468551040 -0.609055758 -0.738999426 -0.176528186 0.058810297 0.219516397 0.957701325
1548265170.805160 1.468575239 -0.614094496 -0.736815333 -0.175766632 0.060619242 0.221606463 0.957247138
1548265170.838670 1.479611158 -0.606564879 -0.741896331 -0.171619728 0.058770161 0.221970439 0.958030224
1548265170.872110 1.475921750 -0.612284184 -0.739755750 -0.170924038 0.063654944 0.220879912 0.958094537
1548265170.905620 1.479380131 -0.627669990 -0.736696839 -0.172488213 0.065605193 0.221199140 0.957608879
1548265170.939110 1.481989980 -0.621420443 -0.741552711 -0.167812005 0.066151269 0.221132770 0.958417177
1548265170.972630 1.487665653 -0.627441168 -0.741480589 -0.166849941 0.068937458 0.221553788 0.958291531
1548265171.006150 1.486463070 -0.632608235 -0.741333425 -0.164594322 0.071292050 0.220984578 0.958640695
1548265171.039660 1.496697664 -0.634434462 -0.747571230 -0.161610484 0.072370052 0.220940679 0.959077597
1548265171.073180 1.491359472 -0.639053643 -0.744324386 -0.159894004 0.078078926 0.220873490 0.958933055
1548265171.106690 1.501426816 -0.640206814 -0.749555230 -0.157449335 0.078081705 0.221130222 0.959278107
1548265171.140100 1.501811862 -0.648701608 -0.752037168 -0.156931177 0.081907131 0.218043089 0.959750533
1548265171.173620 1.502833843 -0.656221688 -0.750313282 -0.157535329 0.086105838 0.218486995 0.959182918
1548265171.207110 1.515873432 -0.649084449 -0.753435433 -0.155526429 0.084478021 0.219092950 0.959517241
1548265171.240620 1.521779299 -0.649890184 -0.758329928 -0.154770508 0.087053955 0.217727497 0.959720016
1548265171.274140 1.522671342 -0.651028633 -0.757707894 -0.154599041 0.091307715 0.217971280 0.959297001
1548265171.307650 1.524086833 -0.646431327 -0.759826005 -0.153291151 0.094998069 0.217956111 0.959151924
1548265171.341200 1.526203871 -0.652168453 -0.760985792 -0.155049235 0.099895529 0.218198255 0.958316326
1548265171.375380 1.522600293 -0.654057264 -0.760199130 -0.155895367 0.103582144 0.218101606 0.957809567
1548265171.408990 1.530126095 -0.651558757 -0.758562744 -0.156176254 0.105559573 0.219762310 0.957168102
1548265171.442510 1.524964809 -0.654258907 -0.756111801 -0.156814665 0.107796155 0.220255971 0.956700921
1548265171.476220 1.530362487 -0.654644907 -0.757837713 -0.157049447 0.106576584 0.220141172 0.956825376
1548265171.509740 1.540002584 -0.661616325 -0.760700405 -0.159197092 0.108050920 0.219976336 0.956342936
1548265171.543260 1.537145019 -0.662025511 -0.755317628 -0.159119785 0.111082390 0.219108582 0.956207693
1548265171.576620 1.544103503 -0.664567709 -0.757041395 -0.159786761 0.112390958 0.216437310 0.956551850
1548265171.609270 1.546921730 -0.666280985 -0.756416619 -0.160107970 0.115204610 0.215833366 0.956299841
1548265171.642790 1.540756941 -0.679978251 -0.753425002 -0.162297741 0.120925136 0.213704139 0.955702484
1548265171.676300 1.545122504 -0.664094985 -0.755657613 -0.160143450 0.121672183 0.216076881 0.955437541
1548265171.709820 1.556334496 -0.667934895 -0.759862304 -0.161441520 0.121879734 0.214953810 0.955445945
1548265171.744100 1.546704769 -0.682520986 -0.755143166 -0.164166138 0.129362836 0.212962985 0.954443038
1548265171.777620 1.551902056 -0.671988368 -0.757572055 -0.162689880 0.130735099 0.215367168 0.953969300
1548265171.811130 1.557369232 -0.676966846 -0.759143293 -0.164064869 0.133172289 0.215266168 0.953419328
1548265171.844400 1.567508817 -0.679887056 -0.758258164 -0.163984120 0.134198114 0.214351580 0.953495383
1548265171.877400 1.576675892 -0.693405569 -0.761608958 -0.165887550 0.137337148 0.213247627 0.952966571
1548265171.910870 1.567749500 -0.685422838 -0.761912286 -0.163292244 0.143021643 0.214495525 0.952298343
1548265171.944380 1.580726147 -0.687185466 -0.765882134 -0.162251383 0.143662855 0.217475727 0.951703668
1548265171.977900 1.585471511 -0.697033048 -0.765917242 -0.162410647 0.146774277 0.216919497 0.951328635
1548265172.011410 1.577672720 -0.691144407 -0.766705632 -0.159741715 0.152354464 0.216548070 0.950987756
1548265172.044900 1.592195272 -0.694537044 -0.770757020 -0.159037650 0.154720291 0.217897609 0.950415373
1548265172.078410 1.586248398 -0.704319119 -0.766022444 -0.158961460 0.160963207 0.216943666 0.949609220
1548265172.111930 1.591321230 -0.705975294 -0.768130898 -0.157156602 0.164699301 0.217235312 0.949202240
1548265172.145440 1.591434240 -0.711181521 -0.774218917 -0.155989379 0.169515997 0.216423243 0.948732138
1548265172.179360 1.591686130 -0.707190633 -0.778572857 -0.154294029 0.174830377 0.216077104 0.948123634
1548265172.212880 1.595866203 -0.714799345 -0.769059837 -0.154904693 0.180211365 0.216804609 0.946849644
1548265172.246050 1.607766390 -0.716265142 -0.775393486 -0.153520256 0.181529745 0.218380153 0.946461141
1548265172.279480 1.606598616 -0.715788722 -0.779663920 -0.152307093 0.186609223 0.216884792 0.946012974
1548265172.312550 1.604214430 -0.712239683 -0.784311473 -0.150781333 0.192497164 0.218214452 0.944771051
1548265172.346370 1.606366396 -0.711711943 -0.783509612 -0.150788009 0.196726322 0.219810218 0.943528056
1548265172.380030 1.608457923 -0.711447299 -0.785413206 -0.150850192 0.201102510 0.222181246 0.942039073
1548265172.413630 1.612803221 -0.715351462 -0.787275612 -0.152127996 0.205314651 0.223839492 0.940531135
1548265172.447120 1.610785961 -0.708984077 -0.782840908 -0.151612863 0.210107073 0.227074802 0.938778758
1548265172.480640 1.617143631 -0.709401190 -0.782364190 -0.151550621 0.211270481 0.228596792 0.938158154
1548265172.514160 1.638825774 -0.726270735 -0.787102222 -0.155116707 0.213543460 0.230090171 0.936694443
1548265172.547670 1.619578362 -0.714802742 -0.781830251 -0.151926801 0.222343668 0.231281459 0.934874535
1548265172.581190 1.631806016 -0.710554719 -0.787483454 -0.150446832 0.223007128 0.233080521 0.934508979
1548265172.614700 1.641625047 -0.714133024 -0.790859342 -0.150862843 0.226673260 0.232897848 0.933604956
1548265172.648220 1.645906687 -0.707278132 -0.790172160 -0.149984658 0.232349917 0.233144432 0.932288468
1548265172.681740 1.642857075 -0.713382602 -0.791127563 -0.150418669 0.238513187 0.232428417 0.930839896
1548265172.715250 1.640089989 -0.705890954 -0.791312277 -0.148968056 0.243711963 0.230760083 0.930141270
1548265172.748770 1.650706530 -0.700358272 -0.795625806 -0.148056045 0.249823630 0.231488973 0.928482831
1548265172.782340 1.659357667 -0.711242616 -0.795110524 -0.149827123 0.255874127 0.232836261 0.926211417
1548265172.815950 1.643861413 -0.710932195 -0.794955015 -0.148161978 0.261430234 0.230852932 0.925423861
1548265172.849500 1.648298502 -0.710282922 -0.796128452 -0.147191137 0.262659192 0.231649742 0.925031602
1548265172.883020 1.652750492 -0.716241419 -0.796193421 -0.148267105 0.265858740 0.231547013 0.923970819
1548265172.916620 1.655195951 -0.698427379 -0.810281992 -0.145944983 0.269896269 0.229971796 0.923563242
1548265172.950180 1.644315004 -0.699397922 -0.801428318 -0.147568807 0.277164280 0.230972588 0.920899093
1548265172.983700 1.613047838 -0.678294539 -0.806064248 -0.145924360 0.284564674 0.225928620 0.920155108
1548265173.017240 1.632720709 -0.696529627 -0.800795853 -0.154225647 0.289094120 0.230269149 0.916305244
1548265173.050760 1.646652699 -0.694959044 -0.801269829 -0.157972082 0.289540917 0.233774185 0.914636910
1548265173.084270 1.623078108 -0.690713167 -0.796636105 -0.162030488 0.297152907 0.230902880 0.912211716
1548265173.117790 1.629707694 -0.685978472 -0.801530242 -0.166199788 0.300007671 0.233379811 0.909893930
1548265173.151280 1.632730007 -0.679594100 -0.807125270 -0.167331353 0.299104005 0.236749634 0.909113109
1548265173.184790 1.639178276 -0.683794498 -0.795725584 -0.173007429 0.299154818 0.236430749 0.908116400
1548265173.218290 1.661548138 -0.665673316 -0.811220169 -0.173196539 0.296772927 0.238263562 0.908382833
1548265173.251780 1.641972303 -0.673874021 -0.806641817 -0.175754234 0.302168071 0.240279377 0.905577540
1548265173.285290 1.648822546 -0.659802914 -0.805403948 -0.175632805 0.301838934 0.239491165 0.905919671
1548265173.318770 1.636412740 -0.651067317 -0.808345318 -0.176578954 0.306777239 0.237854093 0.904507160
1548265173.352280 1.640107393 -0.659087300 -0.807482243 -0.179827943 0.308400214 0.239880159 0.902778387
1548265173.385760 1.632355690 -0.662249088 -0.800847530 -0.183022231 0.310459524 0.238038421 0.901917696
1548265173.419260 1.638195038 -0.652438223 -0.808307290 -0.184171513 0.309448630 0.237698942 0.902120709
1548265173.452780 1.625878692 -0.654344797 -0.800418258 -0.186979353 0.311225921 0.237259075 0.901046753
1548265173.486270 1.622734070 -0.648227394 -0.798077703 -0.189271152 0.309630245 0.236045897 0.901436627
1548265173.519780 1.628259897 -0.647276878 -0.799909830 -0.193082228 0.307782382 0.235172585 0.901489437
1548265173.553290 1.626004696 -0.651800156 -0.796764374 -0.197142422 0.306280643 0.235511303 0.901033580
1548265173.586810 1.631510377 -0.641709030 -0.799263239 -0.198643953 0.301044017 0.235027537 0.902593613
1548265173.620270 1.621947050 -0.640860319 -0.797595382 -0.200865701 0.300146818 0.234563619 0.902521431
1548265173.653740 1.630838633 -0.638604760 -0.807114244 -0.202173606 0.294552833 0.237881914 0.903203547
1548265173.687220 1.636280537 -0.642515123 -0.798546195 -0.204930112 0.288141817 0.240100071 0.904063046
1548265173.720630 1.642499685 -0.635755777 -0.798893332 -0.206073925 0.282578856 0.239726633 0.905656576
1548265173.754150 1.640257001 -0.634386301 -0.800934911 -0.205919221 0.278833449 0.240009964 0.906776965
1548265173.787670 1.644579530 -0.635926187 -0.796102405 -0.206617236 0.273250252 0.238933787 0.908600211
1548265173.821180 1.641854405 -0.625190198 -0.794825256 -0.204570889 0.269127399 0.236615509 0.910897553
1548265173.854700 1.641269565 -0.618075907 -0.801713109 -0.203439534 0.265176475 0.235242367 0.912663639
1548265173.888190 1.641463161 -0.611134768 -0.804933250 -0.202158019 0.259504467 0.232958034 0.915161312
1548265173.921690 1.639724851 -0.603761792 -0.804601133 -0.201919511 0.256158322 0.229786426 0.916956782
1548265173.955200 1.634877563 -0.608128548 -0.805423915 -0.203450561 0.253126055 0.227774665 0.917961836
1548265173.988740 1.638546109 -0.600942433 -0.806708336 -0.203695878 0.246317610 0.226083040 0.920175076
1548265174.022280 1.636715055 -0.600856483 -0.798884928 -0.206001773 0.242511988 0.223036334 0.921415210
1548265174.055930 1.636934161 -0.600609899 -0.802024364 -0.206860289 0.238943338 0.222581208 0.922264934
1548265174.089860 1.637898922 -0.579832673 -0.819508970 -0.202807918 0.230694845 0.220288724 0.925808728
1548265174.123380 1.645489693 -0.574181914 -0.824184418 -0.202960655 0.223619461 0.219839633 0.927616239
1548265174.156890 1.647415161 -0.574736297 -0.825899541 -0.203893498 0.218564093 0.219427779 0.928713500
1548265174.190510 1.638791203 -0.558877051 -0.828851581 -0.201642886 0.213895544 0.218072012 0.930609226
1548265174.224120 1.639903665 -0.559963942 -0.829872489 -0.203008965 0.209511414 0.218430459 0.931225240
1548265174.257540 1.636294246 -0.557210803 -0.826502025 -0.203682199 0.205158949 0.218839794 0.931950986
1548265174.290960 1.639820576 -0.552044332 -0.832158983 -0.203241795 0.198517933 0.219247341 0.933388472
1548265174.324100 1.638077736 -0.549906909 -0.831803977 -0.203321189 0.194016904 0.219039246 0.934365988
1548265174.357610 1.627768040 -0.544887364 -0.833116889 -0.201779097 0.189746112 0.217574671 0.935918212
1548265174.391130 1.631737232 -0.534273624 -0.841408491 -0.199377403 0.182296529 0.218312994 0.937739909
1548265174.424640 1.629169226 -0.531665683 -0.840682089 -0.199020028 0.177464873 0.218197390 0.938768983
1548265174.458160 1.625494361 -0.532756627 -0.841380715 -0.197681278 0.172007635 0.219260007 0.939819455
1548265174.491640 1.631157517 -0.536540806 -0.844073594 -0.197202265 0.164689884 0.219940946 0.941070974
1548265174.525130 1.626335621 -0.529228449 -0.847234249 -0.194687158 0.159066200 0.220831916 0.942352474
1548265174.558640 1.611869812 -0.516075075 -0.846639276 -0.191480488 0.153961271 0.220574856 0.943916261
1548265174.592160 1.628590107 -0.516024113 -0.855941474 -0.191436887 0.142679736 0.220048845 0.945818722
1548265174.625690 1.621549010 -0.508665800 -0.856894076 -0.189848289 0.138367206 0.220018521 0.946786165
1548265174.659210 1.618809819 -0.502197266 -0.859003246 -0.188348681 0.131885916 0.220439196 0.947912157
1548265174.692720 1.622260094 -0.509746253 -0.859002233 -0.189639866 0.124256909 0.220089197 0.948766470
1548265174.726240 1.621510029 -0.508713305 -0.863141716 -0.188454717 0.118664756 0.221019179 0.949501991
1548265174.759760 1.615475655 -0.503857672 -0.864052534 -0.186614096 0.114250593 0.220824078 0.950451910
1548265174.793280 1.617015481 -0.502566159 -0.867715538 -0.185453713 0.108106166 0.221136034 0.951324821
1548265174.826800 1.616858006 -0.494726032 -0.868622780 -0.183829710 0.102947325 0.220637828 0.952327430
1548265174.860320 1.614906788 -0.501554668 -0.868031621 -0.184387088 0.098691322 0.220797494 0.952633202
1548265174.893830 1.608078480 -0.501200914 -0.869905829 -0.183053285 0.093474932 0.219790816 0.953648746
1548265174.927350 1.603528142 -0.503219664 -0.871805429 -0.182067245 0.088170782 0.218610480 0.954613507
1548265174.960890 1.605765104 -0.502964079 -0.875769377 -0.180973008 0.081914164 0.217234582 0.955692410
1548265174.994420 1.599807024 -0.506207824 -0.875284791 -0.180393934 0.078767568 0.215871677 0.956375003
1548265175.027970 1.584118366 -0.502851188 -0.874148846 -0.176928535 0.074966975 0.216143146 0.957266092
1548265175.061480 1.590740442 -0.499742329 -0.883325219 -0.173803672 0.065649211 0.214964613 0.958787084
1548265175.095000 1.585271239 -0.497440815 -0.883183777 -0.171913803 0.061566442 0.214995965 0.959391475
1548265175.128510 1.580954552 -0.490812033 -0.888920844 -0.168564320 0.056293685 0.215386018 0.960221827
1548265175.162060 1.584892273 -0.489575595 -0.897976160 -0.167563304 0.049465206 0.214668587 0.960933506
1548265175.195610 1.578814149 -0.479258984 -0.901599288 -0.165576205 0.045712464 0.214220539 0.961563587
1548265175.229120 1.567813993 -0.481741607 -0.900340378 -0.165823281 0.042200360 0.214313641 0.961660802
1548265175.262640 1.576122046 -0.486192048 -0.906182528 -0.167077139 0.032959275 0.213653550 0.961951792
1548265175.296050 1.578964591 -0.474651217 -0.912069798 -0.166313365 0.027387377 0.212535813 0.962506294
1548265175.329530 1.569377899 -0.478187263 -0.908909678 -0.167882621 0.025823116 0.212312609 0.962326348
1548265175.363040 1.564165354 -0.476599276 -0.914397955 -0.167055547 0.021048054 0.211380258 0.962791681
1548265175.396570 1.568519592 -0.482642859 -0.911763728 -0.168801665 0.015822683 0.211835727 0.962487042
1548265175.430080 1.570284605 -0.479566216 -0.917098105 -0.166846484 0.010464230 0.212166041 0.962828338
1548265175.463570 1.565658689 -0.472100556 -0.921209097 -0.164233238 0.006767277 0.212687761 0.963195503
1548265175.497090 1.559390903 -0.470547229 -0.923535645 -0.163836151 0.003266899 0.212491214 0.963324785
1548265175.530600 1.558297396 -0.464965314 -0.928561628 -0.162700549 -0.001349392 0.212226957 0.963580012
1548265175.564120 1.554658413 -0.463275075 -0.930592537 -0.162140802 -0.004596672 0.211929977 0.963729739
1548265175.597660 1.550333977 -0.461898416 -0.936088860 -0.161636755 -0.008603503 0.210896775 0.964013577
1548265175.631180 1.555054426 -0.456162632 -0.938765049 -0.161597058 -0.014380226 0.209836751 0.964182675
1548265175.664700 1.540913224 -0.456344306 -0.936612427 -0.161663294 -0.015516115 0.207637355 0.964629948
1548265175.698220 1.526614189 -0.454547822 -0.939089954 -0.160456821 -0.018481839 0.206599399 0.965001941
1548265175.731730 1.536577702 -0.449007630 -0.947800815 -0.160461247 -0.026810631 0.204468101 0.965259671
1548265175.765310 1.513258100 -0.446369678 -0.950973809 -0.160521477 -0.027053254 0.204184085 0.965303004
1548265175.798940 1.506632090 -0.448578537 -0.951903880 -0.162302554 -0.032941338 0.205283806 0.964588702
1548265175.832580 1.505641103 -0.444325864 -0.958797753 -0.161569759 -0.041889798 0.205983818 0.964215279
1548265175.865980 1.515861273 -0.438320875 -0.963480413 -0.162129834 -0.050791875 0.205587983 0.963777900
1548265175.899490 1.504136205 -0.444679201 -0.962236762 -0.164215222 -0.053656548 0.204147205 0.963575780
1548265175.933130 1.506969929 -0.439630806 -0.965565503 -0.162795588 -0.062399454 0.202664241 0.963603199
1548265175.966700 1.509322524 -0.443880677 -0.970417678 -0.163587004 -0.067652032 0.199900180 0.963692129
1548265176.000220 1.503903985 -0.440753222 -0.974253118 -0.162822142 -0.071518928 0.197258309 0.964086711
1548265176.034090 1.506208658 -0.443739176 -0.970462203 -0.163562670 -0.077824175 0.194682792 0.963996530
1548265176.067610 1.500637293 -0.452010661 -0.970495999 -0.163082033 -0.081470653 0.189429924 0.964822888
1548265176.101120 1.503544569 -0.459723175 -0.970479071 -0.161876887 -0.085491493 0.185608715 0.965420425
1548265176.134640 1.502455711 -0.466682106 -0.970131338 -0.159651816 -0.088270172 0.181388110 0.966342688
1548265176.168150 1.500361443 -0.473884702 -0.974803567 -0.156307176 -0.089922719 0.178822532 0.967214823
1548265176.201670 1.502496481 -0.482752353 -0.974589765 -0.154025421 -0.091230355 0.177430451 0.967714667
1548265176.234830 1.502150059 -0.490810037 -0.976292491 -0.150535077 -0.090778939 0.179259211 0.967969298
1548265176.268290 1.509278893 -0.501124263 -0.977837026 -0.147205576 -0.090371333 0.183401063 0.967743635
1548265176.302220 1.509160757 -0.505889535 -0.985377967 -0.141971707 -0.086805373 0.186858594 0.968190491
1548265176.335730 1.512174249 -0.500205874 -0.988606930 -0.135262474 -0.083118863 0.193215743 0.968226790
1548265176.369250 1.515452147 -0.509635508 -0.991830826 -0.130783603 -0.080168508 0.198479474 0.968026161
1548265176.402770 1.519805908 -0.520920157 -0.999091089 -0.126308978 -0.077279389 0.202375561 0.968048632
1548265176.436120 1.521284699 -0.517540336 -1.005481005 -0.119612299 -0.072613336 0.206372038 0.968416691
1548265176.469640 1.519617319 -0.522674263 -1.011425972 -0.115408629 -0.068912782 0.210630566 0.968280315
1548265176.503030 1.530242801 -0.527521789 -1.015425563 -0.111932829 -0.070262715 0.212345347 0.968216777
1548265176.536550 1.528583527 -0.527603686 -1.019193649 -0.107930541 -0.067863263 0.213349104 0.968621612
1548265176.570070 1.530522823 -0.535414457 -1.029404998 -0.105813868 -0.066313632 0.215149328 0.968564272
1548265176.603590 1.535394549 -0.534265757 -1.035136700 -0.101497613 -0.068834469 0.214128926 0.969076335
1548265176.637100 1.534771562 -0.537019253 -1.037955999 -0.099159166 -0.068513185 0.212023675 0.969803810
1548265176.670610 1.537599921 -0.542528272 -1.048094749 -0.098206758 -0.066764705 0.210790172 0.970291436
1548265176.704130 1.528363943 -0.553590178 -1.052106380 -0.098291077 -0.065653890 0.208534911 0.970845819
1548265176.737650 1.531802177 -0.549412012 -1.059817553 -0.095785417 -0.067063540 0.205505863 0.971645534
1548265176.771170 1.527726293 -0.553031862 -1.064368367 -0.095408864 -0.065691985 0.203730360 0.972150087
1548265176.804680 1.515778542 -0.558699489 -1.070140243 -0.095094420 -0.064670488 0.202590540 0.972487509
1548265176.838070 1.517199516 -0.555375099 -1.073466182 -0.093217105 -0.069680229 0.201401860 0.972570062
1548265176.871710 1.519780159 -0.553278446 -1.077641249 -0.092131361 -0.073119655 0.199957922 0.972718954
1548265176.905220 1.508665562 -0.556942642 -1.086171150 -0.091790996 -0.076093018 0.199363023 0.972645164
1548265176.938620 1.513122439 -0.547494829 -1.087656736 -0.089763999 -0.087407060 0.196831703 0.972398937
1548265176.971730 1.510079622 -0.547827721 -1.092955470 -0.091562591 -0.089288905 0.194894582 0.972450495
1548265177.005210 1.496322393 -0.549361527 -1.095707893 -0.092898957 -0.091827542 0.192432925 0.972577572
1548265177.038730 1.506720781 -0.540772617 -1.099284053 -0.093221352 -0.100919262 0.189456344 0.972230136
1548265177.072220 1.504081726 -0.540708899 -1.101981044 -0.095622160 -0.103461400 0.185482815 0.972495973
1548265177.105740 1.494527578 -0.539951682 -1.104364634 -0.097012736 -0.105735794 0.182477951 0.972682059
1548265177.139250 1.498616815 -0.535813332 -1.105324864 -0.097411603 -0.110885285 0.179159895 0.972685575
1548265177.172790 1.498443961 -0.536665559 -1.106010795 -0.098915808 -0.112343974 0.176945791 0.972771704
1548265177.206340 1.488666773 -0.549182594 -1.106464982 -0.101899020 -0.112563081 0.175157532 0.972762048
1548265177.239860 1.493465066 -0.544998646 -1.107156396 -0.100765027 -0.115453854 0.172919765 0.972941756
1548265177.273380 1.494625926 -0.538873672 -1.107724071 -0.099895731 -0.115239508 0.172086224 0.973204553
1548265177.340470 1.485934734 -0.539856911 -1.111054659 -0.099518336 -0.115824990 0.171211943 0.973327875
1548265177.373940 1.485296965 -0.536664963 -1.113715053 -0.099166669 -0.116220474 0.170703158 0.973406017
1548265177.407500 1.484151840 -0.538139522 -1.114402413 -0.100128271 -0.116941392 0.170358390 0.973281622
1548265177.441050 1.482742071 -0.534752965 -1.113260031 -0.099765629 -0.118168749 0.170066983 0.973221600
1548265177.474570 1.478443623 -0.536239564 -1.113385677 -0.099834770 -0.118421309 0.170031875 0.973189890
1548265177.508130 1.474094272 -0.538128018 -1.112691879 -0.099702433 -0.119227633 0.170103833 0.973092496
1548265177.541600 1.481927991 -0.538275301 -1.113608122 -0.099234298 -0.121861473 0.170244321 0.972789407
1548265177.575170 1.482893586 -0.535008430 -1.113039851 -0.098805979 -0.121370062 0.170987293 0.972764194
1548265177.608700 1.472679377 -0.534518003 -1.114028573 -0.098615788 -0.119572118 0.173326448 0.972592115
1548265177.642230 1.478298903 -0.533310175 -1.114816666 -0.097721241 -0.122379899 0.174444482 0.972133219
1548265177.675800 1.484268904 -0.539705992 -1.113486648 -0.098139144 -0.123709135 0.173953697 0.972010732
1548265177.709280 1.477137089 -0.537582874 -1.113122821 -0.096403621 -0.121592335 0.175282821 0.972212791
1548265177.742800 1.476214767 -0.535354137 -1.114861250 -0.093723916 -0.122434422 0.176029548 0.972234190
1548265177.776320 1.486979127 -0.527515471 -1.114108920 -0.090123631 -0.124344476 0.175559908 0.972417116
1548265177.809870 1.478448868 -0.536554217 -1.118169665 -0.088749342 -0.120552242 0.175165594 0.973091841
1548265177.843530 1.480257988 -0.547689199 -1.117886543 -0.086602211 -0.120165981 0.174233913 0.973500252
1548265177.877040 1.485433221 -0.546336293 -1.120421052 -0.082520284 -0.121335082 0.174847633 0.973599792
1548265177.910560 1.479149342 -0.545841336 -1.123455524 -0.078051172 -0.120360650 0.173104733 0.974400401
1548265177.943900 1.481447816 -0.545151711 -1.130093098 -0.074713595 -0.119885676 0.173173219 0.974708319
1548265177.977450 1.490992546 -0.536453366 -1.130014777 -0.070984170 -0.119877093 0.172298789 0.975143015
1548265178.010930 1.493012309 -0.544790030 -1.130316615 -0.070806362 -0.116493598 0.172244653 0.975575447
1548265178.044440 1.483347178 -0.542368174 -1.133517027 -0.068198271 -0.114171736 0.173534960 0.975807130
1548265178.077500 1.490976810 -0.547901273 -1.133621693 -0.066779688 -0.115862370 0.171424031 0.976079047
1548265178.110990 1.495669127 -0.540346861 -1.133069396 -0.064190216 -0.114297003 0.170883089 0.976532042
1548265178.144440 1.490363836 -0.540932715 -1.138662815 -0.063361093 -0.110609293 0.172354162 0.976752341
1548265178.177880 1.494638920 -0.541000962 -1.136502743 -0.062636562 -0.110807747 0.170440465 0.977112293
1548265178.211390 1.496623993 -0.543167889 -1.138929248 -0.063320592 -0.107715584 0.171770394 0.977181077
1548265178.244980 1.489687800 -0.545975506 -1.139788747 -0.063878179 -0.105918057 0.173657641 0.977007747
1548265178.278570 1.494818091 -0.537511289 -1.140889406 -0.062753364 -0.108614244 0.173731536 0.976771414
1548265178.312090 1.497734308 -0.537908792 -1.140816808 -0.064233787 -0.108283922 0.174078956 0.976649940
1548265178.345600 1.503640294 -0.540485084 -1.140686274 -0.067191459 -0.108380951 0.174713537 0.976326883
1548265178.379140 1.504660368 -0.545162082 -1.144595385 -0.071455806 -0.107114188 0.174417019 0.976216853
1548265178.412710 1.497967958 -0.531923056 -1.144644260 -0.072981969 -0.106774651 0.174887836 0.976056933
1548265178.446360 1.501016736 -0.531284750 -1.142012239 -0.078194447 -0.107039377 0.173732698 0.975830555
1548265178.479740 1.488200188 -0.530033588 -1.143906593 -0.082761802 -0.107963927 0.173880160 0.975325584
1548265178.513300 1.497921586 -0.527809381 -1.141144395 -0.088104956 -0.112614594 0.170182437 0.974983811
1548265178.546810 1.496684313 -0.524888635 -1.140236974 -0.093939677 -0.112103619 0.169409260 0.974632621
1548265178.580330 1.490537047 -0.529690266 -1.137795687 -0.099939510 -0.112414412 0.169277117 0.974022746
1548265178.613840 1.497953653 -0.524881423 -1.132965565 -0.103771538 -0.115339912 0.168728948 0.973374963
1548265178.647360 1.490834475 -0.528955460 -1.132205963 -0.108589098 -0.113307953 0.169397905 0.972971797
1548265178.680880 1.488411665 -0.530141354 -1.130161762 -0.111864582 -0.113819040 0.169808596 0.972469389
1548265178.714390 1.489441991 -0.525801182 -1.126859069 -0.113444939 -0.115726426 0.169416487 0.972129524
1548265178.747910 1.492345452 -0.525706530 -1.125093818 -0.115929283 -0.114799097 0.168490291 0.972107351
1548265178.781420 1.492633343 -0.526270747 -1.125923276 -0.117862597 -0.113642186 0.168585017 0.971994340
1548265178.814940 1.487141371 -0.526730359 -1.125756979 -0.118753538 -0.112665780 0.167992577 0.972102165
1548265178.848460 1.490382791 -0.523607850 -1.124141932 -0.118856646 -0.113660477 0.166607141 0.972212195
1548265178.881970 1.489430070 -0.521850824 -1.124575138 -0.118986018 -0.112772703 0.165884256 0.972423375
1548265178.915500 1.483149648 -0.520018041 -1.126079321 -0.118432894 -0.111944772 0.164130971 0.972883940
1548265178.949000 1.480461359 -0.517248988 -1.128483653 -0.117773272 -0.110510230 0.162015319 0.973482430
1548265178.982520 1.471046448 -0.515256524 -1.129726768 -0.117125370 -0.109083623 0.161102295 0.973872900
1548265179.016050 1.475796223 -0.509955645 -1.131582499 -0.116134502 -0.111084029 0.159034833 0.974105299
1548265179.049590 1.471488595 -0.513436198 -1.133175492 -0.117184356 -0.109262116 0.157152101 0.974491119
1548265179.083110 1.464248776 -0.505504966 -1.135588169 -0.115837365 -0.108792447 0.156227097 0.974853396
1548265179.116660 1.470900774 -0.505618572 -1.135711670 -0.116730466 -0.110691704 0.154266059 0.974845350
1548265179.150190 1.465122223 -0.505032003 -1.136002302 -0.117552169 -0.108947098 0.153330162 0.975090742
1548265179.183700 1.457228780 -0.502410173 -1.139142036 -0.117745139 -0.108432986 0.152764842 0.975213468
1548265179.217210 1.454340935 -0.503103554 -1.139380932 -0.118620433 -0.109018676 0.152296007 0.975115418
1548265179.250730 1.462424040 -0.499615461 -1.139771581 -0.119435050 -0.110527523 0.152417451 0.974827111
1548265179.284290 1.460023880 -0.496815473 -1.138015509 -0.120277330 -0.110223010 0.154300153 0.974461794
1548265179.317830 1.458402634 -0.497377366 -1.139658451 -0.121093735 -0.110674843 0.153784230 0.974390984
1548265179.351320 1.459348083 -0.492667735 -1.140482068 -0.121374249 -0.110089131 0.154136106 0.974366844
1548265179.384790 1.461300135 -0.491356492 -1.139765501 -0.122536793 -0.109640479 0.155137479 0.974112988
1548265179.418310 1.460268974 -0.493378401 -1.139344931 -0.124027103 -0.108486630 0.154388189 0.974172592
1548265179.451890 1.458050609 -0.492597014 -1.141294718 -0.124900945 -0.107407637 0.154451609 0.974170446
1548265179.485410 1.457704306 -0.494419515 -1.140606999 -0.125971347 -0.106862947 0.152902931 0.974336863
1548265179.518850 1.461225629 -0.493401468 -1.141340375 -0.126776367 -0.106733628 0.152328119 0.974336624
1548265179.552170 1.459265232 -0.495051771 -1.139897585 -0.127620339 -0.104937389 0.152615622 0.974376619
1548265179.585960 1.456779122 -0.493746758 -1.138646245 -0.127359942 -0.104701467 0.152664825 0.974428356
1548265179.619470 1.462698817 -0.495202184 -1.141179800 -0.127470255 -0.105149418 0.151884690 0.974487543
1548265179.652990 1.463643789 -0.495546550 -1.138556719 -0.127231479 -0.103629217 0.152647197 0.974562466
1548265179.687250 1.460852385 -0.496303231 -1.140024900 -0.126939341 -0.101299770 0.153927267 0.974644125
1548265179.720770 1.461109996 -0.498449206 -1.139368773 -0.126633719 -0.100289911 0.154168859 0.974750161
1548265179.754280 1.465310693 -0.499015808 -1.139696479 -0.126383707 -0.099086322 0.155788466 0.974648178
1548265179.787800 1.467905641 -0.495037556 -1.139971972 -0.125305578 -0.097868964 0.157577723 0.974622786
1548265179.820380 1.468665957 -0.493557513 -1.141856670 -0.124410771 -0.096023798 0.158307195 0.974802732
1548265179.854450 1.470184684 -0.493945539 -1.142053843 -0.124475777 -0.094208740 0.160349309 0.974637687
1548265179.888350 1.468437314 -0.496533334 -1.143128157 -0.124523565 -0.092915066 0.160424918 0.974743366
1548265179.921640 1.467133880 -0.494788259 -1.143081903 -0.124077119 -0.091646910 0.160622731 0.974887788
1548265179.955000 1.469664931 -0.492322922 -1.143499255 -0.123554289 -0.090979092 0.161272541 0.974909425
1548265179.988510 1.475466371 -0.494038433 -1.141876101 -0.124081396 -0.090692155 0.161456808 0.974838674
1548265180.022030 1.479895830 -0.493572116 -1.143756986 -0.124165580 -0.089885391 0.162351623 0.974754035
1548265180.055540 1.477481842 -0.493399113 -1.142735481 -0.124005780 -0.087729007 0.162606120 0.974928439
1548265180.088900 1.478902102 -0.494289517 -1.141999364 -0.124135248 -0.086756974 0.163537517 0.974843144
1548265180.122030 1.478062510 -0.493685901 -1.142377853 -0.123920910 -0.085214444 0.163603917 0.974995315
1548265180.155530 1.480707884 -0.490222454 -1.144264340 -0.123549677 -0.084267437 0.164003834 0.975057602
1548265180.189050 1.477599263 -0.486634314 -1.145661354 -0.123262621 -0.082866028 0.164432615 0.975141823
1548265180.222560 1.476344466 -0.487398684 -1.145035028 -0.124145843 -0.082746208 0.163906410 0.975128531
1548265180.256090 1.479154348 -0.483647406 -1.144267201 -0.124252602 -0.083522886 0.163723528 0.975079477
1548265180.289600 1.475153208 -0.487050176 -1.144788742 -0.125270650 -0.082141511 0.162286550 0.975306690
1548265180.322700 1.475794792 -0.486528218 -1.142952919 -0.126068830 -0.081994779 0.162719369 0.975144029
1548265180.356030 1.476829052 -0.487586915 -1.142609715 -0.126696154 -0.081855260 0.163511053 0.974942029
1548265180.389550 1.477247357 -0.488350451 -1.140986443 -0.126641035 -0.081798539 0.163590565 0.974940598
1548265180.423060 1.476128101 -0.489593059 -1.142656565 -0.126488432 -0.080688559 0.164233983 0.974944770
1548265180.456580 1.480473995 -0.492851615 -1.141202211 -0.126982048 -0.081261888 0.165290400 0.974654436
1548265180.490280 1.480584741 -0.493563712 -1.142380476 -0.126316473 -0.081196412 0.165639281 0.974687099
1548265180.523910 1.482102752 -0.495781600 -1.140882254 -0.125911191 -0.080582604 0.165802285 0.974762738
1548265180.557780 1.484134674 -0.493722469 -1.140427470 -0.124835648 -0.080556378 0.167467073 0.974618673
1548265180.591430 1.478712797 -0.496078014 -1.140694141 -0.123929590 -0.079831436 0.167548642 0.974779904
1548265180.624940 1.481538057 -0.493064702 -1.143478632 -0.122229494 -0.080597788 0.167588577 0.974924624
1548265180.658460 1.479881883 -0.493341625 -1.144263864 -0.121362060 -0.080262370 0.168229803 0.974950194
1548265180.692040 1.480231881 -0.491951466 -1.144178987 -0.120506741 -0.080586530 0.168359414 0.975007236
1548265180.725560 1.479451180 -0.488247573 -1.146901250 -0.119590715 -0.080337130 0.168659061 0.975088835
1548265180.759010 1.481033206 -0.492391765 -1.146896958 -0.120679878 -0.081090197 0.168918729 0.974847317
1548265180.792520 1.481447816 -0.488121986 -1.147271276 -0.120428666 -0.081623636 0.168082297 0.974978447
1548265180.826040 1.481094480 -0.486575186 -1.146937013 -0.121171139 -0.080961481 0.167879373 0.974976599
1548265180.859550 1.480814815 -0.488084584 -1.145937562 -0.122594595 -0.080980748 0.168062791 0.974765420
1548265180.893140 1.480312228 -0.485046864 -1.143801212 -0.122803576 -0.081003420 0.168003559 0.974747419
1548265180.926650 1.481388569 -0.491623431 -1.142082453 -0.125096515 -0.080219261 0.168427587 0.974447548
1548265180.960170 1.481560707 -0.489709705 -1.142222881 -0.125191882 -0.080310829 0.169329911 0.974271297
1548265180.993680 1.481074452 -0.490944624 -1.140231371 -0.125666782 -0.080090135 0.169593051 0.974182606
1548265181.027280 1.486738443 -0.491519332 -1.139063954 -0.126193419 -0.080484025 0.171474814 0.973752558
1548265181.060800 1.485604286 -0.491823733 -1.139909267 -0.126149282 -0.079262428 0.171241954 0.973899424
1548265181.094310 1.485518575 -0.490869164 -1.139853597 -0.125787854 -0.078870945 0.172652259 0.973728955
1548265181.127820 1.486975908 -0.487256855 -1.139186382 -0.124915734 -0.078905590 0.172649696 0.973838925
1548265181.161340 1.484524727 -0.489272773 -1.138479948 -0.125087872 -0.077473357 0.172607049 0.973939300
1548265181.194690 1.481960058 -0.494515896 -1.140503287 -0.125438154 -0.077624135 0.171977833 0.973993540
1548265181.228200 1.484058976 -0.491409183 -1.140766501 -0.124414161 -0.078766152 0.171093822 0.974188864
1548265181.261720 1.480388522 -0.493656188 -1.140118122 -0.124755420 -0.077980042 0.170622826 0.974291086
1548265181.295300 1.481586456 -0.491077483 -1.138614655 -0.124263056 -0.078891560 0.170830071 0.974244356
1548265181.328820 1.481335163 -0.486357033 -1.139500380 -0.123234749 -0.079681873 0.171079606 0.974266768
1548265181.362330 1.481989264 -0.487894148 -1.140068889 -0.123666659 -0.079614520 0.171015769 0.974228799
1548265181.395850 1.480957150 -0.488134503 -1.140613317 -0.124120355 -0.079783410 0.172082037 0.973969519
1548265181.429300 1.487649202 -0.488254130 -1.140421033 -0.124722071 -0.081587113 0.172579721 0.973655105
1548265181.462820 1.480505943 -0.489031792 -1.141068935 -0.125030950 -0.079623073 0.172499567 0.973792315
1548265181.496340 1.480425119 -0.489494979 -1.139991999 -0.126015499 -0.079584211 0.173110604 0.973560095
1548265181.529850 1.483315349 -0.487117618 -1.137014389 -0.126180634 -0.081023291 0.173680365 0.973318517
1548265181.563370 1.487276077 -0.486522049 -1.136411905 -0.126620144 -0.081463411 0.174371853 0.973101020
1548265181.596930 1.484642506 -0.487481743 -1.137713075 -0.126608133 -0.080225199 0.174236715 0.973229647
1548265181.630460 1.489583850 -0.495013714 -1.135068178 -0.127993718 -0.080384172 0.174705774 0.972951114
1548265181.663980 1.494714022 -0.492064595 -1.132470727 -0.127867669 -0.079314850 0.175997511 0.972822666
1548265181.697520 1.496139169 -0.492672414 -1.130761862 -0.127958357 -0.077624552 0.177136168 0.972740471
1548265181.731180 1.492490649 -0.490375042 -1.131703615 -0.127041265 -0.075123936 0.178294927 0.972845256
1548265181.764690 1.492890477 -0.491313934 -1.132621884 -0.127113223 -0.073788933 0.178422943 0.972914577
1548265181.798210 1.491430163 -0.488806903 -1.133490801 -0.126831472 -0.072335631 0.179381117 0.972884238
1548265181.831720 1.494399071 -0.487427413 -1.132330894 -0.127278984 -0.071808040 0.179258421 0.972887516
1548265181.865270 1.493574262 -0.486880571 -1.131971240 -0.128150240 -0.070173807 0.180352479 0.972690225
1548265181.898790 1.488491058 -0.485965341 -1.131665826 -0.128527254 -0.069215812 0.179706365 0.972828627
1548265181.932340 1.494721532 -0.486876160 -1.129725099 -0.129699409 -0.069962576 0.179994792 0.972566307
1548265181.965930 1.487214565 -0.489219338 -1.128744960 -0.130405962 -0.068706319 0.180184349 0.972526252
1548265181.999440 1.487159014 -0.490569830 -1.128640175 -0.131058067 -0.069442041 0.180586368 0.972311795
1548265182.033030 1.484588504 -0.484940022 -1.127361059 -0.130193859 -0.069939233 0.180853009 0.972342670
1548265182.066470 1.484160781 -0.491630912 -1.127476335 -0.131725058 -0.070916004 0.180729181 0.972088754
1548265182.099880 1.483837485 -0.494004428 -1.128540158 -0.131851569 -0.072166882 0.180309445 0.972057402
1548265182.133390 1.484517097 -0.492408872 -1.126911998 -0.131454706 -0.073837057 0.180169761 0.972011685
1548265182.166770 1.481659293 -0.491610736 -1.126403570 -0.130919382 -0.074552737 0.180174053 0.972028494
1548265182.200150 1.485645533 -0.492893636 -1.127779365 -0.130593359 -0.076192155 0.179871842 0.972001195
1548265182.233650 1.487262368 -0.497316480 -1.127242208 -0.130747542 -0.076976731 0.179422781 0.972001612
1548265182.267180 1.484362245 -0.493614912 -1.127304554 -0.129061714 -0.076958813 0.179515600 0.972211182
1548265182.300830 1.485033989 -0.496026635 -1.127406359 -0.128510505 -0.077465780 0.179276809 0.972288013
1548265182.334490 1.488976002 -0.498623252 -1.127035618 -0.128290832 -0.078220665 0.179113343 0.972286761
1548265182.368000 1.486942530 -0.496508360 -1.126796484 -0.127035096 -0.077160127 0.179326236 0.972497106
1548265182.401630 1.485956788 -0.493927479 -1.127125621 -0.125991985 -0.076893404 0.180031866 0.972523510
1548265182.435210 1.489205122 -0.495775968 -1.126225829 -0.125928015 -0.077462010 0.180234656 0.972449183
1548265182.468730 1.487524986 -0.494271517 -1.128013849 -0.125202328 -0.076399826 0.180001959 0.972669959
1548265182.502260 1.491061687 -0.493108302 -1.127940655 -0.125539988 -0.076392680 0.180686161 0.972500086
1548265182.536010 1.494779706 -0.492580712 -1.127654552 -0.126062274 -0.076541990 0.181432426 0.972281814
1548265182.569530 1.491570592 -0.494122803 -1.126279831 -0.126779765 -0.075650126 0.181702003 0.972208023
1548265182.603070 1.489604354 -0.491571695 -1.127943754 -0.126539767 -0.075139508 0.181213945 0.972369909
1548265182.636590 1.489717364 -0.493178189 -1.127895951 -0.127391577 -0.074727692 0.180877626 0.972353041
1548265182.670160 1.485518456 -0.489242345 -1.127857208 -0.126965180 -0.073955275 0.181596607 0.972333848
1548265182.703670 1.486410260 -0.491739661 -1.126878381 -0.127685443 -0.074536480 0.181404740 0.972230971
1548265182.737210 1.487452745 -0.489029437 -1.126478076 -0.127345070 -0.074844338 0.181794971 0.972179055
1548265182.770730 1.486212730 -0.492439568 -1.125773668 -0.128116578 -0.074094929 0.181513906 0.972187638
1548265182.804220 1.486487746 -0.494792163 -1.125929952 -0.128318995 -0.074232690 0.181348041 0.972181380
1548265182.837740 1.489643812 -0.491753727 -1.126502395 -0.127573207 -0.075077228 0.181357011 0.972213030
1548265182.871250 1.491592765 -0.493394762 -1.125101447 -0.127811491 -0.075303704 0.181699574 0.972100258
