1548266187.119290 0.0000000 0.0000000 0.0000000 0.0000000 0.0000000 0.0000000 1.0000000
1548266187.352560 0.0121270 0.0329344 0.0098239 -0.0005900 0.0162083 0.0042207 0.9998596
1548266187.385160 0.0150626 0.0352652 0.0118793 -0.0015186 0.0236347 0.0067643 0.9996966
1548266188.089380 0.0824903 0.0043065 0.0360418 0.0244340 0.1314413 0.0551557 0.9894868
1548266189.128820 0.2434793 -0.2207205 0.0692322 0.0878666 0.1334670 0.0666513 0.9848978
1548266189.999860 0.3337552 -0.2436055 0.1424149 0.0725933 0.2309949 0.1068477 0.9643418
1548266191.139260 0.5700396 -0.1124068 0.1394120 0.0258893 0.3207596 0.1481676 0.9351414
1548266192.144780 0.6064220 -0.0600093 -0.0677095 0.0402389 0.4795874 0.2401305 0.8430386
1548266193.586230 0.6274720 0.0095708 -0.2890347 0.0601570 0.6082628 0.2797211 0.7403740
1548266194.993390 0.5806669 0.2638800 -0.3361922 -0.0220388 0.5956287 0.3101585 0.7406365
1548266198.009790 0.5538383 0.4380471 -0.8588009 -0.0069513 0.6170348 0.3141135 0.7214932
1548266198.747270 0.4670230 0.4004128 -0.9633740 0.0320862 0.6953756 0.3208461 0.6422468
1548266200.758290 0.4426407 0.4754703 -0.9053584 0.0010513 0.5711684 0.2707211 0.7749037
1548266203.137660 0.2041561 0.0728459 -1.0396433 0.0329231 0.5870566 0.2942835 0.7534440
1548266204.143150 0.1966002 -0.0239408 -1.0327027 -0.0304860 0.5386661 0.2828625 0.7930310
1548266204.612360 0.1959953 -0.0900152 -1.0289376 -0.0243988 0.5157667 0.2919923 0.8050652
1548266204.779880 0.2418992 -0.0601201 -1.0693494 -0.0123829 0.4899092 0.2885369 0.8225461
1548266205.282540 0.2586099 -0.1441888 -1.0540309 -0.0185802 0.4870117 0.2741382 0.8290492
1548266205.383120 0.2792926 -0.1248880 -1.0481532 -0.0195575 0.4801535 0.2709747 0.8340520
1548266205.651220 0.3175185 -0.1440153 -1.0385725 -0.0046546 0.4303833 0.2721381 0.8606331
1548266206.052940 0.3554424 -0.1975602 -1.0758348 0.0464423 0.3801270 0.2647842 0.8850061
1548266207.126290 0.4635582 -0.1457610 -1.0155019 0.0434079 0.3627095 0.1961215 0.9099967
1548266208.634510 0.4868932 -0.0900346 -0.9575787 0.0591474 0.3642092 0.1929615 0.9091859
1548266209.673090 0.4487328 -0.2083876 -0.8823460 0.0840876 0.3979405 0.2118157 0.8886545
1548266210.712310 0.6403877 -0.1800470 -0.7139333 0.0245976 0.4371469 0.2168346 0.8725138
1548266211.751110 0.6658527 -0.2505047 -0.4604715 0.0128764 0.5328481 0.2303172 0.8141628
1548266212.757030 0.6639402 -0.3906717 -0.2719467 0.0334582 0.5378610 0.2576178 0.8020095
1548266213.762080 0.6090106 -0.4745883 -0.0843932 0.0388220 0.5864929 0.2672842 0.7635955
1548266214.801380 0.5717427 -0.4967241 0.1102483 0.0353570 0.6368908 0.2916748 0.7127733
1548266215.806750 0.5000762 -0.6293086 0.2304084 0.0673700 0.6490822 0.3344570 0.6799206
1548266216.845470 0.4629689 -0.5288313 0.3546945 0.0497518 0.6853924 0.2535965 0.6807722
1548266217.850900 0.5068131 -0.5639848 0.2493585 0.0577362 0.6642897 0.2639084 0.6969491
