1341846647.802247 0.000000000 0.000000000 0.000000000 0.000000000 0.000000000 0.000000000 1.000000000
1341846647.834093 0.003170477 -0.002617531 -0.001135028 0.000301626 -0.000150170 0.001476264 0.999998868
1341846647.866652 0.005944440 -0.007925052 -0.007663877 0.000715457 0.002018048 0.003803881 0.999990463
1341846647.901972 0.007781619 -0.002547848 -0.006913698 0.001636370 0.004026649 0.003836833 0.999983191
1341846647.934224 0.007255917 0.004653256 -0.007603205 0.001384849 0.004424080 0.003493306 0.999983132
1341846647.970225 0.013522337 -0.004040429 -0.006995498 -0.000380678 0.001945261 0.005127136 0.999984860
1341846648.002341 0.012955533 0.008233464 -0.006712078 0.000881368 0.001370134 0.004632488 0.999987960
1341846648.034343 0.014134228 0.016256770 -0.007229922 -0.000581702 0.000195038 0.003684756 0.999993026
1341846648.070164 0.013373568 0.008923871 -0.006255807 -0.002749294 -0.002737635 0.004393976 0.999982834
1341846648.102152 0.015520405 0.009385246 -0.007966083 -0.001928047 -0.006189817 0.005212021 0.999965429
1341846648.138185 0.026649306 0.013452516 -0.010082829 -0.001962996 -0.009228582 0.005413428 0.999940813
1341846648.170568 0.019913267 0.014524989 -0.017798653 -0.004752626 -0.009477336 0.004051958 0.999935567
1341846648.202106 0.027437240 0.003347350 -0.016071336 -0.007949634 -0.015109183 0.004649210 0.999843419
1341846648.238157 0.024798462 0.000726532 -0.017255433 -0.007634630 -0.019421792 0.004975713 0.999769866
1341846648.270152 0.025494879 0.008919791 -0.026615266 -0.008422986 -0.024522377 0.002585138 0.999660432
1341846648.302183 0.028161168 0.012496215 -0.028875947 -0.013000641 -0.029679855 -0.002487269 0.999471784
1341846648.338170 0.029609846 0.008647788 -0.025448611 -0.016658945 -0.034811661 -0.005612356 0.999239266
1341846648.370216 0.031828064 0.003505980 -0.027876804 -0.019711811 -0.042495821 -0.006479349 0.998881161
1341846648.406052 0.041172341 -0.002866779 -0.023278901 -0.022224439 -0.054541789 -0.005720396 0.998247743
1341846648.438342 0.059556454 0.003614992 -0.017485961 -0.021082057 -0.063114576 -0.003222792 0.997778416
1341846648.470076 0.055085067 0.009608138 -0.019980021 -0.020957237 -0.067334183 -0.002739947 0.997506559
1341846648.506263 0.047122180 0.015708465 -0.023345795 -0.022911547 -0.071712546 -0.002693668 0.997158527
1341846648.538249 0.050223541 0.015606662 -0.025604855 -0.025888981 -0.078180894 -0.005107885 0.996589899
1341846648.570179 0.088523299 0.007138197 -0.016041722 -0.031059435 -0.088447638 -0.004045601 0.995588243
1341846648.606081 0.059867449 0.011319073 -0.026223853 -0.032324824 -0.087117024 -0.006572392 0.995651841
1341846648.638395 0.085814364 -0.001772926 -0.013810228 -0.034912251 -0.101961419 -0.007480509 0.994147420
1341846648.674053 0.097414352 0.001905016 -0.010949056 -0.032785743 -0.107141003 -0.007992016 0.993671000
1341846648.706058 0.060918044 0.024655404 -0.024198396 -0.028389234 -0.107360199 -0.010431793 0.993760049
1341846648.738116 0.096506409 -0.005967395 -0.016807711 -0.034958296 -0.122430801 -0.008620264 0.991823733
1341846648.774049 0.128632993 -0.017625589 -0.002890127 -0.034835115 -0.130724430 -0.006500365 0.990785241
1341846648.805941 0.138120815 -0.012466752 -0.000108992 -0.032704033 -0.135204762 -0.003062791 0.990273058
1341846648.838602 0.134546116 -0.011937409 -0.006344527 -0.033455733 -0.141961306 -0.000840421 0.989306331
1341846648.874088 0.133826092 0.007647501 -0.011793962 -0.031343229 -0.144324526 -0.003836189 0.989026487
1341846648.906165 0.100508869 0.009949991 -0.003557029 -0.032814704 -0.142673105 -0.005322318 0.989211440
1341846648.942154 -0.053223364 0.043002617 -0.012447210 -0.026893189 -0.126255229 -0.000815090 0.991632879
1341846648.974090 -0.088768907 0.044370525 -0.043186139 -0.028790794 -0.127313584 -0.003193949 0.991439402
1341846649.006157 -0.078780331 0.064734921 0.010084282 -0.028993512 -0.135405853 -0.009509640 0.990320265
1341846649.042101 -0.031664032 0.055998661 0.001247747 -0.029950036 -0.151354328 -0.006559996 0.988003969
1341846649.074128 -0.045972295 0.069430225 -0.041989889 -0.028412485 -0.155127108 -0.018359622 0.987315178
1341846649.106188 -0.030218724 0.097790949 -0.024612349 -0.026090026 -0.160773143 -0.036700413 0.985963702
1341846649.142042 -0.045276172 0.083602220 -0.001312458 -0.031629167 -0.160953641 -0.040896200 0.985606909
1341846649.174442 -0.067468598 0.047449853 -0.016353687 -0.040679742 -0.161721081 -0.041130859 0.985139430
1341846649.216152 -0.073914565 0.025713317 0.002989986 -0.045411661 -0.162585884 -0.052104741 0.984270632
1341846649.248048 -0.034050446 0.035049908 -0.002668142 -0.045602329 -0.168625191 -0.043799680 0.983650148
1341846649.280075 0.050924402 0.091510840 0.032515109 -0.038745690 -0.186091289 -0.043445382 0.980806470
1341846649.316071 0.100876890 0.105621867 0.057105824 -0.041458655 -0.196451887 -0.039159149 0.978853643
1341846649.348041 0.020498509 0.058713883 0.060041793 -0.051580276 -0.184984908 -0.038709976 0.980623066
1341846649.383973 0.056538254 0.061469529 0.066493109 -0.049148869 -0.195389912 -0.034333527 0.978891432
1341846649.416053 0.135959759 0.120869853 0.064672537 -0.039994013 -0.207904950 -0.034898896 0.976707757
1341846649.448084 0.256065309 0.010727231 0.086901225 -0.065211557 -0.229765445 -0.023781830 0.970767617
1341846649.484154 0.257898897 -0.005831746 0.098714210 -0.070558444 -0.232727617 -0.021862468 0.969732642
1341846649.516198 0.260128558 -0.013976873 0.107875019 -0.070872925 -0.234933197 -0.026309453 0.969067216
1341846649.552101 0.282627583 -0.006604909 0.118737102 -0.068208411 -0.236719713 -0.028026536 0.968775451
1341846649.616167 0.281529993 -0.016298946 0.114593029 -0.069364898 -0.238684893 -0.021249991 0.968383431
1341846649.678101 0.287936389 -0.020679265 0.115137011 -0.068335876 -0.241018608 -0.025372248 0.967779160
1341846649.710937 0.288182050 -0.014418148 0.096554071 -0.065126710 -0.245571464 -0.024341039 0.966881931
1341846649.746112 0.251355290 -0.007557017 0.095140763 -0.062250715 -0.244689405 -0.030241124 0.967128456
1341846649.778019 0.246171340 -0.022489287 0.090977013 -0.062920891 -0.247023761 -0.032287784 0.966425240
1341846649.810257 0.192110404 -0.034561489 0.034123678 -0.064059258 -0.240469217 -0.028000033 0.968135834
1341846649.846059 0.267984986 0.011516745 0.043278802 -0.057144538 -0.262951851 -0.032983173 0.962550223
1341846649.878137 0.308261305 -0.008260722 0.092950061 -0.065801091 -0.277230918 -0.032334860 0.958001912
1341846649.914184 0.317904115 -0.030369343 0.121524811 -0.069084205 -0.285381258 -0.025900830 0.955570042
1341846649.952612 0.333270758 -0.017338997 0.117880151 -0.065569095 -0.289386481 -0.024440806 0.954651177
1341846650.014156 0.335283875 -0.026749710 0.123157293 -0.066866390 -0.291586250 -0.013685462 0.954106390
1341846650.046184 0.350805461 -0.015926277 0.139743194 -0.064724214 -0.297191292 -0.013566584 0.952525079
1341846650.078250 0.354029417 -0.013760599 0.152162671 -0.062357016 -0.296850681 -0.016023492 0.952751040
1341846650.114215 0.378553987 -0.022660468 0.159004033 -0.062748365 -0.300318599 -0.011254346 0.951706231
1341846650.146137 0.393932432 -0.016504912 0.179932520 -0.060201745 -0.305929631 -0.008515314 0.950110674
1341846650.182236 0.420946836 -0.012392064 0.201559499 -0.055456009 -0.310462862 -0.008449227 0.948928893
1341846650.214164 0.416674137 -0.022379639 0.176896065 -0.054695450 -0.306049764 -0.010722037 0.950382531
1341846650.246084 0.403997451 -0.017109113 0.177480310 -0.055601534 -0.304744542 -0.011159061 0.950744331
1341846650.282167 0.454565227 0.002368504 0.219678685 -0.049312729 -0.313653022 -0.011320256 0.948188722
1341846650.314158 0.441819519 -0.032080606 0.195407540 -0.051665880 -0.305724591 -0.015621495 0.950588822
1341846650.350453 0.405504137 -0.037205990 0.167499885 -0.053527169 -0.297438085 -0.020525774 0.953018427
1341846650.382075 0.450415522 -0.031338390 0.219358563 -0.054471917 -0.308421463 -0.020665938 0.949464023
1341846650.414224 0.429995656 -0.036473233 0.184349492 -0.051414061 -0.297763854 -0.024642639 0.952935457
1341846650.450353 0.302586138 0.005172173 0.134293199 -0.042382866 -0.269177169 -0.032108117 0.961621761
1341846650.484849 0.283326030 0.015988929 0.118528187 -0.041957930 -0.261454612 -0.034764446 0.963676512
1341846650.514091 0.347452879 0.046394166 0.169402093 -0.037129700 -0.268129885 -0.031241361 0.962159932
1341846650.550746 0.370387912 0.016197829 0.165490940 -0.037551064 -0.267062545 -0.027500549 0.962554574
1341846650.582069 0.417025656 -0.014051028 0.183145061 -0.038862742 -0.270493060 -0.026498506 0.961572170
1341846650.618092 0.405540973 -0.003390309 0.183273986 -0.036554668 -0.264415771 -0.030548438 0.963231444
1341846650.650422 0.398050964 0.004794502 0.184807137 -0.034857612 -0.256344378 -0.028511122 0.965535939
1341846650.682114 0.379827082 -0.027957298 0.174020231 -0.038910158 -0.247691646 -0.032652847 0.967506409
1341846650.718110 0.375057012 -0.019782087 0.175714388 -0.036886219 -0.243322730 -0.034609228 0.968625665
1341846650.750112 0.337311924 0.014979701 0.154769793 -0.029795216 -0.226783335 -0.032399319 0.972950101
1341846650.782116 0.348553121 0.012227663 0.166312873 -0.028214693 -0.222449392 -0.030441834 0.974060297
1341846650.818115 0.319528401 -0.028508345 0.149726853 -0.031924292 -0.216066331 -0.038621396 0.975092053
1341846650.850139 0.318563610 -0.018016750 0.127761051 -0.029364690 -0.211674273 -0.039850194 0.976085901
1341846650.886238 0.211458489 -0.000755198 0.088695720 -0.028983116 -0.178284898 -0.037553698 0.982834756
1341846650.918288 0.247948080 -0.027681632 0.131294712 -0.032251269 -0.180501953 -0.039681431 0.982244551
1341846650.950233 0.245136425 0.000590130 0.115023501 -0.026786214 -0.174654409 -0.037828341 0.983538210
1341846650.986247 0.237951577 0.011980087 0.093965225 -0.026450345 -0.162326559 -0.029008741 0.985955894
1341846651.050482 0.225111216 -0.004129011 0.102391459 -0.027020350 -0.148609057 -0.028197683 0.988124549
1341846651.086169 0.230285600 0.003959183 0.119960397 -0.030598443 -0.145260453 -0.023582971 0.988638937
1341846651.118423 0.235013351 -0.030100580 0.104297526 -0.035991907 -0.136429623 -0.018412093 0.989824474
1341846651.154189 0.196833968 -0.000518885 0.088299058 -0.025805786 -0.123712569 -0.018741669 0.991805434
1341846651.186391 0.182394683 -0.010928093 0.086019382 -0.029687339 -0.117202595 -0.015247356 0.992547095
1341846651.218036 0.177028432 -0.021342628 0.078902118 -0.033276346 -0.112311788 -0.014729716 0.993006408
1341846651.254031 0.155385345 -0.016159849 0.082788393 -0.032776523 -0.105155334 -0.014244906 0.993813455
1341846651.286406 0.147756159 -0.010230795 0.074585512 -0.033577453 -0.100207686 -0.015945256 0.994271934
1341846651.318309 0.132550463 -0.011647553 0.078218386 -0.034944046 -0.095039666 -0.019127488 0.994676113
1341846651.354135 0.136762038 -0.006950099 0.066219337 -0.032538872 -0.090723544 -0.022661772 0.995086372
1341846651.386180 0.085761987 -0.018503282 0.061606728 -0.033980493 -0.076306298 -0.021932721 0.996263862
1341846651.422237 0.078439258 -0.018881684 0.060870383 -0.034754027 -0.074177071 -0.020910433 0.996419966
1341846651.492135 0.031010082 -0.037796762 0.011416350 -0.039191119 -0.058664948 -0.034919083 0.996896744
1341846651.560316 0.034609608 -0.050477594 0.042066257 -0.039261021 -0.047125507 -0.029435884 0.997682989
1341846651.622176 0.019891180 -0.069120526 0.031630982 -0.034867387 -0.036719035 -0.028842336 0.998300612
1341846651.654223 0.007676576 -0.071016848 0.028466042 -0.031664964 -0.032450069 -0.027178306 0.998601854
1341846651.690127 -0.003654434 -0.072777398 0.021350892 -0.027872127 -0.029346604 -0.024450110 0.998881459
1341846651.722318 -0.015357467 -0.074410357 0.012879971 -0.024627814 -0.024860417 -0.022212049 0.999140680
1341846651.754212 -0.031283882 -0.064133734 0.002690637 -0.021296915 -0.019799951 -0.021499945 0.999345839
1341846651.790200 -0.040939700 -0.058837932 -0.017100258 -0.022295611 -0.014309063 -0.021651842 0.999414504
1341846651.822233 -0.057006162 -0.073790565 -0.012962987 -0.023967493 -0.007564131 -0.020471299 0.999474525
1341846651.858213 -0.061679214 -0.066066571 -0.020414811 -0.013656707 -0.003735167 -0.015606703 0.999777973
1341846651.890237 -0.076531351 -0.072210230 -0.026722545 -0.007594630 0.002439063 -0.014495036 0.999863148
1341846651.922186 -0.097915038 -0.062652677 -0.025181904 -0.004830278 0.008949714 -0.012683063 0.999867857
1341846651.958047 -0.104404628 -0.070653357 -0.032701135 -0.003545337 0.011353449 -0.009101944 0.999887884
1341846651.990020 -0.094226234 -0.078406565 -0.017919870 0.001864529 0.013358779 -0.004272043 0.999899924
1341846652.022081 -0.146816015 -0.063295960 -0.039644692 0.009927340 0.025378332 -0.001449052 0.999627590
1341846652.058058 -0.165893063 -0.054835722 -0.044566914 0.010714462 0.028598294 0.000986927 0.999533057
1341846652.090106 -0.175514251 -0.053075418 -0.058736473 0.009073936 0.031102486 -0.000967265 0.999474525
1341846652.126257 -0.177167326 -0.056442510 -0.055409718 0.006185376 0.033825722 -0.001523502 0.999407470
1341846652.158232 -0.195116639 -0.059020948 -0.054194681 0.003801854 0.037357360 -0.000651711 0.999294519
1341846652.190049 -0.194453210 -0.055299349 -0.057562444 0.004417824 0.037780307 -0.001973582 0.999274373
1341846652.225981 -0.187703475 -0.066803820 -0.064627931 0.003951746 0.043861486 -0.002069737 0.999027669
1341846652.258089 -0.222832337 -0.065846041 -0.052066971 0.005954710 0.053576395 0.001384857 0.998545051
1341846652.290189 -0.254925609 -0.057509195 -0.051895380 0.011713254 0.057452872 0.002871686 0.998275399
1341846652.326148 -0.262200564 -0.064548425 -0.044679772 0.017440060 0.059687365 0.005194670 0.998051226
1341846652.358184 -0.275126308 -0.059183389 -0.046187621 0.020620916 0.064357780 0.006516563 0.997692525
1341846652.394279 -0.285761148 -0.056042675 -0.040331494 0.021800518 0.066155143 0.006681651 0.997548819
1341846652.426287 -0.293415397 -0.062718034 -0.043076206 0.022566380 0.068793669 0.005630825 0.997359753
1341846652.458277 -0.308562785 -0.064459600 -0.040778216 0.024973696 0.073231697 0.005973820 0.996984303
1341846652.494100 -0.324698985 -0.059655193 -0.039517343 0.028121088 0.077230982 0.005788252 0.996599793
1341846652.526469 -0.330893725 -0.051209681 -0.044316079 0.029057650 0.081479654 0.004928225 0.996239126
1341846652.562089 -0.351635218 -0.070527166 -0.066755719 0.027071046 0.090613782 0.001763382 0.995516539
1341846652.594254 -0.359248698 -0.065290548 -0.062410664 0.030023796 0.102298267 0.001272772 0.994299769
1341846652.626356 -0.381131947 -0.068652913 -0.061092895 0.031432994 0.116173327 -0.000438221 0.992731333
1341846652.662152 -0.344666958 -0.048183225 -0.107903399 0.034498245 0.128705382 -0.004185657 0.991073787
1341846652.694113 -0.358535856 -0.045690868 -0.130950823 0.033569079 0.155552566 -0.007622033 0.987227619
1341846652.726378 -0.400114924 -0.051292311 -0.072415821 0.037036739 0.194493070 -0.003867494 0.980196774
1341846652.762129 -0.432936937 -0.056867957 -0.061610088 0.034289878 0.225426599 -0.005246374 0.973642409
1341846652.794152 -0.464919984 -0.049753897 -0.062569253 0.033530805 0.261693567 -0.004106891 0.964559615
1341846652.830250 -0.511688828 -0.015852010 0.026244288 0.037703879 0.301219255 -0.011862252 0.952735364
1341846652.862014 -0.556728840 -0.018655641 0.031730965 0.036268316 0.325931191 -0.014317123 0.944589019
1341846652.894426 -0.523304403 0.038435400 0.046513561 0.046210337 0.335532457 -0.002015867 0.940892398
1341846652.930346 -0.511874855 0.018237874 0.075040996 0.044311203 0.354431838 0.002772453 0.934027255
1341846652.962213 -0.563117743 0.057457425 0.096649684 0.050711852 0.378952622 0.001421033 0.924024463
1341846653.030292 -0.582430065 0.002277816 0.108178817 0.036151070 0.411614299 0.004952413 0.910627425
1341846653.062672 -0.608886838 -0.013927804 0.119482018 0.036000397 0.429279059 0.008895155 0.902410269
1341846653.099024 -0.556510329 0.058423258 0.096822090 0.047665831 0.434601635 0.008519811 0.899320185
1341846653.130475 -0.584201038 0.042895336 0.112422250 0.040761027 0.456129700 0.005252630 0.888963819
1341846653.162620 -0.573942125 0.057807796 0.129155725 0.043997545 0.471089214 0.011457991 0.880913079
1341846653.198437 -0.596819937 0.046227738 0.116965078 0.042910237 0.483216137 0.017620115 0.874271333
1341846653.230042 -0.584583938 0.063990407 0.151384130 0.047272272 0.496880293 0.018018622 0.866343260
1341846653.298380 -0.571044326 0.062301226 0.125438869 0.045970067 0.517684996 0.022907160 0.854028285
1341846653.330162 -0.567152202 0.064218864 0.122551709 0.046285596 0.527841091 0.027085416 0.847648382
1341846653.366319 -0.570981443 0.063436784 0.113910712 0.044083733 0.537151575 0.028753677 0.841842055
1341846653.398226 -0.587288737 0.072285607 0.129616871 0.046347529 0.548675478 0.034799974 0.834024012
1341846653.430060 -0.574070036 0.069354318 0.112390704 0.047805291 0.552889168 0.034869403 0.831151247
1341846653.466341 -0.588481486 0.088851057 0.105395555 0.052162290 0.557334483 0.031963423 0.828031242
1341846653.498194 -0.592886686 0.094052441 0.092842624 0.053418238 0.562422514 0.034792818 0.824388802
1341846653.530205 -0.649363875 0.199649602 0.038952313 0.072086088 0.563663840 0.037841242 0.821982205
1341846653.566601 -0.607246578 0.129259527 0.062788412 0.059615012 0.563191414 0.031275325 0.823579550
1341846653.598213 -0.638191164 0.070165463 0.139691442 0.049495805 0.574675918 0.032551933 0.816234112
1341846653.634793 -0.611795843 0.092744030 0.050353218 0.052435633 0.562151372 0.030381946 0.824811041
1341846653.666143 -0.598353267 0.126643345 0.080414876 0.059272822 0.562030017 0.033598214 0.824305832
1341846653.698738 -0.592798948 0.099052578 0.062107839 0.051462926 0.556593716 0.032718915 0.828543603
1341846653.734313 -0.574908972 0.069351703 0.100521468 0.045302574 0.554038227 0.033594470 0.830578506
1341846653.766275 -0.566824377 0.063767098 0.122569211 0.044960003 0.551964104 0.035694074 0.831889510
1341846653.802358 -0.588811040 0.105896696 0.081901819 0.050319836 0.543474555 0.038518976 0.837030232
1341846653.834226 -0.620550454 0.162551716 0.041994464 0.060031708 0.533397734 0.040314041 0.842767954
1341846653.866214 -0.610067487 0.134235233 0.045305714 0.053771384 0.527179182 0.039401323 0.847135365
1341846653.902170 -0.584278882 0.098144569 0.055521384 0.044784859 0.518010616 0.038689286 0.853324354
1341846653.934160 -0.606990695 0.124907561 0.032517917 0.048474625 0.509857416 0.039184395 0.857997835
1341846653.966155 -0.604462028 0.119577907 0.037308410 0.044892382 0.503113270 0.036192395 0.862294555
1341846654.002169 -0.611848831 0.126941606 0.019279921 0.041720383 0.493227839 0.035552565 0.868171513
1341846654.034140 -0.608264685 0.125883594 0.036144532 0.039877698 0.486516595 0.037494902 0.871954978
1341846654.070172 -0.595648825 0.121501118 0.043204054 0.041637462 0.475391865 0.037681386 0.877980053
1341846654.102438 -0.596390665 0.124528795 0.045312826 0.047335409 0.464718074 0.038566019 0.883351088
1341846654.134349 -0.593346179 0.115719877 0.051861253 0.049998842 0.454836011 0.038407959 0.888340652
1341846654.170244 -0.587737978 0.109471224 0.063511431 0.052745439 0.442291319 0.039586686 0.894443512
1341846654.202087 -0.591686368 0.106897406 0.065189563 0.053211968 0.428689212 0.033036500 0.901278317
1341846654.234434 -0.591010690 0.102543138 0.070896000 0.053987738 0.421080530 0.029875437 0.904922068
1341846654.270041 -0.589072943 0.096322872 0.075526685 0.052787770 0.410867333 0.028187810 0.909729064
1341846654.302117 -0.586334586 0.090468287 0.076767109 0.052045658 0.394538045 0.026579175 0.917019367
1341846654.338026 -0.585641026 0.078308694 0.095621362 0.048005424 0.389759511 0.024710907 0.919332564
1341846654.369979 -0.585998297 0.087479867 0.091770366 0.050788324 0.379218221 0.025303887 0.923565805
1341846654.402172 -0.564440012 0.067193329 0.103579119 0.048587482 0.356999069 0.025916006 0.932480156
1341846654.438133 -0.580445468 0.076145090 0.096649215 0.047556091 0.344579667 0.021033565 0.937315822
1341846654.470186 -0.573295951 0.075175233 0.097331025 0.044334549 0.335304826 0.019504951 0.940863788
1341846654.502267 -0.581643939 0.073041335 0.096846506 0.046113823 0.317276716 0.023771955 0.946912885
1341846654.539064 -0.574470401 0.064713895 0.109118424 0.042575620 0.300555497 0.015471114 0.952687979
1341846654.570053 -0.581419468 0.063365050 0.116401598 0.038939394 0.299054712 0.009581933 0.953392982
1341846654.606030 -0.573609710 0.064706147 0.106229506 0.040950440 0.279850841 0.015460037 0.959045112
1341846654.637980 -0.551808715 0.055037413 0.142038792 0.040631235 0.263234973 0.005896755 0.963857710
1341846654.670155 -0.553815484 0.055889446 0.140863150 0.043157130 0.258564353 0.004133256 0.965020657
1341846654.706022 -0.557388604 0.054467577 0.141641006 0.045650706 0.244710773 0.005990399 0.968502343
1341846654.738497 -0.560668111 0.054211482 0.139748722 0.050226066 0.227468520 0.007418660 0.972460985
1341846654.774056 -0.580073714 0.059361275 0.132704362 0.050843958 0.224873647 0.005203605 0.973046601
1341846654.806040 -0.561969340 0.055211961 0.142564401 0.048184030 0.210919142 0.005452258 0.976300001
1341846654.838060 -0.567841530 0.055486139 0.139635205 0.048798889 0.196636856 0.005977539 0.979243040
1341846654.874136 -0.582218051 0.060863320 0.137154147 0.047200698 0.189057231 0.003187230 0.980825841
1341846654.906209 -0.550352514 0.052104812 0.126553088 0.042102057 0.172020182 0.004790156 0.984181643
1341846654.938214 -0.574734509 0.055603456 0.151332229 0.045855161 0.162090212 0.005606750 0.985693991
1341846654.974334 -0.581392288 0.057249784 0.137561053 0.050468240 0.146232501 0.006346025 0.987941682
1341846655.006124 -0.581830323 0.050537422 0.129950836 0.046267029 0.134372070 0.004888852 0.989838183
1341846655.042239 -0.602567375 0.054804791 0.145179063 0.046945173 0.120891787 0.006911984 0.991530955
1341846655.074179 -0.543951690 0.061808672 0.142160863 0.049863148 0.091789111 0.005517733 0.994513929
1341846655.106132 -0.560296059 0.067526400 0.137409374 0.050873943 0.081427693 0.004142262 0.995371401
1341846655.142070 -0.595918119 0.052548677 0.139843002 0.046500519 0.067320548 -0.000735759 0.996646941
1341846655.174000 -0.548634350 0.074221954 0.121191971 0.049156263 0.037592713 -0.000026540 0.998083413
1341846655.206124 -0.489195585 0.047878515 0.104066953 0.042089820 0.016192213 0.000846434 0.998982251
1341846655.242079 -0.512699664 0.059588622 0.108652718 0.047035784 0.008467166 0.002728525 0.998853624
1341846655.274211 -0.457354158 0.074888751 0.084998131 0.052907743 -0.007045317 0.000510428 0.998574436
1341846655.310175 -0.369824648 -0.011327592 -0.005793618 0.045209486 -0.026398018 0.010429468 0.998574197
1341846655.342236 -0.160876349 -0.055311218 -0.064058490 0.044490732 -0.070447549 0.025389800 0.996199310
1341846655.374134 -0.157932714 -0.060246088 -0.067297265 0.044712480 -0.072307736 0.023716170 0.996097326
1341846655.410207 -0.124496169 -0.052790802 -0.067574032 0.048869342 -0.079624601 0.028224705 0.995226145
1341846655.442262 -0.075009272 -0.073560938 -0.058116741 0.049687590 -0.096888743 0.036524743 0.993382931
1341846655.474205 -0.113671109 -0.038057357 -0.076322369 0.056408696 -0.100195728 0.030114286 0.992910862
1341846655.510277 -0.100604706 -0.027902668 -0.103228614 0.054237057 -0.112791732 0.028501704 0.991727769
1341846655.542135 -0.089552663 -0.056440402 -0.097487785 0.044696849 -0.121104456 0.029311476 0.991199672
1341846655.578132 -0.100566454 -0.060544405 -0.086713642 0.041949172 -0.126329064 0.032356739 0.990572691
1341846655.642348 -0.085651763 -0.058781937 -0.081938222 0.035865575 -0.148310676 0.030029854 0.987833917
1341846655.678110 -0.136951506 -0.046046618 -0.080200240 0.038593862 -0.148972988 0.028569007 0.987674713
1341846655.710074 -0.128785759 -0.039118361 -0.072356239 0.040530808 -0.160623983 0.030957509 0.985697091
1341846655.748050 -0.148771212 -0.021546563 -0.138505936 0.041029271 -0.167178527 0.027683467 0.984683454
1341846655.810222 -0.132727399 -0.062948093 -0.120165370 0.030808428 -0.187909573 0.031249899 0.981205523
1341846655.846257 -0.109478280 -0.027106069 -0.105444394 0.033834405 -0.200514928 0.031868435 0.978587449
1341846655.910355 -0.106235765 -0.038770724 -0.102369897 0.026182301 -0.219064832 0.033302795 0.974790215
1341846655.946240 -0.119123124 -0.023283539 -0.113409050 0.026945017 -0.226667762 0.029544586 0.973150969
1341846655.978412 -0.090373725 -0.026514174 -0.116486274 0.022998633 -0.237986550 0.025173372 0.970669746
1341846656.014188 -0.062998392 -0.022396596 -0.100917272 0.021081802 -0.244563967 0.028389126 0.968988180
1341846656.046211 -0.067628950 -0.014050340 -0.106217027 0.021466499 -0.246090159 0.031194864 0.968506932
1341846656.078165 -0.048975084 -0.018258147 -0.114268325 0.020300746 -0.252818257 0.036330510 0.966618299
1341846656.114220 -0.043165274 -0.033628881 -0.129179299 0.015589769 -0.257686317 0.033343609 0.965527296
1341846656.146158 -0.061347313 -0.033407461 -0.135584652 0.014441240 -0.259863764 0.036390401 0.964851320
1341846656.178154 -0.064319417 -0.027346967 -0.125376061 0.015764724 -0.265583754 0.035055920 0.963321269
1341846656.214132 -0.067102604 -0.035356414 -0.124637559 0.013953728 -0.270108074 0.033070404 0.962160766
1341846656.246093 -0.037067983 -0.025581293 -0.104274161 0.014860977 -0.279128104 0.031304602 0.959628403
1341846656.282181 -0.033759162 -0.024967490 -0.115106486 0.014007309 -0.281345010 0.032496519 0.958953977
1341846656.314258 -0.006550022 -0.034434721 -0.123150207 0.011383922 -0.290255636 0.033815738 0.956283748
1341846656.346094 0.002393540 -0.024788104 -0.139392108 0.011198429 -0.294412792 0.031618029 0.955089509
1341846656.382222 -0.001632409 -0.036074355 -0.129262045 0.006578837 -0.298643678 0.030379351 0.953858376
1341846656.414253 -0.006604303 -0.037502997 -0.127327830 0.008223998 -0.307908624 0.032106247 0.950838506
1341846656.446177 0.001522150 -0.026752992 -0.153072551 0.007082898 -0.315224200 0.031038765 0.948483050
1341846656.482260 -0.011530868 -0.026330888 -0.146410152 0.002680830 -0.318871915 0.033468384 0.947202921
1341846656.519461 -0.014132136 -0.025977202 -0.134567097 0.003184194 -0.326153636 0.030593516 0.944816232
1341846656.582247 0.005185006 -0.027798504 -0.148398831 -0.002812210 -0.333501548 0.027685536 0.942338765
1341846656.614195 -0.007705171 -0.018479062 -0.136002034 -0.002556103 -0.334452212 0.026837209 0.942027032
1341846656.649995 0.000311668 -0.021627199 -0.138990581 -0.003156218 -0.336579949 0.025316441 0.941309214
1341846656.682076 -0.025090866 -0.021951873 -0.122603230 -0.004593796 -0.337132782 0.030743230 0.940943778
1341846656.714216 -0.021251401 -0.023060935 -0.130234048 -0.006454098 -0.341132462 0.027112592 0.939602017
1341846656.749974 -0.020336185 -0.006462010 -0.123858251 -0.006301559 -0.343064994 0.028109694 0.938869834
1341846656.782653 -0.039928474 -0.004568136 -0.117150918 -0.005671910 -0.342300594 0.028711453 0.939134598
1341846656.824388 -0.030486198 -0.009818020 -0.126881361 -0.007114357 -0.346326530 0.029870218 0.937611401
1341846656.856226 -0.027045652 -0.008141578 -0.127131417 -0.010351777 -0.347496331 0.026384411 0.937252879
1341846656.892050 -0.046717908 -0.006412762 -0.109158091 -0.011399962 -0.343122452 0.024802290 0.938893974
1341846656.924099 -0.032750860 -0.012189062 -0.119575582 -0.012746016 -0.343790740 0.025220709 0.938621044
1341846656.956112 -0.050526395 -0.006680693 -0.129582956 -0.013112540 -0.335363895 0.020153163 0.941781819
1341846656.992122 -0.014207428 -0.028701559 -0.133266866 -0.018678831 -0.333760291 0.024948372 0.942142606
1341846657.024108 -0.013723820 -0.003468436 -0.133005306 -0.014460498 -0.330796093 0.025560891 0.943245173
1341846657.056121 -0.042213351 0.001956807 -0.115248539 -0.014368932 -0.321687371 0.024872642 0.946410120
1341846657.092006 -0.041390378 0.003828498 -0.110028654 -0.010243839 -0.310989588 0.024841795 0.950033367
1341846657.124027 -0.025639940 0.003195789 -0.106921375 -0.003818536 -0.303184330 0.030247308 0.952444077
1341846657.155973 0.047644868 -0.022648374 -0.105780236 -0.004201859 -0.304670900 0.029300082 0.951997638
1341846657.192094 0.010595491 0.007156172 -0.107282504 0.004080602 -0.283171982 0.028784396 0.958628416
1341846657.224195 0.036405437 -0.020925405 -0.083420835 0.001124029 -0.277540028 0.035309400 0.960064292
1341846657.292164 0.033920642 -0.022719109 -0.084226698 0.003957889 -0.257383019 0.024461158 0.965991676
1341846657.354367 -0.000653242 -0.018144108 -0.113994516 0.002595289 -0.230277106 0.022923548 0.972851574
1341846657.386193 0.043278076 -0.015695203 -0.089547485 0.002396646 -0.227939159 0.023442250 0.973390162
1341846657.418105 0.019717803 -0.007218015 -0.095477022 0.005942498 -0.211626023 0.025639685 0.976996243
1341846657.454277 0.005241639 -0.029305039 -0.106550612 0.002119678 -0.196910053 0.031716146 0.979906142
1341846657.486117 -0.003947891 -0.026104329 -0.086474277 0.003345635 -0.183369085 0.025951153 0.982695878
1341846657.522092 0.020826740 -0.009761632 -0.071056776 0.008837232 -0.174606264 0.026468983 0.984242857
1341846657.554062 0.068200365 0.011484144 -0.010406928 0.013240082 -0.176713750 0.030027142 0.983715057
1341846657.586078 0.129986882 0.034528673 0.008628056 0.015727730 -0.173056513 0.025444340 0.984457552
1341846657.622205 0.145760760 0.033616606 0.022245390 0.016782528 -0.165502623 0.027403183 0.985685706
1341846657.654161 0.134980008 0.043829437 0.046802074 0.019539589 -0.158215225 0.027379841 0.986831546
1341846657.686517 0.151381180 0.054013863 0.097271547 0.020551283 -0.150480717 0.023374379 0.988122880
1341846657.722061 0.141245052 0.025373289 0.034392465 0.018729681 -0.132350698 0.022704529 0.990765870
1341846657.754104 0.138321534 0.038172159 0.041674398 0.021236990 -0.124720506 0.022898264 0.991700292
1341846657.790066 0.066399880 -0.012289037 -0.029415091 0.012904407 -0.097573891 0.005913554 0.995127022
1341846657.822089 0.025023162 -0.018526383 0.004950202 0.013606127 -0.071309946 0.002703113 0.997357726
1341846657.853972 0.053132970 -0.025365474 -0.031320319 0.015589512 -0.066019438 0.008577672 0.997659683
1341846657.889993 0.074819557 -0.031748541 -0.050465498 0.013259896 -0.057981879 0.006744111 0.998206794
1341846657.922046 0.059936095 -0.050467212 -0.068683863 0.011579837 -0.040237539 0.004626285 0.999112308
1341846657.954192 0.045174997 -0.038960595 -0.052489985 0.013315463 -0.029369337 0.009846336 0.999431431
1341846657.990141 0.107707635 -0.032068077 -0.040591080 0.011119358 -0.029039167 0.010262879 0.999463737
1341846658.022419 0.083911344 -0.040375866 -0.010352438 0.012090283 -0.016648814 0.008613663 0.999751210
1341846658.090215 0.100384630 -0.032842018 -0.021987390 0.013936828 -0.004887618 0.009378348 0.999846935
1341846658.122355 0.076525606 -0.029934153 -0.006221014 0.013149623 0.005635794 0.008546036 0.999861121
1341846658.158136 0.033344898 -0.034672648 -0.002154329 0.010741715 0.017027318 0.008283277 0.999763012
1341846658.190098 0.086289525 -0.036336888 -0.021406086 0.008207650 0.014390895 0.009217627 0.999820292
1341846658.226027 0.067887105 -0.042700130 0.005749038 0.008965638 0.022307321 0.006837504 0.999687552
1341846658.258133 0.066501215 -0.033134203 0.003591414 0.012083833 0.024393056 0.005728321 0.999612987
1341846658.290020 0.068507075 -0.036027361 0.003622587 0.010755865 0.028547227 0.001297779 0.999533772
1341846658.326239 0.059619177 -0.034872551 0.011007810 0.011118548 0.032854225 -0.001380552 0.999397337
1341846658.358248 0.009514088 -0.015515729 0.018032130 0.010958975 0.041410748 -0.003945351 0.999074280
1341846658.390215 0.017919773 -0.024224078 0.017540751 0.004040728 0.039954033 -0.008203328 0.999159634
1341846658.426300 0.053544704 -0.038733654 0.015807001 0.000073097 0.036799971 -0.010041442 0.999272227
1341846658.458168 0.032039542 -0.041845404 0.015125168 0.001280276 0.037426509 -0.008585221 0.999261677
1341846658.494176 -0.003446963 -0.020244077 0.017127028 0.001613798 0.039014764 -0.004628281 0.999226630
1341846658.526214 0.005982583 -0.011765629 0.015360570 -0.006726331 0.036347549 -0.005369470 0.999302149
1341846658.558129 -0.002422520 -0.005378163 0.010071157 -0.016067993 0.034461744 -0.002898521 0.999272645
1341846658.594206 -0.029039098 0.057854719 0.004896774 -0.029453864 0.034634136 -0.005568913 0.998950422
1341846658.626105 -0.020152025 0.045332853 0.020387782 -0.049092002 0.026957979 -0.005234563 0.998416662
1341846658.658181 -0.005982323 -0.012004668 0.022985568 -0.063513547 0.020335153 -0.004857391 0.997761905
1341846658.694141 -0.018015686 0.023208408 -0.001302669 -0.066823527 0.022389058 -0.004585546 0.997503042
1341846658.726153 -0.030272955 0.009405338 0.013048353 -0.085297331 0.021275602 -0.001837604 0.996126711
1341846658.762100 -0.019333893 -0.026918985 0.022632049 -0.095205210 0.011759927 -0.002131644 0.995385945
1341846658.794185 0.003568421 -0.031111645 0.007327158 -0.099391833 0.008327302 -0.000298037 0.995013475
1341846658.826155 -0.018351085 0.004115784 0.018142035 -0.104337052 0.014697767 -0.000178244 0.994433403
1341846658.862197 -0.028570382 -0.023654815 0.016651545 -0.115146086 0.012381317 -0.000985723 0.993270934
1341846658.894170 0.008362141 0.008080241 0.003482115 -0.111431859 0.007000771 0.002147069 0.993745089
1341846658.962404 -0.048584171 0.003319838 0.021631161 -0.127973035 0.022599349 0.002337334 0.991517365
1341846658.994217 -0.034772415 -0.027682370 0.023501175 -0.134981632 0.017652977 0.005073380 0.990677834
1341846659.030070 -0.027705094 -0.033091724 0.022270495 -0.134179994 0.017867250 0.002567529 0.990792572
1341846659.062007 -0.039601736 -0.028072748 0.022724234 -0.128666610 0.019260852 0.002436282 0.991497874
1341846659.094100 -0.018364307 -0.019775201 0.017710177 -0.128027290 0.014519037 0.002846367 0.991660237
1341846659.130368 -0.021339480 -0.028481558 0.012372568 -0.130931094 0.018028380 -0.000051586 0.991227508
1341846659.162537 -0.026454732 -0.028973101 0.019968493 -0.127880573 0.019955844 0.000188935 0.991588771
1341846659.198696 -0.023736613 -0.043391082 0.017766124 -0.125992909 0.017360717 0.000888501 0.991878808
1341846659.231286 -0.014159403 -0.043586072 0.011294125 -0.127408504 0.020714814 0.000157068 0.991633952
1341846659.263549 -0.029915098 -0.032140933 0.020730080 -0.125194237 0.024700627 0.001885741 0.991822958
1341846659.298797 -0.017403323 -0.041088548 0.017010685 -0.127324060 0.020756442 0.003407856 0.991638124
1341846659.331074 -0.020104056 -0.038517185 0.014301149 -0.128278017 0.023293342 0.002994928 0.991460145
1341846659.362420 -0.025896307 -0.034501307 0.019111697 -0.127594724 0.026593253 0.003260495 0.991464436
1341846659.398303 -0.027119692 -0.032004006 0.020101756 -0.124396138 0.026116220 0.005524698 0.991873503
1341846659.430262 -0.001620486 -0.037335895 0.010724870 -0.125317559 0.021304455 0.005790858 0.991870999
1341846659.466583 -0.010144538 -0.026692405 0.011629526 -0.124281056 0.025897181 0.005222633 0.991895318
1341846659.498531 -0.027224068 -0.033172742 0.017493952 -0.123504527 0.028160790 0.006538977 0.991922796
1341846659.530267 -0.001517072 -0.024623960 0.013313027 -0.120008752 0.021935100 0.006527797 0.992509007
1341846659.566571 -0.011575633 -0.050156198 0.007429717 -0.124341346 0.027076678 0.005591142 0.991854250
1341846659.598122 -0.010860987 -0.041463044 0.013164009 -0.120610468 0.029091859 0.005477516 0.992258430
1341846659.630209 -0.010859470 -0.050714143 0.013075333 -0.119935580 0.025935166 0.009225947 0.992399991
1341846659.666409 0.000675405 -0.048037112 0.009497741 -0.119898371 0.024110110 0.006208701 0.992473960
1341846659.698237 -0.023559088 -0.049487900 0.012884822 -0.120789111 0.028972777 0.006455548 0.992234290
1341846659.734169 -0.010987194 -0.052438587 0.009247377 -0.120525636 0.020403735 0.006330309 0.992480338
1341846659.766421 -0.008590359 -0.051728282 0.009750179 -0.120669842 0.017870577 0.002434718 0.992528856
1341846659.798087 -0.018390831 -0.055240005 0.012154553 -0.120907590 0.020056294 0.002443978 0.992458105
1341846659.834075 -0.025107538 -0.063593872 0.009462110 -0.120755129 0.017731946 0.003584228 0.992517471
1341846659.866481 -0.019052180 -0.052228808 0.006634085 -0.118121386 0.012747459 0.003420568 0.992911458
1341846659.898128 -0.018401498 -0.057369597 0.010994585 -0.118694559 0.011424884 0.003793250 0.992857814
1341846659.934286 -0.022841098 -0.056778952 0.008878672 -0.115332313 0.009813326 0.005297361 0.993264377
1341846659.966354 -0.024163671 -0.056843553 0.006011585 -0.113338962 0.005814652 0.005286505 0.993525326
1341846660.002267 -0.018781578 -0.051322456 0.006140514 -0.111552134 0.003706681 0.003145862 0.993746698
1341846660.034581 -0.025999460 -0.065310679 0.006191693 -0.111957543 0.004230682 0.002508287 0.993700802
1341846660.066206 -0.032444548 -0.066653557 0.006402500 -0.107862756 -0.000075060 0.002648619 0.994162261
1341846660.102245 -0.021481032 -0.060337454 0.004152292 -0.103301123 -0.004423212 0.000097638 0.994640291
1341846660.140244 -0.028950324 -0.056467135 0.001805126 -0.101804480 -0.002174132 -0.000698328 0.994801819
1341846660.202316 -0.029297780 -0.058262005 0.004193792 -0.097328521 -0.009458127 -0.001042783 0.995206833
1341846660.234105 -0.033306029 -0.057089712 0.002511684 -0.093855686 -0.007581448 -0.002440174 0.995553911
1341846660.270168 -0.037321433 -0.089961588 -0.008109124 -0.093154311 -0.007675047 -0.003415291 0.995616257
1341846660.302258 -0.040530458 -0.092828415 -0.003094797 -0.079752639 -0.012137919 -0.004006964 0.996732712
1341846660.334349 -0.025871966 -0.076657802 -0.007991183 -0.064875506 -0.015134205 -0.003756348 0.997771561
1341846660.370214 -0.029947324 -0.071025014 -0.007401970 -0.059512161 -0.013447838 -0.004841891 0.998125255
1341846660.401986 -0.039642069 -0.069489829 -0.004583213 -0.060020410 -0.014430050 -0.005797880 0.998076022
1341846660.438062 -0.031614266 -0.071424045 -0.001967310 -0.059405737 -0.016600432 -0.007642682 0.998066604
1341846660.470191 -0.035583936 -0.080043726 -0.002146618 -0.058193456 -0.015970770 -0.006810738 0.998154342
1341846660.502233 -0.038836945 -0.076850913 -0.003091162 -0.055813193 -0.017843163 -0.005677877 0.998265624
1341846660.537985 -0.031836491 -0.071749009 -0.005517725 -0.055310678 -0.019036213 -0.005837271 0.998270631
1341846660.570279 -0.033001319 -0.080087133 -0.005772577 -0.055386942 -0.017523076 -0.003923569 0.998303473
1341846660.602130 -0.039434820 -0.084001862 -0.009197904 -0.051614892 -0.019185035 0.000649557 0.998482585
1341846660.638256 -0.026582493 -0.070578076 -0.011210836 -0.049073085 -0.022911856 0.000662780 0.998532116
1341846660.670338 -0.022714470 -0.077046715 -0.016196465 -0.050261937 -0.019601403 -0.000270200 0.998543680
1341846660.706457 -0.033089314 -0.085069753 -0.015125589 -0.046260193 -0.017228605 0.003338151 0.998775303
1341846660.738241 -0.020823944 -0.084230289 -0.014864315 -0.039945215 -0.020724891 0.006772343 0.998963952
1341846660.770121 -0.012712440 -0.079862066 -0.025055714 -0.037268583 -0.017425116 0.005194522 0.999139845
1341846660.806117 -0.021339295 -0.087199546 -0.018944414 -0.033669531 -0.011703323 0.005413907 0.999349833
1341846660.838338 -0.028380448 -0.094254829 -0.023135345 -0.025371399 -0.011244841 0.009029840 0.999574065
1341846660.870203 -0.015389671 -0.091285415 -0.024955662 -0.017376235 -0.012051567 0.008994311 0.999735951
1341846660.906366 -0.002444307 -0.081132859 -0.024149746 -0.010528468 -0.008002628 0.007020913 0.999887943
1341846660.938063 -0.019863401 -0.110428780 -0.021010943 -0.005164401 -0.004762475 0.007838147 0.999944627
1341846660.974147 -0.008521985 -0.085700005 -0.032956608 0.010740706 -0.006798325 0.009819721 0.999871016
1341846661.006234 -0.005834690 -0.077089310 -0.027513539 0.015126704 -0.002936940 0.009849336 0.999832749
1341846661.038225 -0.020695878 -0.093832172 -0.024839245 0.015874280 -0.000454859 0.010096677 0.999822915
1341846661.074059 -0.019633725 -0.094397090 -0.021721398 0.028996957 -0.003086041 0.011193885 0.999512076
1341846661.106184 0.000902150 -0.069671847 -0.025336690 0.039830804 -0.004095748 0.012556767 0.999119163
1341846661.138209 -0.010201260 -0.064293966 -0.026696002 0.038393144 -0.001634035 0.011455526 0.999195695
1341846661.174244 -0.004788317 -0.078292571 -0.025298666 0.037668236 -0.002152827 0.010848204 0.999229074
1341846661.206205 -0.004933997 -0.077425577 -0.024295585 0.041324198 -0.001418041 0.011955929 0.999073267
1341846661.242184 -0.007783075 -0.068861984 -0.024728984 0.043268751 -0.001087226 0.011892082 0.998992085
1341846661.274177 -0.023673423 -0.080256462 -0.025181960 0.038779188 0.002659989 0.009415747 0.999199867
1341846661.308814 -0.023566417 -0.089032546 -0.024070008 0.035971444 0.002057753 0.010145410 0.999299169
1341846661.342489 -0.022752577 -0.082690053 -0.024482062 0.036469646 0.001087987 0.009026543 0.999293387
1341846661.374640 -0.018799737 -0.091197915 -0.023876680 0.034107387 0.000900669 0.008658325 0.999380291
1341846661.410178 -0.027228318 -0.096707389 -0.027324047 0.038407978 0.000020299 0.009747586 0.999214590
1341846661.442211 -0.019124623 -0.083188966 -0.030829992 0.043633435 -0.002514649 0.009099018 0.999003053
1341846661.474354 -0.025687983 -0.078949913 -0.028534926 0.042688679 -0.000068685 0.007941104 0.999056876
1341846661.510169 -0.038386352 -0.070501015 -0.031273291 0.042185392 -0.000504714 0.006580379 0.999088049
1341846661.542767 -0.019632483 -0.066970728 -0.033292584 0.037205040 -0.004089553 0.005563035 0.999283791
1341846661.574217 -0.036078800 -0.088246718 -0.030826587 0.032082926 -0.000791488 0.002800014 0.999481022
1341846661.610041 -0.038051911 -0.086235568 -0.024227966 0.035480313 -0.003931847 0.004766489 0.999351263
1341846661.642253 -0.028817726 -0.073032990 -0.030992588 0.035968412 -0.005739912 0.003551397 0.999330163
1341846661.678078 -0.036736902 -0.091814324 -0.032426924 0.032172438 -0.004861973 0.004336438 0.999461114
1341846661.710142 -0.031850342 -0.097520769 -0.028833264 0.035871729 -0.007762801 0.006529746 0.999304950
1341846661.742341 -0.031464983 -0.108639538 -0.029261751 0.042641796 -0.008934077 0.004480365 0.999040425
1341846661.778063 -0.029000999 -0.106173471 -0.031405017 0.051893581 -0.008607631 0.002701802 0.998611867
1341846661.810103 -0.027212160 -0.102382854 -0.031900730 0.059460308 -0.008706382 0.001876259 0.998190939
1341846661.842216 -0.035062704 -0.102775082 -0.025429875 0.067284651 -0.007862991 -0.000324326 0.997702837
1341846661.878157 -0.022612015 -0.094670102 -0.032645948 0.072727300 -0.008320360 -0.000856400 0.997316778
1341846661.910222 -0.029682068 -0.092931435 -0.030469686 0.074062124 -0.005010314 -0.002779852 0.997237206
1341846661.946090 -0.034585230 -0.094125718 -0.025429264 0.077309035 -0.004077192 -0.003429265 0.996992946
1341846662.010311 -0.037298005 -0.102419220 -0.035741553 0.091835804 -0.003591734 -0.005616498 0.995751858
1341846662.046195 -0.038118247 -0.102536455 -0.035901498 0.100216135 -0.005725108 -0.005222008 0.994935513
1341846662.078099 -0.036611490 -0.102124862 -0.039833028 0.105684318 -0.006095515 -0.006723467 0.994358301
1341846662.110672 -0.037507139 -0.104536496 -0.038227662 0.112513937 -0.003788179 -0.007741894 0.993612766
1341846662.146166 -0.037606783 -0.103068635 -0.035864498 0.120551564 -0.005446153 -0.005102975 0.992679000
1341846662.178168 -0.036335520 -0.100524679 -0.036413945 0.128536582 -0.005862948 -0.004169675 0.991678655
1341846662.214136 -0.035367332 -0.103112750 -0.038372818 0.140835375 -0.004014710 -0.001736806 0.990023375
1341846662.246167 -0.036104538 -0.102966599 -0.036606412 0.150127932 -0.005648437 0.000913687 0.988650024
1341846662.278007 -0.035652567 -0.103450261 -0.043793119 0.154680759 -0.004774843 -0.001272900 0.987952113
1341846662.314144 -0.038460966 -0.103136018 -0.039885633 0.160369530 -0.002319041 -0.001361125 0.987053394
1341846662.346164 -0.038599614 -0.102531478 -0.038449708 0.165026471 -0.004358878 0.000166068 0.986279488
1341846662.378069 -0.037193432 -0.103763364 -0.038574606 0.171082377 -0.004118782 -0.000059952 0.985248089
1341846662.414229 -0.039705429 -0.104511626 -0.040461726 0.177626133 -0.002136567 0.000981103 0.984095216
1341846662.446102 -0.037601531 -0.102247745 -0.038533386 0.184422046 -0.004225987 0.002633392 0.982834518
1341846662.482229 -0.038177494 -0.100095883 -0.039020862 0.192845240 -0.004568430 0.002783368 0.981214583
1341846662.514117 -0.037008815 -0.102584802 -0.035253108 0.201559767 -0.003969833 0.004458317 0.979457974
1341846662.546261 -0.036878958 -0.104342967 -0.038330130 0.208642721 -0.004020792 0.005293494 0.977969348
1341846662.582101 -0.040026117 -0.102403931 -0.042043127 0.211429715 -0.001959202 0.004492261 0.977380931
1341846662.620264 -0.040280093 -0.102221534 -0.036903717 0.215280712 -0.000608284 0.006740607 0.976528764
1341846662.682024 -0.039050244 -0.103619456 -0.038279694 0.222829536 -0.001891470 0.006721279 0.974832416
1341846662.714075 -0.038530808 -0.100230798 -0.038883444 0.224959373 -0.000723665 0.008383121 0.974331796
1341846662.750127 -0.037662171 -0.102036960 -0.035812605 0.230253309 -0.002413962 0.007413343 0.973099470
1341846662.782002 -0.036722485 -0.096658885 -0.049970798 0.232075825 -0.002836098 0.007851585 0.972661853
1341846662.814097 -0.038950212 -0.106426984 -0.040697314 0.228109583 -0.003456780 0.007484105 0.973600566
1341846662.850193 -0.038469560 -0.102181092 -0.039377790 0.231015608 -0.004003786 0.007635916 0.972911835
1341846662.882162 -0.039640896 -0.105588757 -0.039296743 0.232148215 -0.004813205 0.006572922 0.972646296
1341846662.918191 -0.039342310 -0.105543166 -0.041220609 0.230752259 -0.005973832 0.005909536 0.972976267
1341846662.956034 -0.036466531 -0.103158027 -0.040581629 0.231894910 -0.006012351 0.005111357 0.972708821
1341846663.018208 -0.037560549 -0.101201952 -0.037299886 0.237141624 -0.009796365 0.008829278 0.971385598
1341846663.049994 -0.039451882 -0.101658814 -0.037108466 0.236215860 -0.009447047 0.006213581 0.971634805
1341846663.118078 -0.037074983 -0.098335035 -0.041864507 0.238878384 -0.009391728 0.005299083 0.970989645
1341846663.150227 -0.037307207 -0.102639578 -0.040094599 0.239522845 -0.008354600 0.002686570 0.970851064
1341846663.186300 -0.037043642 -0.107205749 -0.030312018 0.238218352 -0.008161618 0.004099667 0.971168637
1341846663.218442 -0.038941447 -0.107469156 -0.034536473 0.234154403 -0.007937506 0.003041501 0.972162247
1341846663.250380 -0.037543017 -0.105469227 -0.042927336 0.228078768 -0.007566842 0.002671452 0.973609626
1341846663.286056 -0.038266391 -0.106260769 -0.043465581 0.222828493 -0.007513295 0.003143172 0.974823654
1341846663.318060 -0.037475124 -0.107578874 -0.040590942 0.213385344 -0.008927966 0.006217199 0.976907551
1341846663.350114 -0.038704261 -0.106729709 -0.044797245 0.202429295 -0.009299923 0.004874616 0.979240596
1341846663.385985 -0.036781415 -0.106468923 -0.042553499 0.194189578 -0.010063462 0.003771871 0.980905116
1341846663.418056 -0.035484344 -0.099140838 -0.051723219 0.189462930 -0.013230400 0.004860596 0.981786728
1341846663.454044 -0.033904165 -0.099272847 -0.050926965 0.181328133 -0.014172196 0.005017726 0.983307719
1341846663.486091 -0.038245071 -0.092251465 -0.050553299 0.174915522 -0.014431307 0.004610437 0.984466910
1341846663.518394 -0.036043786 -0.094860263 -0.052357942 0.166404590 -0.016364422 0.007366703 0.985894263
1341846663.554251 -0.035529260 -0.097944938 -0.049965858 0.160433948 -0.016379174 0.006594609 0.986888647
1341846663.586143 -0.036578409 -0.106318928 -0.048562020 0.151651889 -0.016760623 0.009540015 0.988245785
1341846663.622145 -0.035879128 -0.099190041 -0.046382207 0.144614547 -0.018693797 0.008176599 0.989277661
1341846663.654099 -0.035055052 -0.099423267 -0.048815992 0.139140800 -0.019691750 0.008157496 0.990043163
1341846663.686099 -0.031575255 -0.075584486 -0.036790524 0.131027833 -0.020297660 0.007165395 0.991144955
1341846663.722109 -0.032876208 -0.080228746 -0.029842261 0.122746199 -0.020512681 0.007545031 0.992197394
1341846663.755694 -0.036282927 -0.073596127 -0.031152222 0.119737439 -0.018573033 0.006764519 0.992608845
1341846663.786304 -0.029398659 -0.039347421 -0.024228081 0.110046566 -0.017694265 0.004711912 0.993757784
1341846663.822090 -0.037230961 -0.039555117 -0.026978035 0.091435522 -0.015899999 0.005034674 0.995671332
1341846663.854115 -0.038913041 -0.065733850 -0.030570194 0.081984863 -0.015030889 0.003777359 0.996513069
1341846663.890140 -0.032706987 -0.014723341 -0.030509789 0.079536021 -0.013914227 0.002163727 0.996732533
1341846663.921987 -0.036748674 -0.013654826 -0.026945274 0.058308590 -0.011790769 -0.000917446 0.998228550
1341846663.954282 -0.031360436 -0.040651191 -0.024275351 0.040067952 -0.011725943 -0.002216081 0.999125659
1341846663.990370 -0.023807680 -0.024039427 -0.018939061 0.033810087 -0.010211033 -0.003166111 0.999371111
1341846664.022124 -0.032748982 -0.026418621 -0.026308913 0.018608673 -0.006341409 -0.002924795 0.999802470
1341846664.054171 -0.025538797 -0.030487916 -0.028077835 0.002660780 -0.006052490 -0.004700295 0.999967098
1341846664.090250 -0.032520216 -0.051501166 -0.024448177 -0.011284078 -0.003348693 -0.005778422 0.999914050
1341846664.122237 -0.033404142 -0.059034500 -0.023239227 -0.017718671 -0.002828812 -0.005264563 0.999825180
1341846664.158241 -0.037176345 -0.044620488 -0.025611822 -0.021078140 -0.003011567 -0.005415365 0.999758601
1341846664.190141 -0.026910853 -0.036287665 -0.026906224 -0.030195409 -0.003999243 -0.007651226 0.999506712
1341846664.222189 -0.034054276 -0.047373760 -0.019927517 -0.039765980 -0.001714557 -0.006735068 0.999184847
1341846664.258172 -0.039576512 -0.056568064 -0.023995657 -0.044571377 -0.001569889 -0.005998475 0.998986959
1341846664.290022 -0.025136800 -0.039893329 -0.024880035 -0.049597118 -0.001853836 -0.006735443 0.998744905
1341846664.322491 -0.030282978 -0.034450129 -0.024772601 -0.058696289 0.001036030 -0.009114473 0.998233736
1341846664.358302 -0.041552220 -0.043262418 -0.023751810 -0.066920616 0.002322555 -0.007799301 0.997725129
1341846664.390101 -0.038286168 -0.041569442 -0.023651011 -0.074064553 0.001843086 -0.009019829 0.997210920
1341846664.426143 -0.026467888 -0.021161523 -0.026003100 -0.078409947 0.000847184 -0.008921806 0.996880949
1341846664.458304 -0.034415174 -0.013295368 -0.025482427 -0.085858703 0.002673222 -0.009887863 0.996254683
1341846664.490116 -0.020657504 -0.026550747 -0.027237313 -0.097282171 0.002292844 -0.010264694 0.995201290
1341846664.526173 -0.025449794 -0.017382307 -0.026792169 -0.104051791 0.004046115 -0.009108429 0.994521916
1341846664.558129 -0.028176187 -0.026015900 -0.023210214 -0.113499768 0.004140306 -0.008942744 0.993489146
1341846664.590129 -0.022972394 -0.024838177 -0.021281777 -0.120723501 0.005465088 -0.008508498 0.992634654
1341846664.626196 -0.038571335 -0.050263677 -0.016718075 -0.128507718 0.010358244 -0.008017402 0.991622031
1341846664.658276 -0.038167082 -0.052853100 -0.014537800 -0.125928059 0.009408467 -0.007397837 0.991967201
1341846664.694136 -0.031441804 -0.038419731 -0.020173570 -0.122218959 0.008939616 -0.008401497 0.992427349
1341846664.726667 -0.031835292 -0.027133690 -0.020683182 -0.123517439 0.012466360 -0.009251727 0.992220938
1341846664.758141 -0.036293544 -0.038733386 -0.018641826 -0.126924261 0.012845569 -0.008340815 0.991794109
1341846664.794104 -0.033641595 -0.037848648 -0.019253315 -0.127792016 0.010910344 -0.008973023 0.991700351
1341846664.826123 -0.041530147 -0.041976690 -0.019465094 -0.130968258 0.013877545 -0.008114841 0.991256177
1341846664.862093 -0.040433515 -0.044401124 -0.018111076 -0.132942542 0.012438713 -0.005612144 0.991029799
1341846664.894198 -0.037234657 -0.048617449 -0.019972788 -0.134266078 0.011401584 -0.005511660 0.990864396
1341846664.926270 -0.028912921 -0.034326881 -0.021458797 -0.132929072 0.013013382 -0.005744058 0.991023481
1341846664.962375 -0.030801138 -0.035270825 -0.021365367 -0.135053068 0.013528098 -0.004940804 0.990733683
1341846664.997077 -0.033208467 -0.026865497 -0.024140963 -0.136003256 0.014086649 -0.006502667 0.990586877
1341846665.026380 -0.030937044 -0.030238744 -0.024095580 -0.139365852 0.014903827 -0.007701920 0.990098834
1341846665.062417 -0.041289728 -0.035652429 -0.022745881 -0.141637981 0.016760519 -0.006428851 0.989755750
1341846665.094077 -0.029861638 -0.027457142 -0.026361490 -0.142570660 0.014081949 -0.006819488 0.989660978
1341846665.130160 -0.033557553 -0.022211490 -0.030109972 -0.146821812 0.018104022 -0.006335963 0.988976955
1341846665.162114 -0.052725818 -0.019678352 -0.030471975 -0.150149807 0.020846704 -0.004704588 0.988432229
1341846665.194100 -0.032838590 -0.024893168 -0.026315760 -0.153312385 0.015776485 -0.004713463 0.988040566
1341846665.230221 -0.022520846 0.007829881 -0.043762654 -0.152909338 0.016947299 -0.005035008 0.988082051
1341846665.262005 -0.025949132 0.010243203 -0.040424056 -0.162203148 0.018509051 -0.005208043 0.986570060
1341846665.300077 -0.031881656 0.006732288 -0.037373755 -0.170809492 0.019487759 -0.006628009 0.985089064
1341846665.362294 -0.036318496 -0.007311569 -0.039595194 -0.183067992 0.024744093 -0.005539200 0.982773185
1341846665.398079 -0.030189054 0.006963518 -0.040759031 -0.183600292 0.020764891 -0.006179600 0.982762218
1341846665.430162 -0.029376108 0.005464633 -0.046947390 -0.192857578 0.022729922 -0.010532828 0.980906904
1341846665.462226 -0.028519565 -0.001275829 -0.042465612 -0.204752147 0.026364258 -0.009564421 0.978411973
1341846665.498226 -0.046628889 0.000071116 -0.043164756 -0.210150033 0.027675411 -0.008124612 0.977243602
1341846665.530109 -0.022894196 -0.008151106 -0.042110834 -0.212713823 0.022789001 -0.008416272 0.976812482
1341846665.562222 -0.044608139 -0.022612086 -0.035815895 -0.215832978 0.028360143 -0.006470713 0.975996912
1341846665.598196 -0.038133543 0.001177274 -0.048578855 -0.213046536 0.026294878 -0.006154983 0.976668775
1341846665.630107 -0.026260160 0.008924844 -0.049210783 -0.214948848 0.024551125 -0.008230352 0.976281941
1341846665.666289 -0.034209944 0.006900480 -0.049285915 -0.219587997 0.028711027 -0.008198285 0.975135684
1341846665.698060 -0.034731951 0.003263291 -0.049953286 -0.223398417 0.027570814 -0.006770135 0.974313676
1341846665.730361 -0.029864896 0.006292795 -0.050544955 -0.225356817 0.025884129 -0.008429350 0.973895907
1341846665.766193 -0.030615976 0.001908947 -0.053207759 -0.230212227 0.028222738 -0.008329212 0.972695470
1341846665.798338 -0.036212839 0.011235157 -0.059829600 -0.231790155 0.030389974 -0.007320117 0.972263396
1341846665.834237 -0.032813057 0.007969324 -0.057386097 -0.236277893 0.029819233 -0.008241545 0.971192896
1341846665.866106 -0.029761637 0.020802127 -0.067307100 -0.239432916 0.032094941 -0.009170692 0.970338941
1341846665.898073 -0.028049218 0.018074591 -0.067366719 -0.247364715 0.034794096 -0.006868388 0.968273163
1341846665.934076 -0.031494021 0.022849314 -0.069747336 -0.251366317 0.034455068 -0.005201688 0.967264593
1341846665.966137 -0.031797957 0.020229533 -0.071389727 -0.256292880 0.034788027 -0.005929506 0.965954781
1341846665.998149 -0.036246348 0.023188379 -0.072702385 -0.259492368 0.038911186 -0.005000653 0.964947999
1341846666.034210 -0.028626118 0.028776359 -0.075921252 -0.258674949 0.036781870 -0.001918252 0.965261996
1341846666.072502 -0.032835998 0.015977230 -0.072979912 -0.262528956 0.036820855 -0.001880555 0.964219511
1341846666.134147 -0.026653841 0.012770000 -0.074402176 -0.271078765 0.038351536 -0.001877265 0.961790979
1341846666.166356 -0.038703486 0.021821691 -0.078691199 -0.270496845 0.039316121 -0.001648351 0.961916327
1341846666.202327 -0.034110133 0.013563806 -0.077051431 -0.274695575 0.040796049 -0.002961650 0.960660875
1341846666.234319 -0.029982585 0.014557064 -0.075578406 -0.277221084 0.038543079 -0.002702122 0.960029006
1341846666.266322 -0.026998831 0.005892581 -0.077306040 -0.283945978 0.035737183 -0.000862169 0.958173692
1341846666.302195 -0.034240015 0.002772976 -0.082519822 -0.295831472 0.039322037 -0.001191676 0.954429746
1341846666.335080 -0.024640953 0.024324168 -0.086033598 -0.302213103 0.037933763 -0.002084815 0.952483058
1341846666.370216 -0.039035644 0.026789304 -0.081917420 -0.308218628 0.036997590 -0.000036312 0.950595856
1341846666.402019 -0.036118712 0.019141581 -0.082414463 -0.315918475 0.037281111 0.001759343 0.948051989
1341846666.434088 -0.038913257 0.026709769 -0.082922414 -0.319742084 0.039315801 0.003123784 0.946683407
1341846666.470060 -0.046382140 0.031856507 -0.080837615 -0.320745379 0.038084392 0.007643016 0.946368635
1341846666.502190 -0.033407446 0.024028879 -0.085043170 -0.328201652 0.036952704 0.011604288 0.943813264
1341846666.534121 -0.032680474 0.025036443 -0.083532296 -0.338860422 0.039705906 0.011559331 0.939927340
1341846666.570131 -0.032683667 0.026198640 -0.082669117 -0.345805377 0.039152037 0.012982300 0.937399209
1341846666.602180 -0.040186066 0.036268238 -0.090096153 -0.350048125 0.039867610 0.014224229 0.935774863
1341846666.638072 -0.031233581 0.023652479 -0.078882270 -0.359415323 0.039506670 0.015240744 0.932216465
1341846666.670134 -0.064165033 0.019712256 -0.076288357 -0.363930017 0.043882731 0.015074312 0.930269897
1341846666.738266 -0.060032412 0.022869233 -0.081875131 -0.367408454 0.040785260 0.016736152 0.929014266
1341846666.770390 -0.063635327 0.021985609 -0.080204740 -0.369882047 0.039716017 0.018647373 0.928042114
1341846666.802119 -0.061615147 0.021738509 -0.082701668 -0.371047884 0.036337275 0.021878747 0.927644551
1341846666.838108 -0.054472439 0.023887768 -0.084590577 -0.372726232 0.033991925 0.024729740 0.926988721
1341846666.870483 -0.055273581 0.025969611 -0.086979665 -0.375043929 0.034008943 0.025292788 0.926037669
1341846666.906019 -0.060290355 0.030470699 -0.089679569 -0.376895368 0.034077298 0.025410576 0.925279915
1341846666.937989 -0.053240843 0.034969050 -0.095437892 -0.379612476 0.030803198 0.025583144 0.924278677
1341846666.970036 -0.044028003 0.033352148 -0.094868600 -0.383494377 0.028725835 0.024648719 0.922767222
1341846667.006200 -0.057331465 0.036419414 -0.095820948 -0.385219336 0.031040257 0.022484401 0.922028780
1341846667.038153 -0.076427214 0.027072512 -0.100897700 -0.388722122 0.030978590 0.021571072 0.920581400
1341846667.074153 -0.027020566 0.085524239 -0.122874908 -0.384114414 0.019877158 0.020327521 0.922847629
1341846667.106156 -0.062699899 0.089558586 -0.125084803 -0.389236033 0.027868364 0.015756926 0.920581520
1341846667.138108 -0.062546484 0.072137259 -0.119720250 -0.392311305 0.023807792 0.015391566 0.919395506
1341846667.174105 -0.032352481 0.085950814 -0.127823085 -0.387821198 0.017244032 0.014501480 0.921459198
1341846667.206107 -0.044911020 0.075655095 -0.121652059 -0.388321191 0.022522958 0.010868066 0.921184719
1341846667.238075 -0.059813228 0.059838302 -0.115246743 -0.387242347 0.024243500 0.007457443 0.921629012
1341846667.274016 -0.001889392 0.023261253 -0.102528982 -0.387847304 0.012802578 0.004541729 0.921623528
1341846667.306189 -0.005530244 0.021890083 -0.100508764 -0.379197210 0.016263787 0.000130724 0.925172925
1341846667.342253 -0.010486778 0.084664918 -0.140162498 -0.352541238 0.014452890 0.004885928 0.935671926
1341846667.374345 -0.043292332 0.013427734 -0.102421157 -0.357861817 0.018227886 -0.002288903 0.933593810
1341846667.406982 -0.051218864 0.045408875 -0.120993704 -0.345256567 0.022258792 -0.006017412 0.938225031
1341846667.442109 -0.028915677 0.093835793 -0.143353388 -0.324124783 0.017856698 -0.004893963 0.945833147
1341846667.474109 -0.051815469 -0.004918951 -0.121034473 -0.326902986 0.019624930 -0.011442938 0.944784820
1341846667.506006 -0.081590556 0.014088522 -0.135449946 -0.310790300 0.026257299 -0.014240489 0.950009048
1341846667.542298 -0.066186555 0.019914690 -0.125383943 -0.295974642 0.019683741 -0.016917903 0.954843104
1341846667.574196 -0.098208852 0.091528282 -0.176412717 -0.265277267 0.024652293 -0.016361181 0.963718116
1341846667.610099 -0.093851663 0.093884364 -0.180319443 -0.254816532 0.026288800 -0.019228222 0.966440737
1341846667.642293 -0.105779111 0.081041969 -0.176286429 -0.249328926 0.027747925 -0.016810250 0.967875302
1341846667.674072 -0.104784593 0.084186815 -0.184062615 -0.245998874 0.027298264 -0.015909163 0.968755007
1341846667.710179 -0.131075203 0.060406614 -0.169444308 -0.250461429 0.035143353 -0.018231397 0.967316747
1341846667.742255 -0.109514281 0.073721744 -0.175006181 -0.242393598 0.031863451 -0.018323809 0.969481468
1341846667.774114 -0.105326727 0.076732829 -0.175677717 -0.234622568 0.029582147 -0.016532587 0.971495688
1341846667.810099 -0.129263237 0.056819085 -0.170152694 -0.234468818 0.037334435 -0.020897388 0.971181691
1341846667.842103 -0.128700495 0.056225531 -0.161694661 -0.230433106 0.039268304 -0.020216571 0.972085357
1341846667.878139 -0.109216720 0.068720482 -0.168683395 -0.218527585 0.034519542 -0.017309684 0.975066364
1341846667.910558 -0.123780221 0.029842025 -0.152510986 -0.221052691 0.040480800 -0.020938154 0.974196374
1341846667.942116 -0.138809308 0.021462852 -0.142260045 -0.217991650 0.046178419 -0.022069070 0.974607706
1341846667.978287 -0.144874707 0.031308014 -0.151137397 -0.207766294 0.046869043 -0.020513391 0.976839662
1341846668.010215 -0.141465172 0.036171723 -0.149486080 -0.198627189 0.049626537 -0.021763278 0.978575945
1341846668.046247 -0.147945732 0.042914536 -0.147125170 -0.189289629 0.053583328 -0.022052925 0.980210185
1341846668.078111 -0.142135933 0.053779107 -0.150517598 -0.178168744 0.052869067 -0.018606540 0.982402444
1341846668.110130 -0.119712092 -0.004215391 -0.127356201 -0.182150036 0.050406981 -0.021949664 0.981732488
1341846668.146332 -0.125627026 0.008439953 -0.129361898 -0.172444016 0.053967968 -0.023172701 0.983266771
1341846668.178208 -0.139297470 0.010457442 -0.129944146 -0.160378009 0.054070063 -0.020409122 0.985362291
1341846668.211262 -0.144495368 -0.037002511 -0.109419055 -0.158532992 0.054638661 -0.021412827 0.985608160
1341846668.246163 -0.151112989 -0.043329731 -0.117046259 -0.145928457 0.057015195 -0.020177010 0.987444699
1341846668.278397 -0.149132147 -0.032470860 -0.115647830 -0.132315636 0.054503303 -0.017793845 0.989548028
1341846668.314248 -0.163176835 -0.029533854 -0.110158294 -0.122000903 0.056904353 -0.018692400 0.990721107
1341846668.346231 -0.159340411 -0.017148299 -0.107049786 -0.113514878 0.058448739 -0.016590144 0.991676807
1341846668.378099 -0.176175371 -0.024187170 -0.103933193 -0.109113321 0.060026541 -0.014436324 0.992110193
1341846668.414247 -0.175697938 -0.030586272 -0.102389172 -0.103806451 0.060370937 -0.015013119 0.992650092
1341846668.445965 -0.184559613 -0.044176128 -0.101730406 -0.098150894 0.062330935 -0.013076378 0.993131578
1341846668.478153 -0.167635694 -0.038134079 -0.099334121 -0.077335708 0.056047637 -0.009132371 0.995386600
1341846668.514213 -0.174660385 -0.041295957 -0.106739335 -0.063805960 0.057205666 -0.010282714 0.996268332
1341846668.546115 -0.183317542 -0.036716126 -0.108417496 -0.056948520 0.058716912 -0.012940216 0.996564984
1341846668.582467 -0.186810181 -0.045220599 -0.112026624 -0.051344413 0.058345173 -0.014624425 0.996867955
1341846668.614140 -0.212062642 -0.067249179 -0.108119108 -0.042152252 0.063389070 -0.019948393 0.996898711
1341846668.646312 -0.181298599 -0.039721351 -0.119946860 -0.024123924 0.056800660 -0.016097419 0.997964203
1341846668.682455 -0.194837853 -0.041869141 -0.114347443 -0.018260641 0.056579560 -0.019908683 0.998032570
1341846668.714133 -0.177957907 -0.058694828 -0.118984945 -0.007194667 0.050253890 -0.018408803 0.998540878
1341846668.746132 -0.171259150 -0.034570757 -0.121623538 0.005291348 0.047128577 -0.018192559 0.998709142
1341846668.782338 -0.170420021 -0.013250932 -0.129248381 0.007267350 0.046376165 -0.020045487 0.998696446
1341846668.814140 -0.166917309 -0.025757557 -0.129675433 0.003902376 0.046469912 -0.019694716 0.998717904
1341846668.850214 -0.161595300 -0.019440938 -0.134454951 0.004786198 0.044222582 -0.019459808 0.998820722
1341846668.882442 -0.164064527 -0.012655990 -0.137247667 0.003141128 0.043532707 -0.021153796 0.998823106
1341846668.914289 -0.168551952 -0.023062555 -0.136218473 0.000748920 0.043095011 -0.023544578 0.998793244
1341846668.950088 -0.164907828 -0.019243520 -0.133780748 0.002855163 0.038343471 -0.025484109 0.998935521
1341846668.982227 -0.163425714 0.006721243 -0.136557803 0.002441284 0.035341889 -0.030707585 0.998900414
1341846669.014062 -0.165378362 -0.000335647 -0.143327072 -0.006165788 0.034315858 -0.036169223 0.998737276
1341846669.050056 -0.173138663 -0.004743088 -0.137843400 -0.011466851 0.031635355 -0.040730860 0.998603404
1341846669.082525 -0.168543369 0.008442669 -0.137888625 -0.014252232 0.027016835 -0.047366027 0.998410463
1341846669.118346 -0.164935783 0.011703576 -0.140428007 -0.023670441 0.025137890 -0.058006331 0.997718930
1341846669.150086 -0.166206032 0.006348606 -0.137188300 -0.029889248 0.021961901 -0.064706273 0.997214854
1341846669.182477 -0.151496127 0.015783697 -0.126573488 -0.029778488 0.016132493 -0.069883786 0.996980071
1341846669.218046 -0.155929744 0.028694594 -0.133722410 -0.035112392 0.017669475 -0.079934947 0.996024728
1341846669.250205 -0.149638996 0.023568677 -0.128660187 -0.039891485 0.014631737 -0.083564736 0.995596051
1341846669.286114 -0.137508258 0.022061082 -0.126431212 -0.040782038 0.010222138 -0.088115089 0.995222628
1341846669.318030 -0.137429371 0.016522089 -0.132592320 -0.044095792 0.011535420 -0.092779808 0.994642854
1341846669.350255 -0.143951714 0.017362496 -0.128759682 -0.045433819 0.010037453 -0.098776422 0.994021237
1341846669.418200 -0.142243981 0.016996920 -0.137476683 -0.055266347 0.006270366 -0.119905107 0.991226077
1341846669.450219 -0.134568468 0.023442522 -0.133708939 -0.057437919 0.003239577 -0.130377129 0.989794016
1341846669.486175 -0.131949246 0.032563139 -0.139304221 -0.059167165 0.000363801 -0.139355958 0.988473058
1341846669.518033 -0.135333791 0.025044801 -0.142328098 -0.067777701 0.002557516 -0.152154148 0.986026764
1341846669.554159 -0.135096535 0.033270676 -0.131477192 -0.071827024 0.003749042 -0.162835687 0.984028161
1341846669.586348 -0.139071241 0.032591935 -0.141337454 -0.076565243 0.003114864 -0.170786142 0.982323885
1341846669.617976 -0.142348960 0.029754888 -0.150993019 -0.085111976 0.006724973 -0.180763036 0.979813993
1341846669.654096 -0.143165544 0.019709744 -0.134766728 -0.090985864 0.009744817 -0.189057723 0.977693081
1341846669.686069 -0.145387217 0.014957292 -0.136065945 -0.091772966 0.010891354 -0.194590464 0.976521194
1341846669.718075 -0.134080321 0.023243424 -0.154602602 -0.092702270 0.010818164 -0.201225623 0.975088477
1341846669.754171 -0.133633241 0.031778559 -0.160401255 -0.097960986 0.014353740 -0.211198971 0.972415864
1341846669.786139 -0.134840757 0.029290397 -0.147149041 -0.102833502 0.016438300 -0.220019445 0.969920874
1341846669.822151 -0.134925023 0.022202680 -0.153781638 -0.106440507 0.017227504 -0.227034569 0.967899263
1341846669.854118 -0.132944375 0.041033093 -0.157965168 -0.108934246 0.019409556 -0.235878289 0.965462625
1341846669.886219 -0.127486348 0.036793474 -0.151811987 -0.115048967 0.020631477 -0.244751304 0.962514877
1341846669.922050 -0.141792595 0.035166819 -0.143167883 -0.118581109 0.024290716 -0.254087120 0.959577084
1341846669.954047 -0.123775735 0.046815369 -0.166708767 -0.119746543 0.023245892 -0.260473818 0.957744122
1341846669.986285 -0.130305320 0.041409720 -0.165800750 -0.127843082 0.027551332 -0.269415230 0.954102993
1341846670.022242 -0.142776400 0.039252616 -0.156225890 -0.132519677 0.032960281 -0.280012101 0.950234413
1341846670.054135 -0.128185496 0.039966304 -0.159048259 -0.134537607 0.033487618 -0.285606563 0.948265314
1341846670.090228 -0.128429845 0.037050273 -0.163651660 -0.140135139 0.036023587 -0.295486450 0.944326341
1341846670.121996 -0.132926643 0.036834165 -0.168853864 -0.144432038 0.041753478 -0.308553785 0.939249992
1341846670.154057 -0.125207230 0.040081974 -0.170797244 -0.147288680 0.045380328 -0.316039979 0.936143875
1341846670.190103 -0.132397354 0.042523365 -0.162188500 -0.151475087 0.049151286 -0.325934112 0.931883276
1341846670.222197 -0.135695681 0.044260804 -0.166222021 -0.152797177 0.053689256 -0.338015825 0.927100718
1341846670.258571 -0.132504165 0.054728445 -0.165995285 -0.152198181 0.059116647 -0.345120817 0.924247026
1341846670.290254 -0.127047792 0.055948071 -0.164427802 -0.153310284 0.060869787 -0.351815701 0.921420932
1341846670.358377 -0.135584936 0.055883817 -0.157228857 -0.151493192 0.075882129 -0.369527906 0.913641512
1341846670.390114 -0.081812747 0.041631091 -0.171053678 -0.148531854 0.072990209 -0.375829279 0.911791146
1341846670.422206 -0.120351702 0.052523538 -0.160016343 -0.145324215 0.087246895 -0.383632928 0.907796562
1341846670.464003 -0.134434372 0.052500468 -0.171516538 -0.139768586 0.097919628 -0.392847359 0.903630137
1341846670.526271 -0.134763002 0.041883830 -0.160806790 -0.134849146 0.111928344 -0.407335013 0.896306813
1341846670.566977 -0.134495780 0.039412197 -0.166353226 -0.133076429 0.115944259 -0.411458969 0.894175053
1341846670.596103 -0.136346668 0.036934264 -0.163299665 -0.130447373 0.119044155 -0.417193115 0.891494155
1341846670.628412 -0.137580141 0.035430007 -0.163507432 -0.128049478 0.122484855 -0.423246145 0.888517618
1341846670.664027 -0.133664444 0.042283934 -0.161067754 -0.122593664 0.125857800 -0.427265316 0.886890590
1341846670.696002 -0.151586890 0.045039754 -0.159500718 -0.116102070 0.133946300 -0.435344130 0.882640481
1341846670.728093 -0.123857185 0.040078901 -0.164709195 -0.108809188 0.134060860 -0.438607424 0.881936371
1341846670.764128 -0.103213936 0.047428418 -0.171517998 -0.101015769 0.137402877 -0.446371347 0.878446817
1341846670.796059 -0.160749584 0.046581026 -0.163558170 -0.099921085 0.153200448 -0.451823026 0.873155951
1341846670.832246 -0.158617347 0.056006875 -0.162358373 -0.089847229 0.157260627 -0.453712761 0.872548759
1341846670.863970 -0.159781978 0.045632776 -0.161068067 -0.087445647 0.158483908 -0.451335162 0.873803556
1341846670.896139 -0.158813775 0.043272696 -0.184007913 -0.081798442 0.163327530 -0.452428758 0.872892559
1341846670.932028 -0.148631707 0.027340477 -0.162905872 -0.074129611 0.166968510 -0.449687183 0.874304175
1341846670.964063 -0.152502283 0.024682645 -0.157143116 -0.062636346 0.168538526 -0.440626383 0.879499793
1341846671.000270 -0.159558147 0.042241827 -0.175863147 -0.052677531 0.170799434 -0.442117363 0.878968060
1341846671.032112 -0.152063191 0.044844013 -0.173427269 -0.043798532 0.176353425 -0.447267622 0.875747025
1341846671.064030 -0.150743201 0.026051333 -0.150604546 -0.038792986 0.178177625 -0.446897060 0.875802994
1341846671.101398 -0.165626258 0.046531249 -0.173624128 -0.028619787 0.182087585 -0.453757614 0.871853769
1341846671.132289 -0.156241387 0.026364671 -0.177596897 -0.019094858 0.181459561 -0.464776009 0.866424322
1341846671.168159 -0.134176254 0.046908956 -0.153038651 -0.003594317 0.178045377 -0.462245852 0.868686199
1341846671.200149 -0.164967135 0.013424383 -0.172345623 0.000501293 0.174523368 -0.469123691 0.865716100
1341846671.232280 -0.171456456 -0.011447418 -0.199344814 0.007549915 0.172466427 -0.476068676 0.862297475
1341846671.268147 -0.157086328 -0.027509818 -0.191011757 0.015602049 0.171572596 -0.475659937 0.862593234
1341846671.300337 -0.133988380 -0.006570603 -0.190141976 0.028794963 0.166202635 -0.476076186 0.863075316
1341846671.336125 -0.141616568 -0.018126730 -0.212272748 0.032455828 0.163838312 -0.481050372 0.860635877
1341846671.368236 -0.143962562 -0.038947027 -0.207928881 0.036033377 0.163154632 -0.487038195 0.857249081
1341846671.400327 -0.120884463 -0.032631494 -0.214841843 0.043515123 0.156085357 -0.486844122 0.858327806
1341846671.436064 -0.173041150 -0.047476925 -0.221292540 0.043465704 0.158932611 -0.497384876 0.851739049
1341846671.468197 -0.158746213 -0.053349521 -0.227513790 0.048176404 0.155842096 -0.500956655 0.849961579
1341846671.504294 -0.190048307 -0.038166661 -0.196288213 0.050551482 0.155717626 -0.505277991 0.847284317
1341846671.536197 -0.196744561 -0.047788139 -0.228754982 0.053385224 0.147413850 -0.516279578 0.841946900
1341846671.568120 -0.167309746 -0.044500116 -0.220044464 0.063464843 0.140173897 -0.520499706 0.839883029
1341846671.604188 -0.211976424 -0.035108693 -0.191482604 0.065513432 0.141563937 -0.524978340 0.836699128
1341846671.636057 -0.198801324 -0.029312698 -0.193199918 0.075277209 0.130494729 -0.532104373 0.833168268
1341846671.672157 -0.182090372 -0.021638094 -0.208833039 0.087538578 0.120586000 -0.537198186 0.830189168
1341846671.704027 -0.186885566 -0.032923967 -0.210277200 0.087437242 0.116124049 -0.538966000 0.829690099
1341846671.736479 -0.187616467 -0.029238161 -0.208319321 0.087395720 0.113153830 -0.546885848 0.824908555
1341846671.774745 -0.169136122 -0.030273972 -0.193165392 0.090721749 0.106640369 -0.550948858 0.822710574
1341846671.804605 -0.174336269 -0.024619391 -0.212518573 0.092408687 0.103483886 -0.552905560 0.821612537
1341846671.840252 -0.169635490 -0.018212063 -0.209737465 0.094218828 0.098811582 -0.557781160 0.818681419
1341846671.872106 -0.168101177 -0.019182257 -0.205141380 0.095274433 0.096199021 -0.561170459 0.816551447
1341846671.904035 -0.168535367 -0.014489013 -0.211264387 0.095063642 0.094625778 -0.563256562 0.815322578
1341846671.972239 -0.175835580 -0.010855715 -0.209918961 0.094073623 0.093867518 -0.575058043 0.807246685
1341846672.034218 -0.180395901 -0.020493560 -0.226726815 0.090664327 0.088822529 -0.585878193 0.800398231
1341846672.066227 -0.196616873 -0.030862667 -0.197534546 0.087581761 0.089580804 -0.593572855 0.794969141
1341846672.098024 -0.198332503 -0.026666284 -0.187622562 0.086734802 0.087606274 -0.595859289 0.793570340
1341846672.134061 -0.195505112 -0.029136185 -0.184286878 0.087095745 0.083619423 -0.601348698 0.789811254
1341846672.166000 -0.183399111 -0.036064547 -0.227112085 0.086795971 0.082079716 -0.607465684 0.785311937
1341846672.198405 -0.190582559 -0.044107884 -0.226424947 0.084323905 0.081632219 -0.610357761 0.783383071
1341846672.234130 -0.193945825 -0.045561153 -0.227396756 0.085334770 0.079091087 -0.615007937 0.779889643
1341846672.266403 -0.182997704 -0.044661015 -0.228242114 0.089424051 0.076558322 -0.617223084 0.777931750
1341846672.302710 -0.187182933 -0.032947876 -0.214525193 0.089428104 0.077281475 -0.618161261 0.777114451
1341846672.335022 -0.181584492 -0.046206366 -0.231938347 0.086554222 0.074051172 -0.621014059 0.775478125
1341846672.366487 -0.176262900 -0.047166329 -0.229238510 0.087560527 0.073739588 -0.622416854 0.774269283
1341846672.402478 -0.171325728 -0.045680050 -0.233610630 0.089166552 0.073672064 -0.621025801 0.775208831
1341846672.434330 -0.168948293 -0.047878224 -0.239845127 0.088404223 0.073038012 -0.620508909 0.775769830
1341846672.472323 -0.165741339 -0.045040950 -0.231877476 0.089563772 0.072868288 -0.619990647 0.776067078
1341846672.534812 -0.162776932 -0.039814215 -0.238212094 0.089921772 0.071078487 -0.618015528 0.777765214
1341846672.570153 -0.171686590 -0.038220420 -0.224628359 0.086708158 0.070657596 -0.618881524 0.777479768
1341846672.608881 -0.179229647 -0.033772286 -0.212520152 0.086838558 0.069983557 -0.617625952 0.778523982
1341846672.640836 -0.167140603 -0.035502791 -0.227436662 0.086206697 0.066099994 -0.612145424 0.783247828
1341846672.708152 -0.177988261 -0.034512207 -0.214694738 0.085041374 0.064246312 -0.602461755 0.790999472
1341846672.770288 -0.161943138 -0.035077073 -0.214794517 0.088446371 0.056170247 -0.579518437 0.808195829
1341846672.803280 -0.175592005 -0.036678717 -0.204782292 0.089422181 0.054581374 -0.571187973 0.814106166
1341846672.838034 -0.165508285 -0.028436730 -0.200137943 0.091427244 0.050801333 -0.559481025 0.822217226
1341846672.870092 -0.170994982 -0.024369737 -0.199113995 0.092016906 0.047463313 -0.552421629 0.827109694
1341846672.902275 -0.164406911 -0.030465312 -0.205557317 0.091257900 0.043641251 -0.545090556 0.832252204
1341846672.938315 -0.161746994 -0.025179897 -0.206018865 0.091654882 0.039466560 -0.536160827 0.838196516
1341846672.970326 -0.164562821 -0.022245031 -0.200430527 0.090016387 0.036332186 -0.527205527 0.844174922
1341846673.008221 -0.157874808 -0.019763609 -0.197117805 0.088800646 0.032978684 -0.517294168 0.850548983
1341846673.070235 -0.163562983 -0.021401852 -0.190583229 0.082561463 0.029860441 -0.498570710 0.862391591
1341846673.106189 -0.166994512 -0.023577606 -0.197946101 0.082993098 0.027325353 -0.485554934 0.869828641
1341846673.138104 -0.163927078 -0.025754971 -0.195826873 0.083978310 0.022474376 -0.470877349 0.877904952
1341846673.170298 -0.166955173 -0.022623600 -0.200177073 0.084704921 0.019969713 -0.461864352 0.882670760
1341846673.206489 -0.173694462 -0.027692832 -0.200192869 0.085411645 0.017100219 -0.452972442 0.887258947
1341846673.238153 -0.166493684 -0.026332134 -0.187886924 0.088232517 0.011334953 -0.442118406 0.892534494
1341846673.274220 -0.163218141 -0.026298042 -0.191653416 0.089980878 0.008441514 -0.434331387 0.896207809
1341846673.306107 -0.160813689 -0.029562024 -0.187461078 0.093008526 0.004778607 -0.424925238 0.900424957
1341846673.338187 -0.167728350 -0.026531268 -0.185470372 0.095310234 0.002181321 -0.414828807 0.904891312
1341846673.374098 -0.166434765 -0.029295644 -0.181460291 0.098355323 -0.000781924 -0.405137628 0.908949435
1341846673.406266 -0.172197148 -0.027192833 -0.170595631 0.101158626 -0.002048864 -0.392729521 0.914071262
1341846673.438267 -0.170905232 -0.034261174 -0.186930478 0.103861690 -0.006573138 -0.380129397 0.919059932
1341846673.474135 -0.170530915 -0.032843061 -0.187117115 0.108199611 -0.009509664 -0.366078407 0.924223423
1341846673.506260 -0.166841030 -0.032432385 -0.182668015 0.110963762 -0.013020406 -0.351438701 0.929520488
1341846673.542168 -0.165542170 -0.023036558 -0.172860369 0.112268545 -0.018030224 -0.338998169 0.933890224
1341846673.574072 -0.168020144 -0.023892269 -0.173074275 0.111415744 -0.021392282 -0.328972191 0.937500000
1341846673.606102 -0.165457159 -0.021905048 -0.182406336 0.110814832 -0.025786253 -0.317157835 0.941523254
1341846673.648026 -0.165530518 -0.013085319 -0.190141410 0.109313071 -0.031839918 -0.304301530 0.945747018
1341846673.710162 -0.162081808 -0.012902691 -0.197685331 0.099977456 -0.041810159 -0.281730950 0.953354120
1341846673.742225 -0.164605841 -0.009751588 -0.205077574 0.095950752 -0.047451086 -0.265201211 0.958232820
1341846673.774298 -0.164349154 -0.010240873 -0.188296422 0.093120210 -0.054830171 -0.250714064 0.962010801
1341846673.810154 -0.164551318 -0.009713625 -0.206875071 0.090598807 -0.059687007 -0.236814976 0.965478122
1341846673.842305 -0.170195505 -0.004715590 -0.198508129 0.087906152 -0.065551855 -0.222296417 0.968792915
1341846673.874285 -0.168665692 0.005556858 -0.173665673 0.085356936 -0.070355006 -0.211226806 0.971157849
1341846673.910253 -0.172069937 0.000456762 -0.179162443 0.078804702 -0.072673418 -0.199296325 0.974058211
1341846673.942284 -0.174654558 0.005669436 -0.167553395 0.076968603 -0.076394156 -0.190115109 0.975754023
1341846673.978434 -0.169223130 -0.004130828 -0.166324005 0.075319752 -0.077898242 -0.180675447 0.977555692
1341846674.016486 -0.171967268 -0.000055870 -0.163125962 0.077347688 -0.077222310 -0.171451941 0.979110956
1341846674.052060 -0.173383459 0.000794956 -0.166415751 0.077188276 -0.077773996 -0.161639601 0.980747581
1341846674.084057 -0.165276960 0.002496004 -0.170301557 0.078014545 -0.078403018 -0.153268069 0.981975377
1341846674.152235 -0.176755190 0.005343050 -0.175834700 0.070131406 -0.075920574 -0.139423698 0.984824181
1341846674.210322 -0.157577574 0.015377522 -0.179609090 0.064736098 -0.076033480 -0.121144027 0.987599254
1341846674.246217 -0.171394199 0.012725771 -0.166901693 0.059783865 -0.074970633 -0.113425829 0.988908410
1341846674.278035 -0.171607077 0.002379144 -0.171481699 0.059382319 -0.076742798 -0.104527004 0.989776909
1341846674.310117 -0.171105355 0.015688704 -0.173800170 0.060459554 -0.077446155 -0.096668124 0.990455449
1341846674.346212 -0.169850290 0.016947366 -0.171405986 0.057777718 -0.077413626 -0.088953294 0.991340578
1341846674.378058 -0.168860286 0.007023634 -0.171550408 0.057408243 -0.076501667 -0.078303643 0.992330730
1341846674.410162 -0.171602979 0.017749716 -0.187342852 0.058438245 -0.076064840 -0.071039684 0.992850721
1341846674.446125 -0.170364603 0.014467155 -0.199747697 0.055229608 -0.075316079 -0.065518692 0.993470967
1341846674.478198 -0.165817738 0.014536814 -0.173954248 0.055808462 -0.075867288 -0.057798732 0.993875682
1341846674.514124 -0.169811875 0.020652430 -0.172369137 0.055990279 -0.075405203 -0.054596771 0.994081676
1341846674.546062 -0.171456337 0.018076545 -0.173832655 0.054634970 -0.075985074 -0.049603149 0.994374573
1341846674.578094 -0.169877484 0.016085889 -0.175057039 0.054761674 -0.075256936 -0.046055891 0.994593620
1341846674.614179 -0.168687582 0.024904918 -0.179116756 0.054040410 -0.073595278 -0.040891793 0.994983017
1341846674.682209 -0.168431520 0.014657441 -0.168666959 0.054496560 -0.075450011 -0.024073331 0.995368242
1341846674.714186 -0.171319470 0.019858805 -0.177439541 0.055881139 -0.074278042 -0.015806666 0.995545208
1341846674.752271 -0.172727987 0.016469425 -0.177798465 0.055300009 -0.074497215 -0.007292106 0.995660067
1341846674.814222 -0.168151632 0.023344316 -0.171917334 0.054906975 -0.073744670 0.008178907 0.995730937
1341846674.846370 -0.167082205 0.025660381 -0.176747397 0.055712759 -0.073335342 0.016743852 0.995609224
1341846674.882158 -0.167014763 0.024584800 -0.179172233 0.054663111 -0.073309846 0.024076577 0.995518923
1341846674.914224 -0.166975707 0.028928187 -0.182641611 0.052792579 -0.073077753 0.029568560 0.995489001
1341846674.950305 -0.170430601 0.028769383 -0.179385081 0.050088126 -0.072648823 0.034235343 0.995510578
1341846674.982342 -0.177045733 0.041343834 -0.201018512 0.047929246 -0.073358335 0.036024388 0.995501697
1341846675.014137 -0.164099976 0.051683210 -0.196042567 0.039147049 -0.077177145 0.042952932 0.995322168
1341846675.050230 -0.171769500 0.046608049 -0.174059853 0.030297194 -0.077694006 0.045079604 0.995496631
1341846675.088201 -0.181062669 0.054033402 -0.200098693 0.025417784 -0.075734667 0.045366120 0.995771110
1341846675.150188 -0.198595226 0.101100512 -0.300591558 0.008346283 -0.069118828 0.045670655 0.996527553
1341846675.182290 -0.182938010 0.052566376 -0.211767927 -0.014513361 -0.069646478 0.047703050 0.996324837
1341846675.218759 -0.190954134 0.053258836 -0.192662627 -0.020370431 -0.067876302 0.049383011 0.996262610
1341846675.251951 -0.179101467 0.061328672 -0.182755440 -0.026217930 -0.070045978 0.052109439 0.995836735
1341846675.282406 -0.176856637 0.049419831 -0.186769024 -0.031072835 -0.068715595 0.053781040 0.995700896
1341846675.318078 -0.177527413 0.052359827 -0.195283666 -0.034038976 -0.065228879 0.054671559 0.995789945
1341846675.350149 -0.176350281 0.052503467 -0.214968488 -0.041763946 -0.061704740 0.054707699 0.995718539
1341846675.382271 -0.177812070 0.064459950 -0.164327011 -0.052349422 -0.061283357 0.060529884 0.994907022
1341846675.450238 -0.190146163 0.057792399 -0.139668643 -0.058654178 -0.050608188 0.068592824 0.994632363
1341846675.486165 -0.207287997 0.033348855 -0.142087936 -0.054129589 -0.045397624 0.077465147 0.994488895
1341846675.518083 -0.184840769 0.057951055 -0.122068018 -0.040089663 -0.047727998 0.086246014 0.994322121
1341846675.550092 -0.188733995 0.061900571 -0.122878298 -0.032186497 -0.047464743 0.094879091 0.993835568
1341846675.586070 -0.184266582 0.052998833 -0.126056492 -0.029703777 -0.046603113 0.098346092 0.993616581
1341846675.618075 -0.178311065 0.046797596 -0.120819472 -0.025527034 -0.044545129 0.101789378 0.993480265
1341846675.650024 -0.191544354 0.048580982 -0.116961144 -0.019242067 -0.042843509 0.103458226 0.993524313
1341846675.686118 -0.188507155 0.045098264 -0.122495010 -0.015635077 -0.043835908 0.102418028 0.993652105
1341846675.718055 -0.188009098 0.047632258 -0.116740875 -0.010358959 -0.041074891 0.098683618 0.994216859
1341846675.754170 -0.184605226 0.041607916 -0.116389833 -0.004983168 -0.040020637 0.099437736 0.994226158
1341846675.786330 -0.187504217 0.048854489 -0.111731924 -0.000189248 -0.038640223 0.099176578 0.994319320
1341846675.818106 -0.181033090 0.048839118 -0.123173557 0.003596772 -0.035164438 0.094721474 0.994876087
1341846675.854095 -0.183384001 0.043073379 -0.118093625 0.007227254 -0.032515284 0.094038375 0.995011210
1341846675.886163 -0.178757578 0.047704700 -0.124441341 0.014223393 -0.034600738 0.097532228 0.994529009
1341846675.922346 -0.170089841 0.037761938 -0.125808790 0.022768011 -0.034532014 0.097238436 0.994401276
1341846675.961651 -0.177654907 0.053869050 -0.135127306 0.032946166 -0.032842956 0.093392998 0.994541943
1341846676.028080 -0.154936701 0.052773867 -0.133302972 0.055049475 -0.038476959 0.092269525 0.993466377
1341846676.122163 -0.139407769 0.068777695 -0.161890224 0.061953120 -0.043595500 0.084607430 0.993530512
1341846676.154447 -0.130944014 0.052095596 -0.165182576 0.057448752 -0.044151258 0.084060103 0.993823051
1341846676.190230 -0.123314664 0.058708996 -0.172710717 0.058538180 -0.046837661 0.084585272 0.993591905
1341846676.222476 -0.111267202 0.072061919 -0.207007721 0.054788914 -0.047166947 0.082180895 0.993991852
1341846676.257017 -0.109847330 0.073159404 -0.189266562 0.047546670 -0.044375151 0.080254272 0.994650424
1341846676.290401 -0.092383921 0.058547426 -0.195724994 0.043494754 -0.045613136 0.081874236 0.994647801
1341846676.322689 -0.072337948 0.077825844 -0.195615351 0.043370321 -0.045046326 0.080631033 0.994780600
1341846676.360815 -0.064151138 0.096167013 -0.218545839 0.034743331 -0.040462166 0.079968043 0.995369673
1341846676.390851 -0.074134752 0.071971640 -0.205567420 0.022130024 -0.035276350 0.073745675 0.996407270
1341846676.424250 -0.063500799 0.077468462 -0.213250756 0.025713412 -0.033083320 0.075071640 0.996297419
1341846676.459033 -0.043324169 0.091705635 -0.234068155 0.024557795 -0.030832892 0.077822372 0.996187687
1341846676.490669 -0.027858572 0.088880889 -0.219787031 0.020309730 -0.028869791 0.080851719 0.996100903
1341846676.532743 -0.014965786 0.090204261 -0.239479855 0.019274313 -0.025618453 0.080058828 0.996274471
1341846676.564052 -0.015798332 0.095318481 -0.236605167 0.017521625 -0.020865604 0.081436746 0.996306002
1341846676.596566 -0.011350069 0.094390817 -0.237224936 0.013576946 -0.019395256 0.080910340 0.996440172
1341846676.632057 0.015654458 0.094814852 -0.226721600 0.012254039 -0.019393981 0.079594448 0.996563315
1341846676.690079 0.026019752 0.088998899 -0.232330114 0.011036607 -0.015263137 0.077048577 0.996849418
1341846676.726102 0.018098500 0.090596788 -0.240717709 0.011452938 -0.010289157 0.072666414 0.997237444
1341846676.758419 0.021007443 0.085407518 -0.243539900 0.013600894 -0.006640927 0.071972743 0.997291744
1341846676.790227 0.024491254 0.093848296 -0.245883465 0.015838856 -0.005750893 0.072565123 0.997221291
1341846676.826179 0.034451742 0.094585001 -0.246142879 0.016389620 -0.002356637 0.070360087 0.997384191
1341846676.858331 0.037171673 0.093392983 -0.246978715 0.017723862 0.001208961 0.071164764 0.997306347
1341846676.894086 0.033914130 0.098722935 -0.249892667 0.018527240 0.000487759 0.073048845 0.997156143
1341846676.926062 0.050416753 0.096972622 -0.254425198 0.017477466 -0.000455479 0.071912587 0.997257710
1341846676.958080 0.050579887 0.095256262 -0.247802794 0.017632587 0.001517868 0.071713589 0.997268260
1341846676.994140 0.045873988 0.093209758 -0.253238380 0.018560173 0.000768133 0.073192313 0.997144818
1341846677.026242 0.057227358 0.100458816 -0.252661020 0.019599624 -0.001369011 0.072916202 0.997144520
1341846677.094244 0.055521224 0.096026897 -0.255988479 0.016869906 -0.001633821 0.072707087 0.997209311
1341846677.126108 0.062078908 0.088305600 -0.254308075 0.017804001 -0.003613729 0.073108755 0.997158527
1341846677.162066 0.065015920 0.096047245 -0.252415001 0.020742875 -0.003247672 0.072892502 0.997118771
1341846677.194068 0.063469179 0.100863136 -0.260213852 0.020336069 -0.003924109 0.072905108 0.997123778
1341846677.226206 0.083305635 0.086031586 -0.259694964 0.017971391 -0.005938868 0.072848901 0.997163355
1341846677.262033 0.076304115 0.091778353 -0.253481328 0.021581447 -0.002344197 0.072595142 0.997125208
1341846677.294125 0.074586146 0.091508418 -0.262943596 0.022667876 -0.003283061 0.073449291 0.997035921
1341846677.326503 0.088372029 0.095795706 -0.265936881 0.021476977 -0.004330891 0.072471492 0.997129798
1341846677.362194 0.089590751 0.084501579 -0.259477764 0.020625303 -0.001447932 0.072295256 0.997168958
1341846677.394280 0.088173665 0.090835199 -0.258067429 0.022733470 -0.001260340 0.073568039 0.997030258
1341846677.430058 0.098835424 0.089628488 -0.260688871 0.022626359 -0.001169423 0.072202675 0.997132599
1341846677.468326 0.099182099 0.085684627 -0.259388983 0.023350535 0.001931913 0.071455143 0.997168601
1341846677.530161 0.103495672 0.086903997 -0.258244187 0.027753662 0.004340041 0.070191465 0.997137964
1341846677.562051 0.104243338 0.086142853 -0.259154826 0.028827488 0.007285373 0.068727657 0.997192264
1341846677.594105 0.104857847 0.084687911 -0.258491516 0.029028164 0.008028272 0.068679780 0.997184038
1341846677.630227 0.108174033 0.085148573 -0.258776337 0.029657111 0.008556033 0.067428604 0.997246504
1341846677.662033 0.108356148 0.085028619 -0.258667260 0.030450899 0.009991607 0.067506745 0.997203946
1341846677.730320 0.113588177 0.085549504 -0.259102821 0.029887281 0.009481354 0.067919731 0.997197926
1341846677.763691 0.105080940 0.083121106 -0.260800362 0.031073127 0.011373293 0.067488328 0.997171223
1341846677.798630 0.103742972 0.090035051 -0.259092957 0.031731866 0.010048886 0.067377657 0.997172177
1341846677.830104 0.120614506 0.083776437 -0.257755369 0.030450994 0.008837214 0.065921232 0.997320950
1341846677.862185 0.120807432 0.072595604 -0.260922641 0.032077819 0.011164581 0.064687259 0.997327387
1341846677.898344 0.114118464 0.074945599 -0.262963325 0.035687178 0.011766291 0.065464959 0.997147083
1341846677.930181 0.126644775 0.075726040 -0.263612419 0.037702464 0.010496007 0.064416192 0.997155368
1341846677.966256 0.123981908 0.066883385 -0.267425060 0.039537568 0.013019069 0.063171983 0.997134209
1341846677.998516 0.112456784 0.067426458 -0.267621160 0.044487108 0.013874052 0.064211614 0.996847689
1341846678.030368 0.120122038 0.068643555 -0.270308822 0.047488101 0.010798455 0.065113947 0.996688783
1341846678.066187 0.128994524 0.069761761 -0.268153578 0.049358174 0.011003979 0.063678868 0.996688366
1341846678.098076 0.119477354 0.062267188 -0.273630649 0.050252441 0.012032990 0.064685985 0.996566951
1341846678.134082 0.125840709 0.065317035 -0.270287544 0.052217901 0.008352729 0.065810494 0.996429861
1341846678.166092 0.129684910 0.065011799 -0.272809774 0.053413928 0.008784949 0.064446837 0.996451914
1341846678.204293 0.122123696 0.057551917 -0.279518366 0.054170109 0.010270912 0.064822018 0.996372521
1341846678.266209 0.127258152 0.054962117 -0.285848379 0.057833958 0.006657517 0.065183379 0.996173680
1341846678.298316 0.126014456 0.060795330 -0.282060713 0.059016161 0.005483055 0.065917917 0.996063173
1341846678.334135 0.134362459 0.057709925 -0.282701254 0.058494221 0.002502055 0.066529080 0.996065259
1341846678.366593 0.134599164 0.056792434 -0.275842071 0.060055610 0.002842927 0.065737702 0.996024013
1341846678.402292 0.132086620 0.054867066 -0.275013119 0.061505638 0.002858139 0.065578051 0.995945990
1341846678.439991 0.139123648 0.057156432 -0.280878663 0.062256359 0.002266713 0.066176087 0.995861292
