1548265286.565590 0.0000000 0.0000000 0.0000000 0.0000000 0.0000000 0.0000000 1.0000000
1548265286.599090 -0.0091683 0.0016990 0.0081620 0.0024166 0.0082809 0.0047764 0.9999514
1548265286.632600 0.0054104 -0.0203336 -0.0050103 0.0001299 0.0115027 0.0054412 0.9999191
1548265287.369980 0.0819345 -0.0720823 -0.0341460 -0.0396041 0.1074611 0.0329389 0.9928740
1548265288.074300 0.0845015 0.0926367 -0.0707352 -0.0698286 0.0930300 0.0022592 0.9932091
1548265289.314060 0.1043416 0.2385477 -0.1397870 -0.0812022 0.0839525 -0.0301230 0.9926987
1548265292.162860 0.1125639 0.1434990 -0.2482954 -0.0421423 0.0714695 0.0072826 0.9965255
1548265293.168030 0.1116888 0.1547096 -0.2416010 -0.0488105 0.0729368 -0.0021286 0.9961392
1548265294.173430 0.0697770 0.1384854 -0.2373236 -0.0420568 0.0637090 0.0140954 0.9969823
1548265295.212430 0.0522659 0.1369146 -0.2641060 -0.0414346 0.0342222 0.0055506 0.9985395
1548265297.558580 0.0604683 -0.0642958 -0.1038257 -0.0370620 0.0560392 0.0665376 0.9955193
1548265298.563820 0.1576007 0.0303227 0.0217268 -0.0690153 -0.0116624 -0.0148413 0.9974370
1548265299.569190 0.1655952 0.2147320 -0.0716314 -0.1090256 -0.0300742 -0.0424755 0.9926756
1548265300.575520 0.3221712 -0.0493662 -0.1142890 -0.0672325 -0.0172917 0.0219754 0.9973454
1548265301.580020 0.2101844 0.0492024 -0.0301518 -0.0797546 -0.0845356 -0.0245844 0.9929192
