1548429827.043430 -0.011169739 -0.005915453 -0.014971497 0.002662715 -0.001696303 0.001938788 0.999993137
1548429827.076940 -0.005906098 0.001317757 -0.012198954 0.003540528 -0.000921506 0.001031747 0.999992775
1548429827.110460 -0.013824769 -0.002307667 -0.012112823 0.002703495 0.004918722 0.001077078 0.999983668
1548429827.143970 -0.012112242 -0.016672998 -0.011373409 0.001339489 0.006033030 0.002825759 0.999976911
1548429827.177490 -0.012164036 -0.020410236 -0.010408333 0.001291501 0.004827991 0.004488017 0.999977440
1548429827.211010 0.004546085 -0.005363650 -0.006263223 0.004543947 0.003826203 0.003734801 0.999975382
1548429827.244520 -0.004954922 -0.019714504 0.000151303 0.002301619 0.007195665 0.006750315 0.999948678
1548429827.278210 -0.011693683 -0.030145660 0.000590409 0.000624730 0.005465385 0.009716033 0.999937667
1548429827.311720 0.004838738 -0.000194658 0.004646616 0.005413220 0.002105252 0.008222432 0.999949327
1548429827.345240 0.003395338 -0.005307541 0.012087631 0.005325542 0.003280204 0.009163085 0.999938456
1548429827.378490 0.006280716 -0.008414312 0.015312051 0.005361887 0.003527214 0.008897289 0.999939822
1548429827.412000 0.005579730 -0.014721793 0.017038026 0.004816021 0.004598154 0.008037797 0.999945527
1548429827.445510 0.001581640 -0.015119847 0.026441892 0.005537028 0.005081637 0.006950768 0.999947601
1548429827.479020 0.005231505 -0.021996121 0.023037725 0.004854893 0.006078974 0.007344398 0.999942766
1548429827.512490 0.004400286 -0.024779044 0.022251999 0.005600073 0.006153227 0.005115805 0.999952302
1548429827.546010 0.002175451 -0.029312142 0.025100642 0.006495328 0.004937663 0.004700564 0.999955666
1548429827.579570 -0.001305387 -0.030265565 0.026019284 0.007231821 0.004023401 0.003784007 0.999958596
1548429827.613090 -0.002614652 -0.034540423 0.027213217 0.008291294 0.004768380 0.004013739 0.999946202
1548429827.646620 -0.000563382 -0.038983958 0.028803767 0.008214468 0.004970532 0.004627780 0.999943198
1548429827.680200 -0.005558583 -0.029777866 0.032005271 0.009683167 0.005356371 0.004878270 0.999926871
1548429827.713830 -0.005827540 -0.042656204 0.034672702 0.010055269 0.004509975 0.005179349 0.999925860
1548429827.747400 -0.003558762 -0.036834501 0.036931474 0.011917245 0.004371616 0.003925341 0.999911726
1548429827.780910 -0.006292781 -0.039942555 0.038194530 0.012302943 0.004877562 0.003689367 0.999905613
1548429827.814470 -0.009516221 -0.040001930 0.038823792 0.013934655 0.004421068 0.003698049 0.999886296
1548429827.847990 -0.017085087 -0.044369331 0.037476009 0.013008973 0.005559147 0.003369162 0.999894250
1548429827.881510 -0.017944298 -0.053298729 0.038974039 0.012956218 0.005176382 0.003056347 0.999897995
1548429827.915020 -0.014068678 -0.040769378 0.037724023 0.014044056 0.003239734 0.002507240 0.999892985
1548429827.948540 -0.018065682 -0.040491828 0.032050048 0.013207949 0.002932071 0.004235165 0.999899503
1548429827.982050 -0.016526736 -0.047120921 0.033818881 0.012262895 0.001359385 0.005198939 0.999910368
1548429828.015570 -0.012405898 -0.052563760 0.035257225 0.010023786 0.000505614 0.007580617 0.999920898
1548429828.048990 -0.014329620 -0.058385563 0.030193665 0.006945129 0.000158994 0.010433882 0.999921434
1548429828.082510 -0.020728701 -0.047722712 0.028804424 0.006064516 -0.001683097 0.012647482 0.999900210
1548429828.116030 -0.015275556 -0.048004752 0.033065435 0.004089164 -0.003586341 0.015621110 0.999863190
1548429828.149450 0.002383488 -0.034022198 0.029903822 0.004476941 -0.005998841 0.014951123 0.999860208
1548429828.182920 -0.007621659 -0.051373894 0.036987199 0.001293836 -0.003361415 0.017191277 0.999845732
1548429828.216370 -0.000966439 -0.045024389 0.037590457 0.002302401 -0.004279375 0.017063432 0.999842600
1548429828.249880 -0.003937026 -0.046841606 0.030399078 0.002425776 -0.002159765 0.017298215 0.999845099
1548429828.283400 -0.001567602 -0.058001403 0.027713204 0.001838723 -0.002280377 0.016799239 0.999854592
1548429828.316770 -0.005092324 -0.059476963 0.023590037 0.002925092 -0.004253254 0.017358586 0.999836003
1548429828.350290 -0.011716767 -0.058548863 0.024507553 0.002989033 -0.004583126 0.016168514 0.999854309
1548429828.383800 -0.010778340 -0.060008701 0.024052674 0.003628949 -0.004240747 0.014984238 0.999872152
1548429828.417320 -0.013455347 -0.060600720 0.023485413 0.002526616 -0.005619196 0.014169042 0.999880632
1548429828.450830 -0.001674885 -0.052823281 0.025796095 0.001912335 -0.007501818 0.013111087 0.999884076
1548429828.484320 0.000679891 -0.048554811 0.024652986 0.001757319 -0.007336157 0.012801611 0.999889600
1548429828.517830 -0.006773165 -0.059377766 0.022721881 0.000318073 -0.006210138 0.012354748 0.999904342
1548429828.551340 -0.006203135 -0.064628268 0.030325006 -0.000048661 -0.007606518 0.013097196 0.999885294
1548429828.584860 -0.012194833 -0.065825322 0.023661045 -0.001899026 -0.008239875 0.013000864 0.999879731
1548429828.618370 -0.017988802 -0.067208152 0.018491425 -0.002419518 -0.009337504 0.013510787 0.999862198
1548429828.651890 -0.024409242 -0.071446832 0.014806626 -0.003048622 -0.009690755 0.013692508 0.999854645
1548429828.685410 -0.020644477 -0.068895332 0.009836382 -0.005449125 -0.010358379 0.013864909 0.999835374
1548429828.718970 -0.025512777 -0.063818063 0.011421330 -0.007820337 -0.012416538 0.015345410 0.999774570
1548429828.752440 -0.025528899 -0.073019129 0.010951303 -0.010882753 -0.012598864 0.016355381 0.999727631
1548429828.785920 -0.019747793 -0.072340581 0.013950936 -0.012659435 -0.014350142 0.016474284 0.999681154
1548429828.819470 -0.014410257 -0.069313623 0.015083243 -0.014597380 -0.015951662 0.014913622 0.999654963
1548429828.852990 -0.015956156 -0.073744632 0.019236226 -0.014918610 -0.015778543 0.013453500 0.999673685
1548429828.886500 -0.011954511 -0.079522979 0.021029197 -0.015010608 -0.016542437 0.012708723 0.999669704
1548429828.920020 -0.013759861 -0.072299143 0.026054142 -0.014443491 -0.017797001 0.010435501 0.999682826
1548429828.953580 -0.013551568 -0.077258423 0.025480180 -0.015737513 -0.017256032 0.009396237 0.999683085
1548429828.987090 -0.014682554 -0.080993047 0.022703619 -0.015519479 -0.017547665 0.010257192 0.999672954
1548429829.020620 -0.007319884 -0.077034882 0.025526710 -0.016474916 -0.019602624 0.009342035 0.999628451
1548429829.054140 -0.007437117 -0.068256671 0.019853393 -0.014774720 -0.020578561 0.009725472 0.999631755
1548429829.087660 -0.009091795 -0.068655590 0.017881346 -0.016087586 -0.020929787 0.010970838 0.999591304
1548429829.121170 -0.003424679 -0.071670643 0.012481885 -0.015763953 -0.022055433 0.010348275 0.999578896
1548429829.154690 -0.006219854 -0.060983040 0.008845068 -0.013619274 -0.022927462 0.010180153 0.999592523
1548429829.188210 -0.008748956 -0.067457209 0.007038851 -0.014251110 -0.022661166 0.010048705 0.999591117
1548429829.221730 -0.007533071 -0.063502975 0.008580553 -0.015973727 -0.023419381 0.010721565 0.999540605
1548429829.255240 -0.000710237 -0.055514751 0.005373102 -0.014791609 -0.024952259 0.009790557 0.999531259
1548429829.288770 -0.000850433 -0.060221278 0.009329390 -0.014841527 -0.024708977 0.010133245 0.999533147
1548429829.322290 -0.008639282 -0.059369667 0.011823456 -0.014669462 -0.023441822 0.010123289 0.999566309
1548429829.355820 -0.002588109 -0.070905223 0.019881820 -0.015861898 -0.024245309 0.010457942 0.999525486
1548429829.389340 -0.007724470 -0.073537168 0.022848788 -0.015765992 -0.024679179 0.010502453 0.999515918
1548429829.422860 -0.004911439 -0.074864814 0.019310731 -0.014310221 -0.023122509 0.010455872 0.999575531
1548429829.456370 0.000838139 -0.066722794 0.022428824 -0.012746666 -0.024271351 0.011107210 0.999562431
1548429829.489900 -0.001393459 -0.077539462 0.020768031 -0.013635582 -0.025675717 0.011395084 0.999512371
1548429829.523410 -0.005654634 -0.080843569 0.026900495 -0.013135407 -0.025799381 0.011007983 0.999520224
1548429829.556920 0.000656103 -0.075403564 0.028216908 -0.012090250 -0.026176924 0.011410224 0.999519085
1548429829.590420 -0.000646560 -0.075143808 0.021461915 -0.011715355 -0.025603451 0.010569809 0.999547644
1548429829.623930 -0.005169421 -0.084699162 0.020208994 -0.010683181 -0.024709832 0.010561304 0.999581789
1548429829.657360 -0.002500237 -0.081117307 0.023232842 -0.009174128 -0.023936333 0.008175440 0.999637959
1548429829.690880 0.028112214 -0.086541018 0.030417077 -0.012007437 -0.027254070 0.009002859 0.999515876
1548429829.724340 0.019141949 -0.070626691 0.029152044 -0.010266713 -0.025964151 0.006889664 0.999586409
1548429829.757910 0.027000138 -0.078262797 0.026824238 -0.011281386 -0.024928623 0.006087988 0.999607038
1548429829.791430 0.022978364 -0.083659579 0.028691290 -0.011878343 -0.025303656 0.005025738 0.999596605
1548429829.824880 0.016633284 -0.078947056 0.030978934 -0.011993753 -0.025070790 0.005130370 0.999600563
1548429829.858330 0.019263157 -0.077241638 0.030856629 -0.013544063 -0.025489057 0.004495439 0.999573238
1548429829.891840 0.006119476 -0.074880589 0.031986073 -0.014270471 -0.023186344 0.001933663 0.999627435
1548429829.925360 0.021964922 -0.084558881 0.027259748 -0.015173643 -0.023544391 0.001299382 0.999606790
1548429829.958870 0.011411573 -0.081172948 0.031464482 -0.016162109 -0.021547613 0.000998166 0.999636679
1548429829.992120 0.015744863 -0.076361557 0.028450547 -0.016830240 -0.021837348 -0.000017493 0.999619864
1548429830.025630 0.011605779 -0.079845747 0.030442945 -0.017690407 -0.021490677 -0.001765687 0.999610966
1548429830.059150 -0.014110025 -0.076265405 0.013559996 -0.017432846 -0.017665263 -0.004096814 0.999683575
1548429830.092660 -0.021142265 -0.073166876 0.012485691 -0.015590492 -0.017722081 -0.005543316 0.999706025
1548429830.126180 -0.018329697 -0.077468998 0.010402255 -0.015997966 -0.019456419 -0.006211176 0.999663410
1548429830.159620 0.011162936 -0.081636935 0.022310068 -0.017017314 -0.023344473 -0.005004899 0.999570106
1548429830.193140 0.020814142 -0.083153146 0.018506894 -0.016938346 -0.024084980 -0.003941779 0.999558637
1548429830.226650 0.024446798 -0.073910815 0.015101986 -0.015251475 -0.025163140 -0.004420516 0.999557236
1548429830.260160 0.015210133 -0.077136366 0.015998756 -0.015332615 -0.023532361 -0.004988162 0.999593046
1548429830.293680 -0.031500404 -0.076175914 0.008998732 -0.014837418 -0.016837546 -0.007840030 0.999717401
1548429830.327200 -0.064234937 -0.077872958 -0.000274797 -0.015069200 -0.012680074 -0.009966311 0.999756374
1548429830.360710 -0.027694204 -0.081267033 0.004922579 -0.016353374 -0.020230008 -0.009333061 0.999618031
1548429830.394190 -0.031483675 -0.084927829 0.007183183 -0.014843017 -0.020644204 -0.009685916 0.999629774
1548429830.427650 -0.036840160 -0.093747961 0.002902109 -0.014773713 -0.019707053 -0.009210723 0.999654206
1548429830.461110 -0.032755145 -0.101391454 0.006693178 -0.016022382 -0.022166804 -0.008877646 0.999586466
1548429830.494610 -0.030603867 -0.092152244 0.006166146 -0.013825757 -0.021545890 -0.009585125 0.999626304
1548429830.528080 -0.028388483 -0.094366597 0.006472817 -0.013998428 -0.022082978 -0.009051884 0.999617151
1548429830.561560 -0.020442630 -0.102384087 0.008128824 -0.013971759 -0.023596802 -0.009531138 0.999578480
1548429830.595080 -0.027100489 -0.101489634 0.008239238 -0.013424369 -0.022771383 -0.009307577 0.999607233
1548429830.628630 -0.031055872 -0.105578266 0.010104165 -0.014858194 -0.022734016 -0.009906276 0.999582045
1548429830.662150 -0.023813555 -0.106736879 0.013592530 -0.014765668 -0.022551994 -0.011127774 0.999574687
1548429830.695660 -0.030592588 -0.109876220 0.014118716 -0.015624140 -0.020824611 -0.012878906 0.999578089
1548429830.729260 -0.024583869 -0.106251812 0.016020083 -0.015638965 -0.021210539 -0.012939938 0.999568954
1548429830.762790 -0.011880334 -0.110338360 0.019316607 -0.015896825 -0.022860704 -0.010192721 0.999560297
1548429830.796290 -0.022632650 -0.114788322 0.015928388 -0.016283605 -0.021287372 -0.009881770 0.999591938
1548429830.829750 -0.021223655 -0.106179460 0.017350608 -0.015617251 -0.020322807 -0.010591342 0.999615380
1548429830.863260 -0.019483058 -0.103870731 0.016650774 -0.015592693 -0.020007077 -0.010918966 0.999618608
1548429830.896840 -0.025955414 -0.095332758 0.020565002 -0.015247476 -0.018214557 -0.011418594 0.999652620
1548429830.930370 -0.040108987 -0.100193141 0.019149205 -0.015397148 -0.015952900 -0.010946375 0.999694258
1548429830.963890 -0.061405609 -0.099230522 0.019510996 -0.014277768 -0.013383519 -0.012194976 0.999734119
1548429830.997420 -0.081658144 -0.100614486 0.009707041 -0.013722829 -0.010625753 -0.011987649 0.999777512
1548429831.030940 -0.101915941 -0.094385887 0.006515987 -0.013078341 -0.007079418 -0.012711299 0.999808613
1548429831.064450 -0.126898883 -0.092119068 -0.000916307 -0.010314824 -0.002789007 -0.012584482 0.999863719
1548429831.097970 -0.154179399 -0.088770912 -0.008691301 -0.010130247 0.001183310 -0.013037369 0.999862993
1548429831.131490 -0.187469885 -0.085768107 -0.005429718 -0.008743804 0.006019945 -0.015392370 0.999825175
1548429831.164980 -0.219670353 -0.089291156 -0.008772268 -0.010197936 0.010040590 -0.012215613 0.999822968
1548429831.198520 -0.271713523 -0.100040477 0.025092515 -0.014180108 0.020449388 -0.013020257 0.999605532
1548429831.232020 -0.307222204 -0.110740240 0.063453578 -0.017878948 0.028391557 -0.015731858 0.999313150
1548429831.265520 -0.033485436 -0.086472922 0.020409930 -0.013498675 -0.013309175 -0.010880259 0.999761107
1548429831.299040 -0.076568797 -0.084485397 0.021201772 -0.014916418 -0.006284618 -0.011400187 0.999804001
1548429831.332560 -0.122174299 -0.089411371 0.019626283 -0.015353264 0.000958926 -0.011350153 0.999817249
1548429831.366060 0.184158885 -0.054753371 -0.017311003 -0.008246891 -0.049245012 -0.003506198 0.998746526
1548429831.399580 0.286956211 -0.048295288 -0.023389388 -0.005522200 -0.065725561 -0.000225528 0.997822432
1548429831.433090 0.281217551 -0.041442301 -0.027244510 -0.004663518 -0.064128059 -0.000551766 0.997930628
1548429831.466610 0.287547812 -0.046113747 -0.030294116 -0.005391605 -0.065013210 -0.000377021 0.997869767
1548429831.500120 -0.020635256 -0.066273691 -0.008981569 -0.011916207 -0.014415991 -0.007044300 0.999800261
1548429831.533640 -0.026216910 -0.072645685 -0.008426272 -0.012646651 -0.014506799 -0.005394846 0.999800235
1548429831.567170 -0.030308870 -0.071901944 -0.005541187 -0.013123368 -0.014124283 -0.005592995 0.999798480
1548429831.600680 -0.028781904 -0.068138916 -0.012246570 -0.010810195 -0.014952642 -0.005579891 0.999814194
1548429831.634210 -0.026129633 -0.083150380 -0.010844394 -0.013497429 -0.015055955 -0.004047393 0.999787356
1548429831.667730 -0.019625765 -0.074020565 -0.018952172 -0.012321598 -0.016440002 -0.003933560 0.999781192
1548429831.701240 -0.017211173 -0.072705108 -0.013304968 -0.013325237 -0.017942916 -0.005142355 0.999736988
1548429831.734760 -0.020062977 -0.064887075 -0.017339860 -0.013321693 -0.017097989 -0.005340731 0.999750803
1548429831.768280 -0.043089068 -0.060509726 -0.015172428 -0.013508275 -0.013405031 -0.007753793 0.999788833
1548429831.801790 -0.055007966 -0.060087111 -0.011680384 -0.015030027 -0.011731738 -0.007694746 0.999788605
1548429831.835320 -0.045440444 -0.047381827 -0.013366420 -0.014813994 -0.012143868 -0.008196590 0.999782920
1548429831.868890 -0.100896408 -0.049530681 -0.025200058 -0.015394957 -0.003349686 -0.008846652 0.999836742
1548429831.902360 -0.034878407 -0.048580657 -0.015997870 -0.015216643 -0.013205147 -0.005643696 0.999781089
1548429831.935870 -0.149606023 -0.053688524 0.000079534 -0.017209337 0.004896758 -0.009588968 0.999793935
1548429831.969390 -0.039929633 -0.055715350 -0.009978289 -0.016828582 -0.012130160 -0.004972880 0.999772438
1548429832.002890 -0.025456487 -0.063281093 -0.001674151 -0.018016740 -0.014109806 -0.005493749 0.999723026
1548429832.036420 -0.057230140 -0.061373916 0.004782210 -0.018614946 -0.009607436 -0.007381323 0.999753318
1548429832.069940 -0.091310752 -0.062616759 0.017538031 -0.019324708 -0.003954591 -0.009063584 0.999764356
1548429832.103470 -0.123771324 -0.065316096 0.031815490 -0.020518774 0.001022850 -0.008484509 0.999752943
1548429832.136980 -0.154471628 -0.072192777 0.040527056 -0.021449677 0.004855806 -0.009395353 0.999713989
1548429832.170510 -0.193749761 -0.088393431 0.065811544 -0.022657712 0.012585383 -0.005639769 0.999648153
1548429832.204020 -0.248670908 -0.101763998 0.070595513 -0.024105875 0.020686297 -0.003928181 0.999487645
1548429832.237530 -0.291756001 -0.101851470 0.083974003 -0.023666098 0.028007514 -0.002979554 0.999323079
1548429832.271040 -0.346228848 -0.102146810 0.091296681 -0.023471772 0.036100605 -0.003607072 0.999065969
1548429832.304560 -0.377023579 -0.095300544 0.103348414 -0.022526563 0.040173019 -0.000865078 0.998938404
1548429832.338050 -0.308688276 -0.117906558 0.021401680 -0.027479805 0.028085230 -0.010224010 0.999175435
1548429832.371570 -0.025622030 -0.082350575 0.016509600 -0.020686936 -0.013821019 -0.005918178 0.999672949
1548429832.405080 -0.022292858 -0.077417147 0.011007089 -0.018609030 -0.013264670 -0.005823291 0.999721882
1548429832.438570 -0.049594660 -0.077386111 0.020148524 -0.017237850 -0.010938567 -0.006973682 0.999767259
1548429832.472080 -0.078110765 -0.066472238 0.020732156 -0.016341295 -0.008889046 -0.008457126 0.999791190
1548429832.505630 -0.093071478 -0.070125236 0.026268788 -0.015028778 -0.008622210 -0.008745981 0.999811633
1548429832.539150 -0.115047208 -0.085958955 0.014366690 -0.016997597 -0.007338848 -0.005802465 0.999811759
1548429832.572660 -0.157745290 -0.076191921 -0.007191768 -0.013777403 -0.001583666 -0.011597958 0.999836568
1548429832.606180 -0.030057230 -0.088565761 0.007535894 -0.016905117 -0.019271730 -0.007974607 0.999639547
1548429832.639690 -0.019855510 -0.092539863 0.009583688 -0.017016178 -0.020571014 -0.007735366 0.999613649
1548429832.673210 -0.013987880 -0.095080619 0.009297043 -0.017294468 -0.022553469 -0.007264923 0.999569639
1548429832.706730 -0.011969134 -0.093874064 0.007114288 -0.016742773 -0.022722947 -0.007662910 0.999572222
1548429832.740240 -0.008380785 -0.088292186 0.007933880 -0.016096581 -0.022714124 -0.007660240 0.999583058
1548429832.773760 -0.008815019 -0.093133173 0.003938971 -0.016594666 -0.022152149 -0.007510926 0.999588658
1548429832.807270 -0.016893115 -0.093402519 0.003584103 -0.016879060 -0.020665764 -0.007255025 0.999617621
1548429832.840740 -0.022450025 -0.083942982 0.004857103 -0.015742210 -0.018824636 -0.008432875 0.999663295
1548429832.874260 -0.028726224 -0.084057996 0.002817523 -0.015694029 -0.018382113 -0.008682301 0.999670152
1548429832.907760 -0.021951657 -0.086724820 0.002676911 -0.015647782 -0.020042006 -0.008063079 0.999644163
1548429832.941270 -0.014687792 -0.082432537 0.006073685 -0.014795988 -0.020425452 -0.009062548 0.999640810
1548429832.974780 -0.015382292 -0.090638973 0.008705606 -0.015917736 -0.020730669 -0.009789816 0.999610436
1548429833.008290 -0.017201449 -0.098343442 0.004429473 -0.017140783 -0.020266500 -0.009991544 0.999597735
1548429833.041770 -0.016974702 -0.093621221 0.001354617 -0.016823078 -0.021415952 -0.009815079 0.999580915
1548429833.075290 -0.021069972 -0.088830692 0.006915823 -0.016700422 -0.021414835 -0.010504273 0.999575991
1548429833.108800 -0.015553453 -0.088098067 0.006419169 -0.017270780 -0.022333952 -0.010045854 0.999550897
1548429833.142320 -0.019002023 -0.081996962 0.002408095 -0.016066504 -0.021927483 -0.010883357 0.999571211
1548429833.175840 -0.005895530 -0.091104032 -0.001699492 -0.017702381 -0.021562024 -0.009935448 0.999561400
1548429833.209350 -0.007096675 -0.084671404 -0.003161473 -0.016896319 -0.020111107 -0.009555674 0.999609297
1548429833.242900 -0.004113095 -0.089162746 0.004612567 -0.016606665 -0.020178572 -0.008372791 0.999623399
1548429833.276430 -0.007505533 -0.083311732 0.009303494 -0.015659554 -0.019646446 -0.009224218 0.999641791
1548429833.310040 -0.003008172 -0.083445842 0.009043320 -0.013682381 -0.019224422 -0.008858239 0.999682322
1548429833.343570 -0.008259107 -0.078367926 0.008348950 -0.014459225 -0.018506991 -0.008778812 0.999685628
1548429833.377100 -0.000393876 -0.084694380 0.013288361 -0.014873967 -0.019235198 -0.008748818 0.999666059
1548429833.410620 -0.001105970 -0.090679639 0.011826798 -0.014356365 -0.019916252 -0.007680143 0.999669072
1548429833.444130 -0.007433758 -0.085431779 0.007495470 -0.013240975 -0.018859889 -0.008156735 0.999701180
1548429833.477670 -0.005272510 -0.093402687 0.008935589 -0.013276051 -0.018876780 -0.008533767 0.999697248
1548429833.511190 -0.007886147 -0.099664595 0.004109952 -0.012652728 -0.019007333 -0.009052804 0.999698293
1548429833.544700 -0.004895948 -0.101395120 0.004082213 -0.013195926 -0.020692705 -0.007789733 0.999668445
1548429833.578200 -0.008754993 -0.094578972 0.009598889 -0.012820113 -0.021359209 -0.007918268 0.999658307
1548429833.611710 -0.005468164 -0.099759025 0.007077812 -0.014507351 -0.020308056 -0.008367203 0.999653495
1548429833.645230 -0.003911542 -0.098672142 0.006684985 -0.015664954 -0.020829356 -0.007902415 0.999629081
1548429833.678770 0.000880087 -0.096368942 0.007687867 -0.014646720 -0.020508240 -0.007731604 0.999652494
1548429833.712290 -0.012200227 -0.094151389 0.011507159 -0.014822938 -0.020150449 -0.006974169 0.999662744
1548429833.745780 -0.008594693 -0.095041297 0.013569811 -0.014219137 -0.022017945 -0.007386287 0.999629166
1548429833.779290 -0.004043480 -0.102010971 0.016136546 -0.015826203 -0.021540668 -0.007987399 0.999610790
1548429833.812820 -0.016554537 -0.092859585 0.021325599 -0.015209400 -0.020126452 -0.007563899 0.999653134
1548429833.846330 -0.016979575 -0.091923818 0.023693514 -0.015665656 -0.020151783 -0.007161280 0.999648543
1548429833.879840 -0.020011475 -0.087456282 0.029894345 -0.015163086 -0.021378040 -0.007834813 0.999625768
1548429833.913350 -0.023295206 -0.085098974 0.032186477 -0.015336126 -0.021877527 -0.008390556 0.999607811
1548429833.946850 -0.023539362 -0.089228370 0.029447235 -0.016916240 -0.022124964 -0.008561663 0.999575422
1548429833.980360 -0.024660937 -0.086916794 0.027311015 -0.017013762 -0.022898818 -0.009287684 0.999549856
1548429834.013860 -0.022641271 -0.089295837 0.032166063 -0.018723584 -0.023929135 -0.009845958 0.999489810
1548429834.047380 -0.026128170 -0.092043942 0.029619976 -0.018315667 -0.024034924 -0.011063116 0.999482099
1548429834.080910 -0.027174686 -0.093678770 0.027865985 -0.018396568 -0.024183199 -0.010749276 0.999480461
1548429834.114430 -0.023585779 -0.085968042 0.028950702 -0.018296960 -0.024900195 -0.012329705 0.999446437
1548429834.147940 -0.021520254 -0.091960735 0.029720146 -0.018234971 -0.025791922 -0.012217321 0.999426335
1548429834.181460 -0.014453440 -0.096083699 0.027194840 -0.019166258 -0.026035671 -0.010513535 0.999421965
1548429834.214970 -0.022402955 -0.090636043 0.031907099 -0.019479029 -0.026398493 -0.009745899 0.999414181
1548429834.248490 -0.024118959 -0.084832643 0.033707576 -0.018106318 -0.026234501 -0.009150402 0.999449940
1548429834.282040 -0.020552303 -0.082285500 0.032744874 -0.017780856 -0.026301263 -0.008941227 0.999455922
1548429834.315550 -0.028501040 -0.083143735 0.032279184 -0.017075780 -0.026583689 -0.007760643 0.999470609
1548429834.349070 -0.035011552 -0.087418229 0.035631847 -0.016921661 -0.027080952 -0.008204864 0.999456332
1548429834.382640 -0.039402039 -0.078673977 0.035950708 -0.016357698 -0.026754547 -0.008778510 0.999469638
1548429834.416190 -0.030882309 -0.084981803 0.029726281 -0.016826240 -0.025563935 -0.009048753 0.999490612
1548429834.449700 -0.034834577 -0.090110517 0.026034273 -0.016550617 -0.025855741 -0.008802981 0.999489903
1548429834.483230 -0.032571457 -0.089514201 0.023113910 -0.014744254 -0.027796348 -0.009070314 0.999463706
1548429834.516750 -0.033861433 -0.090188310 0.018626605 -0.014051845 -0.028543472 -0.010951759 0.999433777
1548429834.550270 -0.035443263 -0.088602586 0.020551565 -0.013572543 -0.028791263 -0.010746311 0.999435524
1548429834.583790 -0.025763346 -0.094479281 0.015701884 -0.013538040 -0.029758143 -0.009422149 0.999421031
1548429834.617300 -0.021147188 -0.096387312 0.017651008 -0.013689788 -0.030799854 -0.008229358 0.999397937
1548429834.650810 -0.020245250 -0.093932974 0.012818850 -0.011695944 -0.030771340 -0.008779330 0.999419458
1548429834.684330 -0.020529998 -0.091204775 0.015100456 -0.012317454 -0.029220225 -0.007784192 0.999466790
1548429834.717850 -0.023020399 -0.087814292 0.015810291 -0.011540649 -0.028633627 -0.005941535 0.999505691
1548429834.751370 -0.027710419 -0.087278700 0.018001917 -0.011621984 -0.028198169 -0.005931142 0.999517191
1548429834.784890 -0.032431579 -0.081361829 0.022425871 -0.011267299 -0.028213164 -0.007122275 0.999513051
1548429834.818410 -0.035053820 -0.090111505 0.019264108 -0.012970305 -0.028381204 -0.006258085 0.999493429
1548429834.851950 -0.041474332 -0.091322808 0.021279543 -0.013022763 -0.028137822 -0.005917095 0.999501705
1548429834.885470 -0.044249171 -0.094646548 0.025895649 -0.013923949 -0.029108059 -0.005993071 0.999461319
1548429834.918980 -0.040099982 -0.093566725 0.024316429 -0.012538196 -0.029454845 -0.006188594 0.999468312
1548429834.952540 -0.039433354 -0.093854368 0.015882505 -0.011928022 -0.030253443 -0.007322430 0.999444262
1548429834.986010 -0.046467970 -0.088982059 0.009882312 -0.010217098 -0.029529661 -0.008246233 0.999477668
1548429835.019530 -0.045600470 -0.093796717 0.008606314 -0.011324743 -0.031005647 -0.009401900 0.999410829
1548429835.053090 -0.046832951 -0.089191940 0.002208154 -0.011201973 -0.032337562 -0.009401868 0.999370003
1548429835.086600 -0.043710368 -0.093747595 0.004187227 -0.011987666 -0.033907912 -0.010066905 0.999302360
1548429835.120180 -0.049529956 -0.094053953 0.008257360 -0.011941490 -0.035376650 -0.009113178 0.999261149
1548429835.153710 -0.048827207 -0.091879385 0.013975794 -0.012245871 -0.036222736 -0.009640738 0.999222202
1548429835.187300 -0.053488596 -0.092615740 0.015686779 -0.012538062 -0.035338787 -0.009929257 0.999247405
1548429835.221030 -0.058030783 -0.086312165 0.015451522 -0.012135825 -0.035515843 -0.008702743 0.999257529
1548429835.254550 -0.056508144 -0.086741073 0.007758092 -0.012636081 -0.034899202 -0.008174488 0.999277515
1548429835.288080 -0.055727476 -0.098558947 0.017747957 -0.014390823 -0.035904981 -0.008335483 0.999216821
1548429835.321600 -0.053400225 -0.103733570 0.013603134 -0.014490639 -0.035800418 -0.007857264 0.999223006
1548429835.355190 -0.048193336 -0.095582050 0.019230450 -0.014637499 -0.035432299 -0.008417850 0.999229421
1548429835.388800 -0.050882271 -0.100493123 0.020205580 -0.014071851 -0.034016012 -0.007790978 0.999291847
1548429835.422320 -0.052265436 -0.108405329 0.015663979 -0.014990482 -0.032944809 -0.006534704 0.999323382
1548429835.455830 -0.045340959 -0.114565402 0.020984498 -0.015305300 -0.033012292 -0.004896672 0.999325752
1548429835.489350 -0.045168220 -0.117159479 0.018442823 -0.014103393 -0.032074997 -0.002509098 0.999382806
1548429835.522860 -0.042721475 -0.108557718 0.021125949 -0.011216020 -0.032728236 -0.002267031 0.999398781
1548429835.556440 -0.043103559 -0.110430602 0.020444975 -0.009456329 -0.030560375 -0.001402295 0.999487206
1548429835.590000 -0.043490108 -0.119997956 0.019379437 -0.008854683 -0.030129053 0.000496885 0.999506672
1548429835.623520 -0.048592411 -0.114129502 0.020800301 -0.006258196 -0.031247017 -0.001331664 0.999491213
1548429835.657040 -0.050083283 -0.119115309 0.022339802 -0.005374325 -0.032305066 -0.001430379 0.999462582
1548429835.690500 -0.048278800 -0.117836622 0.017916826 -0.004675189 -0.034154617 -0.003061355 0.999400937
1548429835.724020 -0.045106023 -0.117480598 0.019476545 -0.004726237 -0.036594676 -0.005449184 0.999304157
1548429835.757530 -0.042368965 -0.116651028 0.023472145 -0.006543936 -0.035912508 -0.008730820 0.999295372
1548429835.790980 -0.047171541 -0.114863195 0.019035431 -0.009011531 -0.036077411 -0.009642138 0.999261849
1548429835.824570 -0.047456739 -0.119033926 0.021143399 -0.010030363 -0.037175264 -0.012532218 0.999179831
1548429835.858080 -0.046313346 -0.109789251 0.015579929 -0.010649974 -0.036994668 -0.013899868 0.999162032
1548429835.891530 -0.047852514 -0.110252597 0.013902798 -0.012431151 -0.037354834 -0.014272440 0.999122805
1548429835.925030 -0.049374760 -0.110930963 0.016699753 -0.013512514 -0.038256127 -0.016262070 0.999044256
1548429835.958470 -0.051162044 -0.103911372 0.021937582 -0.014998454 -0.038441894 -0.018879687 0.998969882
1548429835.991960 -0.055596276 -0.097985978 0.019051234 -0.016297051 -0.038924911 -0.018898048 0.998930489
1548429836.025470 -0.071250737 -0.092110481 0.016812140 -0.019869607 -0.040056071 -0.020367688 0.998792204
1548429836.058890 -0.064839365 -0.094586112 0.018704732 -0.021809657 -0.045790784 -0.023680750 0.998432153
1548429836.092390 -0.070478218 -0.087394779 0.014701618 -0.022644390 -0.045021796 -0.028709898 0.998316589
1548429836.125910 -0.075472672 -0.085221506 0.015383379 -0.025587588 -0.046456289 -0.031650638 0.998090840
1548429836.159370 -0.073487473 -0.079412674 0.012610913 -0.026097067 -0.047691219 -0.035216823 0.997899928
1548429836.192890 -0.069195206 -0.082446360 0.015279336 -0.027333322 -0.049392413 -0.037982006 0.997682638
1548429836.226380 -0.077197402 -0.077715847 0.009604995 -0.027184383 -0.046403018 -0.038647653 0.997804654
1548429836.259900 -0.082100033 -0.083649859 0.003733405 -0.028472948 -0.048652649 -0.038748893 0.997657624
1548429836.293400 -0.080752892 -0.076355156 0.002992202 -0.027662931 -0.052177614 -0.042539360 0.997347814
1548429836.326920 -0.080306255 -0.071873217 0.001125970 -0.028258051 -0.051271586 -0.043363120 0.997342643
1548429836.360440 -0.081240384 -0.073491657 0.003831483 -0.027274879 -0.049594090 -0.043994506 0.997427186
1548429836.393930 -0.080379098 -0.073912156 0.001547168 -0.026363743 -0.048970023 -0.044761944 0.997448374
1548429836.427470 -0.080212583 -0.067148533 -0.001046545 -0.026455070 -0.047679815 -0.044998965 0.997497798
1548429836.460970 -0.099286511 -0.062918732 -0.002031625 -0.024880155 -0.046466677 -0.043582726 0.997658444
1548429836.494460 -0.090023985 -0.062457139 0.006745190 -0.025433119 -0.049319646 -0.043873381 0.997494790
1548429836.528000 -0.086982376 -0.056308707 0.006838769 -0.025539040 -0.049397011 -0.044747614 0.997449419
1548429836.561510 -0.088759356 -0.056573352 0.012802463 -0.025323473 -0.049782102 -0.044611321 0.997441875
1548429836.595030 -0.087200652 -0.051237521 0.010961548 -0.025537505 -0.050856516 -0.045735464 0.997331298
1548429836.628520 -0.089393990 -0.047319938 0.005792786 -0.027052512 -0.049922603 -0.047264888 0.997267229
1548429836.662040 -0.088837695 -0.044528772 0.001989607 -0.028322916 -0.048936365 -0.046588607 0.997312662
1548429836.695510 -0.088104083 -0.045212754 0.006171118 -0.029779009 -0.049209640 -0.045976150 0.997285223
1548429836.729010 -0.080748430 -0.040964355 0.003832578 -0.028728646 -0.050111435 -0.047183323 0.997214743
1548429836.762510 -0.077136848 -0.036499120 0.014349014 -0.030636637 -0.047000574 -0.046646493 0.997334672
1548429836.795910 -0.079334870 -0.039890879 0.010437064 -0.032666479 -0.044428414 -0.044878938 0.997469247
1548429836.829390 -0.083955097 -0.030119642 0.015310198 -0.031505651 -0.044264551 -0.043983891 0.997553738
1548429836.862900 -0.082614444 -0.043205222 0.012051215 -0.033061342 -0.046252801 -0.042950688 0.997458202
1548429836.896400 -0.098221691 -0.034341091 0.010030178 -0.032438582 -0.044331352 -0.042546091 0.997583230
1548429836.929850 -0.097837892 -0.035278316 0.014398509 -0.032857757 -0.047459815 -0.041788367 0.997457601
1548429836.963370 -0.071160566 -0.027850825 0.020721072 -0.033854319 -0.050508733 -0.042056374 0.997263262
1548429836.996880 -0.075058008 -0.028403853 0.022636979 -0.032786160 -0.047196609 -0.039967279 0.997547074
1548429837.030400 -0.081071400 -0.032439838 0.020285015 -0.034211720 -0.048531069 -0.039229149 0.997464469
1548429837.063950 -0.069298144 -0.032715153 0.016590223 -0.035407308 -0.052629381 -0.039735063 0.997194863
1548429837.097500 -0.072255991 -0.028015698 0.014429177 -0.037326338 -0.051455409 -0.039606720 0.997191252
1548429837.131030 -0.079562145 -0.017159773 0.016775532 -0.035877019 -0.051862333 -0.039614111 0.997223074
1548429837.164540 -0.066229916 -0.016914060 0.016886692 -0.037320945 -0.055277140 -0.039762464 0.996980708
1548429837.198060 -0.056261540 -0.021417356 0.015655232 -0.037477467 -0.056245339 -0.041769141 0.996838623
1548429837.231560 -0.067175873 -0.018564487 0.015659111 -0.039821865 -0.053907861 -0.040521011 0.996928387
1548429837.265090 -0.066834027 -0.019291007 0.016077794 -0.042157189 -0.054480927 -0.040595347 0.996798183
1548429837.298590 -0.065962397 -0.023591261 0.015486286 -0.043182165 -0.055953145 -0.042320231 0.996600996
1548429837.332110 -0.059909036 -0.021267932 0.023589522 -0.042487194 -0.054836871 -0.043141935 0.996657679
1548429837.365590 -0.062287442 -0.021153110 0.019234461 -0.042943880 -0.054832621 -0.044256265 0.996589479
1548429837.399110 -0.058059737 -0.016942590 0.016666445 -0.043310004 -0.054476393 -0.044853095 0.996566489
1548429837.432620 -0.052620223 -0.018192607 0.017857691 -0.043289365 -0.051713576 -0.045627910 0.996679402
1548429837.466140 -0.053168599 -0.017489305 0.020913860 -0.042198172 -0.049152743 -0.045790891 0.996848292
1548429837.499600 -0.062445775 -0.013448246 0.022113352 -0.042855736 -0.048544701 -0.045577084 0.996859833
1548429837.533120 -0.057994905 -0.014757621 0.022110468 -0.042377412 -0.049715331 -0.046133655 0.996796984
1548429837.566630 -0.060681538 -0.007685406 0.029481323 -0.041838693 -0.049419501 -0.045835264 0.996848216
1548429837.600150 -0.059192113 -0.008763797 0.030485350 -0.043368175 -0.049283388 -0.044247097 0.996861346
1548429837.633660 -0.054155066 -0.003110028 0.030828417 -0.042808905 -0.050291470 -0.045603336 0.996774047
1548429837.667220 -0.057833824 -0.006893770 0.032908497 -0.042460207 -0.047524291 -0.046405613 0.996887703
1548429837.700740 -0.061676821 -0.007992742 0.029814790 -0.045430646 -0.047236947 -0.047113560 0.996737197
1548429837.734210 -0.056007333 -0.007343850 0.030575550 -0.045172693 -0.047582646 -0.046592740 0.996756959
1548429837.767670 -0.052249534 -0.004551584 0.030441347 -0.045994668 -0.046096093 -0.046261509 0.996804652
1548429837.801180 -0.058203934 -0.009922320 0.035560320 -0.046091141 -0.045489998 -0.045756056 0.996851368
1548429837.834700 -0.056545065 -0.012866826 0.038894723 -0.046812417 -0.046158754 -0.044537930 0.996842184
1548429837.868220 -0.049921439 -0.005788617 0.039054703 -0.047113350 -0.045603905 -0.045241534 0.996821860
1548429837.901730 -0.057966038 0.001662668 0.035825967 -0.046645693 -0.044179949 -0.044930960 0.996922023
1548429837.934730 -0.060460019 -0.006362036 0.039566386 -0.046726607 -0.043178606 -0.044971089 0.996960297
1548429837.968220 -0.055809577 -0.006069633 0.041561130 -0.046324849 -0.045799478 -0.045165594 0.996853292
1548429838.001690 -0.052460977 -0.004230494 0.039323478 -0.045956197 -0.045666346 -0.044763366 0.996894605
1548429838.035190 -0.061731644 -0.001773613 0.037040525 -0.047006618 -0.045864731 -0.043831895 0.996877911
1548429838.068710 -0.057527940 -0.004221319 0.048697484 -0.046783490 -0.045940450 -0.043722243 0.996889736
1548429838.102220 -0.048469970 -0.008301966 0.048933264 -0.047216475 -0.046361302 -0.043308983 0.996867878
1548429838.135740 -0.052835845 -0.001798170 0.046680567 -0.047293963 -0.045018489 -0.043744872 0.996906717
1548429838.169250 -0.064758287 0.002325060 0.044666926 -0.047800238 -0.044338366 -0.043961164 0.996903537
1548429838.202770 -0.061696576 -0.003085565 0.048524007 -0.048138873 -0.043231229 -0.042967428 0.996979192
1548429838.236350 -0.059610207 -0.002133020 0.049661032 -0.048246486 -0.042772060 -0.043161618 0.996985407
1548429838.269890 -0.053793492 -0.004314116 0.049908575 -0.049910359 -0.041949777 -0.043624694 0.996918281
1548429838.303620 -0.051049355 -0.004465588 0.050353622 -0.050736775 -0.041673870 -0.043455711 0.996895516
1548429838.337160 -0.054893390 -0.006714157 0.053166655 -0.051620036 -0.040363105 -0.043357258 0.996908391
1548429838.370680 -0.056889807 -0.006494228 0.051752706 -0.052717514 -0.040635281 -0.042103715 0.996893633
1548429838.404200 -0.062897646 -0.003552710 0.053860223 -0.051708752 -0.039312348 -0.041937616 0.997006510
1548429838.437720 -0.058207308 -0.006879447 0.055452888 -0.052313739 -0.039766330 -0.041056472 0.996993620
1548429838.471240 -0.058415042 -0.008061106 0.055264745 -0.051978429 -0.040790398 -0.042138822 0.996924624
1548429838.504760 -0.068175242 -0.004837078 0.051543443 -0.052211249 -0.040058704 -0.042293193 0.996935590
1548429838.538280 -0.056364464 0.000504119 0.048380706 -0.052415018 -0.040600599 -0.043453423 0.996853077
1548429838.571830 -0.050480379 0.001261254 0.054435766 -0.051695327 -0.041381194 -0.042859894 0.996884256
1548429838.605310 -0.055852067 -0.001406246 0.055922323 -0.051631605 -0.038298117 -0.043098304 0.997000485
1548429838.638820 -0.051176266 -0.003354231 0.052547605 -0.051655185 -0.037246427 -0.042655262 0.997058160
1548429838.672340 -0.044284514 -0.011933090 0.054413906 -0.052866626 -0.035213115 -0.042336128 0.997082147
1548429838.705850 -0.043605486 -0.020580958 0.062035004 -0.054347473 -0.032198672 -0.043098786 0.997071759
1548429838.739400 -0.039333793 -0.031299971 0.067978095 -0.054557870 -0.028918840 -0.043645159 0.997137021
1548429838.772930 -0.041860308 -0.040029945 0.067734528 -0.055493839 -0.027809987 -0.044446067 0.997081534
1548429838.806440 -0.043255444 -0.049079728 0.073501076 -0.055877756 -0.027525743 -0.045865407 0.997003698
1548429838.839960 -0.045274021 -0.052440142 0.076756914 -0.055540829 -0.028179037 -0.047427813 0.996931172
1548429838.873490 -0.038820331 -0.064786502 0.080580821 -0.056665224 -0.028093520 -0.049255307 0.996781682
1548429838.907040 -0.037650845 -0.072129657 0.086304717 -0.057332880 -0.028000356 -0.050558784 0.996680857
1548429838.940580 -0.040012210 -0.082764958 0.088046532 -0.058745783 -0.027445497 -0.050756543 0.996603959
1548429838.974190 -0.030411015 -0.088617260 0.091610900 -0.058312161 -0.028669171 -0.050974270 0.996583862
1548429839.007700 -0.028999792 -0.100853701 0.096008606 -0.057985878 -0.027883878 -0.050954508 0.996626191
