1548339380.732200 0.000000000 0.000000000 0.000000000 0.000000000 0.000000000 0.000000000 1.000000000
1548339380.765500 -0.000032936 -0.000451569 -0.000743725 0.001591817 -0.002239043 -0.000066419 0.999996245
1548339380.799020 -0.001352365 -0.002206210 -0.003670137 0.002465018 -0.003803133 0.001000574 0.999989212
1548339380.832530 0.000087042 -0.002838031 -0.007087588 0.003339532 -0.006797453 0.002228747 0.999968827
1548339380.866050 -0.002899562 -0.005323147 -0.007978223 0.003414105 -0.009306551 0.003022018 0.999946296
1548339380.899330 -0.005050912 -0.004389436 -0.009862394 0.004182124 -0.011958793 0.003203216 0.999914587
1548339380.932800 -0.003746284 -0.007707976 -0.012532576 0.004119396 -0.014634347 0.002919579 0.999880195
1548339380.966160 -0.006700726 -0.011234079 -0.013888170 0.004194445 -0.015993645 0.003596322 0.999856830
1548339380.999680 -0.003355206 -0.011501740 -0.015260890 0.005458147 -0.019091450 0.004472556 0.999792814
1548339381.033340 -0.004184500 -0.013312612 -0.017900862 0.007019104 -0.019986242 0.004650949 0.999764800
1548339381.066860 -0.007920125 -0.017058795 -0.021449631 0.008458972 -0.019686656 0.005794880 0.999753594
1548339381.100340 -0.013196526 -0.020084787 -0.023906233 0.009984859 -0.020150652 0.006533873 0.999725759
1548339381.133850 -0.010080495 -0.024012342 -0.029732842 0.011371881 -0.021911053 0.006322739 0.999675214
1548339381.167450 -0.012327577 -0.018472157 -0.033391438 0.014200297 -0.022805711 0.007201639 0.999613106
1548339381.200970 -0.015831968 -0.023654463 -0.038390975 0.013996180 -0.024562091 0.005796046 0.999583542
1548339381.234720 -0.012631840 -0.024766838 -0.042140234 0.014080549 -0.026469713 0.003854981 0.999543011
1548339381.268230 -0.022016861 -0.025517605 -0.043691825 0.013869547 -0.024605947 0.003307895 0.999595523
1548339381.301750 -0.024129689 -0.026723286 -0.045475654 0.013704617 -0.025672758 0.003150872 0.999571502
1548339381.335260 -0.023264956 -0.028528441 -0.048347171 0.013350989 -0.026640026 0.002084364 0.999553740
1548339381.368780 -0.024853952 -0.033361524 -0.051005952 0.012465263 -0.025333792 0.002852000 0.999597251
1548339381.402300 -0.031094342 -0.030700460 -0.051095560 0.013436865 -0.024408177 0.005186126 0.999598324
1548339381.435810 -0.023965212 -0.033646461 -0.054689236 0.013397544 -0.026769727 0.005581401 0.999536276
1548339381.469340 -0.030093988 -0.035408970 -0.056408059 0.013587545 -0.024680816 0.006752140 0.999580264
1548339381.502840 -0.033398185 -0.032720149 -0.058639821 0.015049716 -0.023906888 0.009338324 0.999557257
1548339381.536310 -0.040868133 -0.038564574 -0.060627650 0.014895965 -0.024704805 0.009245992 0.999541044
1548339381.569850 -0.033981845 -0.037758548 -0.064319819 0.015992526 -0.026576390 0.009148461 0.999476969
1548339381.603360 -0.045704838 -0.041739427 -0.066315465 0.015963791 -0.025369542 0.009194712 0.999508381
1548339381.636880 -0.044232067 -0.041552309 -0.068485245 0.017047331 -0.027814317 0.009361920 0.999423862
1548339381.670400 -0.051292174 -0.041190069 -0.073125020 0.018664207 -0.030312717 0.009100950 0.999324739
1548339381.703910 -0.055707451 -0.047703594 -0.077270806 0.018966865 -0.033364676 0.007886939 0.999232113
1548339381.737430 -0.062327482 -0.047030460 -0.077111751 0.020749273 -0.036043085 0.007582913 0.999106050
1548339381.770950 -0.075403005 -0.051675070 -0.084783807 0.021574229 -0.038492940 0.007030807 0.999001205
1548339381.804460 -0.074106000 -0.052258044 -0.089796737 0.022690332 -0.043043453 0.006492640 0.998794377
1548339381.837950 -0.080883116 -0.048735581 -0.091538973 0.023855096 -0.044660985 0.007314148 0.998690546
1548339381.871430 -0.097712249 -0.045997623 -0.100525305 0.024551967 -0.048040845 0.007056222 0.998518646
1548339381.904940 -0.098292418 -0.045799565 -0.102193817 0.023855023 -0.055076934 0.004991571 0.998184621
1548339381.938460 -0.093114004 -0.049306992 -0.106357574 0.021846497 -0.060644243 0.004461559 0.997910380
1548339381.971980 -0.109963126 -0.049693365 -0.111435384 0.019881837 -0.063375227 0.004032483 0.997783542
1548339382.005490 -0.111623541 -0.042279091 -0.114852153 0.019418465 -0.070712671 0.002374191 0.997304857
1548339382.038980 -0.107923962 -0.041804675 -0.119149342 0.017434089 -0.077116549 0.000497126 0.996869504
1548339382.072460 -0.117303915 -0.044097267 -0.122401431 0.015020140 -0.080701627 0.000648446 0.996624887
1548339382.106010 -0.127053991 -0.041121196 -0.123822153 0.013972010 -0.083885744 -0.000676076 0.996377170
1548339382.139870 -0.127809510 -0.041350625 -0.125930414 0.012346748 -0.087600462 0.000103002 0.996079147
1548339382.173410 -0.135232195 -0.040330827 -0.128827736 0.011680227 -0.091958046 0.000785684 0.995694041
1548339382.206930 -0.133374825 -0.037685148 -0.132385641 0.011546694 -0.096287884 0.000531987 0.995286405
1548339382.240430 -0.130876467 -0.032733280 -0.134332672 0.011844673 -0.098531902 0.001104868 0.995062768
1548339382.273940 -0.140300497 -0.030059457 -0.136657566 0.011726500 -0.099248648 0.001563715 0.994992316
1548339382.307460 -0.138451651 -0.026261063 -0.139151171 0.011372431 -0.103837982 0.000364174 0.994529128
1548339382.340970 -0.137613162 -0.016421394 -0.143255740 0.011323277 -0.106692024 -0.001134744 0.994226992
1548339382.374490 -0.144896179 -0.016478688 -0.147181928 0.008716211 -0.109404072 -0.003506764 0.993952990
1548339382.408010 -0.153402001 -0.007020575 -0.150142998 0.007767261 -0.113068059 -0.008696832 0.993518829
1548339382.441510 -0.151511207 -0.004052797 -0.151628748 0.005637715 -0.115240440 -0.011506627 0.993254960
1548339382.474890 -0.154593945 0.000239206 -0.149219453 0.004364038 -0.117661841 -0.013604211 0.992950916
1548339382.508410 -0.164135426 0.007109775 -0.150973171 0.004251366 -0.120677181 -0.014785751 0.992572546
1548339382.541920 -0.158532724 0.008671493 -0.151996940 0.004006123 -0.126148000 -0.016346121 0.991868615
1548339382.575440 -0.158544704 0.015161674 -0.153149828 0.004932509 -0.129523501 -0.015746927 0.991439044
1548339382.608950 -0.162445992 0.019912774 -0.153589234 0.005544375 -0.133591190 -0.015157682 0.990905106
1548339382.642470 -0.156873763 0.027605239 -0.158077508 0.006736517 -0.138894916 -0.017508386 0.990129411
1548339382.675930 -0.155980706 0.032729015 -0.156953096 0.006156817 -0.141251162 -0.018127371 0.989788651
1548339382.709400 -0.160950974 0.042146206 -0.159934819 0.006091472 -0.144615889 -0.020114614 0.989264667
1548339382.742920 -0.153893217 0.040732037 -0.155877665 0.003102442 -0.151608407 -0.024397222 0.988134623
1548339382.776440 -0.155095041 0.050092820 -0.160107285 0.002549655 -0.153513148 -0.028195761 0.987740934
1548339382.809940 -0.159799159 0.048005052 -0.159412071 -0.000291259 -0.154505804 -0.030465672 0.987522006
1548339382.843460 -0.160373002 0.046947137 -0.155465767 -0.002278902 -0.158694297 -0.032500789 0.986790061
1548339382.876970 -0.153822601 0.048218362 -0.156198025 -0.002621164 -0.163257733 -0.035480533 0.985941768
1548339382.910490 -0.152895942 0.048038479 -0.156622678 -0.002689317 -0.164207816 -0.036019769 0.985764265
1548339382.944000 -0.168428719 0.034274753 -0.150287017 -0.005006137 -0.166542128 -0.034575224 0.985415220
1548339382.977520 -0.145782873 0.030987928 -0.158324778 -0.002742107 -0.175522938 -0.037111029 0.983771801
1548339383.011040 -0.140327647 0.041051496 -0.158797637 0.001960862 -0.176343024 -0.035665866 0.983680487
1548339383.044550 -0.152910233 0.024307258 -0.159676284 0.000899633 -0.177984521 -0.032603011 0.983492613
1548339383.078070 -0.135130391 0.026164394 -0.161871701 0.005552740 -0.187443256 -0.033673301 0.981682360
1548339383.111590 -0.132593453 0.021653393 -0.171037644 0.008776307 -0.188411340 -0.034069095 0.981459856
1548339383.145100 -0.128733069 0.026890958 -0.164493397 0.013085649 -0.193103343 -0.030968647 0.980602264
1548339383.178810 -0.127974331 0.013665534 -0.175376385 0.014660720 -0.199610204 -0.032453362 0.979228079
1548339383.212330 -0.125413895 0.008011607 -0.181934461 0.016429123 -0.202542678 -0.034925714 0.978512526
1548339383.245650 -0.126307875 0.009232888 -0.185564727 0.018396880 -0.205024794 -0.033945058 0.977994978
1548339383.279120 -0.129832476 0.005452126 -0.194865942 0.019816171 -0.210936263 -0.036016978 0.976635039
1548339383.312680 -0.118339464 0.008865661 -0.197249651 0.021871718 -0.216675922 -0.037496485 0.975278020
1548339383.346400 -0.121429756 0.005404070 -0.199780509 0.022129213 -0.219711766 -0.038159292 0.974567056
1548339383.380080 -0.128023088 -0.001534799 -0.204730511 0.021582685 -0.223868147 -0.039896578 0.973563313
1548339383.413700 -0.112824894 0.001997955 -0.209062770 0.023684228 -0.229803741 -0.043607097 0.971971035
1548339383.447120 -0.113160729 0.004956299 -0.214787155 0.024404684 -0.228863671 -0.044657014 0.972127378
1548339383.480460 -0.126186371 -0.006265962 -0.218554243 0.021640876 -0.229630962 -0.044646800 0.972012341
1548339383.514150 -0.113835737 -0.005274383 -0.222923785 0.022185281 -0.236410141 -0.047791198 0.970223725
1548339383.547660 -0.107473277 -0.001433161 -0.226581797 0.023285408 -0.238584995 -0.049996130 0.969554186
1548339383.581180 -0.108048558 0.001239302 -0.230506137 0.024128674 -0.238848165 -0.049557980 0.969491303
1548339383.614340 -0.111624427 -0.009010177 -0.229991615 0.022950936 -0.242151350 -0.050402988 0.968656540
1548339383.647860 -0.101134911 -0.004699798 -0.231632590 0.025219984 -0.245865569 -0.050838776 0.967641175
1548339383.681370 -0.102222040 -0.006307832 -0.238741174 0.025735283 -0.244303107 -0.049165942 0.968109727
1548339383.714920 -0.103471249 -0.016844364 -0.242998466 0.024547104 -0.244603649 -0.046761155 0.968183815
1548339383.748740 -0.104844198 -0.018130912 -0.249606371 0.025923626 -0.244637609 -0.046154976 0.968168437
1548339383.782340 -0.099009074 -0.018990995 -0.250888020 0.027504589 -0.244497970 -0.044204962 0.968251109
1548339383.815860 -0.106390052 -0.028659139 -0.256363511 0.027238412 -0.244932860 -0.041924190 0.968250155
1548339383.849370 -0.103382476 -0.026305512 -0.264902711 0.030656019 -0.246411055 -0.042380258 0.967752934
1548339383.882890 -0.100326493 -0.028015457 -0.266043067 0.033105936 -0.245427668 -0.040920638 0.967984915
1548339383.916410 -0.104943253 -0.030665170 -0.269960046 0.034765642 -0.244462341 -0.037563611 0.968307018
1548339383.949920 -0.109331444 -0.034083933 -0.281579942 0.036748830 -0.244448349 -0.037746549 0.968230188
1548339383.983440 -0.106954232 -0.024606427 -0.286827803 0.040480923 -0.243674442 -0.037109744 0.968301058
1548339384.016960 -0.111981899 -0.028063787 -0.292656094 0.040214736 -0.240698308 -0.035713159 0.969108701
1548339384.050500 -0.111708604 -0.030418446 -0.297802687 0.039655879 -0.240847081 -0.034484014 0.969139278
1548339384.084030 -0.110350482 -0.029547540 -0.298976749 0.039582118 -0.241034076 -0.035190906 0.969070375
1548339384.117540 -0.113744974 -0.022815505 -0.302517653 0.039853897 -0.237928599 -0.035431739 0.969817638
1548339384.151090 -0.116277404 -0.020934500 -0.305476606 0.038916543 -0.234719947 -0.034792017 0.970660388
1548339384.184610 -0.114585124 -0.016799821 -0.310803324 0.038621042 -0.232218131 -0.033985112 0.971302330
1548339384.218160 -0.100768887 -0.010980711 -0.308365971 0.038545668 -0.230644688 -0.033280261 0.971704543
1548339384.251680 -0.109991543 -0.006409261 -0.311711073 0.037848603 -0.224165991 -0.031734422 0.973298550
1548339384.285190 -0.117733419 -0.008124112 -0.319928855 0.035820592 -0.219834179 -0.031353015 0.974375069
1548339384.318710 -0.102305144 0.003487705 -0.310294390 0.036404580 -0.218126923 -0.030618424 0.974760413
1548339384.352230 -0.112484001 -0.000301954 -0.318883777 0.033396631 -0.209694654 -0.030145289 0.976731300
1548339384.385730 -0.118815862 0.001664504 -0.320534647 0.031446379 -0.204844415 -0.029632280 0.977840364
1548339384.419240 -0.112090752 0.010913698 -0.316478163 0.030950189 -0.202932894 -0.029636618 0.978254557
1548339384.452770 -0.116207942 0.017855685 -0.319977522 0.029557245 -0.197765857 -0.029323807 0.979364634
1548339384.486290 -0.115501121 0.015457095 -0.320341408 0.026522826 -0.194702774 -0.029777693 0.980051339
1548339384.519790 -0.118434697 0.024706705 -0.322959661 0.025507888 -0.189433828 -0.030274011 0.981095135
1548339384.553310 -0.125289306 0.019339239 -0.323734462 0.021106880 -0.185643733 -0.029662870 0.981942475
1548339384.586790 -0.130924597 0.028185617 -0.324106574 0.020305462 -0.183099061 -0.031373374 0.982383907
1548339384.620300 -0.120197490 0.026294626 -0.318969041 0.016937960 -0.182143599 -0.032790560 0.982579052
1548339384.653820 -0.134622946 0.028829629 -0.317629099 0.014715374 -0.176840335 -0.032376554 0.983596802
1548339384.687330 -0.143762305 0.034493506 -0.317357928 0.013653597 -0.175839454 -0.033717297 0.983746529
1548339384.720710 -0.133358195 0.037022553 -0.315469384 0.012484587 -0.176932126 -0.036229715 0.983476758
1548339384.754100 -0.140751451 0.038178939 -0.315546334 0.011235754 -0.172402680 -0.036469717 0.984287083
1548339384.787610 -0.147754446 0.043680102 -0.309576094 0.011135980 -0.169491857 -0.036048744 0.984809101
1548339384.821130 -0.151945800 0.051020797 -0.310576290 0.011564253 -0.168227047 -0.037584659 0.984963655
1548339384.854640 -0.151513889 0.052071501 -0.305384815 0.011009823 -0.166201472 -0.038234223 0.985288799
1548339384.888160 -0.158202082 0.048157502 -0.299407274 0.009347077 -0.165050671 -0.038198691 0.985500753
1548339384.921680 -0.168407708 0.051687565 -0.297798574 0.008964466 -0.165201664 -0.039035492 0.985446215
1548339384.955190 -0.174034402 0.051128857 -0.293973565 0.007648239 -0.166570485 -0.040687069 0.985160053
1548339384.988700 -0.181568801 0.053362571 -0.290042520 0.006902312 -0.168651059 -0.042265859 0.984745026
1548339385.022220 -0.186833903 0.046340961 -0.284937084 0.004573640 -0.172511160 -0.043905482 0.984017909
1548339385.055740 -0.195639789 0.045639917 -0.278686285 0.003965618 -0.176617905 -0.045726597 0.983208776
1548339385.089250 -0.206114173 0.042021684 -0.276579827 0.002953603 -0.180618539 -0.046589836 0.982444704
1548339385.122770 -0.207530677 0.042520102 -0.268725127 0.003286826 -0.186428040 -0.047923036 0.981293619
1548339385.156280 -0.216953203 0.037924115 -0.267679065 0.002657354 -0.191422939 -0.047320664 0.980362654
1548339385.189800 -0.219679594 0.034474030 -0.261691183 0.002771639 -0.197550923 -0.047060128 0.979158461
1548339385.223320 -0.228284061 0.028563902 -0.260427564 0.003146838 -0.201651648 -0.046850719 0.978331089
1548339385.256880 -0.233781353 0.022398066 -0.255298495 0.003835880 -0.205620840 -0.045813389 0.977551281
1548339385.290400 -0.239356220 0.022449600 -0.250870496 0.006456316 -0.210693181 -0.044033293 0.976538658
1548339385.323920 -0.241654769 0.019345965 -0.246923029 0.009544172 -0.216889516 -0.043353364 0.975186288
1548339385.357430 -0.245753840 0.013732813 -0.247896940 0.012096386 -0.219746634 -0.043752428 0.974500299
1548339385.390820 -0.253807098 0.010500919 -0.247108400 0.014930282 -0.221891403 -0.043176841 0.974000573
1548339385.424340 -0.257553786 0.005151562 -0.246318102 0.017369004 -0.226813897 -0.044206731 0.972779274
1548339385.457980 -0.263442844 0.002871638 -0.246532589 0.020478496 -0.231328338 -0.046355870 0.971554935
1548339385.491530 -0.267132342 -0.000469964 -0.248316422 0.022831360 -0.235447541 -0.047652896 0.970449567
1548339385.525010 -0.271029353 -0.002280904 -0.246493459 0.024664076 -0.240525320 -0.049312610 0.969075620
1548339385.558520 -0.275174618 -0.007120565 -0.246152416 0.025172655 -0.243151173 -0.051018111 0.968318641
1548339385.591870 -0.283993930 -0.003487987 -0.249555513 0.026839877 -0.243522093 -0.050917525 0.968185961
1548339385.625390 -0.289705276 -0.008536137 -0.248141631 0.026842616 -0.245761737 -0.050908700 0.967620254
1548339385.658840 -0.291039169 -0.012282211 -0.247179136 0.026975894 -0.246433645 -0.050596133 0.967462063
1548339385.692260 -0.295555353 -0.013638326 -0.249521434 0.026934408 -0.247275844 -0.048673764 0.967346907
1548339385.725780 -0.303195834 -0.019928256 -0.248659194 0.026458122 -0.250469148 -0.049023408 0.966520488
1548339385.759060 -0.303685784 -0.021316459 -0.249693617 0.027149994 -0.253154308 -0.048951387 0.965805113
1548339385.792570 -0.307068437 -0.025080075 -0.249283850 0.026549758 -0.256321728 -0.047137715 0.965076327
1548339385.826050 -0.311765015 -0.021632774 -0.252850801 0.028042635 -0.258794725 -0.046101555 0.964423954
1548339385.859560 -0.318552107 -0.020296039 -0.255112290 0.029063025 -0.259057879 -0.045152355 0.964367986
1548339385.893080 -0.326542556 -0.028743505 -0.261204660 0.028391127 -0.259038925 -0.044112362 0.964441240
1548339385.926600 -0.328646719 -0.030201286 -0.260810912 0.029537361 -0.260873348 -0.043897633 0.963922024
1548339385.960050 -0.331857651 -0.025490973 -0.264337689 0.032545596 -0.259750098 -0.044015389 0.964123070
1548339385.993570 -0.332808882 -0.027789777 -0.269391000 0.033973157 -0.258752704 -0.042675663 0.964402199
1548339386.027080 -0.344186068 -0.028389465 -0.274433821 0.035755999 -0.257908970 -0.041677158 0.964607418
1548339386.060600 -0.342878371 -0.027510338 -0.275319487 0.037825312 -0.257052451 -0.041982945 0.964743853
1548339386.094100 -0.342539817 -0.025227003 -0.280920237 0.038879707 -0.254082561 -0.039086077 0.965610027
1548339386.127610 -0.355942607 -0.027407464 -0.291593730 0.038133532 -0.251124740 -0.037227817 0.966486573
1548339386.161150 -0.391234279 -0.024068706 -0.314018130 0.037918337 -0.244025022 -0.036111537 0.968354285
1548339386.194690 -0.394090354 -0.021709321 -0.318405509 0.036695056 -0.241646200 -0.034657046 0.969050825
1548339386.228210 -0.397982746 -0.021342119 -0.318907738 0.034156736 -0.241238892 -0.033990297 0.969268680
1548339386.261820 -0.401927590 -0.017462516 -0.324181229 0.032004435 -0.240751237 -0.034976300 0.969428301
1548339386.295340 -0.400157243 -0.012847019 -0.321280569 0.029973788 -0.240180105 -0.036130760 0.969592512
1548339386.328850 -0.409064174 -0.012900319 -0.326107502 0.026953446 -0.237391993 -0.037209816 0.970326722
1548339386.362370 -0.407074422 -0.012071543 -0.326218009 0.024693575 -0.236451030 -0.038672481 0.970559418
1548339386.395890 -0.409600854 -0.008013874 -0.327444375 0.023171782 -0.233002275 -0.038534991 0.971436083
1548339386.429400 -0.416630387 -0.001242645 -0.330640703 0.022512756 -0.229697242 -0.037302285 0.972286403
1548339386.462920 -0.416643620 -0.001573468 -0.331931055 0.021313591 -0.229066327 -0.037927702 0.972438097
1548339386.496380 -0.423581094 0.000298971 -0.334822118 0.020627251 -0.225874037 -0.038437743 0.973179340
1548339386.530080 -0.421112865 0.006230813 -0.333235085 0.020637471 -0.224682823 -0.038256377 0.973461926
1548339386.563820 -0.418372154 0.006156327 -0.333991498 0.019749997 -0.223497838 -0.039786551 0.973691761
1548339386.597340 -0.418815047 0.011433939 -0.336350083 0.019926090 -0.220535144 -0.041632012 0.974286377
1548339386.630780 -0.429300696 0.018799301 -0.339886516 0.019985564 -0.216058925 -0.041741870 0.975282907
1548339386.663960 -0.432000130 0.012909615 -0.343234867 0.017691491 -0.214412227 -0.042553220 0.975655496
1548339386.697370 -0.443144619 0.027970113 -0.346325487 0.020133644 -0.209977761 -0.043373238 0.976536095
1548339386.730890 -0.458417743 0.029820718 -0.356337011 0.019993292 -0.203508452 -0.041983087 0.977968276
1548339386.764390 -0.441411525 0.021153886 -0.346671224 0.017873347 -0.206659749 -0.040824946 0.977397382
1548339386.797900 -0.442045182 0.030597311 -0.347690880 0.019677423 -0.205588728 -0.041242979 0.977571011
1548339386.831420 -0.442951769 0.028297307 -0.348309934 0.019444006 -0.203334689 -0.040985826 0.978057802
1548339386.864950 -0.441899359 0.030699104 -0.347415566 0.020491984 -0.203172982 -0.041048661 0.978067398
1548339386.898470 -0.437480420 0.034706019 -0.347716182 0.021996016 -0.202951178 -0.042281650 0.978028238
1548339386.931980 -0.442923784 0.033807743 -0.350180954 0.023214193 -0.200325340 -0.042255640 0.978542447
1548339386.965510 -0.441224396 0.029465703 -0.351905465 0.024752891 -0.200497463 -0.042136412 0.978474617
1548339386.999250 -0.444011688 0.027283197 -0.357535422 0.027391568 -0.199913621 -0.042500556 0.978507996
1548339387.032770 -0.450270683 0.029898958 -0.367740333 0.031869672 -0.198056236 -0.041326869 0.978800356
1548339387.066280 -0.451611668 0.030865520 -0.379408330 0.036923870 -0.197023883 -0.040014219 0.978885651
1548339387.099800 -0.432360113 0.025844879 -0.376117945 0.039904609 -0.201491818 -0.034231089 0.978078187
1548339387.133320 -0.433633983 0.036102314 -0.386041105 0.045941208 -0.201950118 -0.032116737 0.977790415
1548339387.166830 -0.432738960 0.028580835 -0.390617251 0.048772398 -0.202390105 -0.028702503 0.977668464
1548339387.200350 -0.418686509 0.036139175 -0.391719162 0.054286093 -0.203833207 -0.024751207 0.977185965
1548339387.233860 -0.419501811 0.038097475 -0.400403529 0.057955239 -0.203061476 -0.021173332 0.977219999
1548339387.267690 -0.412355572 0.023314787 -0.403327465 0.058178861 -0.205423027 -0.016964158 0.976795197
1548339387.301200 -0.412061721 0.023696247 -0.417775542 0.060530577 -0.206080750 -0.016761398 0.976517200
1548339387.334720 -0.404353887 0.023096027 -0.424645394 0.061661944 -0.207692981 -0.016801959 0.976104021
1548339387.368240 -0.397078067 0.017269859 -0.427732080 0.060783435 -0.210042015 -0.014977346 0.975686133
1548339387.401720 -0.395987064 0.015690923 -0.436059803 0.059827905 -0.213276148 -0.016548958 0.975017965
1548339387.435170 -0.391322404 0.014817357 -0.444172770 0.058159396 -0.216201380 -0.018093191 0.974447072
1548339387.468640 -0.391134053 0.020951398 -0.445852786 0.056768246 -0.220008701 -0.018724948 0.973664701
1548339387.502150 -0.391081482 0.022678012 -0.462151796 0.053677231 -0.222145826 -0.021333104 0.973301053
1548339387.535670 -0.394249082 0.021163618 -0.472246259 0.049325347 -0.221810341 -0.023264235 0.973563552
1548339387.569140 -0.361753106 0.021475144 -0.442254186 0.045566235 -0.229129985 -0.023269331 0.972050309
1548339387.602640 -0.368127525 0.025371287 -0.452853948 0.042842727 -0.227503628 -0.024181688 0.972533703
1548339387.636150 -0.377010942 0.028995452 -0.462430894 0.041307617 -0.225511700 -0.025887024 0.973020077
1548339387.669690 -0.395785958 0.019701168 -0.461449474 0.038176160 -0.221637890 -0.028023252 0.973978400
1548339387.703200 -0.401854098 0.026325915 -0.473003685 0.038884223 -0.219865248 -0.029656824 0.974303722
1548339387.736720 -0.414603144 0.025491931 -0.479333013 0.039819416 -0.218322068 -0.030979011 0.974571764
1548339387.770240 -0.341371715 0.003813921 -0.422663569 0.037498400 -0.235729545 -0.031926487 0.970569968
1548339387.803750 -0.352163821 0.008816259 -0.436171174 0.039890639 -0.234640494 -0.034441780 0.970652521
1548339387.837270 -0.352156430 0.019465804 -0.450112820 0.043566473 -0.236541137 -0.033891089 0.970052421
1548339387.870790 -0.352861315 0.026651215 -0.471157044 0.045173787 -0.237579361 -0.036032144 0.969647884
1548339387.904310 -0.388774872 0.034757093 -0.474081010 0.047713280 -0.232394040 -0.038482532 0.970688164
1548339387.937820 -0.399658740 0.045237705 -0.489510834 0.049378429 -0.231449261 -0.038210858 0.970841348
1548339387.971330 -0.404035538 0.052392192 -0.505624712 0.049890261 -0.231755108 -0.039510302 0.970690191
1548339388.004850 -0.410595268 0.063800655 -0.520737648 0.051281981 -0.230601415 -0.038837310 0.970919549
1548339388.038360 -0.428136319 0.072012164 -0.528878272 0.051415488 -0.227935597 -0.039817020 0.971502125
1548339388.071880 -0.432145953 0.079438776 -0.545756042 0.050635137 -0.226639330 -0.041779477 0.971763968
1548339388.105410 -0.438320309 0.091977045 -0.559491396 0.051338330 -0.225086614 -0.042114750 0.972073436
1548339388.138970 -0.449215770 0.100299180 -0.569679379 0.050958902 -0.224281102 -0.042438768 0.972265482
1548339388.172490 -0.462065399 0.108054154 -0.579638183 0.051032655 -0.221457556 -0.042633496 0.972900093
1548339388.206030 -0.478663415 0.111596175 -0.589764833 0.051171798 -0.217267096 -0.045093033 0.973726392
1548339388.239560 -0.482095808 0.122294851 -0.606044173 0.051924236 -0.216903135 -0.041573115 0.973924339
1548339388.273080 -0.493441194 0.127063408 -0.618598521 0.052003235 -0.214527816 -0.041142285 0.974464357
1548339388.306800 -0.506441772 0.126758888 -0.627897143 0.051185381 -0.210052237 -0.042769454 0.975412190
1548339388.340350 -0.506644368 0.136129931 -0.644277871 0.052101042 -0.209708601 -0.042125821 0.975465655
1548339388.373870 -0.515459836 0.140779197 -0.656753361 0.051649898 -0.208875701 -0.043859772 0.975591898
1548339388.407400 -0.526752234 0.142530411 -0.668551505 0.050297052 -0.205496609 -0.047182795 0.976224959
1548339388.440920 -0.537691474 0.149069816 -0.676994145 0.049157411 -0.204008400 -0.045866624 0.976657748
1548339388.474440 -0.553670645 0.148305595 -0.686938584 0.046271220 -0.201861620 -0.049662896 0.977059126
1548339388.508000 -0.567693174 0.150881797 -0.697930098 0.043393776 -0.199301541 -0.049598373 0.977719724
1548339388.541510 -0.581436992 0.159765437 -0.706490695 0.042913195 -0.196825728 -0.045746315 0.978430033
1548339388.575000 -0.604044795 0.158333972 -0.712962747 0.039885346 -0.194820881 -0.048671979 0.978818178
1548339388.608500 -0.627446711 0.160179004 -0.714493275 0.038579874 -0.190079942 -0.050024312 0.979734063
1548339388.642010 -0.632616758 0.159541324 -0.730765462 0.035394415 -0.189992487 -0.052755151 0.979727983
1548339388.675520 -0.654066443 0.159107983 -0.736367524 0.033977859 -0.186785921 -0.056414563 0.980190754
1548339388.709030 -0.674670100 0.161415115 -0.741186619 0.034142356 -0.183866203 -0.057781927 0.980657279
1548339388.742550 -0.691496909 0.165098056 -0.750783265 0.035324756 -0.183674380 -0.059115004 0.980571926
1548339388.776070 -0.704903364 0.162976846 -0.761968255 0.033996135 -0.183544472 -0.059938099 0.980593264
1548339388.809580 -0.721256316 0.163065881 -0.768945813 0.035046492 -0.182386965 -0.059750434 0.980783701
1548339388.843070 -0.736688972 0.164180294 -0.779055238 0.036254011 -0.183529332 -0.058187537 0.980620623
1548339388.876490 -0.751653254 0.164167121 -0.788117170 0.038546819 -0.184389874 -0.059438534 0.980296671
1548339388.909940 -0.768794358 0.157997921 -0.795662880 0.038156118 -0.184928283 -0.060255244 0.980160654
1548339388.943460 -0.793121576 0.172183424 -0.801481545 0.046252042 -0.183220446 -0.054432463 0.980473399
1548339388.976970 -0.810292065 0.164900452 -0.806831837 0.045353763 -0.184583202 -0.056258958 0.980156600
1548339389.010440 -0.797935367 0.157410607 -0.807281673 0.044666845 -0.199759051 -0.058006510 0.977106154
1548339389.043940 -0.832068801 0.146731138 -0.815589130 0.041581620 -0.192618519 -0.060169108 0.978544176
1548339389.077450 -0.846830428 0.145202428 -0.822847188 0.042407598 -0.195386529 -0.059210703 0.978018284
1548339389.110970 -0.858357370 0.142812282 -0.826693475 0.043093476 -0.201022446 -0.059952054 0.976800203
1548339389.144490 -0.879532993 0.139144540 -0.830846369 0.042528864 -0.200515002 -0.060261361 0.976910233
1548339389.178000 -0.853084505 0.139933601 -0.822624803 0.046157390 -0.224467739 -0.062546454 0.971376181
1548339389.211520 -0.859923601 0.138113126 -0.824885070 0.046937201 -0.230958849 -0.063268542 0.969769061
1548339389.244990 -0.857572734 0.124345280 -0.826575756 0.042010896 -0.242135897 -0.068203159 0.966929972
1548339389.278490 -0.847542107 0.106555730 -0.826198637 0.035364330 -0.256545663 -0.074671812 0.962994158
1548339389.312000 -0.865157068 0.105539657 -0.832992792 0.035701018 -0.254913628 -0.075603157 0.963342428
1548339389.345470 -0.850433350 0.101872891 -0.830074430 0.035608936 -0.268765032 -0.077341713 0.959435046
1548339389.378920 -0.853530824 0.110759206 -0.833163440 0.041292086 -0.273375720 -0.073489182 0.958206654
1548339389.412360 -0.868710577 0.106880642 -0.838984072 0.040691014 -0.272819251 -0.075107276 0.958265483
1548339389.445870 -0.890169561 0.104050420 -0.848303258 0.040483207 -0.267679960 -0.073981449 0.959810019
1548339389.479390 -0.890265346 0.102586903 -0.851549685 0.041385196 -0.271135569 -0.073477454 0.958839834
1548339389.512900 -0.898488879 0.106843300 -0.856441200 0.045045473 -0.270639330 -0.071834818 0.958939552
1548339389.546420 -0.893565834 0.104640283 -0.857026756 0.046124034 -0.277814060 -0.073437341 0.956712544
1548339389.579940 -0.896415114 0.103230849 -0.860598326 0.047118522 -0.279890567 -0.074925080 0.955943167
1548339389.613460 -0.902280927 0.103559941 -0.866605639 0.048177969 -0.280751139 -0.074492827 0.955671728
1548339389.647050 -0.907287002 0.105069138 -0.872040033 0.050327782 -0.280592591 -0.075375594 0.955538273
1548339389.680630 -0.902156949 0.101879478 -0.872152567 0.049075995 -0.284854561 -0.075633757 0.954321206
1548339389.714190 -0.905077577 0.112310901 -0.875148356 0.054061789 -0.285895348 -0.072408587 0.953990638
1548339389.747850 -0.899513125 0.099012703 -0.877530038 0.047304634 -0.290673941 -0.078453332 0.952426374
1548339389.781370 -0.898180664 0.101435468 -0.878520429 0.047144484 -0.292931885 -0.078132749 0.951768637
1548339389.814890 -0.898255229 0.110776953 -0.879493833 0.050141595 -0.295155615 -0.078068882 0.950933337
1548339389.848400 -0.895496130 0.118715815 -0.879973173 0.052283388 -0.298989207 -0.081329174 0.949345767
1548339389.881920 -0.899206936 0.123484097 -0.881027102 0.053117312 -0.300511032 -0.085251912 0.948474407
1548339389.915540 -0.889900208 0.130796388 -0.881153703 0.055398475 -0.309830129 -0.088679403 0.945025027
1548339389.949120 -0.897591710 0.111404188 -0.882525623 0.044081606 -0.311406851 -0.098374344 0.944142520
1548339389.982640 -0.907532811 0.115637347 -0.885764062 0.043632571 -0.309565991 -0.100243673 0.944572031
1548339390.016090 -0.910060108 0.117456049 -0.884443581 0.041739564 -0.314122409 -0.103739753 0.942774117
1548339390.049500 -0.913890958 0.118163779 -0.889867485 0.038807664 -0.316450626 -0.110256724 0.941380084
1548339390.082860 -0.886741698 0.104871221 -0.887194991 0.029913891 -0.333539486 -0.118721344 0.934752285
1548339390.116260 -0.901478589 0.108791560 -0.888144672 0.026955102 -0.333428293 -0.121835209 0.934481204
1548339390.149770 -0.909489691 0.099557266 -0.893790960 0.016942795 -0.335236341 -0.130527481 0.932894468
1548339390.183290 -0.915762782 0.111101262 -0.894237101 0.017576596 -0.334162354 -0.128638193 0.933530271
1548339390.216810 -0.903683603 0.111275099 -0.893416464 0.012692873 -0.343154818 -0.135949120 0.929301620
1548339390.250320 -0.936901748 0.109927230 -0.904332280 0.004531556 -0.329391479 -0.139671981 0.933794618
1548339390.283950 -0.933358192 0.112564147 -0.902466774 0.001405591 -0.331987083 -0.142853349 0.932403088
1548339390.317770 -0.932190597 0.113050699 -0.901074350 -0.002946657 -0.336055845 -0.146899402 0.930310905
1548339390.351330 -0.937673867 0.116189502 -0.904402614 -0.006178987 -0.334793180 -0.149409160 0.930350602
1548339390.384880 -0.934327722 0.121826209 -0.902875006 -0.007208144 -0.338546425 -0.150899366 0.928743064
1548339390.418390 -0.926874638 0.138211161 -0.901982605 -0.002581779 -0.344005615 -0.150386795 0.926842630
1548339390.451880 -0.927460372 0.138588965 -0.904288828 -0.006363404 -0.348930508 -0.152664244 0.924608350
1548339390.485400 -0.935293078 0.131324202 -0.907175303 -0.012901600 -0.347302198 -0.155258223 0.924721360
1548339390.518910 -0.924826741 0.148704767 -0.903941154 -0.005723013 -0.353552908 -0.153671071 0.922687829
1548339390.552430 -0.918180943 0.153623223 -0.903420925 -0.004797758 -0.360267401 -0.155238047 0.919829071
1548339390.585970 -0.931755006 0.140752092 -0.909861326 -0.014236363 -0.356037140 -0.159478232 0.920652807
1548339390.619500 -0.923199892 0.152916625 -0.907961309 -0.009345065 -0.361078769 -0.160863221 0.918508470
1548339390.653000 -0.918119192 0.161271110 -0.907939970 -0.007325677 -0.366588920 -0.162912637 0.915979445
1548339390.686490 -0.919079542 0.162343010 -0.909068167 -0.009798318 -0.368990302 -0.168019965 0.914067507
1548339390.720010 -0.921690762 0.165193781 -0.912785769 -0.011973710 -0.367818356 -0.170077592 0.914133430
1548339390.752900 -0.917099595 0.170876086 -0.912108958 -0.012001785 -0.371807545 -0.170621172 0.912416279
1548339390.786420 -0.915380120 0.177077606 -0.912575543 -0.012085932 -0.375872344 -0.171448559 0.910592794
1548339390.819940 -0.918055296 0.180153027 -0.916644752 -0.014413422 -0.375585109 -0.171813473 0.910608709
1548339390.853450 -0.915512621 0.187190413 -0.916853964 -0.014594809 -0.377976060 -0.171563938 0.909663081
1548339390.886970 -0.918234766 0.196795285 -0.919135094 -0.013576868 -0.376640350 -0.171120927 0.910316050
1548339390.920480 -0.913862288 0.203690708 -0.918536305 -0.012694790 -0.377656996 -0.168852329 0.910331190
1548339390.954000 -0.907677472 0.208067715 -0.915803254 -0.011699921 -0.382613391 -0.167161629 0.908585191
1548339390.987640 -0.901722908 0.213659674 -0.912762523 -0.008697866 -0.389148414 -0.165552974 0.906134665
1548339391.021190 -0.901762724 0.222883880 -0.918936014 -0.003595271 -0.390245736 -0.163890481 0.905999541
1548339391.055150 -0.900475562 0.226766750 -0.920905590 -0.000589791 -0.392030269 -0.162999958 0.905396521
1548339391.088670 -0.897616148 0.223296389 -0.919341266 -0.000546539 -0.396651864 -0.162830591 0.903411984
1548339391.122000 -0.895779908 0.223740011 -0.919610918 0.001324778 -0.401377052 -0.162652940 0.901353836
1548339391.155700 -0.891798735 0.226529688 -0.919310749 0.004395201 -0.408095628 -0.161963448 0.898446679
1548339391.189210 -0.892592788 0.228498086 -0.921755552 0.006643123 -0.412814498 -0.162042975 0.896260083
1548339391.222740 -0.893132448 0.225615054 -0.916567743 0.006717107 -0.419945598 -0.162437022 0.892868876
1548339391.256260 -0.883969545 0.226264402 -0.910871506 0.008160061 -0.430811375 -0.159682691 0.888164639
1548339391.289780 -0.883568108 0.221886918 -0.906319737 0.007906581 -0.442087352 -0.161157861 0.882340312
1548339391.323280 -0.893657207 0.218071684 -0.911725283 0.006002459 -0.446902543 -0.163238749 0.879542589
1548339391.356790 -0.904632270 0.224342912 -0.925641358 0.008295311 -0.444583595 -0.164853796 0.880397558
1548339391.390320 -0.890774131 0.227834851 -0.914038420 0.011024387 -0.459371060 -0.162627518 0.873160303
1548339391.423830 -0.903560936 0.228108853 -0.924332798 0.010247466 -0.459865868 -0.165756121 0.872320592
1548339391.457340 -0.904061794 0.225668833 -0.919686139 0.009235506 -0.467475116 -0.167002589 0.868039072
1548339391.490860 -0.910940647 0.225730747 -0.922166467 0.009079703 -0.470372230 -0.168270692 0.866228878
1548339391.524190 -0.910358906 0.222016394 -0.917051435 0.008142842 -0.478517681 -0.167414084 0.861932158
1548339391.556990 -0.912787080 0.228090167 -0.920248151 0.011100793 -0.482455492 -0.165565223 0.860059083
1548339391.590440 -0.913294196 0.222500801 -0.913771629 0.009808599 -0.490170538 -0.164283827 0.855948269
1548339391.623890 -0.915190160 0.227622494 -0.919408500 0.014067319 -0.491214484 -0.162946120 0.855546057
1548339391.657410 -0.921562195 0.231528506 -0.935109615 0.015527618 -0.486476719 -0.159706220 0.858832479
1548339391.690920 -0.922110140 0.224283203 -0.935010493 0.013652908 -0.489391744 -0.159242347 0.857292950
1548339391.724430 -0.922208369 0.221174985 -0.935395718 0.013725861 -0.493177205 -0.159449473 0.855081141
1548339391.758020 -0.920866311 0.222762331 -0.933304012 0.016055442 -0.496551216 -0.160142854 0.852955639
1548339391.791530 -0.919113994 0.225949869 -0.934867024 0.018537190 -0.496820778 -0.160559699 0.852669954
1548339391.825120 -0.917697668 0.224919945 -0.934626162 0.018630486 -0.496732742 -0.161566913 0.852528930
1548339391.858640 -0.919325411 0.218035072 -0.930525661 0.015715973 -0.498681664 -0.163909972 0.851001263
1548339391.892150 -0.918289065 0.218072772 -0.931916952 0.016519306 -0.499702364 -0.165953368 0.849990666
1548339391.925870 -0.917983949 0.217109680 -0.932348132 0.016037721 -0.499816954 -0.167331442 0.849662304
1548339391.959440 -0.916577995 0.217534840 -0.929852247 0.016072724 -0.501513124 -0.168104127 0.848508835
1548339391.992990 -0.915649891 0.221417621 -0.927155554 0.017571354 -0.502418697 -0.168127447 0.847938597
1548339392.026500 -0.915144682 0.220159620 -0.928156316 0.017535295 -0.501546502 -0.168135777 0.848453879
1548339392.060020 -0.915973425 0.214526549 -0.923695326 0.014886644 -0.502464712 -0.167236894 0.848138750
1548339392.093630 -0.914894342 0.210778654 -0.924893141 0.013523288 -0.504333973 -0.166279659 0.847239912
1548339392.127150 -0.911820889 0.217894033 -0.918987691 0.019188276 -0.507551610 -0.165264457 0.845405698
1548339392.160670 -0.910866141 0.216011554 -0.922203898 0.019601462 -0.505854726 -0.162980258 0.846855462
1548339392.194350 -0.909968019 0.212693021 -0.920037031 0.020180626 -0.507414162 -0.161151186 0.846258759
1548339392.228120 -0.907463133 0.217078432 -0.918035448 0.024103275 -0.507963240 -0.158135429 0.846395612
1548339392.261630 -0.905750930 0.214590758 -0.917558134 0.024590831 -0.507385135 -0.154951543 0.847316742
1548339392.294900 -0.904125810 0.211291268 -0.918417573 0.024134159 -0.506761312 -0.151494309 0.848327696
1548339392.328150 -0.902377427 0.210089713 -0.919296980 0.024557482 -0.506963611 -0.148526788 0.848719358
1548339392.361780 -0.902096629 0.210016996 -0.922054648 0.025019234 -0.505491436 -0.146242023 0.849979818
1548339392.395180 -0.902012885 0.207358837 -0.921714783 0.024177384 -0.505255222 -0.145290107 0.850307822
1548339392.428730 -0.901571095 0.210042775 -0.923801959 0.026181491 -0.503551126 -0.145111382 0.851289332
1548339392.462270 -0.902277648 0.207985267 -0.926712036 0.025674524 -0.500718474 -0.145154282 0.852966666
1548339392.495780 -0.903042257 0.202466875 -0.927344620 0.023109794 -0.499243259 -0.145604402 0.853827536
1548339392.529310 -0.901458144 0.202777237 -0.927973032 0.023696736 -0.498149723 -0.146372706 0.854318678
1548339392.562860 -0.902396679 0.195104823 -0.926574647 0.019348988 -0.497825176 -0.146699131 0.854561329
1548339392.596380 -0.901384652 0.193625361 -0.928667188 0.017813681 -0.497954428 -0.147519976 0.854378104
1548339392.629890 -0.901435912 0.195238620 -0.932858109 0.016981157 -0.497208148 -0.148414105 0.854674757
1548339392.663410 -0.900996387 0.193861797 -0.932922363 0.013952180 -0.498540998 -0.150015473 0.853672981
1548339392.696930 -0.900980890 0.197603986 -0.933691978 0.013647209 -0.499608248 -0.153095931 0.852506280
1548339392.730400 -0.900263906 0.200841606 -0.929532051 0.013601036 -0.501093626 -0.156770825 0.850965977
1548339392.763920 -0.898498535 0.202889070 -0.931565464 0.012434212 -0.500769377 -0.159997359 0.850574076
1548339392.797430 -0.898153722 0.203372762 -0.932687938 0.010006656 -0.502082288 -0.162914649 0.849277377
1548339392.830950 -0.895765066 0.207871556 -0.931978524 0.010806432 -0.505076945 -0.167340755 0.846627176
1548339392.864460 -0.894829154 0.212531388 -0.932139218 0.011414994 -0.506661296 -0.171574652 0.844823182
1548339392.897970 -0.892213464 0.215477571 -0.928835452 0.010541129 -0.509997189 -0.173915565 0.842344999
1548339392.931490 -0.890939713 0.213912219 -0.928362966 0.009327130 -0.513657093 -0.178804725 0.839105606
1548339392.964980 -0.886634111 0.225134388 -0.925653696 0.014209867 -0.517233193 -0.181945369 0.836160123
1548339392.998490 -0.884589493 0.224036008 -0.924935699 0.013176537 -0.519373536 -0.184466690 0.834295869
1548339393.032010 -0.880728424 0.226937965 -0.923328102 0.013654879 -0.523704410 -0.185750633 0.831290543
1548339393.065530 -0.876165450 0.233344719 -0.922825456 0.018486964 -0.527561843 -0.189384505 0.827931285
1548339393.099040 -0.871482074 0.238580778 -0.926199794 0.022027535 -0.528502405 -0.191244110 0.826816559
1548339393.132560 -0.865895808 0.243203431 -0.917051494 0.024272695 -0.533254683 -0.191378087 0.823665380
1548339393.166070 -0.864248574 0.242291942 -0.914564610 0.024807546 -0.535973728 -0.193771601 0.821321666
1548339393.199590 -0.858379364 0.241740167 -0.923461914 0.026838513 -0.534453690 -0.196190149 0.821674168
1548339393.233270 -0.855948627 0.245446652 -0.913459301 0.028794700 -0.538237333 -0.197675228 0.818777144
1548339393.266810 -0.852343976 0.246401787 -0.907652259 0.030383188 -0.541438460 -0.200888276 0.815821707
1548339393.300350 -0.851459861 0.249365404 -0.901000559 0.032351080 -0.543597877 -0.203990147 0.813537240
1548339393.333870 -0.848990381 0.248793975 -0.896349072 0.032668862 -0.545862675 -0.206001759 0.811498582
1548339393.367460 -0.846961796 0.247566953 -0.891565979 0.032541566 -0.548886776 -0.208417803 0.808842599
1548339393.400980 -0.845792949 0.249979302 -0.890035987 0.034033798 -0.550191641 -0.210908189 0.807247579
1548339393.434500 -0.844572783 0.248379201 -0.886519790 0.033292565 -0.553556323 -0.212596968 0.804530680
1548339393.468020 -0.853918195 0.236027420 -0.880610764 0.027760997 -0.559077919 -0.217496887 0.799597621
1548339393.501540 -0.844583809 0.241837963 -0.882014811 0.032264706 -0.562963665 -0.218120083 0.796526551
1548339393.535040 -0.845293343 0.238626704 -0.877449691 0.031758081 -0.567100942 -0.219390631 0.793256402
1548339393.568560 -0.852464378 0.229330808 -0.867077231 0.027246008 -0.574207366 -0.220181093 0.788076043
1548339393.602000 -0.856843591 0.217914253 -0.871729791 0.023453051 -0.577186525 -0.222479045 0.785371721
1548339393.635510 -0.851099968 0.216322646 -0.871699691 0.024399703 -0.581742108 -0.220638633 0.782495618
1548339393.669030 -0.852517068 0.213763639 -0.862699389 0.023578938 -0.588342190 -0.218369499 0.778210938
1548339393.702540 -0.858043909 0.193191603 -0.858929217 0.015990997 -0.594238281 -0.217799708 0.774072647
1548339393.736060 -0.852421105 0.195172146 -0.861420691 0.019555314 -0.597973228 -0.215126902 0.771858811
1548339393.769280 -0.860971153 0.180746064 -0.854476750 0.014246231 -0.603492320 -0.213119641 0.768227875
1548339393.802790 -0.855449319 0.180551261 -0.855270743 0.018199420 -0.607652664 -0.209367245 0.765893161
1548339393.836310 -0.858732939 0.167612135 -0.849240065 0.015310036 -0.613019764 -0.204578847 0.762967825
1548339393.869770 -0.817063332 0.173515171 -0.782373011 0.025281608 -0.642665267 -0.190691993 0.741605520
1548339393.903220 -0.816771150 0.167254403 -0.798512042 0.027530385 -0.644601345 -0.187554091 0.740644753
1548339393.936490 -0.805846989 0.169700027 -0.814141273 0.035362098 -0.644152999 -0.184335083 0.741509914
1548339393.970010 -0.808271706 0.154064298 -0.796254635 0.032727487 -0.652866483 -0.181217119 0.734748006
1548339394.003250 -0.812774718 0.142374933 -0.811720908 0.033229467 -0.655676126 -0.183347061 0.731688797
1548339394.036760 -0.806334257 0.141624540 -0.816175044 0.037722144 -0.659432173 -0.181145087 0.728637576
1548339394.070280 -0.807572007 0.129845291 -0.806669474 0.037085876 -0.666962147 -0.181768969 0.721627474
1548339394.104060 -0.811601818 0.102871969 -0.788975656 0.030671319 -0.678386033 -0.186791375 0.709901810
1548339394.137680 -0.802508533 0.109484076 -0.804188073 0.035385840 -0.677840829 -0.186267182 0.710340917
1548339394.171200 -0.798988521 0.111007504 -0.821141243 0.035393406 -0.676691115 -0.186060354 0.711489975
1548339394.204720 -0.799049318 0.117828816 -0.837970078 0.036198750 -0.675141513 -0.187197521 0.712622404
1548339394.238150 -0.792180479 0.121544965 -0.853952587 0.036358010 -0.673961163 -0.188761353 0.713318706
1548339394.271660 -0.787648737 0.134349197 -0.871067762 0.040468317 -0.672614872 -0.191662058 0.713594556
1548339394.305180 -0.784514666 0.139661759 -0.890218675 0.039536014 -0.670892239 -0.194241524 0.714570284
1548339394.338700 -0.784309030 0.162744612 -0.891514480 0.046837166 -0.674303830 -0.197933808 0.709889293
1548339394.372230 -0.778571904 0.181948557 -0.907063723 0.052088723 -0.672490597 -0.200741947 0.710454643
1548339394.405810 -0.779187202 0.189068779 -0.924439907 0.051324490 -0.668808043 -0.204027727 0.713045776
1548339394.439340 -0.779041648 0.201392740 -0.945929050 0.051247451 -0.665899992 -0.206986517 0.714917839
1548339394.472860 -0.772951365 0.216260746 -0.966360390 0.053464010 -0.663495719 -0.210131079 0.716072619
1548339394.506380 -0.773109138 0.227859393 -0.985267520 0.055220664 -0.660506070 -0.214506060 0.717404783
1548339394.540000 -0.775410712 0.253420442 -0.991402447 0.061744094 -0.660420299 -0.217097729 0.716171265
1548339394.573850 -0.775591373 0.267566085 -1.009033322 0.063372061 -0.658300281 -0.219396800 0.717279434
1548339394.607380 -0.782030880 0.270331681 -1.015449762 0.062886730 -0.657542229 -0.222177327 0.717161596
1548339394.640910 -0.774471223 0.294150442 -1.037946582 0.066774070 -0.654041231 -0.221523657 0.720207393
1548339394.674430 -0.776790500 0.302825123 -1.055249453 0.066524215 -0.651452422 -0.222566068 0.722252488
1548339394.707940 -0.780617237 0.307527274 -1.075178146 0.065006249 -0.649700820 -0.223603085 0.723646760
1548339394.741460 -0.776698053 0.322910994 -1.087104678 0.068831004 -0.648900032 -0.224321738 0.723789215
1548339394.774970 -0.775494218 0.337545544 -1.104016066 0.071302570 -0.646083593 -0.225036651 0.725844622
1548339394.808490 -0.780907512 0.343139321 -1.120753050 0.070773736 -0.643781722 -0.227419153 0.727197826
1548339394.842010 -0.779048085 0.360510796 -1.133474827 0.076216914 -0.642163098 -0.230067074 0.727245986
1548339394.875520 -0.789147794 0.363345504 -1.149293423 0.073591217 -0.638362527 -0.232259512 0.730159700
1548339394.909010 -0.799481153 0.370501786 -1.155039907 0.073260762 -0.638030291 -0.233052060 0.730230808
1548339394.942520 -0.793003380 0.385736674 -1.165934324 0.078537799 -0.637386560 -0.233125478 0.730220973
1548339394.976020 -0.794187009 0.393555254 -1.182514668 0.080380872 -0.632948816 -0.233822823 0.733649492
1548339395.009430 -0.803128719 0.393290371 -1.201492071 0.076888539 -0.630041242 -0.234565884 0.736284614
1548339395.042930 -0.808366179 0.405021131 -1.207051158 0.080001414 -0.630671501 -0.235673681 0.735058606
1548339395.076440 -0.818006933 0.405577570 -1.213933229 0.079539739 -0.630474031 -0.237762883 0.734605134
1548339395.109960 -0.811911225 0.420797110 -1.245564580 0.085167855 -0.626238048 -0.240694314 0.736640036
1548339395.143460 -0.805495083 0.434524953 -1.266573310 0.087877825 -0.625353456 -0.239802822 0.737363636
1548339395.176940 -0.808950841 0.442540526 -1.275504470 0.090025827 -0.624860644 -0.239554495 0.737602949
1548339395.210490 -0.817525089 0.445216537 -1.279405594 0.089973874 -0.625342667 -0.238287911 0.737611115
1548339395.244020 -0.819344699 0.452049732 -1.296085835 0.090219095 -0.624693215 -0.236439154 0.738725543
1548339395.277540 -0.813815832 0.466336161 -1.312062383 0.094873928 -0.624500453 -0.234750032 0.738844097
1548339395.311060 -0.812046230 0.479235977 -1.323899269 0.099131659 -0.623238444 -0.233101800 0.739871800
1548339395.344590 -0.816176534 0.482085645 -1.332549572 0.098719776 -0.622916698 -0.231625780 0.740660965
1548339395.378110 -0.820845068 0.487915546 -1.335446477 0.101074696 -0.622648239 -0.230994076 0.740766346
1548339395.411620 -0.822596192 0.499566436 -1.353610039 0.105019577 -0.619468331 -0.230533004 0.743023872
1548339395.445140 -0.827706516 0.499850899 -1.374655247 0.104600921 -0.617567956 -0.231322557 0.744418085
1548339395.478660 -0.828889072 0.502679348 -1.378033519 0.106499992 -0.619099855 -0.230977461 0.742982209
1548339395.512190 -0.834726512 0.506038725 -1.387593031 0.108371124 -0.617275655 -0.230765894 0.744294047
1548339395.545700 -0.841649294 0.509537220 -1.394370556 0.109538510 -0.616302371 -0.229643226 0.745276332
1548339395.579220 -0.838566482 0.518241405 -1.408932686 0.111669697 -0.613926470 -0.227973193 0.747430503
1548339395.612740 -0.849545896 0.516462147 -1.410795927 0.112362288 -0.613575578 -0.227050975 0.747895420
1548339395.646260 -0.855059028 0.510211289 -1.425632954 0.111095563 -0.610654354 -0.225230798 0.751019418
1548339395.679780 -0.862610877 0.510566890 -1.431726933 0.111004561 -0.610117197 -0.222411454 0.752308488
1548339395.713310 -0.869091809 0.509083807 -1.437811017 0.110330291 -0.610067666 -0.219080374 0.753424466
1548339395.746810 -0.874548018 0.501331806 -1.446771383 0.107487850 -0.611074209 -0.216326296 0.753815353
1548339395.780340 -0.864317715 0.490857929 -1.430282831 0.107225597 -0.615897775 -0.213070035 0.750848651
1548339395.813860 -0.862503946 0.493897140 -1.427393913 0.107302539 -0.618006408 -0.208532840 0.750378728
1548339395.847370 -0.868085027 0.496415615 -1.437214613 0.107846841 -0.620336115 -0.207124203 0.748766840
1548339395.880900 -0.875051260 0.494234949 -1.409506679 0.110293880 -0.625872016 -0.205573261 0.744217098
1548339395.914410 -0.880595565 0.494785935 -1.418497324 0.110956796 -0.624398649 -0.203719795 0.745864034
1548339395.947930 -0.878801644 0.492919177 -1.424120665 0.111091577 -0.624968767 -0.202888280 0.745593131
1548339395.981440 -0.885149777 0.495313853 -1.415952563 0.113577917 -0.626421750 -0.203450829 0.743843794
1548339396.014960 -0.893785119 0.502583802 -1.416080117 0.114607312 -0.624383032 -0.201867372 0.745828807
1548339396.048520 -0.895567536 0.502219677 -1.422765255 0.114712186 -0.622306287 -0.202197909 0.747457027
1548339396.082030 -0.894752204 0.507121682 -1.413437128 0.117009468 -0.621262074 -0.202713892 0.747829735
1548339396.115510 -0.893738270 0.503884792 -1.402111411 0.114733346 -0.619884610 -0.202209458 0.749460280
1548339396.149070 -0.895704210 0.513047159 -1.400446177 0.115108795 -0.618078232 -0.203949437 0.750422478
1548339396.182520 -0.899453759 0.514568508 -1.405346036 0.115834445 -0.615730405 -0.208345473 0.751033008
1548339396.216030 -0.907987773 0.515715122 -1.393899918 0.116044559 -0.614106238 -0.211762190 0.751374722
1548339396.249560 -0.909313202 0.526496351 -1.392774820 0.116419882 -0.610033691 -0.213420033 0.754159927
1548339396.283070 -0.912411809 0.519695044 -1.396205664 0.113973185 -0.607055128 -0.217557579 0.755753219
1548339396.316580 -0.919320524 0.534957528 -1.386898160 0.115355708 -0.604077935 -0.219135568 0.757471144
1548339396.350110 -0.923325062 0.539960861 -1.390762687 0.113822207 -0.599453449 -0.220507801 0.760970652
1548339396.383610 -0.931272149 0.541277230 -1.384080410 0.109946795 -0.597547174 -0.220415801 0.763063550
1548339396.417120 -0.937233329 0.534982145 -1.378088355 0.108521082 -0.595302820 -0.222612098 0.764383137
1548339396.450640 -0.942407668 0.538328946 -1.384114027 0.106389657 -0.590309441 -0.221480817 0.768870771
1548339396.484150 -0.946425915 0.529784977 -1.380890131 0.104033172 -0.588377118 -0.222237617 0.770454407
1548339396.517670 -0.948371053 0.534082592 -1.380682230 0.105277546 -0.585371256 -0.221807152 0.772695780
1548339396.551180 -0.951354563 0.532892048 -1.382330775 0.104894862 -0.582179785 -0.220904678 0.775412738
1548339396.584700 -0.949790359 0.539065897 -1.390198112 0.105420262 -0.579181492 -0.219668701 0.777933836
1548339396.618220 -0.951691210 0.543561816 -1.389811039 0.106753238 -0.577509046 -0.219520241 0.779036582
1548339396.651730 -0.949330509 0.541149557 -1.386216640 0.106222875 -0.575398207 -0.218462661 0.780965865
1548339396.685250 -0.950887799 0.555618942 -1.402302504 0.106455706 -0.571082413 -0.216514945 0.784635782
1548339396.718750 -0.951016009 0.552344322 -1.403042197 0.105269469 -0.571280181 -0.217563644 0.784361780
1548339396.752260 -0.953712225 0.554442942 -1.409856796 0.104449600 -0.569555283 -0.218049541 0.785589933
1548339396.785740 -0.950276494 0.557273805 -1.399507523 0.101954192 -0.569881082 -0.216517493 0.786105037
1548339396.819260 -0.951244593 0.560473323 -1.401961684 0.101185434 -0.568780363 -0.217781484 0.786652148
1548339396.852730 -0.957793653 0.562606514 -1.394662380 0.101966776 -0.567751050 -0.219917849 0.786700487
1548339396.886220 -0.957587540 0.562992930 -1.396704555 0.100276589 -0.563999474 -0.219846502 0.789630771
1548339396.919740 -0.956853390 0.568167329 -1.414226294 0.100861698 -0.559082687 -0.220854104 0.792765439
1548339396.953270 -0.966928601 0.565836370 -1.408859015 0.100736275 -0.558848917 -0.221476763 0.792772472
1548339396.986770 -0.968992710 0.556044221 -1.416768312 0.099832535 -0.557152808 -0.221899137 0.793961585
1548339397.020270 -0.971988082 0.560756445 -1.427426696 0.101250581 -0.555910230 -0.220350355 0.795083582
1548339397.053770 -0.972910821 0.549941421 -1.421234608 0.101363070 -0.558058321 -0.219951764 0.793673515
1548339397.087280 -0.978210330 0.546238542 -1.424308300 0.101847976 -0.557691276 -0.217208415 0.794624448
1548339397.120760 -0.973646224 0.537335575 -1.438402176 0.101441272 -0.557252169 -0.215114832 0.795553446
1548339397.154270 -0.974078655 0.541659057 -1.437345982 0.103813320 -0.559265852 -0.211995140 0.794671357
1548339397.187790 -0.973078132 0.543223143 -1.435736656 0.105196111 -0.559874952 -0.208275303 0.795044184
1548339397.221310 -0.973200798 0.547556281 -1.433845878 0.106075048 -0.561095119 -0.204421371 0.795067489
1548339397.254830 -0.973705769 0.542694807 -1.443096161 0.105723836 -0.561587512 -0.203000560 0.795130670
1548339397.288340 -0.976627946 0.547010899 -1.453499317 0.106788769 -0.561921358 -0.200923279 0.795280099
1548339397.321840 -0.968628526 0.538378775 -1.456230283 0.105137691 -0.564096332 -0.199076161 0.794424355
1548339397.355370 -0.966526389 0.541515231 -1.457433581 0.106024072 -0.566577196 -0.197141007 0.793022454
1548339397.388890 -0.964356661 0.531263053 -1.467322707 0.104058564 -0.567510784 -0.196990266 0.792652607
1548339397.422410 -0.958715558 0.531977296 -1.477646232 0.103956699 -0.569590211 -0.196501851 0.791294575
1548339397.455920 -0.958316147 0.531901836 -1.489468098 0.103746161 -0.572269201 -0.197513685 0.789134443
1548339397.489600 -0.957925439 0.528800786 -1.491459846 0.103926152 -0.576560974 -0.199357137 0.785514832
1548339397.523130 -0.960795403 0.540963769 -1.490890384 0.105532236 -0.580690384 -0.199039102 0.782333136
1548339397.556640 -0.958040357 0.550826430 -1.502380013 0.107334025 -0.583269536 -0.200303882 0.779842556
1548339397.590160 -0.965677619 0.548057437 -1.508786082 0.107021935 -0.586526871 -0.202939823 0.776754797
1548339397.623670 -0.958603382 0.545540690 -1.525841951 0.106322542 -0.588103771 -0.204989016 0.775118709
1548339397.657190 -0.962398887 0.551749945 -1.510067105 0.107540160 -0.594606519 -0.205218211 0.769911468
1548339397.690700 -0.962424815 0.562311590 -1.520765662 0.110169694 -0.596211851 -0.206282213 0.768011570
1548339397.724200 -0.961555064 0.558281541 -1.527951241 0.108666532 -0.600020587 -0.207249418 0.764993191
1548339397.757720 -0.964487433 0.554371357 -1.521203756 0.107827775 -0.605752170 -0.207765922 0.760441184
1548339397.791250 -0.967673838 0.558781564 -1.523188233 0.108367749 -0.608824372 -0.207067251 0.758097947
1548339397.824770 -0.966901302 0.559354782 -1.521827102 0.107818328 -0.612406731 -0.205528691 0.755705774
1548339397.858280 -0.960518837 0.559556127 -1.524730682 0.107658170 -0.615493894 -0.204276308 0.753557026
1548339397.891780 -0.962722301 0.569375157 -1.529005170 0.109160326 -0.618278146 -0.203333959 0.751313150
1548339397.924990 -0.964480162 0.561321914 -1.530724764 0.109100431 -0.620706022 -0.204999372 0.748863459
1548339397.958510 -0.960463047 0.579294503 -1.535584927 0.111570321 -0.622750342 -0.203185752 0.747294903
1548339397.992020 -0.963442087 0.582409799 -1.525796890 0.112960592 -0.627237082 -0.204021886 0.743093967
1548339398.025540 -0.965255082 0.587357402 -1.516347051 0.114948794 -0.629305482 -0.205389231 0.740659595
1548339398.059050 -0.961833179 0.571188509 -1.525199890 0.111677505 -0.629398525 -0.209238082 0.740003467
1548339398.092720 -0.961252332 0.598267138 -1.534142137 0.115248092 -0.629050136 -0.209473401 0.739685595
1548339398.126270 -0.960070431 0.585490823 -1.534106851 0.112928100 -0.630761266 -0.214607060 0.737110138
1548339398.159790 -0.962974608 0.595899701 -1.541812181 0.113416180 -0.630026519 -0.217397839 0.736845672
1548339398.193340 -0.960073531 0.604306638 -1.527418494 0.114302337 -0.634888768 -0.220554337 0.731578469
1548339398.227020 -0.960979640 0.593793452 -1.528857827 0.111166574 -0.637090027 -0.225219160 0.728721261
1548339398.260540 -0.966047645 0.610147297 -1.537554979 0.112127431 -0.636844575 -0.227025434 0.728227973
1548339398.294050 -0.971755266 0.606165648 -1.525528550 0.109563090 -0.642113686 -0.229792058 0.723105550
1548339398.327570 -0.967922449 0.602569282 -1.525023937 0.107776627 -0.645028651 -0.232078195 0.720043063
1548339398.361080 -0.969194949 0.603882432 -1.521617532 0.106516361 -0.647023022 -0.233133644 0.718097687
1548339398.394930 -0.974735498 0.610734105 -1.525057673 0.104538091 -0.648262382 -0.233085096 0.717285931
1548339398.428530 -0.974196374 0.609947383 -1.516988754 0.104044363 -0.651250541 -0.234724477 0.714109182
1548339398.462050 -0.971721053 0.601003706 -1.516971707 0.102718532 -0.651483178 -0.237315491 0.713232100
1548339398.495600 -0.972078681 0.606862307 -1.520676732 0.101904199 -0.651304185 -0.237308130 0.713514745
1548339398.529120 -0.972251117 0.601786733 -1.528361678 0.101039223 -0.651096046 -0.240281820 0.712832212
1548339398.562650 -0.976416111 0.610130727 -1.517958522 0.102239691 -0.652031124 -0.240418792 0.711759269
1548339398.596170 -0.979676008 0.610691428 -1.523705006 0.101756349 -0.651153088 -0.242053166 0.712078333
1548339398.629680 -0.984440327 0.620303273 -1.517961860 0.103767194 -0.652360499 -0.242997199 0.710359454
1548339398.663200 -0.983762205 0.617224395 -1.523131728 0.103747703 -0.652314961 -0.244042352 0.710045755
1548339398.696720 -0.982394576 0.614783287 -1.531099439 0.102812521 -0.653158784 -0.243993700 0.709422529
1548339398.730180 -0.980446219 0.612355590 -1.539885283 0.102809913 -0.655787706 -0.245044410 0.706629992
1548339398.763690 -0.984020412 0.610321343 -1.526355386 0.104668915 -0.660346806 -0.246133596 0.701715648
1548339398.797200 -0.983674824 0.611449301 -1.533971429 0.103900045 -0.660790563 -0.244392619 0.702020645
1548339398.830660 -0.987575352 0.600465655 -1.539338946 0.101910211 -0.663947880 -0.244310796 0.699356675
1548339398.864230 -0.989877641 0.603417277 -1.529533148 0.103879869 -0.667728543 -0.242766410 0.695997238
1548339398.897760 -0.989347041 0.591466069 -1.545043349 0.100749001 -0.668320477 -0.240419313 0.696703672
1548339398.931330 -0.984729946 0.591383815 -1.545683026 0.101306796 -0.671847165 -0.237496689 0.694228828
1548339398.964850 -0.989033759 0.583020508 -1.529976845 0.100529395 -0.677802563 -0.234460473 0.689569294
1548339398.998290 -0.985011578 0.584527254 -1.534367204 0.102422565 -0.679608822 -0.231650248 0.688461840
1548339399.031880 -0.982866108 0.589433908 -1.543840051 0.104299292 -0.681313694 -0.228777140 0.687454998
1548339399.065440 -0.984018385 0.578567684 -1.539451122 0.103153773 -0.685374856 -0.226259232 0.684417605
1548339399.098840 -0.977570176 0.579720855 -1.581976652 0.105866984 -0.682203770 -0.227649927 0.686706483
1548339399.132360 -0.973740399 0.581788480 -1.581741095 0.107331812 -0.685640752 -0.226368859 0.683471859
1548339399.165870 -0.975248992 0.578110814 -1.582664847 0.108587183 -0.688385725 -0.227943331 0.679982185
1548339399.199800 -0.970897496 0.581077635 -1.586968660 0.109370448 -0.690256774 -0.228264540 0.677848816
1548339399.233320 -0.966524899 0.593825817 -1.599784136 0.110211156 -0.692668080 -0.229063004 0.674977422
1548339399.266830 -0.967717648 0.583555758 -1.590720892 0.108473010 -0.697110832 -0.232894063 0.669350803
1548339399.300350 -0.962193012 0.588770509 -1.597549796 0.107126236 -0.699343324 -0.234791696 0.666570187
1548339399.333860 -0.957347929 0.585304737 -1.612640738 0.103533447 -0.701864839 -0.238599926 0.663126409
1548339399.367380 -0.962635159 0.592546463 -1.603091002 0.102988802 -0.707087934 -0.241888255 0.656437337
1548339399.400550 -0.967061162 0.586376846 -1.594449997 0.100114748 -0.711533844 -0.245298252 0.650788367
1548339399.433990 -0.966524780 0.590808153 -1.590889692 0.101128250 -0.713880062 -0.249467060 0.646463156
1548339399.467400 -0.966961563 0.590017915 -1.599689603 0.100540824 -0.714387715 -0.253047019 0.644599855
1548339399.500910 -0.958204210 0.606686771 -1.625549436 0.101340987 -0.714615107 -0.255655289 0.643191695
1548339399.534430 -0.964689136 0.604053080 -1.590363026 0.103246301 -0.722456813 -0.261944413 0.631491482
1548339399.567870 -0.963778377 0.606337130 -1.586849809 0.102797501 -0.724648237 -0.265580535 0.627522588
1548339399.601430 -0.961971402 0.602080405 -1.589830399 0.102081597 -0.725291193 -0.271269828 0.624455512
1548339399.634970 -0.964850545 0.606624484 -1.583907604 0.102817811 -0.726130605 -0.275445551 0.621524394
1548339399.668460 -0.961417556 0.609314084 -1.585379243 0.102822721 -0.725540161 -0.279504031 0.620400310
1548339399.701970 -0.960241020 0.612209857 -1.588278651 0.101149268 -0.725636661 -0.281917512 0.619469821
1548339399.735500 -0.963563740 0.615307808 -1.572168112 0.100568324 -0.727934003 -0.283594042 0.616094589
1548339399.769020 -0.964682102 0.617111623 -1.568598866 0.098900646 -0.727639198 -0.283485532 0.616762340
1548339399.802550 -0.961975813 0.614269495 -1.572819948 0.095946111 -0.727886736 -0.283990473 0.616704702
1548339399.836050 -0.964096606 0.618738294 -1.571390390 0.095253237 -0.728653073 -0.285000831 0.615439713
1548339399.869570 -0.960884750 0.619955003 -1.573135853 0.095032677 -0.729003251 -0.286744803 0.614247918
1548339399.903080 -0.962527752 0.631037176 -1.572084188 0.095318429 -0.731424868 -0.286706239 0.611335933
1548339399.936590 -0.959723592 0.619449914 -1.569539785 0.094163805 -0.733800530 -0.290113270 0.607045531
1548339399.970110 -0.958574474 0.625539362 -1.566811562 0.095007688 -0.735348940 -0.290471524 0.604865193
1548339400.003620 -0.951326668 0.627812803 -1.580262184 0.094166622 -0.737091422 -0.291901529 0.602181375
1548339400.037130 -0.955822945 0.626701891 -1.568326831 0.095022902 -0.740507722 -0.295320839 0.596158206
1548339400.070650 -0.956449687 0.630985975 -1.567364216 0.094426423 -0.741709471 -0.295190454 0.594822109
1548339400.104150 -0.954364181 0.638598263 -1.568672299 0.095368519 -0.743626893 -0.296128720 0.591803789
1548339400.137660 -0.951563537 0.628639996 -1.572080255 0.094621457 -0.745811284 -0.300380051 0.587012947
1548339400.171000 -0.944458961 0.662721932 -1.570634365 0.100997835 -0.747031808 -0.299462020 0.584863603
1548339400.204480 -0.941561282 0.673727453 -1.573558927 0.102287427 -0.750533164 -0.300699532 0.579497278
1548339400.237960 -0.941137493 0.661433041 -1.566495061 0.101609550 -0.754790366 -0.305314809 0.571620345
1548339400.271470 -0.942394018 0.658378541 -1.564506650 0.101961419 -0.756497562 -0.308233768 0.567721009
1548339400.304990 -0.938512206 0.664839387 -1.569788218 0.102760240 -0.758078158 -0.309634477 0.564698398
1548339400.338500 -0.941654205 0.655632555 -1.568572402 0.103304289 -0.761458695 -0.314336836 0.557405829
1548339400.371970 -0.941017151 0.652588785 -1.572109103 0.104163714 -0.762509167 -0.315703541 0.555032432
1548339400.405480 -0.937752128 0.658052146 -1.580912948 0.105133392 -0.764277637 -0.315260887 0.552663743
1548339400.439050 -0.938071907 0.651982665 -1.582479835 0.105740830 -0.767355025 -0.316553384 0.547520876
1548339400.472570 -0.937520385 0.651281476 -1.581073761 0.105816759 -0.770553410 -0.315101385 0.543839395
1548339400.506030 -0.935762882 0.652054429 -1.584547877 0.106738687 -0.773486376 -0.314652652 0.539740145
1548339400.539550 -0.934598982 0.647791147 -1.581252098 0.107928462 -0.776685655 -0.314493179 0.534981191
1548339400.573060 -0.932495058 0.646390975 -1.583564639 0.108976454 -0.778442681 -0.313937336 0.532535791
1548339400.606620 -0.928700924 0.647156775 -1.585440040 0.110350534 -0.780857623 -0.313523203 0.528949380
1548339400.640140 -0.927889049 0.640853047 -1.577687025 0.110158019 -0.784291387 -0.312775373 0.524331748
1548339400.673660 -0.925617039 0.646256983 -1.581180215 0.110167645 -0.786009848 -0.310695827 0.522991121
1548339400.707390 -0.920900762 0.649073958 -1.586297989 0.109780163 -0.789110601 -0.310491949 0.518505037
1548339400.740910 -0.922925532 0.643909276 -1.582972765 0.109357804 -0.792381883 -0.311850637 0.512758195
1548339400.774200 -0.917824864 0.649502277 -1.590198278 0.109102309 -0.793915987 -0.311295509 0.510773122
1548339400.807720 -0.919312119 0.652508616 -1.588217974 0.107729115 -0.797954261 -0.311166435 0.504815578
1548339400.840820 -0.919151187 0.632642567 -1.580003858 -0.106018946 0.801767945 0.315280706 -0.496514082
1548339400.874340 -0.916689396 0.640599668 -1.586570024 -0.106670678 0.802529454 0.315605998 -0.494935006
1548339400.908250 -0.912866771 0.643887579 -1.589620233 -0.106053866 0.804773688 0.316512555 -0.490827501
1548339400.941760 -0.914265037 0.638867736 -1.587471247 -0.105117910 0.807010055 0.318574935 -0.485999048
1548339400.975280 -0.911888719 0.637966096 -1.585601687 -0.104906686 0.808178842 0.319802284 -0.483288795
1548339401.008820 -0.907721281 0.643800318 -1.590033889 -0.104920767 0.809268057 0.320731342 -0.480841190
1548339401.042330 -0.905212998 0.635659516 -1.585263371 -0.103741400 0.811495543 0.322301418 -0.476271451
1548339401.075860 -0.908341169 0.642823935 -1.585947275 -0.104801923 0.811789989 0.323380560 -0.474803716
1548339401.109380 -0.905402958 0.643576264 -1.584665537 -0.105012156 0.812394202 0.324804693 -0.472747326
1548339401.142870 -0.903873682 0.641140878 -1.584499598 -0.105170064 0.812077224 0.327161968 -0.471630067
1548339401.176390 -0.904151320 0.638895810 -1.585655212 -0.105247378 0.810990334 0.328940243 -0.472245634
1548339401.209910 -0.902422488 0.641078591 -1.586020470 -0.105349325 0.809892416 0.329180181 -0.473936856
1548339401.243440 -0.902616501 0.641237676 -1.584820509 -0.105548874 0.809126735 0.329394549 -0.475050122
1548339401.277000 -0.900003314 0.637564600 -1.579636931 -0.105555758 0.807791948 0.329230696 -0.477427870
1548339401.310520 -0.899440408 0.642794251 -1.576597452 -0.105218992 0.806196690 0.327178806 -0.481590986
1548339401.344030 -0.898632526 0.639862180 -1.573338866 -0.104605943 0.804588437 0.327693999 -0.484057516
1548339401.377550 -0.900175810 0.635892749 -1.565426230 -0.102859810 0.802350521 0.326739907 -0.488768399
1548339401.411140 -0.899189830 0.642189324 -1.569588304 -0.103368640 0.798596263 0.325950712 -0.495292902
1548339401.444680 -0.900733888 0.635709345 -1.562356710 -0.102138340 0.796050072 0.325745016 -0.499762177
1548339401.478180 -0.901568830 0.640489280 -1.556744814 0.100838684 -0.793340683 -0.322638869 0.506306529
1548339401.511690 -0.904280305 0.639738500 -1.554597855 0.100709930 -0.789820433 -0.321602970 0.512457609
1548339401.545180 -0.906052351 0.641410649 -1.560033798 0.102623299 -0.785005212 -0.320921302 0.519850791
1548339401.578640 -0.909276545 0.638956666 -1.550873280 0.101324998 -0.782352924 -0.317066908 0.526427329
1548339401.612160 -0.908076048 0.634857595 -1.550019383 0.101868011 -0.778894484 -0.314931244 0.532695532
1548339401.645730 -0.915057778 0.633166373 -1.544309735 0.101572894 -0.776221216 -0.311059475 0.538892865
1548339401.679190 -0.918324172 0.616450489 -1.539193630 0.100937299 -0.773427963 -0.310448021 0.543362558
1548339401.712700 -0.923049808 0.623864949 -1.531941652 0.101952672 -0.770829022 -0.305596679 0.549580634
1548339401.746210 -0.923074126 0.623171628 -1.531928420 0.102591753 -0.766285598 -0.301873088 0.557811797
1548339401.779720 -0.926239371 0.619912207 -1.528880954 0.103129417 -0.763263762 -0.298993945 0.563378453
1548339401.813210 -0.926662147 0.614038587 -1.526313424 0.104086630 -0.759384394 -0.296158791 0.569904625
1548339401.846710 -0.927613974 0.601934195 -1.522133708 0.105193205 -0.754812896 -0.294454426 0.576618135
1548339401.880200 -0.929439306 0.618870199 -1.528791189 0.107491836 -0.748795688 -0.288651466 0.586882293
1548339401.913710 -0.931854665 0.607419848 -1.520961523 0.107020721 -0.746699572 -0.286501110 0.590680540
1548339401.947230 -0.935980916 0.600377619 -1.514391899 0.106676601 -0.743355393 -0.283139855 0.596552312
1548339401.980740 -0.937020302 0.603455544 -1.512454271 0.107515290 -0.739164770 -0.278645992 0.603682280
1548339402.014260 -0.939701736 0.591502190 -1.503418088 0.107145362 -0.735941827 -0.275855362 0.608944416
1548339402.047760 -0.944118679 0.591512740 -1.503146410 0.108373359 -0.731003761 -0.272242814 0.616256833
1548339402.081280 -0.945380032 0.599199712 -1.500464678 0.110697381 -0.726183951 -0.267528832 0.623563349
1548339402.114800 -0.943080962 0.588831246 -1.502874613 0.111656904 -0.720405042 -0.265831620 0.630779624
1548339402.148300 -0.948911786 0.590729535 -1.500271320 0.112506576 -0.716754317 -0.261507720 0.636568367
1548339402.181810 -0.946895897 0.574604630 -1.483770132 0.112253346 -0.714862227 -0.259365290 0.639609873
1548339402.215330 -0.946513712 0.580092072 -1.494948387 0.114663944 -0.705418766 -0.254683137 0.651439190
1548339402.248870 -0.943325937 0.574416161 -1.501588345 0.115070261 -0.700354278 -0.252393752 0.657693028
1548339402.282360 -0.945309341 0.570909500 -1.489131927 0.116810642 -0.698433995 -0.250063956 0.660313010
1548339402.315870 -0.950397551 0.566570759 -1.485681176 0.117989250 -0.693316579 -0.247119457 0.666575313
1548339402.348790 -0.948733628 0.560367584 -1.491245866 0.118344866 -0.689498901 -0.245122999 0.671193361
1548339402.382310 -0.953892052 0.564532399 -1.484482646 0.121324144 -0.687288463 -0.242854148 0.673748374
1548339402.415820 -0.950316250 0.565110862 -1.484474897 0.124142207 -0.683015764 -0.240628570 0.678362787
1548339402.449340 -0.951868713 0.558485031 -1.485620975 0.124745317 -0.678195059 -0.238554344 0.683799624
1548339402.482860 -0.951635361 0.547290623 -1.477334976 0.125451937 -0.675526261 -0.237594202 0.686640382
1548339402.516450 -0.955473661 0.544695139 -1.475836635 0.126972482 -0.670252502 -0.235822454 0.692117989
1548339402.549970 -0.946780086 0.544995666 -1.480265856 0.127829015 -0.664983153 -0.233049318 0.697957814
1548339402.583400 -0.953600049 0.540038705 -1.456988692 0.128587857 -0.663384736 -0.231035769 0.700005949
1548339402.616920 -0.957829952 0.540459156 -1.447931170 0.129160672 -0.655741453 -0.226723656 0.708461046
1548339402.650510 -0.954670370 0.538383305 -1.465648651 0.127635375 -0.647032678 -0.224487424 0.717400372
1548339402.684320 -0.956006050 0.535206199 -1.456088305 0.126912028 -0.643035412 -0.222974628 0.721582413
1548339402.717830 -0.960550010 0.539216757 -1.443449378 0.127391264 -0.637945354 -0.220179379 0.726855040
1548339402.751350 -0.952881813 0.534623802 -1.457371831 0.124900930 -0.629680157 -0.218310475 0.735012352
1548339402.784870 -0.960070372 0.533442497 -1.448276877 0.122551933 -0.626361787 -0.216001257 0.738915026
1548339402.818430 -0.965657353 0.529598415 -1.434220314 0.120519988 -0.620066106 -0.212893859 0.745432198
1548339402.851950 -0.964677930 0.525188327 -1.438814044 0.117528692 -0.613048851 -0.210621163 0.752327621
1548339402.885470 -0.965059280 0.521435797 -1.430946827 0.116688497 -0.608543575 -0.209369957 0.756454051
1548339402.918970 -0.972194910 0.523365736 -1.434274912 0.116070829 -0.600624621 -0.206553653 0.763618529
1548339402.952490 -0.974877417 0.520481050 -1.429652452 0.114822567 -0.596182048 -0.204275966 0.767889380
1548339402.986000 -0.978381455 0.522352576 -1.423256874 0.116127290 -0.592902243 -0.203775346 0.770361602
1548339403.019520 -0.977607131 0.516589761 -1.414285660 0.116829529 -0.587690830 -0.203148127 0.774403751
1548339403.053050 -0.983992636 0.520049334 -1.417722583 0.116559237 -0.580494285 -0.200143501 0.780629873
1548339403.086570 -0.986468375 0.527906358 -1.417566538 0.117715172 -0.576511204 -0.198505864 0.783819795
1548339403.120110 -0.986083925 0.525024116 -1.403632641 0.117183790 -0.574584007 -0.196762845 0.785751581
1548339403.153600 -0.987859428 0.524988651 -1.404348135 0.116146006 -0.569934368 -0.194712102 0.789792418
1548339403.187120 -0.992727399 0.515236855 -1.389917970 0.113659978 -0.568394423 -0.193428025 0.791577458
1548339403.220630 -0.998451412 0.521333039 -1.383325934 0.114194989 -0.562873900 -0.189828739 0.796302378
1548339403.254130 -0.999727190 0.517686903 -1.370031953 0.112660930 -0.561678469 -0.187086612 0.798012137
1548339403.287560 -1.005528331 0.516422153 -1.353445411 0.114377178 -0.559987366 -0.186652690 0.799057424
1548339403.321030 -1.010553002 0.514579594 -1.356818914 0.115244672 -0.550828099 -0.184649572 0.805736661
1548339403.354590 -1.015124917 0.520137131 -1.351053715 0.116946571 -0.548914254 -0.182827502 0.807211697
1548339403.388200 -1.017246008 0.516930997 -1.341289401 0.119494691 -0.548850000 -0.185238138 0.806332111
1548339403.421870 -1.022753596 0.514811516 -1.337917089 0.122666247 -0.546135366 -0.188162282 0.807021797
1548339403.455480 -1.026771307 0.519225597 -1.333448410 0.126608193 -0.543746769 -0.189082652 0.807810366
1548339403.489000 -1.030947924 0.523321331 -1.328411460 0.131024092 -0.542428434 -0.191206828 0.807492375
1548339403.522510 -1.033949614 0.525989890 -1.322548032 0.135271505 -0.539717495 -0.192965463 0.808189929
1548339403.555930 -1.034184337 0.522670269 -1.319608688 0.137473837 -0.536274552 -0.193870157 0.809891939
1548339403.589080 -1.040095687 0.523675382 -1.319515347 0.139697507 -0.534221411 -0.195577592 0.810457587
1548339403.622570 -1.035952926 0.519620061 -1.303016663 0.142046332 -0.532828629 -0.197331890 0.810540974
1548339403.656080 -1.040699124 0.522566080 -1.307070851 0.141806319 -0.528164744 -0.196002051 0.813951015
1548339403.689600 -1.045086741 0.524426341 -1.305421114 0.141842008 -0.526716292 -0.196220294 0.814830244
1548339403.723140 -1.048157096 0.517218471 -1.297766685 0.140444338 -0.525161624 -0.196771115 0.815942287
1548339403.757030 -1.052008748 0.522309124 -1.289194345 0.140021116 -0.520967185 -0.194117367 0.819332480
1548339403.790540 -1.055405021 0.519690216 -1.286598444 0.136366889 -0.516573668 -0.190819055 0.823494852
1548339403.824060 -1.059468985 0.509010434 -1.278380275 0.132146895 -0.514561355 -0.188859314 0.825891018
1548339403.857000 -1.056547523 0.500548899 -1.259729385 0.128480062 -0.512973189 -0.184690505 0.828396499
1548339403.890460 -1.063337564 0.495616913 -1.259496331 0.124364153 -0.507880330 -0.179296717 0.833332956
1548339403.923970 -1.071316957 0.488121569 -1.255084276 0.121249340 -0.504395545 -0.176123068 0.836578965
1548339403.957490 -1.072155952 0.486769289 -1.246759534 0.119982108 -0.500125587 -0.171644270 0.840248168
1548339403.991010 -1.076673746 0.474097669 -1.240437388 0.117120244 -0.494419873 -0.167558759 0.844840765
1548339404.024520 -1.087807775 0.471049845 -1.243056774 0.115794085 -0.488558143 -0.162781879 0.849355459
1548339404.058100 -1.093564153 0.459559560 -1.242262244 0.114013016 -0.485562980 -0.159895197 0.851858675
1548339404.091630 -1.095155716 0.453330338 -1.233188629 0.114678338 -0.483176678 -0.156492487 0.853756011
1548339404.125210 -1.101648569 0.451312870 -1.228728771 0.115992635 -0.480685323 -0.152660221 0.855676472
1548339404.158730 -1.101211905 0.443312824 -1.228091002 0.117122822 -0.478285104 -0.150136352 0.857312500
1548339404.192270 -1.102003694 0.442312568 -1.224048853 0.119400188 -0.476350576 -0.147363290 0.858555675
1548339404.225780 -1.111542702 0.439397603 -1.227572441 0.121139273 -0.473157018 -0.144900218 0.860495031
1548339404.259300 -1.109569192 0.431004137 -1.216782689 0.122634105 -0.474530011 -0.142980993 0.859848022
1548339404.292810 -1.113532066 0.431264549 -1.217804909 0.125425234 -0.474279940 -0.141163483 0.859883666
1548339404.326330 -1.116357803 0.426056892 -1.218571067 0.127831191 -0.475268304 -0.141935706 0.858855903
1548339404.359870 -1.109803200 0.423352212 -1.212395430 0.130735472 -0.476436138 -0.142046019 0.857752740
1548339404.393440 -1.117591381 0.428636342 -1.215155482 0.133627102 -0.474626660 -0.140755743 0.858522654
1548339404.426960 -1.117991805 0.425504267 -1.215090513 0.135311782 -0.475599498 -0.142116174 0.857495666
1548339404.460390 -1.117204428 0.422859520 -1.212079048 0.136801675 -0.474930882 -0.143055379 0.857473671
1548339404.493910 -1.117349744 0.422203511 -1.209773183 0.137946814 -0.474048108 -0.143493518 0.857705474
1548339404.527410 -1.119254470 0.423263550 -1.206057787 0.139264300 -0.473075509 -0.143944725 0.857953906
1548339404.561050 -1.114650249 0.421101630 -1.207271934 0.140004247 -0.470447421 -0.145223379 0.859062433
1548339404.594610 -1.119272113 0.423276067 -1.197843194 0.140236944 -0.466984868 -0.143328190 0.861229181
1548339404.628120 -1.119160652 0.424130380 -1.197522759 0.140080705 -0.464973837 -0.144425467 0.862158895
1548339404.661640 -1.120819211 0.425546706 -1.192331314 0.139828146 -0.462482810 -0.145468876 0.863363504
1548339404.695150 -1.122763395 0.431825191 -1.191308498 0.139358357 -0.457920909 -0.145766571 0.865817428
1548339404.728630 -1.129354954 0.434570849 -1.192332625 0.137920439 -0.456824481 -0.147509351 0.866331577
1548339404.762130 -1.120046258 0.437751204 -1.181237102 0.137939751 -0.457834035 -0.151467562 0.865111649
1548339404.795650 -1.128066301 0.441162437 -1.182255149 0.135954142 -0.453562379 -0.152329534 0.867521405
1548339404.829160 -1.132191062 0.444532216 -1.182040215 0.134284750 -0.452941269 -0.154108733 0.867791653
1548339404.862660 -1.128549695 0.444936305 -1.175070286 0.133667096 -0.453170091 -0.157474384 0.867163062
1548339404.896180 -1.130077839 0.446545184 -1.170279980 0.132304385 -0.450726926 -0.157369643 0.868663132
1548339404.929700 -1.134944320 0.451189935 -1.169448376 0.131325468 -0.449776828 -0.156964600 0.869377077
1548339404.963210 -1.130560756 0.442210555 -1.167544127 0.129573181 -0.449030519 -0.159588829 0.869548023
1548339404.996730 -1.131817698 0.451020956 -1.157721281 0.130341962 -0.443436116 -0.158150449 0.872561634
1548339405.030240 -1.132019281 0.457492918 -1.151953578 0.130419090 -0.438902706 -0.157489806 0.874958396
1548339405.063730 -1.125982165 0.455469340 -1.142388940 0.129491955 -0.436997890 -0.158926681 0.875789344
1548339405.097200 -1.131978989 0.449532747 -1.141600847 0.127910003 -0.431904942 -0.162065431 0.877970338
1548339405.130710 -1.137832522 0.452188075 -1.143381476 0.127650023 -0.426859498 -0.164315805 0.880054951
1548339405.164140 -1.137511969 0.453657776 -1.138313174 0.127546042 -0.425365627 -0.166595519 0.880364716
1548339405.197620 -1.137175202 0.453741819 -1.134296775 0.127896890 -0.424767256 -0.169516683 0.880045056
1548339405.231140 -1.139085412 0.455435693 -1.136011362 0.128770396 -0.423497736 -0.171125531 0.880218089
1548339405.264660 -1.140139103 0.455442041 -1.135284662 0.129556149 -0.423050731 -0.171139479 0.880315065
1548339405.298170 -1.142798305 0.457032144 -1.135659218 0.130524874 -0.423229396 -0.169905961 0.880325019
1548339405.331690 -1.140914083 0.452742934 -1.137749791 0.130513802 -0.424301416 -0.168168187 0.880144298
1548339405.365180 -1.138786912 0.451047570 -1.136575580 0.130600408 -0.425644338 -0.165316030 0.880023360
1548339405.398530 -1.141458273 0.454351932 -1.134153485 0.131252050 -0.427012235 -0.161594078 0.879954994
1548339405.432040 -1.142048597 0.453454435 -1.137392640 0.130640328 -0.428132117 -0.158693358 0.880029798
1548339405.465730 -1.136807323 0.444427967 -1.137027264 0.128851563 -0.430137724 -0.156701490 0.879672348
1548339405.499270 -1.140043139 0.447137177 -1.140309811 0.128511906 -0.430724502 -0.153020933 0.880082786
1548339405.532800 -1.145360112 0.449386179 -1.142900825 0.128012463 -0.433195144 -0.150067955 0.879451156
1548339405.566370 -1.135496497 0.439141095 -1.142404795 0.126056999 -0.438052624 -0.148490682 0.877593338
1548339405.599920 -1.136167765 0.440597743 -1.142503023 0.126601666 -0.440785140 -0.145649090 0.876622379
1548339405.633440 -1.136925101 0.429967999 -1.145319462 0.124909304 -0.443770051 -0.143488333 0.875715137
1548339405.667370 -1.139177680 0.431718260 -1.149471998 0.125751376 -0.446093142 -0.139860213 0.875000894
1548339405.700950 -1.136324525 0.432655901 -1.151017666 0.127115801 -0.449185371 -0.137098283 0.873657942
1548339405.734490 -1.134068012 0.429875284 -1.151958466 0.127953783 -0.452375621 -0.134698823 0.872261643
1548339405.768040 -1.133553267 0.425141484 -1.154892087 0.128341004 -0.454360276 -0.133081198 0.871421099
1548339405.801560 -1.131288886 0.424539536 -1.159260631 0.129436150 -0.456846178 -0.132516265 0.870044410
1548339405.835050 -1.129804254 0.424903333 -1.158590913 0.130862713 -0.459430099 -0.132588461 0.868457973
1548339405.868590 -1.130568147 0.425189078 -1.158029437 0.131665468 -0.461133242 -0.132288143 0.867479205
1548339405.902130 -1.127234459 0.423325539 -1.159544706 0.132068440 -0.463342965 -0.132886559 0.866148055
1548339405.935670 -1.128837109 0.425744206 -1.162628174 0.133095577 -0.463996112 -0.133551300 0.865538716
1548339405.969190 -1.123247027 0.421480089 -1.160823464 0.132922634 -0.465208292 -0.134137869 0.864823580
1548339406.002700 -1.124541640 0.418780684 -1.165917397 0.132501677 -0.463893324 -0.134841606 0.865484834
1548339406.036230 -1.124022126 0.423078299 -1.162847042 0.133335844 -0.464049488 -0.134777561 0.865283012
1548339406.069750 -1.124144077 0.424639940 -1.163726091 0.133425802 -0.463865697 -0.135330558 0.865281343
1548339406.103260 -1.123918056 0.424099088 -1.162541151 0.133195579 -0.464041710 -0.136769682 0.864996135
1548339406.136800 -1.125383377 0.422106415 -1.162918091 0.132755712 -0.463809848 -0.138874561 0.864852726
1548339406.170310 -1.126731753 0.427608371 -1.164647341 0.133391306 -0.463219047 -0.139988840 0.864891887
1548339406.203810 -1.127357244 0.424176246 -1.166357040 0.132549748 -0.463348895 -0.142217413 0.864588141
1548339406.237320 -1.132364273 0.431543499 -1.168044806 0.133565083 -0.463267535 -0.143007502 0.864345074
1548339406.270840 -1.131009102 0.429213345 -1.170371056 0.133225381 -0.464555413 -0.145004898 0.863372982
1548339406.304340 -1.127879381 0.429500103 -1.169155478 0.133557260 -0.465651989 -0.146696046 0.862444758
1548339406.337860 -1.130771160 0.437021613 -1.167106986 0.134797230 -0.466811419 -0.147036761 0.861566603
1548339406.371320 -1.129024982 0.440332443 -1.169531345 0.135542467 -0.468417466 -0.149107292 0.860221088
1548339406.404710 -1.137262106 0.441640198 -1.176224232 0.135368273 -0.468826115 -0.151036724 0.859689116
1548339406.438220 -1.138673186 0.451224118 -1.179109573 0.137250364 -0.471477717 -0.153918013 0.857426584
1548339406.471550 -1.132884741 0.450927913 -1.177069783 0.137661546 -0.474462539 -0.158288151 0.854914904
1548339406.505070 -1.134121299 0.453650385 -1.181791782 0.137694791 -0.475452125 -0.161237657 0.853807867
1548339406.538550 -1.132039309 0.457770735 -1.183570147 0.138231874 -0.477778643 -0.165159807 0.851669967
1548339406.572040 -1.130833864 0.459190190 -1.183677673 0.137745753 -0.479895025 -0.167934671 0.850014567
1548339406.605420 -1.132098436 0.463350594 -1.188959002 0.137161195 -0.481200337 -0.170441389 0.848871469
1548339406.638870 -1.130546927 0.460584491 -1.188200116 0.135083035 -0.483994454 -0.172906920 0.847115755
1548339406.672390 -1.127101541 0.464614809 -1.189754367 0.134836316 -0.485797375 -0.174886972 0.845715463
1548339406.705970 -1.122375846 0.458058119 -1.188302398 0.132008910 -0.487180173 -0.176471129 0.845036685
1548339406.739650 -1.129918218 0.458814204 -1.193587184 0.130196378 -0.486849606 -0.176649839 0.845471025
1548339406.773000 -1.128655672 0.464590847 -1.194045305 0.129958600 -0.488384098 -0.177217796 0.844503164
1548339406.806450 -1.127891660 0.462727338 -1.193925619 0.128578603 -0.489593565 -0.177476645 0.843959570
1548339406.839950 -1.127452731 0.458951741 -1.198498726 0.127193004 -0.490125835 -0.178478390 0.843649268
1548339406.873450 -1.127364635 0.461801589 -1.195539236 0.127665520 -0.491104364 -0.178677887 0.842966318
1548339406.906970 -1.126327276 0.461537808 -1.196791887 0.127551049 -0.491892785 -0.178960547 0.842463851
1548339406.940490 -1.126172304 0.462864816 -1.196223736 0.128019914 -0.492786109 -0.178620070 0.841942787
