1548265919.500970 0.0000000 0.0000000 0.0000000 0.0000000 0.0000000 0.0000000 1.0000000
1548265919.634760 -0.1000281 0.0189775 0.0068953 0.0035951 0.0195086 0.0138875 0.9997067
1548265919.668010 -0.0000264 0.0182465 -0.0132934 0.0046461 -0.0041205 0.0159176 0.9998540
1548265919.967550 0.0233838 0.0610104 -0.0437041 0.0221546 0.0257197 0.0607293 0.9975769
1548265920.403610 0.0525961 0.0187523 -0.0766300 0.0331260 0.0541665 0.0978990 0.9931689
1548265920.638420 0.0045592 0.0137013 -0.0856959 0.0459774 0.0800552 0.1079193 0.9898640
1548265921.040400 0.0094929 -0.0226009 -0.0911600 0.0436364 0.1106673 0.1179490 0.9858685
1548265921.274870 0.0156300 0.0025802 -0.0861119 0.0370314 0.1408676 0.1242647 0.9815005
1548265921.576290 0.0270734 0.0153903 -0.0668424 0.0213483 0.1919806 0.1460436 0.9702365
1548265921.911420 0.0341966 0.0299958 -0.0674114 0.0286025 0.2415491 0.1670480 0.9554741
1548265922.078920 0.0576962 0.0602184 -0.0761653 0.0275129 0.2650877 0.1840932 0.9460874
1548265922.246470 0.0729460 0.0722078 -0.0557746 0.0151590 0.2936565 0.1969486 0.9352793
1548265922.548130 0.0800241 0.0882709 -0.0393164 0.0026802 0.3297871 0.2124923 0.9198263
1548265922.682210 0.0839188 0.1065030 -0.0490272 0.0018209 0.3527086 0.2196935 0.9095758
1548265922.849690 0.0743917 0.1122397 -0.0525851 0.0060473 0.3735309 0.2318029 0.8981678
1548265923.185220 0.0798077 0.1193063 -0.0614217 0.0034690 0.4072687 0.2458080 0.8796014
1548265923.621060 0.1312638 0.0856123 -0.0858109 0.0088137 0.4606069 0.2855113 0.8403850
1548265923.922300 0.1725056 0.0776306 -0.0871044 0.0121774 0.5068791 0.3009506 0.8076844
1548265924.257630 0.2346901 0.0524477 -0.0672342 0.0020045 0.5456156 0.3187971 0.7750278
1548265924.592790 0.3515553 0.0343983 -0.0482558 -0.0182313 0.5788091 0.3529878 0.7348790
1548265924.894020 0.4394399 0.0413654 -0.0284476 -0.0260298 0.6292003 0.3641856 0.6861474
1548265925.396750 0.4658509 0.1615757 -0.0934819 -0.0460358 0.7000055 0.3958915 0.5925731
1548265926.134220 0.4713619 0.2305024 -0.0807688 -0.0804622 0.7739838 0.4113559 0.4746169
1548265926.805190 0.4925949 0.3004253 -0.0653909 -0.1067140 0.8077344 0.4103260 0.4096461
1548265927.073220 0.5416913 0.3559327 -0.0619549 -0.1167618 0.8089325 0.4259007 0.3880768
1548265927.508770 0.6331698 0.3941897 -0.1123844 -0.1242600 0.8257449 0.4226521 0.3522358
1548265927.810380 0.6961095 0.4303565 -0.1855962 -0.1157044 0.8381920 0.4331699 0.3105003
1548265928.111780 0.7679658 0.4660226 -0.2523898 -0.1155727 0.8460003 0.4412557 0.2760794
1548265928.413320 0.8493419 0.4886267 -0.3277737 -0.1182822 0.8514141 0.4422694 0.2559317
1548265928.614420 0.8784929 0.4896192 -0.3878933 -0.1172726 0.8615232 0.4371511 0.2300517
1548265928.849240 0.8905501 0.5216191 -0.4377120 -0.1128019 0.8712029 0.4439896 0.1765060
1548265929.218050 0.9992535 0.5834622 -0.4630259 -0.1076523 0.8670608 0.4588424 0.1614937
1548265929.486110 1.0958112 0.6116106 -0.4848712 -0.1293373 0.8648602 0.4513286 0.1777393
1548265929.988800 1.2504803 0.7779626 -0.5986806 -0.1294947 0.8499650 0.4713701 0.1964710
1548265930.659020 1.3893696 0.9681016 -0.7009122 -0.1379545 0.8075419 0.5010030 0.2789993
1548265931.262270 1.4761405 1.0202093 -0.6521074 -0.1435599 0.7560400 0.5098945 0.3844498
1548265931.630880 1.5468763 1.0316626 -0.5806141 -0.1592462 0.7087663 0.5119431 0.4584814
1548265932.200420 1.5832821 0.9571197 -0.5554562 -0.1358218 0.6771787 0.5047330 0.5179054
1548265932.870660 1.5910311 0.8115899 -0.5025754 -0.1346833 0.6512452 0.4739023 0.5771973
1548265933.138810 1.5736614 0.7549701 -0.4638719 -0.1255685 0.6297194 0.4528219 0.6185777
1548265933.842710 1.5481939 0.6355277 -0.4271408 -0.0958305 0.5718526 0.4291287 0.6925675
1548265934.345800 1.4866211 0.5563431 -0.4140787 -0.0544888 0.5202255 0.3920183 0.7567813
1548265934.915610 1.4405825 0.4913545 -0.3873283 -0.0350764 0.4569632 0.3517173 0.8162409
1548265935.116700 1.3922881 0.5011160 -0.3545578 -0.0281945 0.4335941 0.3324294 0.8370734
1548265935.987990 1.3156663 0.4964273 -0.2647779 -0.0258808 0.3949543 0.2956781 0.8694341
1548265936.155570 1.2737747 0.5018611 -0.2435283 -0.0204383 0.3745067 0.2652272 0.8882464
1548265936.390180 1.2361752 0.4869382 -0.2207616 -0.0150269 0.3517288 0.2416651 0.9042450
1548265936.624820 1.1830119 0.4925620 -0.1912328 -0.0132510 0.3218350 0.2241094 0.9197943
1548265936.893060 1.1527567 0.4993801 -0.1296382 -0.0364831 0.2699535 0.2043092 0.9402403
1548265937.295240 1.1572016 0.5076826 -0.1074235 -0.0338559 0.2514494 0.2024329 0.9458583
