1341846647.802247 0.000000000 0.000000000 0.000000000 0.000000000 0.000000000 0.000000000 1.000000000
1341846647.834093 0.002566115 -0.003393692 -0.000100875 0.000204184 -0.000020039 0.001285632 0.999999166
1341846647.866652 0.006718220 -0.005166127 -0.006841129 0.001239082 0.001909942 0.003494329 0.999991298
1341846647.901972 0.011918627 0.004621548 -0.003060343 0.002687482 0.003513211 0.003404155 0.999984443
1341846647.934224 0.007809726 0.000009725 -0.007860014 0.000680020 0.004327851 0.003962373 0.999982536
1341846647.970225 0.011885727 -0.002452385 -0.002182024 -0.000225918 0.002120735 0.003833842 0.999990344
1341846648.002341 0.013569822 0.002781769 -0.005365119 -0.000151756 0.001180582 0.003856126 0.999991834
1341846648.034343 0.012457051 0.003479474 -0.004815470 -0.002508767 0.000228341 0.003627943 0.999990225
1341846648.070164 0.017708544 -0.002356494 -0.003977717 -0.004662531 -0.003520861 0.004364180 0.999973416
1341846648.102152 0.024943529 -0.004112653 -0.004997824 -0.004025588 -0.007899333 0.005714108 0.999944389
1341846648.138185 0.026748970 -0.001875130 -0.009247934 -0.004386959 -0.009458249 0.005527207 0.999930382
1341846648.170568 0.016100949 -0.001356281 -0.011626177 -0.007375235 -0.009102873 0.003939954 0.999923587
1341846648.202106 0.023995884 -0.003170060 -0.012947395 -0.008705057 -0.014991351 0.004444534 0.999839842
1341846648.238157 0.021644497 -0.008051027 -0.012528080 -0.008878714 -0.019404907 0.004843225 0.999760568
1341846648.270152 0.031118063 0.005361804 -0.020316573 -0.008692265 -0.026259879 0.002189743 0.999614954
1341846648.302183 0.030507956 0.003883396 -0.022481687 -0.014412929 -0.030728582 -0.002840490 0.999419808
1341846648.338170 0.032892991 -0.007501991 -0.022274192 -0.019734254 -0.036021158 -0.005958035 0.999138415
1341846648.370216 0.025480531 -0.005383805 -0.039637223 -0.020347696 -0.040752582 -0.007123798 0.998936653
1341846648.406052 0.026523529 -0.008150096 -0.021536632 -0.022867000 -0.052477524 -0.004568841 0.998349786
1341846648.438342 0.035852693 -0.014846970 -0.026347892 -0.024204837 -0.058771290 -0.002541289 0.997974753
1341846648.470076 0.055769902 -0.006916181 -0.013491412 -0.023845697 -0.067344196 -0.001497614 0.997443676
1341846648.506263 0.055571243 -0.007783507 -0.016262956 -0.026967617 -0.072988056 -0.001542263 0.996966958
1341846648.538249 0.062217247 -0.006344899 -0.019385081 -0.029824160 -0.080546468 -0.002577794 0.996301234
1341846648.570179 0.082519181 -0.013949888 -0.009428871 -0.034548014 -0.086681835 -0.002974978 0.995632410
1341846648.606081 0.111786813 -0.003154473 -0.004355529 -0.034663092 -0.096691340 -0.004685153 0.994699597
1341846648.638395 0.074694239 -0.018943533 -0.010163893 -0.036658846 -0.098982871 -0.007905021 0.994382262
1341846648.674053 0.110613063 -0.026861073 0.000232527 -0.037625577 -0.109204642 -0.005678969 0.993290663
1341846648.706058 0.103711568 -0.021380313 -0.008207448 -0.037830830 -0.115055658 -0.002745638 0.992634654
1341846648.738116 0.116460703 -0.030440582 0.015981482 -0.040034637 -0.126899973 -0.003075265 0.991102517
1341846648.774049 0.128777564 -0.040648527 0.001347482 -0.038378879 -0.129825726 -0.005517241 0.990778446
1341846648.805941 0.140111744 -0.031189306 0.006127939 -0.035597119 -0.134928808 -0.001102345 0.990215063
1341846648.838602 0.138278946 -0.040471055 0.000458929 -0.037606608 -0.142163381 0.000837153 0.989128232
1341846648.874088 0.148150817 -0.033812635 0.011732779 -0.038789470 -0.146982267 0.000724633 0.988377988
1341846648.906165 0.137600392 -0.049952731 -0.004781377 -0.044215079 -0.147310317 0.001263812 0.988100767
1341846648.942154 0.133818030 -0.037094995 0.039355267 -0.045383513 -0.163213179 0.020039303 0.985342681
1341846648.974090 0.189173788 -0.024156850 0.028896695 -0.042861510 -0.185667038 0.008840593 0.981637657
1341846649.006157 0.189941570 -0.074461319 0.004253109 -0.054393586 -0.187242925 0.003194728 0.980801284
1341846649.042101 0.325920403 -0.151027009 0.103345118 -0.071532995 -0.226024851 0.013703724 0.971394897
1341846649.074128 0.272603899 -0.083027475 0.034544755 -0.057736836 -0.218354911 0.001479896 0.974158823
1341846649.106188 0.278260916 -0.084034927 0.038879625 -0.059654851 -0.219527066 -0.010172112 0.973727703
1341846649.142042 0.281913638 -0.085287824 0.042194910 -0.062033083 -0.222467929 -0.016154464 0.972830355
1341846649.174442 0.301835418 -0.100636616 0.050575696 -0.067790106 -0.232029185 -0.009471787 0.970297515
1341846649.216152 0.281307489 -0.066271789 0.043928713 -0.060961172 -0.228120521 -0.025328033 0.971392393
1341846649.248048 0.305400074 -0.111400604 0.046124663 -0.072401568 -0.231156722 -0.012450523 0.970138907
1341846649.280075 0.316381007 -0.096503489 0.044504996 -0.074038513 -0.234896675 -0.010678739 0.969137669
1341846649.316071 0.321383089 -0.100473188 0.058336481 -0.079444908 -0.237021640 -0.012272751 0.968172789
1341846649.348041 0.343192667 -0.122326501 0.091302708 -0.085141473 -0.244139969 -0.013838714 0.965896010
1341846649.383973 0.291554660 -0.090144411 0.071617603 -0.077891514 -0.239450783 -0.005328322 0.967764318
1341846649.416053 0.343505204 -0.115757287 0.064212397 -0.082592890 -0.246553585 -0.012881570 0.965517402
1341846649.448084 0.307058126 -0.100579701 0.065407023 -0.085218236 -0.236462772 -0.012831021 0.967811227
1341846649.484154 0.304286957 -0.095646046 0.070275210 -0.086703867 -0.239023358 -0.010734212 0.967075527
1341846649.516198 0.278297275 -0.037417620 0.078139566 -0.074974157 -0.235835254 -0.017470641 0.968739092
1341846649.552101 0.239078701 -0.005459212 0.030022696 -0.066968963 -0.223718464 -0.016471641 0.972210824
1341846649.616167 0.234488145 -0.059312571 0.017361796 -0.074836887 -0.223785520 -0.027961234 0.971358657
1341846649.678101 0.251050115 -0.003352857 0.040421136 -0.065400556 -0.229680866 -0.009750077 0.971017182
1341846649.710937 0.262455702 -0.017860258 0.021034261 -0.065294154 -0.236392587 -0.011300863 0.969395399
1341846649.746112 0.251411021 -0.010778423 0.038201150 -0.062778406 -0.241507038 -0.016041109 0.968233407
1341846649.778019 0.259978563 -0.020616755 0.047800306 -0.063087784 -0.247237191 -0.018912194 0.966714025
1341846649.810257 0.207033649 -0.038125128 0.026018500 -0.063089743 -0.244720131 -0.034427881 0.966926277
1341846649.846059 0.303004742 -0.042427182 0.059561692 -0.067964301 -0.270126075 -0.024005495 0.960123122
1341846649.878137 0.273762405 -0.031432461 0.057531815 -0.069643691 -0.268498331 -0.032347683 0.960214555
1341846649.914184 0.293409705 -0.046528399 0.095565461 -0.072118104 -0.280819178 -0.024935465 0.956722379
1341846649.952612 0.311098009 -0.048672903 0.084159851 -0.070863537 -0.283732861 -0.022688616 0.956012130
1341846650.014156 0.313286960 -0.057657085 0.094059870 -0.072806522 -0.285685331 -0.011145882 0.955488801
1341846650.046184 0.330233723 -0.046703033 0.102698453 -0.069847219 -0.291345119 -0.011154465 0.953999460
1341846650.078250 0.322453290 -0.054520342 0.111937009 -0.069529407 -0.288412869 -0.014652660 0.954865932
1341846650.114215 0.336519688 -0.046487819 0.115317538 -0.066638932 -0.290370047 -0.007778523 0.954559565
1341846650.146137 0.337430537 -0.048875891 0.126368120 -0.065322407 -0.292810768 -0.007828089 0.953904390
1341846650.182236 0.348712564 -0.037410289 0.144246787 -0.059211597 -0.294197589 -0.009443919 0.953861892
1341846650.214164 0.355961442 -0.061653245 0.109974228 -0.061713494 -0.291361749 -0.009245402 0.954575479
1341846650.246084 0.370061785 -0.057589065 0.124523886 -0.062397432 -0.295349449 -0.008186088 0.953314364
1341846650.282167 0.359779537 -0.062475555 0.168809891 -0.060171228 -0.294038653 -0.012814597 0.953811526
1341846650.314158 0.376697063 -0.048869088 0.154278696 -0.054100834 -0.292077690 -0.018398155 0.954685926
1341846650.350453 0.368037194 -0.067800775 0.124640077 -0.058303807 -0.288312197 -0.019179260 0.955567300
1341846650.382075 0.381066680 -0.059177741 0.163342968 -0.059294716 -0.293215841 -0.019239018 0.954011798
1341846650.414224 0.359172642 -0.070025586 0.135280788 -0.056088749 -0.283112466 -0.027704597 0.957044303
1341846650.450353 0.371574074 -0.110241912 0.110479519 -0.063150890 -0.277699977 -0.025884937 0.958240390
1341846650.484849 0.394671232 -0.071234696 0.131284162 -0.058444712 -0.280568600 -0.021537956 0.957810819
1341846650.514091 0.401058316 -0.090207882 0.142299965 -0.061210208 -0.276693732 -0.025240200 0.958674550
1341846650.550746 0.369310498 -0.099772982 0.132264882 -0.058481563 -0.265229493 -0.024133798 0.962107480
1341846650.582069 0.386319906 -0.087274149 0.105688356 -0.050916873 -0.260211378 -0.025239572 0.963877857
1341846650.618092 0.352585852 -0.080155067 0.133657947 -0.050582387 -0.251804262 -0.028485173 0.966035485
1341846650.650422 0.350089133 -0.072543740 0.133732393 -0.047959711 -0.245471179 -0.031017102 0.967719853
1341846650.682114 0.325903326 -0.075938113 0.123485908 -0.047332704 -0.234889403 -0.032301102 0.970331490
1341846650.718110 0.314700097 -0.079783916 0.115580946 -0.046560306 -0.229094699 -0.038477946 0.971528292
1341846650.750112 0.319818228 -0.092705935 0.099930935 -0.047770023 -0.223116651 -0.041639008 0.972729743
1341846650.782116 0.373334467 -0.030367747 0.105780445 -0.035163410 -0.223791435 -0.041259170 0.973128259
1341846650.818115 0.300642133 -0.063920170 0.132065907 -0.039581805 -0.211412728 -0.033267863 0.976028264
1341846650.850139 0.290015459 -0.067348860 0.104399070 -0.038011346 -0.205465809 -0.038378876 0.977172434
1341846650.886238 0.271011770 -0.038728457 0.133263975 -0.034045320 -0.193379700 -0.038083773 0.979793251
1341846650.918288 0.253829896 -0.067955695 0.048891049 -0.038975775 -0.176840752 -0.046075907 0.982387543
1341846650.950233 0.250246584 -0.077671595 0.107030854 -0.042370636 -0.175852180 -0.032333791 0.982972682
1341846650.986247 0.221359596 -0.050616864 0.111977309 -0.036150433 -0.162867710 -0.035152666 0.985358596
1341846651.050482 0.212693200 -0.031136550 0.095199011 -0.032159481 -0.144855499 -0.024846142 0.988617897
1341846651.086169 0.152042761 0.004515115 0.043690715 -0.028196396 -0.125033155 -0.024651684 0.991445363
1341846651.118423 0.373199522 -0.149559334 0.158284947 -0.061393648 -0.164007083 -0.009455320 0.984501481
1341846651.154189 0.300101489 -0.028138174 0.131435931 -0.032804832 -0.144296855 -0.006496799 0.988969147
1341846651.186391 0.159550354 -0.032602314 0.038238868 -0.033273324 -0.109116480 -0.008790645 0.993432999
1341846651.218036 0.098170348 -0.003271131 0.013609204 -0.028331496 -0.093266539 -0.014014282 0.995139301
1341846651.254031 0.142468944 -0.054045439 0.061103296 -0.040112939 -0.100624695 -0.011879959 0.994044542
1341846651.286406 0.116946369 -0.064624421 0.054021779 -0.044365931 -0.092848308 -0.012719759 0.994610012
1341846651.318309 0.158753350 -0.079706877 0.098623417 -0.048308481 -0.099801600 -0.015488826 0.993713260
1341846651.354135 0.247702107 -0.145090982 0.116397813 -0.056036815 -0.110709235 -0.027116429 0.991901219
1341846651.386180 0.318870544 -0.123322882 0.193838924 -0.055583645 -0.124793522 -0.012632065 0.990544021
1341846651.422237 0.327877402 -0.119076617 0.192468017 -0.055650402 -0.125371039 -0.011281075 0.990483642
1341846651.492135 0.344144136 -0.132426128 0.226274505 -0.060380649 -0.127260238 -0.020297147 0.989821732
1341846651.560316 0.331850171 -0.132996798 0.214242101 -0.058199987 -0.109757327 -0.015711166 0.992128670
1341846651.622176 0.192231908 -0.115383640 0.135828361 -0.043287795 -0.073750459 -0.026907237 0.995973408
1341846651.654223 0.084475495 -0.120181128 0.102780648 -0.041285139 -0.051801242 -0.024205383 0.997510016
1341846651.690127 0.099670440 -0.112253025 0.103027351 -0.035524130 -0.053697117 -0.021564044 0.997692168
1341846651.722318 0.097677931 -0.139536828 0.094450757 -0.037473243 -0.051258162 -0.015974641 0.997854292
1341846651.754212 0.084420294 -0.068939447 0.103103064 -0.022263808 -0.047261562 -0.018037725 0.998471498
1341846651.790200 -0.039561894 -0.126519591 -0.001749700 -0.033731259 -0.018216435 -0.021053517 0.999043107
1341846651.822233 -0.000074571 -0.131145492 0.030046035 -0.034575280 -0.022310780 -0.019103697 0.998970389
1341846651.858213 -0.050966315 -0.046466757 -0.008601266 -0.008339875 -0.008526845 -0.020284327 0.999723136
1341846651.890237 -0.029507106 -0.106788404 0.026636440 -0.013569309 -0.010333064 -0.014145762 0.999754488
1341846651.922186 -0.103156589 -0.057924893 0.021226507 -0.002868573 0.005313601 -0.015537516 0.999861062
1341846651.958047 -0.078801878 -0.123696446 0.024632001 -0.013149123 0.001485203 -0.011923903 0.999841332
1341846651.990020 -0.011208787 -0.105666265 0.012796162 -0.002398315 -0.005410297 -0.003598716 0.999976039
1341846652.022081 -0.189869717 -0.105357111 -0.035091840 0.003082058 0.032436751 -0.001707547 0.999467552
1341846652.058058 -0.212300420 -0.101961605 -0.041073240 0.002925100 0.036031652 0.001235290 0.999345601
1341846652.090106 -0.221683547 -0.105880156 -0.052196678 0.000345679 0.038397722 0.000418967 0.999262393
1341846652.126257 -0.256106436 -0.123055778 -0.064726084 -0.004670377 0.047181368 -0.000888675 0.998875022
1341846652.158232 -0.315344572 -0.145390972 -0.082861923 -0.009932049 0.058781840 -0.002976268 0.998216987
1341846652.190049 -0.321642637 -0.159350812 -0.093028881 -0.012641891 0.060411263 -0.003340892 0.998087943
1341846652.225981 -0.233836934 -0.172528177 -0.072094083 -0.014188546 0.050878737 0.001666193 0.998602629
1341846652.258089 -0.323553056 -0.107126452 -0.053082410 -0.000325375 0.071038797 0.001985770 0.997471511
1341846652.290189 -0.342415452 -0.130104631 -0.075963773 0.000255625 0.073410079 0.002832729 0.997297764
1341846652.326148 -0.333766341 -0.116572455 -0.036937185 0.008964372 0.071331657 0.004472995 0.997402310
1341846652.358184 -0.352818638 -0.107373968 -0.041295275 0.013085935 0.076830737 0.005400667 0.996943653
1341846652.394279 -0.349443287 -0.116358854 -0.049379494 0.012842870 0.076302648 0.009972611 0.996952116
1341846652.426287 -0.371862531 -0.113015734 -0.036392622 0.014710664 0.081648767 0.004800599 0.996541023
1341846652.458277 -0.396801978 -0.115481973 -0.033242740 0.017003277 0.087916955 0.005061720 0.995969832
1341846652.494100 -0.403524101 -0.113914229 -0.036396567 0.019835059 0.090427227 0.006081964 0.995686948
1341846652.526469 -0.421746552 -0.108568236 -0.036509458 0.019950666 0.096425146 0.004206629 0.995131373
1341846652.562089 -0.428166568 -0.099411130 -0.015071055 0.022415604 0.105086826 0.002213944 0.994207919
1341846652.594254 -0.412877738 -0.098890424 -0.018581158 0.024733858 0.112370707 0.001728006 0.993357003
1341846652.626356 -0.431106031 -0.091727309 0.005138019 0.027213041 0.126916483 0.000046970 0.991540015
1341846652.662152 -0.450537920 -0.103398129 -0.034547545 0.026347948 0.142446592 -0.005361680 0.989437222
1341846652.694113 -0.443560392 -0.122246951 -0.059053522 0.022247687 0.166035190 -0.006949245 0.985844314
1341846652.726378 -0.448222756 -0.125281677 -0.034283359 0.023422493 0.196565807 -0.009758241 0.980162263
1341846652.762129 -0.467909873 -0.078808531 -0.019090669 0.029338202 0.227070838 -0.013794874 0.973338485
1341846652.794152 -0.407699734 -0.117606044 -0.063411385 0.023154486 0.244769484 -0.009810077 0.969255149
1341846652.830250 -0.423531026 -0.127366722 -0.030657202 0.020507397 0.278183132 -0.012258336 0.960230887
1341846652.862014 -0.506308556 -0.100233592 0.038781956 0.021916969 0.313344449 -0.013097457 0.949296236
1341846652.894426 -0.480133116 -0.060401067 0.077874914 0.028243832 0.328071266 -0.009694428 0.944180906
1341846652.930346 -0.563238442 -0.107782230 0.093368813 0.021777797 0.358300954 -0.008639022 0.933312118
1341846652.962213 -0.509954154 -0.075244091 0.048848536 0.026816927 0.363794684 -0.010441008 0.931034505
1341846653.030292 -0.481221765 -0.057543881 0.077722788 0.025631189 0.392219037 -0.004786950 0.919502199
1341846653.062672 -0.476972818 -0.103298545 0.049217854 0.020565299 0.402412117 -0.005583448 0.915210545
1341846653.099024 -0.474188954 -0.110675380 0.058980551 0.016847910 0.418983281 -0.010124962 0.907781124
1341846653.130475 -0.471083462 -0.117969006 0.068708688 0.013124385 0.435401738 -0.014662788 0.900021076
1341846653.162620 -0.472819537 -0.104825370 0.051885597 0.015686968 0.448529571 -0.005235779 0.893615007
1341846653.198437 -0.472943783 -0.103978917 0.045705777 0.016723463 0.458522886 0.001087285 0.888524592
1341846653.230042 -0.476618975 -0.102378808 0.048006617 0.018125573 0.471838176 0.000430350 0.881498754
1341846653.298380 -0.479003608 -0.103520617 0.042065717 0.017239554 0.496092200 0.005464482 0.868081510
1341846653.330162 -0.473370343 -0.107261926 0.047599286 0.016257854 0.507485211 0.007098700 0.861477852
1341846653.366319 -0.477126330 -0.100524768 0.035269190 0.016171599 0.516013622 0.010313973 0.856365561
1341846653.398226 -0.486935019 -0.098980799 0.036837462 0.017225103 0.526768267 0.016631965 0.849671662
1341846653.430060 -0.486158073 -0.102678247 0.023295978 0.018144798 0.531675994 0.016307054 0.846596420
1341846653.466341 -0.507834852 -0.092206024 0.000924066 0.021552645 0.536633253 0.012026164 0.843454540
1341846653.498194 -0.507209003 -0.095691122 -0.010210375 0.020729661 0.539084733 0.014847470 0.841865480
1341846653.530205 -0.495954424 -0.084651731 0.028538793 0.023629962 0.543640137 0.019728245 0.838753760
1341846653.566601 -0.508256614 -0.065877095 -0.009422142 0.026651662 0.542367518 0.010778635 0.839649320
1341846653.598213 -0.516254783 -0.066390909 -0.017477384 0.025951935 0.543151021 0.011795238 0.839150965
1341846653.634793 -0.508029163 -0.075491615 -0.017025897 0.023248792 0.541123927 0.011144351 0.840547562
1341846653.666143 -0.511375308 -0.075172976 -0.015402307 0.023845473 0.540269792 0.012177153 0.841065764
1341846653.698738 -0.514733136 -0.059131395 -0.034910824 0.025534250 0.534836411 0.013253883 0.844465673
1341846653.734313 -0.513066709 -0.060761288 -0.035142902 0.022506235 0.529867709 0.014285265 0.847661257
1341846653.766275 -0.519091845 -0.050239425 -0.035886679 0.023951383 0.527052999 0.016077211 0.849342704
1341846653.802358 -0.524794757 -0.043544151 -0.042916603 0.023918934 0.520519137 0.016872358 0.853348136
1341846653.834226 -0.517286003 -0.048172127 -0.047829334 0.022597073 0.510950685 0.019039476 0.859102011
1341846653.866214 -0.521834016 -0.044926062 -0.037943199 0.023334740 0.505659640 0.020151604 0.862181962
1341846653.902170 -0.521842659 -0.046008069 -0.038640011 0.021470135 0.497921765 0.022037147 0.866676033
1341846653.934160 -0.515670419 -0.054418575 -0.034047280 0.017379224 0.489524215 0.020184491 0.871582806
1341846653.966155 -0.523659229 -0.052145395 -0.056795213 0.015043745 0.481044143 0.018869655 0.876364172
1341846654.002169 -0.524646699 -0.048554920 -0.042313486 0.013234531 0.473984092 0.020023126 0.880206227
1341846654.034140 -0.520605564 -0.048222095 -0.030977115 0.009763312 0.466526568 0.019970203 0.884227812
1341846654.070172 -0.513042271 -0.048331201 -0.022921510 0.012780796 0.456000507 0.021908728 0.889618039
1341846654.102438 -0.499557823 -0.067337357 0.012443526 0.014572451 0.446993709 0.024497792 0.894082844
1341846654.134349 -0.492497146 -0.069701321 -0.010677294 0.017053647 0.434083879 0.021962676 0.900443196
1341846654.170244 -0.498186618 -0.068128586 -0.023666440 0.020186551 0.421573073 0.027855543 0.906141639
1341846654.202087 -0.485667557 -0.070123635 -0.013107224 0.020512208 0.404566169 0.015604362 0.914145470
1341846654.234434 -0.494900852 -0.083469771 -0.003250759 0.019144647 0.399830937 0.014013052 0.916281819
1341846654.270041 -0.476641923 -0.092104919 0.011350784 0.018342333 0.387636751 0.013353784 0.921532929
1341846654.302117 -0.473163694 -0.081889324 0.003736525 0.020152917 0.368095636 0.009877308 0.929517031
1341846654.338026 -0.478870392 -0.091516726 0.023955746 0.016773038 0.364877790 0.008761098 0.930863082
1341846654.369979 -0.487082481 -0.088344224 0.014595530 0.018411227 0.355723202 0.013120342 0.934317887
1341846654.402172 -0.475320607 -0.081032269 0.006137804 0.022291267 0.332585007 0.016471311 0.942665875
1341846654.438133 -0.485859811 -0.097959951 0.026122706 0.014965085 0.321064711 0.009554683 0.946890831
1341846654.470186 -0.491319001 -0.093629494 0.027000155 0.014021223 0.314516515 0.009940378 0.949096382
1341846654.502267 -0.487087876 -0.091209374 0.010645476 0.016348219 0.291934252 0.015953254 0.956165552
1341846654.539064 -0.467759788 -0.113470517 0.057380911 0.009408427 0.277254522 0.006739273 0.960726798
1341846654.570053 -0.501049399 -0.097617209 0.041039746 0.010242450 0.277790189 0.006961587 0.960561931
1341846654.606030 -0.450060070 -0.114338569 0.059844375 0.006384767 0.253154397 0.004247407 0.967395484
1341846654.637980 -0.427615076 -0.133305922 0.090191036 0.005941269 0.235421941 0.005368253 0.971860290
1341846654.670155 -0.469583213 -0.108841583 0.066435941 0.013321061 0.235395744 0.002303780 0.971805573
1341846654.706022 -0.462128758 -0.108234026 0.076892547 0.016119067 0.222240210 0.001755087 0.974857092
1341846654.738497 -0.478166819 -0.103471600 0.065408878 0.021734411 0.205847725 0.005213933 0.978328764
1341846654.774056 -0.479548991 -0.103322253 0.063001610 0.021723637 0.199341178 0.003781937 0.979682028
1341846654.806040 -0.472952187 -0.106129892 0.059131294 0.019201202 0.188422441 0.005571651 0.981884539
1341846654.838060 -0.439202935 -0.094331585 0.044008590 0.022234045 0.166385040 0.008706364 0.985771716
1341846654.874136 -0.404766947 -0.084676377 0.011086803 0.022188105 0.148578584 0.008928115 0.988611400
1341846654.906209 -0.400184244 -0.087724864 0.015705915 0.017598225 0.137973413 0.008104852 0.990246415
1341846654.938214 -0.394470751 -0.106609620 0.007735636 0.017929530 0.121749632 0.011525027 0.992331982
1341846654.974334 -0.302515745 -0.080051906 -0.003585058 0.027473904 0.088277727 0.016260693 0.995584190
1341846655.006124 -0.331397653 -0.060050901 -0.020934297 0.029144514 0.081281424 0.015323668 0.996147156
1341846655.042239 -0.241242945 -0.053748999 -0.036789775 0.030439524 0.050580695 0.023401089 0.997981668
1341846655.074179 -0.328250349 -0.087502979 -0.012698543 0.025499506 0.043108068 0.015939498 0.998617768
1341846655.106132 -0.341451973 -0.095397070 -0.026328532 0.023772461 0.032593168 0.013181147 0.999098957
1341846655.142070 -0.362574220 -0.104524590 -0.080213919 0.024855869 0.015895266 0.019437214 0.999375641
1341846655.174000 -0.306779057 -0.087307461 -0.049361296 0.024296422 -0.013333871 0.016887994 0.999473214
1341846655.206124 -0.292773694 -0.083834231 -0.022764565 0.021753678 -0.025171375 0.011301492 0.999382555
1341846655.242079 -0.276117355 -0.101084262 -0.032091409 0.020949330 -0.039822210 0.010971827 0.998926878
1341846655.274211 -0.203661814 -0.088421158 -0.027905971 0.026590740 -0.057375532 0.016641470 0.997859716
1341846655.310175 -0.188245147 -0.114065155 -0.040930256 0.028431335 -0.059391841 0.024410864 0.997531116
1341846655.342236 -0.189051226 -0.092539124 -0.026761446 0.038813718 -0.064767025 0.025959697 0.996807337
1341846655.374134 -0.167414933 -0.083628513 -0.029425053 0.042049065 -0.069330804 0.026684398 0.996349871
1341846655.410207 -0.200377166 -0.092340723 -0.038592383 0.042974249 -0.064682685 0.028219780 0.996580660
1341846655.442262 -0.207071006 -0.089780122 -0.044448309 0.048126243 -0.072790511 0.027743500 0.995799005
1341846655.474205 -0.231109113 -0.078108080 -0.045128260 0.050044257 -0.078520395 0.024104288 0.995363772
1341846655.510277 -0.218228191 -0.066806994 -0.046786148 0.047906704 -0.091323368 0.026138131 0.994324803
1341846655.542135 -0.182168618 -0.076017186 -0.044114746 0.042474613 -0.103720292 0.028921373 0.993278205
1341846655.578132 -0.193067446 -0.073892578 -0.035517592 0.040254671 -0.109238990 0.028584398 0.992788672
1341846655.642348 -0.182146907 -0.081444323 -0.063579388 0.033275321 -0.129335612 0.028992539 0.990618229
1341846655.678110 -0.232187137 -0.094478860 -0.032308500 0.030854745 -0.131272286 0.023772327 0.990580857
1341846655.710074 -0.187333912 -0.071481407 -0.054339524 0.036273327 -0.149366692 0.027875599 0.987723053
1341846655.748050 -0.186392680 -0.080116503 -0.090549909 0.031827055 -0.159578159 0.026924333 0.986304700
1341846655.810222 -0.185763180 -0.083552450 -0.118772022 0.028219001 -0.179495141 0.027702950 0.982963741
1341846655.846257 -0.169243231 -0.066357598 -0.130375221 0.028516378 -0.191614285 0.026226902 0.980705321
1341846655.910355 -0.177156076 -0.079952464 -0.132211819 0.020233165 -0.208391771 0.024122899 0.977538526
1341846655.946240 -0.178382084 -0.069404654 -0.130701080 0.019782405 -0.218515053 0.021568801 0.975394607
1341846655.978412 -0.132081777 -0.068974644 -0.156287163 0.017794367 -0.231636956 0.026383404 0.972281635
1341846656.014188 -0.117067076 -0.067558147 -0.150751799 0.015346234 -0.237012878 0.027480181 0.970996499
1341846656.046211 -0.095503442 -0.071543023 -0.131334528 0.012480442 -0.243684277 0.028019333 0.969369471
1341846656.078165 -0.075068079 -0.057345789 -0.112619050 0.013902519 -0.249035373 0.035945844 0.967727244
1341846656.114220 -0.066798091 -0.054430936 -0.125587434 0.012562698 -0.254173160 0.035420161 0.966428280
1341846656.146158 -0.070440710 -0.064149193 -0.127462760 0.009080513 -0.259624630 0.036839176 0.964963973
1341846656.178154 -0.060318977 -0.056293882 -0.116011009 0.010385278 -0.266894042 0.035222765 0.963025987
1341846656.214132 -0.062467061 -0.055016436 -0.115817681 0.010282818 -0.272021562 0.034831442 0.961605608
1341846656.246093 -0.057235990 -0.055330418 -0.102760404 0.010706129 -0.276078701 0.034246929 0.960465014
1341846656.282181 -0.053182375 -0.048961099 -0.124201059 0.010748250 -0.278134108 0.034624193 0.959857821
1341846656.314258 -0.055812694 -0.050744716 -0.113500170 0.009284839 -0.282675266 0.034773409 0.958540201
1341846656.346094 -0.047670756 -0.055473391 -0.144521236 0.006989975 -0.286049962 0.030050259 0.957717896
1341846656.382222 -0.039768409 -0.066010423 -0.144177064 0.002678477 -0.291448146 0.032206867 0.956040502
1341846656.414253 -0.041096605 -0.075298123 -0.156440526 0.003024659 -0.299369305 0.035375401 0.953476489
1341846656.446177 -0.031911872 -0.051670030 -0.170617357 0.004097970 -0.308726579 0.030407473 0.950655818
1341846656.482260 -0.034298509 -0.061518181 -0.153200299 -0.002484673 -0.314816505 0.033671349 0.948551834
1341846656.519461 -0.029993972 -0.071947552 -0.150969759 -0.003472546 -0.322541773 0.034076810 0.945935249
1341846656.582247 -0.026896263 -0.060698632 -0.166085139 -0.007148826 -0.327926546 0.030042212 0.944198370
1341846656.614195 -0.025038240 -0.060632471 -0.142075017 -0.008893474 -0.331360132 0.031873707 0.942923903
1341846656.649995 -0.030428013 -0.067093387 -0.158181891 -0.009769474 -0.330854923 0.030634800 0.943133652
1341846656.682076 -0.025734166 -0.068579070 -0.180625975 -0.010585537 -0.334143013 0.030827442 0.941958606
1341846656.714216 -0.036086671 -0.058580272 -0.168180436 -0.010439940 -0.337166756 0.026424689 0.941016138
1341846656.749974 -0.026728611 -0.056959368 -0.174677521 -0.013053379 -0.339737982 0.025383856 0.940086901
1341846656.782653 -0.018764125 -0.057908170 -0.126534194 -0.013862898 -0.345236659 0.030903675 0.937904239
1341846656.824388 -0.017751338 -0.056143746 -0.147024333 -0.013977566 -0.347179264 0.030647850 0.937193632
1341846656.856226 -0.022453772 -0.040091429 -0.136521012 -0.014813493 -0.347831458 0.025786938 0.937085330
1341846656.892050 -0.021138774 -0.053161900 -0.126741663 -0.018522704 -0.346322894 0.027261805 0.937536240
1341846656.924099 -0.015654396 -0.053785462 -0.129146233 -0.018738732 -0.346149743 0.027090548 0.937600851
1341846656.956112 -0.027756317 -0.035469819 -0.123214535 -0.017309550 -0.339138389 0.021032069 0.940342069
1341846656.992122 -0.005524383 -0.035777614 -0.114676036 -0.019512748 -0.336267501 0.025530523 0.941218138
1341846657.024108 -0.007441708 -0.038915362 -0.113924123 -0.019629402 -0.333190411 0.029565396 0.942191422
1341846657.056121 0.002442305 -0.048688609 -0.115186542 -0.022447195 -0.328342885 0.032451764 0.943734050
1341846657.092006 0.008603491 -0.072651245 -0.081925415 -0.021113956 -0.320445627 0.030800534 0.946530581
1341846657.124027 -0.010805183 -0.054942984 -0.091980487 -0.011604864 -0.306753129 0.032271594 0.951171041
1341846657.155973 0.004477982 -0.061070539 -0.107178882 -0.008570231 -0.297548383 0.031072808 0.954162478
1341846657.192094 0.033264067 -0.034817606 -0.083423302 -0.003550380 -0.287872493 0.035346869 0.957009614
1341846657.224195 0.071426891 -0.048171215 -0.063354082 -0.003609991 -0.282678694 0.036143888 0.958526611
1341846657.292164 -0.019804934 0.059799455 -0.008385878 0.018543484 -0.253051460 0.018231509 0.967103243
1341846657.354367 -0.023873985 -0.068900198 -0.142574295 -0.001450114 -0.226398781 0.007322024 0.974006116
1341846657.386193 -0.023658713 -0.066601887 -0.143347308 -0.001156119 -0.216176689 0.006723477 0.976330400
1341846657.418105 -0.040639997 -0.046760820 -0.139399856 0.006182243 -0.201740593 0.003249677 0.979414105
1341846657.454277 -0.049061254 -0.064615123 -0.175083131 0.001696216 -0.188109666 0.012192036 0.982070863
1341846657.486117 -0.074916072 -0.030096773 -0.231898472 0.006921782 -0.167748064 0.000210507 0.985805571
1341846657.522092 -0.036622547 -0.052174568 -0.208402798 0.006034881 -0.162545964 -0.004630833 0.986671686
1341846657.554062 -0.040164072 -0.110373460 -0.149241328 -0.003594160 -0.153565362 0.002078928 0.988129795
1341846657.586078 -0.089575097 -0.186174408 -0.090443283 -0.020025805 -0.130317047 0.000149296 0.991270125
1341846657.622205 -0.064912364 -0.132903665 -0.085196882 -0.008551330 -0.124147698 0.002885614 0.992222726
1341846657.654161 -0.060268339 -0.138057426 -0.082162112 -0.008159583 -0.117765352 -0.000418668 0.993007839
1341846657.686517 -0.120918572 -0.167951941 -0.062790409 -0.013625394 -0.092655025 -0.003589375 0.995598555
1341846657.722061 -0.092608988 -0.135230929 -0.078115083 -0.004692669 -0.085649088 -0.006816932 0.996290982
1341846657.754104 0.029690964 -0.065514915 -0.116366059 0.009047296 -0.105499014 0.013598123 0.994285285
1341846657.790066 0.011363361 -0.032149088 -0.007201179 0.010863675 -0.088666372 0.006042134 0.995983839
1341846657.822089 0.048085224 -0.074787900 -0.009071480 0.004019037 -0.074188069 0.006418443 0.997215509
1341846657.853972 0.053463031 -0.080969475 -0.052279435 0.007160475 -0.065683313 0.013996315 0.997716665
1341846657.889993 0.035737757 -0.066746131 -0.046607833 0.007264719 -0.048772521 0.008474336 0.998747528
1341846657.922046 0.043255877 -0.075211987 -0.014847144 0.007178508 -0.036217678 0.007216334 0.999292076
1341846657.954192 0.051348291 -0.069756456 -0.030613171 0.008787886 -0.029690798 0.011946046 0.999449134
1341846657.990141 0.074888371 -0.066797547 -0.013670839 0.005192023 -0.022400768 0.009305089 0.999692261
1341846658.022419 0.057600226 -0.080000199 0.002152373 0.005636620 -0.011755800 0.009225745 0.999872446
1341846658.090215 0.064885147 -0.071993917 -0.006276756 0.007403766 0.001908895 0.009854170 0.999922216
1341846658.122355 0.051665209 -0.075983681 -0.004128886 0.005773290 0.010547335 0.010533590 0.999872208
1341846658.158136 0.055852730 -0.070911594 -0.003642814 0.004789515 0.013054478 0.010981590 0.999843001
1341846658.190098 0.060240719 -0.070958525 -0.001919624 0.002514781 0.018937457 0.009865937 0.999768794
1341846658.226027 0.059720792 -0.081405118 0.013616187 0.002729211 0.024061523 0.010048880 0.999656260
1341846658.258133 0.042031161 -0.084733054 -0.001939753 0.003641428 0.028644271 0.007301936 0.999556363
1341846658.290020 0.036620997 -0.087637924 0.002107694 0.002080061 0.034026131 0.002766351 0.999414980
1341846658.326239 0.026418554 -0.091127478 0.005684747 0.002129956 0.039060596 -0.000732580 0.999234319
1341846658.358248 0.021102065 -0.070969038 0.002244367 0.002286888 0.039310165 -0.003186011 0.999219358
1341846658.390215 0.030007573 -0.079302341 -0.000893741 -0.005060073 0.037634891 -0.006958064 0.999254525
1341846658.426300 0.018950237 -0.090911418 0.009596274 -0.008295720 0.042810965 -0.007942184 0.999017179
1341846658.458168 -0.007057610 -0.092558004 0.009120278 -0.006849915 0.044180453 -0.007343790 0.998973072
1341846658.494176 -0.010724037 -0.052646872 0.013604282 -0.003819839 0.039563969 -0.005404403 0.999195099
1341846658.526214 -0.008185742 -0.041326255 0.012755951 -0.012132361 0.037871353 -0.007257191 0.999182642
1341846658.558129 -0.030574573 -0.050125740 0.012341767 -0.023330931 0.038844883 -0.008943467 0.998932838
1341846658.594206 -0.035751540 0.002521385 0.002357280 -0.035332739 0.034991991 -0.018001677 0.998600602
1341846658.626105 -0.036167968 -0.044093758 0.008138108 -0.064122841 0.028983336 -0.010958122 0.997460842
1341846658.658181 -0.018528653 -0.062766343 0.016377686 -0.071863413 0.022145240 -0.006962576 0.997144282
1341846658.694141 0.002497321 -0.051478826 0.023068052 -0.077947386 0.019016411 -0.006976161 0.996751666
1341846658.726153 -0.044271622 -0.024794772 0.011310232 -0.091503166 0.023091218 -0.005791509 0.995520175
1341846658.762100 -0.027345726 -0.075420134 0.018428961 -0.103653580 0.012976084 -0.004260155 0.994519651
1341846658.794185 -0.000491850 -0.045164686 0.006564675 -0.101465270 0.008404088 0.000457430 0.994803488
1341846658.826155 -0.028946126 -0.055650484 0.011930360 -0.116247073 0.015984781 0.000357762 0.993091643
1341846658.862197 -0.041777380 -0.051693015 0.017120196 -0.119570658 0.014453960 0.000101072 0.992720485
1341846658.894170 0.022208471 -0.035368100 0.006472970 -0.119166210 0.003787755 0.002954166 0.992862701
1341846658.962404 -0.039243739 -0.055913866 0.024092304 -0.138528258 0.020568226 0.004317328 0.990135491
1341846658.994217 -0.029279647 -0.073508561 0.022224464 -0.142881483 0.016537333 0.005512714 0.989586294
1341846659.030070 -0.029646454 -0.084844939 0.025082860 -0.143189043 0.017969463 0.003116905 0.989527285
1341846659.062007 -0.044739988 -0.082471333 0.029372057 -0.138388291 0.019955922 0.002805293 0.990172982
1341846659.094100 -0.038050029 -0.076129183 0.020194648 -0.136007264 0.017731136 0.003880419 0.990541577
1341846659.130368 -0.020882139 -0.087393619 0.016416846 -0.139807537 0.017575353 0.001524377 0.990021527
1341846659.162537 -0.042518254 -0.091207027 0.023586838 -0.136716574 0.022190759 0.001388940 0.990360677
1341846659.198696 -0.028263226 -0.094436683 0.018617691 -0.135246456 0.017967392 0.001691265 0.990647614
1341846659.231286 -0.022670103 -0.085390799 0.011788772 -0.134904951 0.022074988 0.000478287 0.990612507
1341846659.263549 -0.039509557 -0.079650372 0.020455860 -0.133606642 0.026337694 0.002952195 0.990679979
1341846659.298797 -0.022748241 -0.078159519 0.017632300 -0.133690178 0.021714007 0.004030752 0.990777075
1341846659.331074 -0.023464222 -0.078245863 0.013505480 -0.135240510 0.024052851 0.003092316 0.990516007
1341846659.362420 -0.019758597 -0.082697153 0.021328704 -0.136042491 0.025464406 0.004785891 0.990364134
1341846659.398303 -0.021809028 -0.086621575 0.018849401 -0.133909434 0.025019608 0.006918262 0.990653515
1341846659.430262 -0.013770383 -0.079445355 0.013509138 -0.132763177 0.023613723 0.006711516 0.990843713
1341846659.466583 -0.020230344 -0.078991875 0.014589232 -0.133668587 0.027646072 0.005968296 0.990622401
1341846659.498531 -0.032264940 -0.078051262 0.019226547 -0.131252661 0.029123360 0.007807241 0.990890324
1341846659.530267 -0.018521715 -0.076846562 0.014725789 -0.129116341 0.025137097 0.007063130 0.991285622
1341846659.566571 -0.025004603 -0.092760831 0.010231530 -0.131748796 0.029232496 0.006307503 0.990831971
1341846659.598122 -0.025420228 -0.088968694 0.017418120 -0.129269406 0.031363375 0.008064229 0.991080582
1341846659.630209 -0.005706224 -0.082990043 0.014483148 -0.125352532 0.024662498 0.009568395 0.991759539
1341846659.666409 -0.016756764 -0.092355646 0.011582553 -0.127888456 0.026844058 0.005765895 0.991408467
1341846659.698237 -0.034146838 -0.085220739 0.014830119 -0.126986891 0.030432001 0.005727764 0.991420925
1341846659.734169 -0.030518020 -0.078105807 0.017176539 -0.124413908 0.023640838 0.006119324 0.991929889
1341846659.766421 -0.009001080 -0.088677585 0.011751496 -0.127136722 0.017379640 0.002926276 0.991728604
1341846659.798087 -0.026192043 -0.082057945 0.012679643 -0.125505328 0.020946845 0.002014531 0.991869748
1341846659.834075 -0.048468530 -0.088074610 0.016200922 -0.124707997 0.021361986 0.002413935 0.991960585
1341846659.866481 -0.031191586 -0.072730280 0.012151654 -0.121355310 0.014531565 0.002709889 0.992499053
1341846659.898128 -0.030345164 -0.086203083 0.012921312 -0.123478286 0.013213417 0.003045343 0.992254615
1341846659.934286 -0.041576643 -0.085516557 0.014544027 -0.120301172 0.012972577 0.003600748 0.992646158
1341846659.966354 -0.040579237 -0.084603809 0.009521423 -0.118162066 0.008334347 0.004481579 0.992949247
1341846660.002267 -0.032536462 -0.086030945 0.005623169 -0.117745146 0.005823955 0.002321093 0.993024051
1341846660.034581 -0.043730810 -0.091389611 0.011656196 -0.116693921 0.007046501 0.000845076 0.993142545
1341846660.066206 -0.063495018 -0.096652366 0.027540982 -0.113765910 0.005048125 0.000046851 0.993494749
1341846660.102245 -0.032590400 -0.096984126 0.005401270 -0.109867916 -0.002725299 -0.000080663 0.993942440
1341846660.140244 -0.041336149 -0.094623931 0.004387526 -0.108845703 -0.000633591 -0.001360684 0.994057536
1341846660.202316 -0.048797872 -0.106714770 0.004439945 -0.106613502 -0.006607184 -0.001581835 0.994277298
1341846660.234105 -0.050364740 -0.111724161 -0.000379667 -0.104089566 -0.004892457 -0.002405002 0.994552970
1341846660.270168 -0.062213197 -0.125290394 0.006836550 -0.100311033 -0.003966837 -0.003491601 0.994942069
1341846660.302258 -0.034618691 -0.116726622 -0.000936114 -0.083623067 -0.014455186 -0.004085974 0.996384263
1341846660.334349 -0.032607943 -0.078878157 -0.004391443 -0.065805256 -0.014631132 -0.002285877 0.997722566
1341846660.370214 -0.045998037 -0.105715811 -0.002232436 -0.066395402 -0.010949793 -0.005358830 0.997718930
1341846660.401986 -0.065634653 -0.108027518 -0.001173219 -0.067220934 -0.010261044 -0.006823387 0.997662008
1341846660.438062 -0.044126064 -0.120025210 -0.002746073 -0.068345994 -0.014867583 -0.007622432 0.997521758
1341846660.470191 -0.065310605 -0.131041989 0.004083194 -0.067537166 -0.011103015 -0.008321550 0.997620285
1341846660.502233 -0.054235596 -0.110099837 -0.002087465 -0.061997510 -0.015627967 -0.006363295 0.997933686
1341846660.537985 -0.045004055 -0.103426687 -0.007069273 -0.061044216 -0.017042877 -0.005822253 0.997972608
1341846660.570279 -0.062914290 -0.126958922 0.003442437 -0.063753463 -0.012797660 -0.004032379 0.997875452
1341846660.602130 -0.043115113 -0.133589521 -0.011983007 -0.060020525 -0.018675981 -0.000477177 0.998022318
1341846660.638256 -0.026080148 -0.115331404 -0.021328056 -0.056356214 -0.023076344 0.001173451 0.998143315
1341846660.670338 -0.038696621 -0.121186189 -0.010334196 -0.058922850 -0.017244495 0.000472954 0.998113453
1341846660.706457 -0.050265260 -0.145071492 -0.010275270 -0.057614673 -0.014143493 0.004358231 0.998229206
1341846660.738241 -0.045481134 -0.138252839 -0.011815966 -0.050812095 -0.016697513 0.005453957 0.998553753
1341846660.770121 -0.029964745 -0.134008527 -0.020851718 -0.047922432 -0.014717893 0.004194865 0.998733819
1341846660.806117 -0.050226655 -0.154840097 -0.017263606 -0.046256598 -0.006941135 0.005008295 0.998892903
1341846660.838338 -0.042927735 -0.152226239 -0.020309456 -0.035098806 -0.009186113 0.007320838 0.999314785
1341846660.870203 -0.032780360 -0.140610337 -0.025991742 -0.026045574 -0.009434519 0.007199404 0.999590337
1341846660.906366 -0.029198742 -0.148080036 -0.024890168 -0.021694064 -0.004065337 0.005656648 0.999740362
1341846660.938063 -0.046886604 -0.160328329 -0.016605956 -0.013358589 -0.000814990 0.007660298 0.999881089
1341846660.974147 -0.038829520 -0.150262862 -0.035023365 -0.000230610 -0.002073543 0.007398554 0.999970436
1341846661.006234 -0.028843857 -0.132231683 -0.026728438 0.005673211 0.000565420 0.007454486 0.999955952
1341846661.038225 -0.043009385 -0.159421355 -0.027087234 0.005142125 0.002727260 0.009257481 0.999940217
1341846661.074059 -0.034735925 -0.170387954 -0.026491938 0.016654523 -0.000730095 0.008630092 0.999823809
1341846661.106184 -0.028505377 -0.136684433 -0.031563610 0.027920969 0.000493714 0.009130866 0.999568343
1341846661.138209 -0.029513495 -0.127741113 -0.031662844 0.027046492 0.001286126 0.009263362 0.999590456
1341846661.174244 -0.028881051 -0.149565086 -0.030453451 0.024971474 0.001488521 0.007601272 0.999658167
1341846661.206205 -0.032659445 -0.148276940 -0.029273339 0.028920766 0.002685687 0.008435159 0.999542475
1341846661.242184 -0.021458514 -0.148649871 -0.029951682 0.028823616 0.001494149 0.011000097 0.999522865
1341846661.274177 -0.017412439 -0.138525158 -0.034541938 0.028844357 0.001858014 0.010323428 0.999528885
1341846661.308814 -0.026135521 -0.145220205 -0.031392876 0.026476534 0.002606973 0.009645274 0.999599516
1341846661.342489 -0.026843023 -0.145144030 -0.031837281 0.025657870 0.002033168 0.008655324 0.999631226
1341846661.374640 -0.034165058 -0.134028360 -0.030651681 0.027436646 0.002812232 0.006613420 0.999597728
1341846661.410178 -0.031474125 -0.168344021 -0.030196382 0.025973022 0.000776673 0.009643517 0.999615848
1341846661.442211 -0.002884399 -0.144934729 -0.028516902 0.032849472 -0.004532146 0.010776243 0.999391973
1341846661.474354 -0.013919909 -0.137964636 -0.030203771 0.032310218 -0.001616903 0.009000188 0.999436080
1341846661.510169 -0.025322329 -0.127142921 -0.030914262 0.032325853 -0.002399955 0.008745803 0.999436259
1341846661.542767 -0.009707090 -0.125719994 -0.039424196 0.027018448 -0.005629406 0.005758147 0.999602497
1341846661.574217 -0.036306616 -0.150011510 -0.029519700 0.021366904 -0.000465257 0.003139134 0.999766648
1341846661.610041 -0.051528320 -0.132152855 -0.028588913 0.027798705 -0.002428482 0.003052498 0.999605954
1341846661.642253 -0.028685259 -0.133991033 -0.030305905 0.025534436 -0.005553009 0.004108112 0.999650061
1341846661.678078 -0.041451473 -0.120554022 -0.020774109 0.027469592 -0.004145216 0.004862149 0.999602199
1341846661.710142 -0.037633330 -0.136481717 -0.020291850 0.029454827 -0.007401267 0.006097819 0.999520123
1341846661.742341 -0.034540962 -0.140857786 -0.011449876 0.037809681 -0.008111710 0.004989652 0.999239564
1341846661.778063 -0.023628345 -0.136741281 -0.025964120 0.047661934 -0.009412313 0.004970979 0.998806775
1341846661.810103 -0.037830964 -0.133674473 -0.011279115 0.054250933 -0.007111989 0.002394348 0.998499155
1341846661.842216 -0.038303923 -0.129900426 -0.006301947 0.062545612 -0.006982672 0.001440094 0.998016655
1341846661.878157 -0.037306882 -0.128165662 -0.022218440 0.066627093 -0.006221432 -0.001789528 0.997756958
1341846661.910222 -0.040606938 -0.127895638 -0.019433534 0.068306357 -0.003420473 -0.003038218 0.997653902
1341846661.946090 -0.044936862 -0.127867743 -0.013062856 0.071710378 -0.002831308 -0.003624151 0.997414887
1341846662.010311 -0.047939852 -0.141700611 -0.016057435 0.084587485 -0.001148166 -0.006531199 0.996393979
1341846662.046195 -0.042880762 -0.140474215 -0.024457391 0.093219079 -0.004198138 -0.005423346 0.995621979
1341846662.078099 -0.037863880 -0.152146965 -0.047206588 0.097938642 -0.005725764 -0.003776052 0.995168805
1341846662.110672 -0.043484606 -0.142833769 -0.033631422 0.105841294 -0.003172759 -0.007425569 0.994350255
1341846662.146166 -0.044144116 -0.144408122 -0.023722406 0.113383316 -0.004273354 -0.005873673 0.993524730
1341846662.178168 -0.042631965 -0.145686582 -0.038929325 0.120846264 -0.005008194 -0.003565046 0.992652178
1341846662.214136 -0.050550640 -0.154185891 -0.030446922 0.130945161 -0.001055143 -0.004412128 0.991379201
1341846662.246167 -0.052487206 -0.144096762 -0.036830325 0.143131226 -0.003541918 0.000610562 0.989697158
1341846662.278007 -0.043190986 -0.143743023 -0.041681837 0.147668988 -0.003617108 -0.001263126 0.989029408
1341846662.314144 -0.044841424 -0.140926644 -0.038915005 0.153731197 -0.001454140 -0.001160781 0.988110960
1341846662.346164 -0.051852319 -0.143204793 -0.041165836 0.157921776 -0.002662360 -0.000320663 0.987447977
1341846662.378069 -0.044614229 -0.144316599 -0.041761335 0.164418176 -0.003068881 -0.000351682 0.986385882
1341846662.414229 -0.047226459 -0.142541781 -0.041747894 0.170840412 -0.001243320 0.001041935 0.985297382
1341846662.446102 -0.053586766 -0.145628616 -0.039010040 0.176947802 -0.002087933 0.002271907 0.984215379
1341846662.482229 -0.048831094 -0.153371990 -0.045464400 0.184768051 -0.003095870 0.002083906 0.982775033
1341846662.514117 -0.050212983 -0.144589752 -0.040553980 0.194636032 -0.001882347 0.004080274 0.980865240
1341846662.546261 -0.050928045 -0.144976228 -0.039787043 0.202219605 -0.001912915 0.004998580 0.979325593
1341846662.582101 -0.052808639 -0.145484060 -0.041671466 0.204479352 -0.000742284 0.003948472 0.978862643
1341846662.620264 -0.057398561 -0.148069933 -0.030125497 0.207895860 0.001364355 0.005329931 0.978135526
1341846662.682024 -0.050207485 -0.143273503 -0.037951175 0.216448739 -0.000612352 0.005048900 0.976280749
1341846662.714075 -0.050409246 -0.145866543 -0.042212978 0.217668697 0.000571527 0.005952632 0.976004362
1341846662.750127 -0.059617110 -0.147008404 -0.035311051 0.223082155 0.000313592 0.006914768 0.974775076
1341846662.782002 -0.059185643 -0.144119069 -0.045732267 0.224941134 0.000148045 0.006773827 0.974348783
1341846662.814097 -0.060903765 -0.142362356 -0.043250598 0.222355783 -0.000121554 0.005444544 0.974950373
1341846662.850193 -0.058091611 -0.149923161 -0.024867257 0.223946229 -0.001792981 0.006154824 0.974580407
1341846662.882162 -0.059395712 -0.144327328 -0.032759577 0.226389140 -0.002076132 0.005348554 0.974020064
1341846662.918191 -0.058560930 -0.144660845 -0.032367405 0.224688053 -0.003477167 0.005953457 0.974406362
1341846662.956034 -0.055736762 -0.142912537 -0.033086769 0.225502670 -0.003618669 0.005238636 0.974221766
1341846663.018208 -0.054861628 -0.133740455 -0.030185895 0.231416613 -0.007497691 0.007786759 0.972794712
1341846663.049994 -0.061579276 -0.129637420 -0.040700462 0.230727509 -0.007117013 0.005662648 0.972975910
1341846663.118078 -0.055065297 -0.133362502 -0.031082818 0.232841179 -0.007386451 0.003940679 0.972478747
1341846663.150227 -0.054851022 -0.134887114 -0.027375445 0.234036759 -0.006505681 0.003403801 0.972200036
1341846663.186300 -0.054794479 -0.134690076 -0.028583977 0.233105049 -0.005957724 0.002603450 0.972429872
1341846663.218442 -0.055293072 -0.135501713 -0.026076104 0.228643373 -0.005849031 0.001419171 0.973491669
1341846663.250380 -0.055070709 -0.133463755 -0.028257301 0.222881749 -0.005404854 0.001163956 0.974829793
1341846663.286056 -0.054441944 -0.135517716 -0.028190484 0.217753246 -0.005563815 0.001933622 0.975986123
1341846663.318060 -0.055152476 -0.133408070 -0.030554274 0.208354518 -0.006877778 0.002941938 0.978024781
1341846663.350114 -0.055713184 -0.135739878 -0.022951744 0.197411433 -0.007283336 0.002285453 0.980291009
1341846663.385985 -0.056473516 -0.133856371 -0.032634251 0.189181685 -0.007795032 0.002301105 0.981908500
1341846663.418056 -0.055100009 -0.133942604 -0.028926969 0.184357807 -0.010490203 0.004645152 0.982792258
1341846663.454044 -0.055361420 -0.123081207 -0.018730268 0.177267164 -0.011511408 0.005008568 0.984082699
1341846663.486091 -0.056223527 -0.127008766 -0.029619165 0.169801146 -0.011903837 0.004313508 0.985397041
1341846663.518394 -0.057242285 -0.108607955 -0.012559735 0.163849905 -0.013615401 0.006938574 0.986366928
1341846663.554251 -0.052910466 -0.107197948 -0.010808985 0.157992050 -0.014120623 0.006968867 0.987314820
1341846663.586143 -0.054909889 -0.106458642 -0.016795803 0.149371773 -0.014286709 0.007960191 0.988645852
1341846663.622145 -0.055363644 -0.101498917 -0.007848293 0.143243313 -0.016267201 0.008858193 0.989514172
1341846663.654099 -0.056431804 -0.107348569 -0.012402689 0.136816993 -0.016886855 0.007093745 0.990427017
1341846663.686099 -0.048640236 -0.091734372 -0.031689137 0.127443343 -0.018014723 0.007938667 0.991650462
1341846663.722109 -0.050770395 -0.106227875 -0.029639041 0.118332162 -0.018073635 0.007011697 0.992784798
1341846663.755694 -0.037117638 -0.100168251 -0.036690176 0.114213087 -0.018220302 0.007560845 0.993260443
1341846663.786304 -0.045596875 -0.066427156 -0.029131375 0.105738431 -0.015631732 0.005172022 0.994257689
1341846663.822090 -0.047599740 -0.080567718 -0.026582802 0.084777504 -0.014869153 0.004778493 0.996277511
1341846663.854115 -0.042618580 -0.100594357 -0.025258318 0.075872034 -0.014709730 0.004014625 0.997000992
1341846663.890140 -0.037469711 -0.064381294 -0.042113643 0.071681589 -0.013307560 0.003933303 0.997331023
1341846663.921987 -0.049807712 -0.049713105 -0.035537921 0.053468212 -0.010332888 -0.002459454 0.998513103
1341846663.954282 -0.040515535 -0.092514522 -0.032141056 0.032857854 -0.010775552 -0.000687375 0.999401748
1341846663.990370 -0.033785257 -0.073315948 -0.030569091 0.026097264 -0.008769675 -0.001698708 0.999619484
1341846664.022124 -0.046705771 -0.051688708 -0.037268624 0.015083966 -0.004698234 -0.004053253 0.999866962
1341846664.054171 -0.037245840 -0.072940826 -0.036387008 -0.002727324 -0.005080416 -0.004378003 0.999973774
1341846664.090250 -0.041279353 -0.086858481 -0.025787277 -0.015231422 -0.002576433 -0.004599203 0.999870121
1341846664.122237 -0.046261873 -0.090140313 -0.025353150 -0.021036459 -0.001461410 -0.004569299 0.999767184
1341846664.158241 -0.048375811 -0.080687866 -0.035821497 -0.025632355 -0.001872999 -0.005390823 0.999655187
1341846664.190141 -0.038868759 -0.075036615 -0.030159630 -0.034900229 -0.002791343 -0.007411443 0.999359429
1341846664.222189 -0.048162226 -0.085145064 -0.025256630 -0.044154249 -0.000121968 -0.007472778 0.998996794
1341846664.258172 -0.045996793 -0.088968478 -0.028214524 -0.049302515 -0.000959113 -0.006242154 0.998763919
1341846664.290022 -0.036152612 -0.072684437 -0.034167778 -0.053542335 -0.000683009 -0.007227690 0.998539209
1341846664.322491 -0.042481441 -0.076862969 -0.030984776 -0.064061314 0.002242882 -0.007661629 0.997914016
1341846664.358302 -0.047160294 -0.075373575 -0.029743258 -0.072343841 0.002822560 -0.007996479 0.997343719
1341846664.390101 -0.045101427 -0.072478145 -0.027906489 -0.079856090 0.002284084 -0.009151639 0.996761799
1341846664.426143 -0.040255975 -0.075731717 -0.024898743 -0.087624140 0.002787828 -0.009123119 0.996107936
1341846664.458304 -0.045279745 -0.067035012 -0.027239744 -0.095813639 0.003985271 -0.008903638 0.995351493
1341846664.490116 -0.030700192 -0.072070524 -0.025029887 -0.106070630 0.003504404 -0.008984372 0.994311810
1341846664.526173 -0.043012459 -0.068858072 -0.024814839 -0.113428518 0.006698433 -0.008664126 0.993485808
1341846664.558129 -0.042852573 -0.056063905 -0.026189771 -0.118996620 0.006270068 -0.008713998 0.992836654
1341846664.590129 -0.034641612 -0.069496736 -0.024449807 -0.128886908 0.007015470 -0.008537409 0.991597772
1341846664.626196 -0.038370062 -0.077018172 -0.018279484 -0.133099064 0.009764155 -0.008737134 0.991016150
1341846664.658276 -0.041805238 -0.085285760 -0.016991895 -0.131614313 0.009503394 -0.008249296 0.991221130
1341846664.694136 -0.022491578 -0.075340219 -0.024456836 -0.128911570 0.006793225 -0.008928089 0.991592646
1341846664.726667 -0.037854664 -0.078234404 -0.023831768 -0.132741049 0.012974326 -0.009746524 0.991017878
1341846664.758141 -0.044561729 -0.088148460 -0.017834099 -0.135962382 0.013854956 -0.009431100 0.990572214
1341846664.794104 -0.034845877 -0.076420084 -0.020649265 -0.134674460 0.010512675 -0.008390048 0.990798593
1341846664.826123 -0.042164657 -0.063687898 -0.022860689 -0.134607688 0.013618689 -0.008578511 0.990768254
1341846664.862093 -0.039913703 -0.056027632 -0.021846211 -0.134771615 0.012025255 -0.006378548 0.990783215
1341846664.894198 -0.033620663 -0.083678558 -0.021109043 -0.140493661 0.010193242 -0.005601794 0.990013242
1341846664.926270 -0.032011006 -0.077349953 -0.025128344 -0.140660688 0.012975903 -0.006136718 0.989953816
1341846664.962375 -0.023095002 -0.060955152 -0.021387247 -0.139540091 0.011785952 -0.005441943 0.990131319
1341846664.997077 -0.032006133 -0.061342552 -0.026202681 -0.142087623 0.013392705 -0.006975526 0.989738941
1341846665.026380 -0.037168261 -0.065893546 -0.027507205 -0.145514876 0.015416032 -0.008117591 0.989202678
1341846665.062417 -0.042434067 -0.064992353 -0.023182457 -0.146572456 0.016405223 -0.007238295 0.989037395
1341846665.094077 -0.030848404 -0.067357875 -0.029353313 -0.149833068 0.013764326 -0.006965282 0.988590956
1341846665.130160 -0.032877225 -0.042360913 -0.032735545 -0.150288478 0.017414303 -0.006375767 0.988468230
1341846665.162114 -0.042899333 -0.048276532 -0.027253881 -0.155054882 0.018492563 -0.006227650 0.987713158
1341846665.194100 -0.019527376 -0.034509957 -0.028448241 -0.154757440 0.013076782 -0.004560713 0.987855434
1341846665.230221 -0.047718477 -0.042745572 -0.035411142 -0.162503719 0.020681329 -0.006027503 0.986472785
1341846665.262005 -0.054796308 -0.047180187 -0.034194652 -0.172680452 0.023247903 -0.006031042 0.984685063
1341846665.300077 -0.051973436 -0.037399512 -0.037495792 -0.178641364 0.022305278 -0.005155493 0.983647883
1341846665.362294 -0.031727195 -0.033557851 -0.035266601 -0.187578008 0.023569210 -0.006445487 0.981945753
1341846665.398079 -0.033503357 -0.017139461 -0.039936807 -0.187523007 0.021030046 -0.006856808 0.982011139
1341846665.430162 -0.006393625 -0.028626751 -0.052378174 -0.197019249 0.016974723 -0.009031728 0.980211079
1341846665.462226 -0.039479669 -0.065094970 -0.038545586 -0.216234833 0.027998921 -0.010905085 0.975878894
1341846665.498226 -0.041915130 -0.006057652 -0.044782180 -0.210410520 0.026536917 -0.009822293 0.977203548
1341846665.530109 -0.033323832 -0.050972413 -0.038987465 -0.219535053 0.023892820 -0.008288836 0.975276768
1341846665.562222 -0.039182305 -0.052787669 -0.040703021 -0.220625564 0.026814453 -0.006736207 0.974966645
1341846665.598196 -0.038421534 -0.050242160 -0.043890130 -0.221840814 0.025465989 -0.006169858 0.974730790
1341846665.630107 -0.036233217 -0.046372194 -0.048160449 -0.224554390 0.025707366 -0.007685639 0.974092066
1341846665.666289 -0.039098509 -0.050412387 -0.047442298 -0.229550034 0.028641410 -0.007163368 0.972849011
1341846665.698060 -0.041689724 -0.053935524 -0.046716344 -0.233250722 0.027870057 -0.006529110 0.971995234
1341846665.730361 -0.034302164 -0.048009649 -0.050719537 -0.234616101 0.026045511 -0.007223497 0.971712291
1341846665.766193 -0.034011494 -0.045555059 -0.053581022 -0.238403693 0.028106313 -0.007646907 0.970729232
1341846665.798338 -0.039118208 -0.049232800 -0.055637330 -0.242386803 0.030029478 -0.007735037 0.969684005
1341846665.834237 -0.041743573 -0.049607817 -0.058193076 -0.246290445 0.030824279 -0.008305294 0.968670189
1341846665.866106 -0.012892839 -0.039448828 -0.068357065 -0.249603853 0.028255872 -0.009030635 0.967893541
1341846665.898073 -0.034232248 -0.044719364 -0.064628392 -0.258754194 0.035258207 -0.007273508 0.965272069
1341846665.934076 -0.038185965 -0.054608770 -0.063938066 -0.265572757 0.034969345 -0.007164640 0.963429749
1341846665.966137 -0.038771905 -0.057687044 -0.060768291 -0.270077795 0.035114065 -0.008499259 0.962160468
1341846665.998149 -0.030976290 -0.044400107 -0.065732874 -0.271992832 0.036924873 -0.005905700 0.961572468
1341846666.034210 -0.027247608 -0.038022619 -0.068387024 -0.271067888 0.035627544 -0.002087089 0.961898386
1341846666.072502 -0.033286460 -0.039865863 -0.070212357 -0.272396982 0.036191490 -0.002825296 0.961499929
1341846666.134147 -0.022014525 -0.039178677 -0.079432122 -0.280042112 0.037209578 -0.002653143 0.959262609
1341846666.166356 -0.031921346 -0.039354071 -0.073637806 -0.281860411 0.037334487 -0.002423766 0.958725691
1341846666.202327 -0.037084058 -0.054771468 -0.068796821 -0.287447929 0.040669139 -0.003200834 0.956927061
1341846666.234319 -0.018990824 -0.043551300 -0.075171098 -0.287810415 0.035936553 -0.003060478 0.957008004
1341846666.266322 -0.036025818 -0.090539031 -0.114916250 -0.299153179 0.036927469 0.006578548 0.953467607
1341846666.302195 -0.005510096 0.149866611 -0.129705459 -0.265236437 0.030823074 -0.002982835 0.963685989
1341846666.335080 -0.108855076 -0.149571404 -0.080167614 -0.332890600 0.055741616 0.007397930 0.941287398
1341846666.370216 -0.033951592 -0.030054452 -0.070695728 -0.320544451 0.035271212 0.003191244 0.946571171
1341846666.402019 -0.008685194 0.003550068 -0.138346598 -0.316593021 0.030807436 -0.004015415 0.948052526
1341846666.434088 -0.003403186 -0.020124998 -0.124172032 -0.325520843 0.031411331 -0.000130193 0.945012927
1341846666.470060 -0.029871136 -0.022049200 -0.064379930 -0.332815439 0.034058414 0.010068297 0.942322969
1341846666.502190 0.315132678 -0.022126505 -0.229770407 -0.319029331 -0.034730077 -0.045656782 0.946007192
1341846666.534121 0.701373458 -0.016827516 -0.313158095 -0.311142534 -0.098428734 -0.071583010 0.942538083
1341846666.570131 0.014316506 -0.340808332 -0.071664236 -0.405497551 0.030453643 0.007931127 0.913554251
1341846666.602180 -0.038296524 -0.008118005 -0.088938184 -0.359216839 0.039075937 0.018952511 0.932243049
1341846666.638072 -0.051316790 0.004965211 -0.095800720 -0.362544000 0.042662974 0.015936840 0.930853248
1341846666.670134 -0.048996706 -0.024069823 -0.072982848 -0.373277456 0.040501863 0.018200390 0.926656485
1341846666.738266 -0.039324570 -0.017129151 -0.087264799 -0.373476446 0.036533967 0.014842888 0.926801145
1341846666.770390 -0.043148130 -0.026876183 -0.078927748 -0.378442228 0.035355546 0.017812766 0.924777925
1341846666.802119 -0.056886520 -0.017996430 -0.096431971 -0.376709789 0.035419736 0.020461909 0.925427735
1341846666.838108 -0.033875693 -0.022041392 -0.077592447 -0.382333070 0.029761489 0.027303353 0.923141479
1341846666.870483 -0.044612512 -0.018422781 -0.082697369 -0.384150922 0.031506144 0.028140897 0.922303379
1341846666.906019 -0.053187814 -0.012327931 -0.087958798 -0.385684907 0.032210331 0.028271910 0.921634614
1341846666.937989 -0.045877688 0.037860859 -0.111425884 -0.378926247 0.028246226 0.026424015 0.924618244
1341846666.970036 -0.044790532 0.041047826 -0.116823129 -0.380675405 0.027842684 0.023265172 0.923996627
1341846667.006200 -0.052958194 0.039839562 -0.112130888 -0.383969635 0.029055780 0.022090672 0.922623992
1341846667.038153 -0.066439629 0.033795729 -0.120184079 -0.386850983 0.028226776 0.021747993 0.921453536
1341846667.074153 -0.031363837 0.051456887 -0.145782486 -0.389478475 0.021232450 0.021977820 0.920528471
1341846667.106156 -0.088833928 0.054236203 -0.120359913 -0.395921588 0.032820303 0.010707256 0.917635143
1341846667.138108 -0.055224020 0.029454513 -0.111785963 -0.401057839 0.021797117 0.016863119 0.915638089
1341846667.174105 -0.034678381 0.041867416 -0.120256178 -0.396187603 0.016990118 0.013819008 0.917908370
1341846667.206107 -0.049883291 0.040147774 -0.124004848 -0.394485176 0.022717325 0.009494540 0.918572366
1341846667.238075 -0.050518531 0.034792669 -0.112477653 -0.392987251 0.021305038 0.009597505 0.919246972
1341846667.274016 -0.013298511 0.011653213 -0.103008114 -0.390904129 0.013478198 0.005937273 0.920313537
1341846667.306189 -0.064240709 0.023652170 -0.140517727 -0.378193855 0.027070723 0.004648951 0.925318837
1341846667.342253 -0.036964465 -0.007283808 -0.144159630 -0.368953139 0.019489195 0.004953892 0.929230452
1341846667.374345 -0.055498376 0.013507479 -0.126077905 -0.356394678 0.019474532 -0.003677397 0.934125304
1341846667.406982 -0.028950332 -0.014412482 -0.118041776 -0.355707079 0.017428972 -0.007616451 0.934403896
1341846667.442109 -0.014698778 -0.006010652 -0.124034837 -0.343452990 0.014211988 -0.002264131 0.939059615
1341846667.474109 -0.019917797 0.004237131 -0.122282974 -0.329208672 0.012488063 -0.002955461 0.944169998
1341846667.506006 -0.067205615 0.023545258 -0.143367410 -0.309814602 0.021784589 -0.015656250 0.950418472
1341846667.542298 -0.019006690 -0.188648090 -0.127178460 -0.332304478 0.011018052 -0.003048831 0.943102896
1341846667.574196 -0.120385736 -0.040764254 -0.168844372 -0.288069427 0.027196679 -0.019885581 0.957016706
1341846667.610099 -0.130071789 -0.058387432 -0.145944104 -0.284432620 0.031145120 -0.016375097 0.958050072
1341846667.642293 -0.077503249 0.010465452 -0.163640618 -0.263357997 0.021357235 -0.011605068 0.964391947
1341846667.674072 -0.105658531 0.021125652 -0.165152833 -0.258102775 0.026136119 -0.016379088 0.965624988
1341846667.710179 -0.084272102 0.053539544 -0.195465043 -0.250431299 0.024421042 -0.014972683 0.967710495
1341846667.742255 -0.094815589 -0.102028497 -0.157202452 -0.277031869 0.028115859 -0.022376761 0.960188627
1341846667.774114 -0.165477082 -0.011284885 -0.144326955 -0.253216803 0.038435243 -0.014623683 0.966535091
1341846667.810099 -0.168820262 -0.018391332 -0.154129565 -0.250870556 0.041701175 -0.015419241 0.966999054
1341846667.842103 -0.138784572 0.017983995 -0.154325902 -0.238232136 0.040726066 -0.020676309 0.970133662
1341846667.878139 -0.214298546 -0.048059702 -0.124801725 -0.243574798 0.051798053 -0.018570535 0.968319893
1341846667.910558 -0.222338110 -0.001858365 -0.141582310 -0.228098705 0.055292070 -0.019368403 0.971873760
1341846667.942116 -0.141800776 -0.027644562 -0.148230672 -0.227345213 0.045302715 -0.022821074 0.972492158
1341846667.978287 -0.172660589 -0.027139518 -0.136643663 -0.219487175 0.049660668 -0.019450596 0.974156499
1341846668.010215 -0.200311005 -0.033918347 -0.131305993 -0.212607339 0.057759225 -0.022638142 0.975166440
1341846668.046247 -0.167596623 -0.063257597 -0.138764843 -0.209382892 0.055283971 -0.023645315 0.975983322
1341846668.078111 -0.107637174 0.023682332 -0.145454139 -0.187279642 0.046025399 -0.025810268 0.980888307
1341846668.110130 -0.155886859 -0.083788894 -0.127553970 -0.196899518 0.054769371 -0.019776149 0.978692889
1341846668.146332 -0.156397492 -0.086319491 -0.133760244 -0.190429732 0.058203951 -0.023999117 0.979680002
1341846668.178208 -0.165907845 -0.111182012 -0.123333901 -0.184081405 0.057864238 -0.022018725 0.980959177
1341846668.211262 -0.159487873 -0.235678107 -0.113727838 -0.194577470 0.054902170 -0.020651832 0.979131639
1341846668.246163 -0.139464900 -0.240573660 -0.105764054 -0.182423666 0.053462718 -0.020205677 0.981557488
1341846668.278397 -0.314427018 -0.117161207 -0.037908714 -0.152661636 0.085377745 -0.023295859 0.984308064
1341846668.314248 -0.221435800 -0.044609196 -0.101190582 -0.124611616 0.066486090 -0.019696379 0.989779592
1341846668.346231 -0.222311482 -0.012341802 -0.101383559 -0.112429358 0.068688691 -0.018747255 0.991105437
1341846668.378099 -0.220894352 -0.015534918 -0.100750260 -0.107256323 0.067111820 -0.015847089 0.991837144
1341846668.414247 -0.203778312 -0.028579930 -0.103479259 -0.102777012 0.064080536 -0.016178221 0.992506325
1341846668.445965 -0.212887332 -0.038837094 -0.107530743 -0.097265676 0.065939941 -0.014437624 0.992966712
1341846668.478153 -0.301340610 -0.098603301 -0.092629410 -0.090777628 0.078564890 -0.014338738 0.992663801
1341846668.514213 -0.221651971 -0.056996886 -0.104013152 -0.066279054 0.064477101 -0.010663819 0.995658636
1341846668.546115 -0.191329226 -0.045432240 -0.116998166 -0.057195071 0.058745112 -0.012200195 0.996558547
1341846668.582467 -0.195009112 -0.060738899 -0.114788450 -0.052887909 0.058413506 -0.014728125 0.996781707
1341846668.614140 -0.210275143 -0.082684487 -0.111296654 -0.043362368 0.062096521 -0.018284570 0.996960104
1341846668.646312 -0.205199555 -0.053298719 -0.118229404 -0.027201409 0.059798740 -0.018083252 0.997675896
1341846668.682455 -0.220151424 -0.053342838 -0.110413119 -0.020734748 0.060022898 -0.020741239 0.997766078
1341846668.714133 -0.221877366 -0.065373398 -0.101933815 -0.009212522 0.057499319 -0.021328030 0.998075187
1341846668.746132 -0.194677159 -0.042928863 -0.113360971 0.002968569 0.050680190 -0.020822061 0.998493433
1341846668.782338 -0.199953735 -0.010436403 -0.113992460 0.006947711 0.051567867 -0.021924384 0.998404622
1341846668.814140 -0.183170080 -0.032308318 -0.124136277 0.002187832 0.048713967 -0.021223640 0.998584867
1341846668.850214 -0.181168601 -0.023193052 -0.127583057 0.003721595 0.046995305 -0.020365182 0.998680532
1341846668.882442 -0.192537740 -0.037736226 -0.116738267 -0.001182642 0.048161492 -0.022876382 0.998576880
1341846668.914289 -0.185726821 -0.046986219 -0.117716715 -0.003218720 0.045749102 -0.024439406 0.998648763
1341846668.950088 -0.197809324 -0.042161904 -0.119296513 -0.000869778 0.043459043 -0.027278306 0.998682380
1341846668.982227 -0.205341861 -0.014065035 -0.120218381 -0.001652593 0.041807119 -0.034143001 0.998540759
1341846669.014062 -0.197670996 -0.019488012 -0.138034284 -0.010083427 0.039293796 -0.037858538 0.998459339
1341846669.050056 -0.200344324 -0.027153503 -0.122924216 -0.015534780 0.035597853 -0.042369191 0.998346806
1341846669.082525 -0.196547061 -0.009432820 -0.120703913 -0.018330421 0.031068984 -0.049628235 0.998116076
1341846669.118346 -0.195538655 -0.006093349 -0.131887063 -0.027373685 0.029778462 -0.059367631 0.997416377
1341846669.150086 -0.196655050 -0.024996502 -0.143365979 -0.035437275 0.026445096 -0.064809792 0.996917546
1341846669.182477 -0.173065349 -0.017701643 -0.135310099 -0.035297170 0.018716028 -0.070200868 0.996732473
1341846669.218046 -0.170930028 -0.009986201 -0.133862913 -0.041472264 0.019115115 -0.079276271 0.995806158
1341846669.250205 -0.166446745 -0.010173053 -0.132027611 -0.045488119 0.016073687 -0.082907505 0.995388806
1341846669.286114 -0.162947997 -0.015224553 -0.131832853 -0.047052085 0.013404074 -0.087187134 0.994989872
1341846669.318030 -0.162624672 -0.010689211 -0.132688001 -0.048861474 0.014730065 -0.092965864 0.994360566
1341846669.350255 -0.190094903 -0.015519566 -0.133097991 -0.051661279 0.016474074 -0.099365950 0.993572414
1341846669.418200 -0.168329328 0.003461049 -0.137315318 -0.057446163 0.009673775 -0.119269982 0.991151392
1341846669.450219 -0.178069770 -0.009765785 -0.132079631 -0.063584529 0.009110251 -0.130337387 0.989386737
1341846669.486175 -0.168092504 -0.008967754 -0.145247206 -0.066889100 0.004762694 -0.140084535 0.987866104
1341846669.518033 -0.163768336 -0.002365927 -0.147265464 -0.072809100 0.006028832 -0.152486980 0.985601425
1341846669.554159 -0.167901486 -0.007251979 -0.136565506 -0.079090007 0.007230741 -0.161942691 0.983599007
1341846669.586348 -0.160809696 0.003629603 -0.141825870 -0.081743762 0.005315773 -0.170033202 0.982027709
1341846669.617976 -0.147473812 0.000724142 -0.163417488 -0.089334965 0.006170554 -0.180083603 0.979566813
1341846669.654096 -0.160328045 -0.009197311 -0.144243509 -0.095358424 0.011151163 -0.188620284 0.977345824
1341846669.686069 -0.170711204 -0.015422683 -0.140334636 -0.097105496 0.013453769 -0.195232227 0.975845218
1341846669.718075 -0.153496757 0.002564361 -0.155490458 -0.096247829 0.012829840 -0.201884001 0.974584341
1341846669.754171 -0.157351881 0.003579139 -0.159339771 -0.103100985 0.016633214 -0.211235076 0.971840143
1341846669.786139 -0.153317332 -0.000085597 -0.152978390 -0.107835300 0.017997086 -0.217700362 0.969873309
1341846669.822151 -0.163870454 0.002133081 -0.152195230 -0.110372983 0.020643566 -0.227845848 0.967201114
1341846669.854118 -0.155169711 0.015592242 -0.144414499 -0.113307670 0.021126587 -0.235556051 0.965001762
1341846669.886219 -0.165635362 0.014351924 -0.145868406 -0.120376468 0.025420502 -0.246930405 0.961191297
1341846669.922050 -0.162846401 0.014343383 -0.141378507 -0.121855512 0.026005639 -0.253214151 0.959352672
1341846669.954047 -0.139937222 0.022053933 -0.166271135 -0.124799132 0.024228562 -0.260744929 0.957000673
1341846669.986285 -0.147631735 0.026629442 -0.155663699 -0.130901590 0.028992277 -0.268723547 0.953840613
1341846670.022242 -0.157389596 0.005181102 -0.154451162 -0.138278663 0.033182789 -0.279896200 0.949439883
1341846670.054135 -0.150628850 -0.000058068 -0.154982880 -0.141361848 0.034352574 -0.285531014 0.947263837
1341846670.090228 -0.146061808 0.007372627 -0.169701070 -0.144754261 0.037184779 -0.295298606 0.943643093
1341846670.121996 -0.150666267 0.000275450 -0.177484721 -0.150300249 0.042311974 -0.306564331 0.938955724
1341846670.154057 -0.132450387 -0.001129221 -0.183936015 -0.153301284 0.044332106 -0.316170990 0.935184062
1341846670.190103 -0.150421292 0.006369871 -0.165074855 -0.157463729 0.050112199 -0.326782763 0.930541217
1341846670.222197 -0.151098222 0.005072141 -0.170337692 -0.159118637 0.053464759 -0.337472022 0.926248014
1341846670.258571 -0.155190855 0.007268674 -0.167558327 -0.160421714 0.059354249 -0.345688373 0.922627509
1341846670.290254 -0.168842629 0.000183311 -0.161900789 -0.164060980 0.064269610 -0.355037093 0.918096960
1341846670.358377 -0.160791397 0.011277747 -0.168696508 -0.158934787 0.075880207 -0.370896965 0.911820889
1341846670.390114 -0.147284269 -0.005219506 -0.165870205 -0.159684539 0.079944961 -0.374398410 0.909909606
1341846670.422206 -0.169163138 0.008025932 -0.144781291 -0.155482665 0.091391966 -0.385406315 0.904950082
1341846670.464003 -0.197363973 0.000304660 -0.141344219 -0.151523769 0.103847966 -0.398000360 0.898805797
1341846670.526271 -0.168742925 0.020370075 -0.133389682 -0.139966697 0.114954703 -0.407951146 0.894857883
1341846670.566977 -0.157111108 0.021626739 -0.153242856 -0.136856303 0.117997505 -0.411019742 0.893537760
1341846670.596103 -0.143208981 0.022974031 -0.151101515 -0.132956699 0.118813261 -0.413966119 0.892657816
1341846670.628412 -0.132319003 0.025987457 -0.172113895 -0.128998399 0.120332114 -0.416219026 0.891987264
1341846670.664027 -0.151274845 0.013467446 -0.168041334 -0.127688214 0.125592679 -0.424887270 0.887351692
1341846670.696002 -0.183503062 -0.004656823 -0.147979215 -0.126044810 0.134245425 -0.434321135 0.881734610
1341846670.728093 -0.176335394 -0.006823694 -0.153894573 -0.119732514 0.137547448 -0.438858956 0.879856586
1341846670.764128 -0.152378753 -0.006068097 -0.176603287 -0.113527492 0.139818862 -0.440508932 0.879496515
1341846670.796059 -0.196110159 -0.009747542 -0.161979556 -0.111476921 0.152950406 -0.450225174 0.872626126
1341846670.832246 -0.232384652 -0.045841452 -0.159953862 -0.108978368 0.159763381 -0.461631536 0.865734160
1341846670.863970 -0.346352279 0.095565252 -0.513793707 -0.123330846 0.134398118 -0.527747989 0.829583466
1341846670.896139 -0.709046304 0.213505119 -1.081902981 -0.178313375 0.125995442 -0.603816926 0.766638517
1341846670.932028 -1.206490993 0.225198627 -1.645918012 -0.254764706 0.115145452 -0.647748232 0.708702147
1341846670.964063 -1.417348027 0.253993213 -1.601104379 -0.362403542 0.167098999 -0.695673943 0.597310007
1341846671.000270 0.472860157 -1.217876792 -4.339623928 -0.246468991 -0.098594300 -0.773492754 0.575535536
1341846671.032112 -3.134691000 -0.346668571 -6.487867355 -0.310294122 0.075314417 -0.675090969 0.665054560
1341846671.064030 -6.575097561 0.124391772 -7.251992702 -0.368042797 0.221665099 -0.572498322 0.698322833
1341846671.101398 -11.003658295 -0.051680431 -6.322970867 -0.424733579 0.370235354 -0.390564680 0.728001654
1341846671.132289 -10.980656624 0.003225561 -6.342854023 -0.409390897 0.371502638 -0.401983202 0.729927659
1341846671.168159 -10.993000984 -0.002557338 -6.346201897 -0.399450779 0.371594936 -0.405845612 0.733243167
1341846671.200149 -10.890602112 0.007413680 -6.256633759 -0.400102794 0.370872974 -0.414124250 0.728609741
1341846671.232280 -10.981128693 -0.032412924 -6.363128185 -0.383673638 0.357324421 -0.421963304 0.739635527
1341846671.268147 -11.006480217 -0.013942315 -6.367490768 -0.373707831 0.362095594 -0.431712329 0.736786067
1341846671.300337 -10.973629951 -0.038239125 -6.391456127 -0.366244286 0.350965202 -0.439259797 0.741444111
1341846671.336125 -11.043594360 0.006420406 -6.354867935 -0.361078143 0.362318873 -0.440837890 0.737570047
1341846671.368236 -10.905728340 0.019473445 -6.453222752 -0.339464456 0.341885835 -0.447618037 0.753336608
1341846671.400327 -10.892866135 -0.009482330 -6.463417053 -0.337959558 0.333341718 -0.453338236 0.754420996
1341846671.436064 -10.908675194 0.019129749 -6.457865715 -0.331436276 0.332937241 -0.456288725 0.755713820
1341846671.468197 -10.906744003 0.029129362 -6.464170456 -0.325717926 0.330474555 -0.463806570 0.754703820
1341846671.504294 -10.996361732 0.028741686 -6.352066517 -0.338670969 0.340499908 -0.463671416 0.744560719
1341846671.536197 -10.976383209 0.036004167 -6.369140625 -0.334100425 0.325051814 -0.476977795 0.745124459
1341846671.568120 -10.969640732 0.023699082 -6.359656334 -0.330893159 0.318443596 -0.481274903 0.746644437
1341846671.604188 -10.974291801 0.030697796 -6.380933762 -0.324854791 0.312107444 -0.488497138 0.747280955
1341846671.636057 -10.967072487 0.028801790 -6.396450520 -0.317707539 0.299309403 -0.494920313 0.751351893
1341846671.672157 -10.951118469 0.038876962 -6.412614346 -0.307003558 0.288570762 -0.503544688 0.754266858
1341846671.704027 -10.935066223 0.026177090 -6.431901455 -0.304620534 0.281435162 -0.504121602 0.757536769
1341846671.736479 -10.962679863 0.042274203 -6.437261581 -0.305031061 0.278244138 -0.512472689 0.752932966
1341846671.774745 -10.917080879 0.090134948 -6.435652733 -0.296654195 0.271652430 -0.516085505 0.756212294
1341846671.804605 -10.959822655 0.062825680 -6.362814903 -0.306048483 0.267318577 -0.520020068 0.751301646
1341846671.840252 -10.956414223 0.078171372 -6.338519573 -0.307863086 0.263846755 -0.522665560 0.749950588
1341846671.872106 -10.971248627 0.089475408 -6.329857349 -0.306809008 0.263060600 -0.526973248 0.747640669
1341846671.904035 -10.987750053 0.096469045 -6.330881119 -0.307870239 0.263331592 -0.528341174 0.746142030
1341846671.972239 -10.931710243 0.048276834 -6.435786247 -0.305009753 0.243184015 -0.537833154 0.747372746
1341846672.034218 -10.944274902 0.060543902 -6.429089069 -0.307968080 0.237478107 -0.545261562 0.742596567
1341846672.066227 -10.947293282 0.044425439 -6.429576874 -0.311489105 0.233110547 -0.550225675 0.738840818
1341846672.098024 -10.937919617 0.033858683 -6.419648170 -0.314959884 0.227123454 -0.552676380 0.737403512
1341846672.134061 -10.945555687 0.038105108 -6.428428173 -0.314835310 0.223245308 -0.556848526 0.735499859
1341846672.166000 -10.946924210 0.037886731 -6.437008381 -0.315806687 0.220470786 -0.561205268 0.732603133
1341846672.198405 -10.945366859 0.033683572 -6.419958115 -0.318775535 0.219136968 -0.563467503 0.729976416
1341846672.234130 -10.936186790 0.008935375 -6.426068306 -0.319323331 0.210429877 -0.566311002 0.730098426
1341846672.266403 -10.925873756 0.049371734 -6.434144020 -0.310971886 0.210897401 -0.570902944 0.729992211
1341846672.302710 -10.944308281 0.026623309 -6.421658516 -0.317437202 0.209857821 -0.571161985 0.727301359
1341846672.335022 -10.943806648 0.035291925 -6.429147243 -0.317657560 0.207485154 -0.572818577 0.726582706
1341846672.366487 -10.922683716 0.014597126 -6.438733578 -0.317141026 0.201992303 -0.574357748 0.727140903
1341846672.402478 -10.919577599 0.014003206 -6.450743198 -0.314904630 0.201364607 -0.575081766 0.727714479
1341846672.434330 -10.912148476 0.010656848 -6.455179691 -0.314625680 0.200452864 -0.573732853 0.729150176
1341846672.472323 -10.908443451 0.012142250 -6.450573444 -0.314305961 0.200506285 -0.573145270 0.729735255
1341846672.534812 -10.903720856 0.016072745 -6.465501785 -0.311779737 0.198707670 -0.570609391 0.733289540
1341846672.570153 -10.904029846 0.015523435 -6.466482639 -0.314524382 0.197727427 -0.568959773 0.733664155
1341846672.608881 -10.903865814 0.019308856 -6.465945721 -0.313303351 0.196981341 -0.567623079 0.735420585
1341846672.640836 -10.905585289 0.016388193 -6.471576214 -0.313979745 0.196703419 -0.563036561 0.738724768
1341846672.708152 -10.903621674 0.020122999 -6.464469910 -0.312354147 0.200077847 -0.550820589 0.747663319
1341846672.770288 -10.899197578 0.023737811 -6.470472813 -0.304969281 0.204618037 -0.530701578 0.763859332
1341846672.803280 -10.901513100 0.022595581 -6.465351105 -0.302108377 0.206926301 -0.521489501 0.770688474
1341846672.838034 -10.900853157 0.028249327 -6.465479374 -0.298807561 0.208439037 -0.512869895 0.777323365
1341846672.870092 -10.906960487 0.031371456 -6.462743759 -0.297115326 0.209714457 -0.504668176 0.782976627
1341846672.902275 -10.903378487 0.034121908 -6.465816975 -0.294795007 0.209584340 -0.498041719 0.788114667
1341846672.938315 -10.905916214 0.028640708 -6.470307827 -0.294143945 0.209680900 -0.488167524 0.794484556
1341846672.970326 -10.913269043 0.036215987 -6.467675686 -0.293470263 0.212123603 -0.478984922 0.799657583
1341846673.008221 -10.909530640 0.037180178 -6.471868515 -0.292651683 0.213596299 -0.468486607 0.805761695
1341846673.070235 -10.920179367 0.043217450 -6.462834835 -0.294150174 0.220993534 -0.447623581 0.815028012
1341846673.106189 -10.917586327 0.042842012 -6.461818218 -0.290114880 0.223364443 -0.434880435 0.822691083
1341846673.138104 -10.914264679 0.042399578 -6.464919567 -0.285522193 0.224739566 -0.421773225 0.830708444
1341846673.170298 -10.917349815 0.040393107 -6.461441994 -0.283829927 0.225981295 -0.412765831 0.835462391
1341846673.206489 -10.915207863 0.039339665 -6.456344604 -0.280106694 0.226958796 -0.403163940 0.841123521
1341846673.238153 -10.923476219 0.042239267 -6.451863766 -0.275819033 0.228183016 -0.393465251 0.846783042
1341846673.274220 -10.905217171 0.040918361 -6.464175701 -0.270549417 0.225986466 -0.385141283 0.852877080
1341846673.306107 -10.912199020 0.039889507 -6.457171440 -0.266116560 0.228072673 -0.377324045 0.857199728
1341846673.338187 -10.910401344 0.041731641 -6.457250118 -0.261024475 0.228755340 -0.367716074 0.862741053
1341846673.374098 -10.902383804 0.041760594 -6.457020283 -0.255216211 0.229301482 -0.359000623 0.867988527
1341846673.406266 -10.906544685 0.042760246 -6.454529762 -0.249728337 0.232933015 -0.348992825 0.872686625
1341846673.438267 -10.907067299 0.045217279 -6.452989578 -0.242455646 0.234071016 -0.336762488 0.879213870
1341846673.474135 -10.900723457 0.045282975 -6.457218647 -0.234485060 0.235266998 -0.325046539 0.885443926
1341846673.506260 -10.908646584 0.047852058 -6.459095955 -0.228215158 0.238438368 -0.313298523 0.890454412
1341846673.542168 -10.910930634 0.044409171 -6.464997768 -0.224792212 0.237553358 -0.300582170 0.895928144
1341846673.574072 -10.904209137 0.036588937 -6.459390640 -0.223923221 0.237233460 -0.289760470 0.899787486
1341846673.606102 -10.899073601 0.020520285 -6.467140675 -0.222656503 0.234860703 -0.277510971 0.904572904
1341846673.648026 -10.899539948 0.020799356 -6.468235493 -0.221221134 0.233099684 -0.263647676 0.909513950
1341846673.710162 -10.899704933 0.020925460 -6.470479965 -0.222684115 0.231407091 -0.236475542 0.917028785
1341846673.742225 -10.904781342 0.017053925 -6.484180450 -0.221649498 0.229934424 -0.220004395 0.921737313
1341846673.774298 -10.902702332 0.018016282 -6.480079651 -0.219730511 0.228760406 -0.203138158 0.926348805
1341846673.810154 -10.907552719 0.015821811 -6.479072094 -0.217833862 0.229110941 -0.186679572 0.930165231
1341846673.842305 -10.913961411 0.012136417 -6.492277145 -0.216077372 0.227187052 -0.171476677 0.933965921
1341846673.874285 -10.910221100 0.011703935 -6.483246326 -0.217845082 0.226519674 -0.161527842 0.935489774
1341846673.910253 -10.910649300 0.012499317 -6.485140800 -0.218707338 0.227780700 -0.145687029 0.937581122
1341846673.942284 -10.910098076 0.013981640 -6.481263638 -0.217831805 0.227159590 -0.134459570 0.939610779
1341846673.978434 -10.906809807 0.015601370 -6.475964546 -0.216021493 0.229264140 -0.127212346 0.940526307
1341846674.016486 -10.906173706 0.016041348 -6.470610619 -0.211762115 0.232950792 -0.116907105 0.941925406
1341846674.052060 -10.909702301 0.014606900 -6.480793476 -0.208070591 0.234696418 -0.107148729 0.943474114
1341846674.084057 -10.908087730 0.015105366 -6.473817825 -0.206154853 0.237410158 -0.101063214 0.943887055
1341846674.152235 -10.909768105 0.013891527 -6.486694813 -0.208095580 0.241769865 -0.084173277 0.944011867
1341846674.210322 -10.915265083 0.007953945 -6.496550083 -0.210153729 0.247138456 -0.069048390 0.943392992
1341846674.246217 -10.909802437 0.012276104 -6.485222816 -0.211649895 0.249430597 -0.059743732 0.943090320
1341846674.278035 -10.907588959 0.014027134 -6.477056503 -0.208377078 0.250465006 -0.051437080 0.944034159
1341846674.310117 -10.912175179 0.009655787 -6.495577335 -0.205252320 0.251125425 -0.042561829 0.944984674
1341846674.346212 -10.913875580 0.010202021 -6.492971420 -0.205658153 0.253702313 -0.035512906 0.944499195
1341846674.378058 -10.907237053 0.013591683 -6.478849888 -0.202112585 0.257745445 -0.025691187 0.944488108
1341846674.410162 -10.916484833 0.007727666 -6.506188393 -0.198353603 0.258059502 -0.018229315 0.945372343
1341846674.446125 -10.913589478 0.008350802 -6.498381615 -0.199538723 0.260260969 -0.012085989 0.944617629
1341846674.478198 -10.911865234 0.009820930 -6.493749142 -0.197172403 0.262877554 -0.006471391 0.944445074
1341846674.514124 -10.917629242 0.007882768 -6.509289265 -0.195058450 0.263523400 -0.002253646 0.944723487
1341846674.546062 -10.918821335 0.006581849 -6.514019012 -0.194253922 0.263243377 0.002322312 0.944967151
1341846674.578094 -10.914982796 0.007043249 -6.505805016 -0.193842843 0.265222609 0.004301335 0.944491088
1341846674.614179 -10.920724869 0.005081479 -6.517414570 -0.192669258 0.267866850 0.010851630 0.943932295
1341846674.682209 -10.932976723 0.025371900 -6.480311871 -0.185200661 0.275479496 0.021978758 0.943042278
1341846674.714186 -10.941334724 0.041099828 -6.495681763 -0.178041026 0.278335601 0.029296437 0.943383515
1341846674.752271 -10.953763008 0.030568456 -6.493344307 -0.175493658 0.282175809 0.040262796 0.942315042
1341846674.814222 -10.963311195 0.020192808 -6.481267929 -0.174099118 0.288766891 0.051300295 0.940037966
1341846674.846370 -10.968735695 0.018742351 -6.489473343 -0.170155436 0.291129678 0.059795026 0.939529240
1341846674.882158 -10.971403122 0.018653596 -6.490904808 -0.167855874 0.293339729 0.066826478 0.938781321
1341846674.914224 -10.978885651 0.015382560 -6.507066250 -0.167686835 0.293817818 0.072718948 0.938223958
1341846674.950305 -10.973295212 0.015841039 -6.499028683 -0.168305621 0.294868767 0.079835907 0.937204242
1341846674.982342 -10.982405663 0.008988077 -6.519177437 -0.170037732 0.293318927 0.084229223 0.936993361
1341846675.014137 -10.969825745 -0.001288766 -6.580704212 -0.175875604 0.283217549 0.093925357 0.938101053
1341846675.050230 -11.009593964 0.016466264 -6.504727364 -0.185076460 0.295367867 0.092331693 0.932726800
1341846675.088201 -10.957228661 0.029431798 -6.566243649 -0.184578374 0.285200387 0.101698220 0.935012877
1341846675.150188 -10.959606171 0.039917246 -6.563528061 -0.204691187 0.288293183 0.116273247 0.928153574
1341846675.182290 -10.930234909 0.064619541 -6.564631462 -0.215229601 0.286098123 0.117843427 0.926248908
1341846675.218759 -10.954622269 0.027777506 -6.558072567 -0.225488752 0.290602982 0.122841597 0.921745479
1341846675.251951 -10.931256294 0.067498133 -6.523812771 -0.229473978 0.289688945 0.125576735 0.920680463
1341846675.282406 -10.939970970 0.032883298 -6.530696869 -0.234562054 0.292181551 0.132151425 0.917685449
1341846675.318078 -10.910866737 0.060588378 -6.517556190 -0.235901356 0.293220997 0.136858538 0.916319668
1341846675.350149 -10.944682121 0.063495010 -6.547227383 -0.240427867 0.296742737 0.131314561 0.914819479
1341846675.382271 -11.114232063 -0.052503198 -6.464169502 -0.265144140 0.326324373 0.129325315 0.898045599
1341846675.450238 -11.332271576 -0.215353325 -6.040527344 -0.310145706 0.381511927 0.112156987 0.863527119
1341846675.486165 -11.405070305 -0.159513295 -5.879316807 -0.323105127 0.409808904 0.086431921 0.848639667
1341846675.518083 -11.191529274 -0.069892123 -6.191936493 -0.262369603 0.367234230 0.114142187 0.885026991
1341846675.550092 -10.920011520 0.075600073 -6.579088688 -0.201305509 0.290125817 0.136338845 0.925588906
1341846675.586070 -10.903748512 0.054063126 -6.900075912 -0.153031021 0.252524823 0.177577451 0.938764632
1341846675.618075 -10.594004631 0.604114175 -7.098800659 -0.173978105 0.201389983 -0.008459163 0.963899493
1341846675.650024 -10.042081833 0.318469971 -7.281406403 -0.260918975 0.201443002 0.696562409 0.637293339
1341846675.686118 -8.271248817 0.418354630 -8.284456253 -0.366046190 0.142331943 0.918711364 -0.041488249
1341846675.718055 -8.011650085 1.592629075 -9.785158157 0.273715764 -0.032380205 -0.675293922 0.684112012
1341846675.754170 -9.142498970 -1.002596736 -10.504856110 -0.277353525 0.047811296 -0.353089720 0.892253757
1341846675.786330 -8.030929565 -2.691982031 -8.851783752 -0.712803364 0.092555374 0.102405556 0.687646687
1341846675.818106 -5.662005901 -1.556032062 -8.048922539 0.867576361 -0.088114224 -0.470675468 -0.134207919
1341846675.854095 -4.763909340 -0.510517299 -9.951704979 -0.646151602 0.081412971 0.667007506 -0.361885458
1341846675.886163 -5.665308475 -0.902265429 -12.154900551 0.227846518 -0.016047316 -0.583118677 0.779615879
1341846675.961651 -4.696651459 -0.524592221 -10.012505531 -0.639287114 0.132749826 0.667814851 -0.357369304
1341846676.028080 -4.504559040 -1.498973370 -10.001143456 -0.628725111 0.191236407 0.730634630 -0.185219660
1341846676.122163 -4.535973072 -1.192698240 -10.143868446 -0.632184148 0.044074811 0.756858826 -0.159891605
1341846676.390851 -0.076089121 0.038832325 -0.219596893 0.017682258 -0.034912787 0.077692978 0.996208966
1341846676.424250 -0.035532109 0.034250531 -0.224439383 0.019314112 -0.037398074 0.081632905 0.995773256
1341846676.459033 -0.048254341 0.064783953 -0.229103804 0.020427916 -0.030237019 0.077956438 0.996288717
1341846676.490669 -0.039659984 0.054624990 -0.226509094 0.015026591 -0.027241644 0.081123970 0.996218324
1341846676.532743 -0.009006228 0.058986057 -0.245897800 0.014535733 -0.026610501 0.082843430 0.996101201
1341846676.564052 -0.020967040 0.067203663 -0.246122167 0.013327008 -0.020240355 0.080664374 0.996446669
1341846676.596566 -0.013324526 0.072493419 -0.237810403 0.010436543 -0.019375108 0.082387753 0.996357322
1341846676.632057 0.000742750 0.070971124 -0.240855485 0.009152638 -0.017364083 0.079282403 0.996658921
1341846676.690079 0.007496333 0.071574897 -0.249726355 0.008364595 -0.013079758 0.075661600 0.997012675
1341846676.726102 0.028416093 0.067682631 -0.250661492 0.008277596 -0.011734009 0.073185533 0.997214973
1341846676.758419 0.025414031 0.056848712 -0.248197541 0.009277970 -0.006943237 0.072044358 0.997334123
1341846676.790227 0.025343820 0.063200071 -0.254711509 0.011644745 -0.005657090 0.073261790 0.997228682
1341846676.826179 0.040063899 0.063955039 -0.267358512 0.011977813 -0.002913500 0.070934176 0.997404814
1341846676.858331 0.046509881 0.072900347 -0.255371749 0.015071984 -0.000341060 0.072462343 0.997257233
1341846676.894086 0.035546649 0.069021992 -0.252896905 0.014246092 0.000397768 0.073896453 0.997164071
1341846676.926062 0.057555437 0.076437205 -0.256560147 0.014802250 -0.001766264 0.073509820 0.997183084
1341846676.958080 0.047346998 0.067417152 -0.249987528 0.013911441 0.001808117 0.072172880 0.997293472
1341846676.994140 0.054379053 0.069808364 -0.252668202 0.015698951 -0.001003933 0.074024692 0.997132301
1341846677.026242 0.063442901 0.079516388 -0.258269727 0.017110936 -0.002648273 0.073683687 0.997131348
1341846677.094244 0.066041753 0.072272636 -0.259060770 0.013611651 -0.003341712 0.073651575 0.997185528
1341846677.126108 0.067109399 0.064478435 -0.257162392 0.014586793 -0.004539709 0.074022099 0.997139573
1341846677.162066 0.071393892 0.072885260 -0.256177992 0.017935414 -0.004751373 0.073553860 0.997118652
1341846677.194068 0.072645567 0.080734797 -0.261209339 0.017701680 -0.005711016 0.074114233 0.997076273
1341846677.226206 0.092044361 0.066575378 -0.265403390 0.015090255 -0.007490236 0.073201291 0.997174859
1341846677.262033 0.093368441 0.061906677 -0.258828193 0.017422952 -0.004863389 0.074282892 0.997073114
1341846677.294125 0.080219172 0.072796240 -0.261148870 0.020166807 -0.004539912 0.073970929 0.997046113
1341846677.326503 0.097601913 0.068821914 -0.266774327 0.017413765 -0.005677636 0.073309533 0.997141004
1341846677.362194 0.112075083 0.064875923 -0.263307184 0.017407821 -0.005059225 0.073908724 0.997100234
1341846677.394280 0.105593458 0.066407241 -0.271441698 0.019016106 -0.003653511 0.074901670 0.997002900
1341846677.430058 0.113827482 0.067882203 -0.267119706 0.019323546 -0.003388652 0.073998496 0.997065365
1341846677.468326 0.111646049 0.064565144 -0.261286974 0.019885967 0.000131256 0.072118439 0.997197807
1341846677.530161 0.116515338 0.063021891 -0.263352901 0.023861015 0.002419751 0.070664272 0.997211814
1341846677.562051 0.117040522 0.062478576 -0.260935962 0.024906766 0.005495938 0.069462009 0.997258484
1341846677.594105 0.117662780 0.063924432 -0.260164052 0.025241626 0.006317837 0.069544554 0.997239411
1341846677.630227 0.119881175 0.060399607 -0.261551797 0.025432531 0.006905027 0.068183780 0.997324646
1341846677.662033 0.114355572 0.062721886 -0.263078183 0.026687721 0.009249141 0.068019576 0.997284055
1341846677.730320 0.118650287 0.063159451 -0.260303527 0.026210694 0.008551618 0.068001471 0.997304201
1341846677.763691 0.118140854 0.057804555 -0.259124130 0.026953772 0.009733281 0.068296194 0.997253418
1341846677.798630 0.111638941 0.065154605 -0.264607996 0.027916634 0.008983081 0.067241788 0.997305632
1341846677.830104 0.126758695 0.062682860 -0.257206559 0.027050827 0.007664197 0.066184118 0.997411251
1341846677.862185 0.126664102 0.050467379 -0.261968344 0.028410962 0.010111799 0.065337397 0.997407436
1341846677.898344 0.120689832 0.048882350 -0.264822394 0.031683601 0.010839661 0.065965168 0.997259855
1341846677.930181 0.134480864 0.054826662 -0.264148802 0.034369610 0.009155191 0.065160871 0.997240663
1341846677.966256 0.140891522 0.045169465 -0.261343211 0.035868328 0.010364084 0.064275987 0.997233510
1341846677.998516 0.134079024 0.040736351 -0.267547876 0.039942212 0.010769198 0.065989144 0.996962428
1341846678.030368 0.137573853 0.045980375 -0.270286083 0.043502480 0.008064591 0.066325337 0.996816635
1341846678.066187 0.145641327 0.048154365 -0.270154566 0.045637380 0.008572442 0.065321490 0.996783257
1341846678.098076 0.134149984 0.038319170 -0.272667676 0.046175152 0.009910897 0.065297857 0.996747613
1341846678.134082 0.133392289 0.040987030 -0.276955426 0.048261877 0.007186274 0.066022038 0.996624410
1341846678.166092 0.141984686 0.038638331 -0.278061271 0.048980452 0.006990491 0.065098144 0.996651530
1341846678.204293 0.135107562 0.035717808 -0.279121965 0.050456837 0.008286831 0.065817714 0.996520698
1341846678.266209 0.140432343 0.034835801 -0.283934236 0.054329731 0.004756320 0.066141546 0.996318698
1341846678.298316 0.135246515 0.037580647 -0.288034171 0.055139881 0.004057446 0.066261768 0.996269286
1341846678.334135 0.141452178 0.033974987 -0.286691159 0.054673705 0.001400277 0.066194013 0.996306777
1341846678.366593 0.149728909 0.029835915 -0.280719131 0.055593442 0.000844519 0.066414863 0.996241808
1341846678.402292 0.143125743 0.030167643 -0.283314079 0.057232395 0.001499448 0.066331871 0.996153712
1341846678.439991 0.145993665 0.032909889 -0.281657845 0.058476999 0.001313004 0.065794997 0.996117353
