1341845688.561749 0.000000000 0.000000000 0.000000000 0.000000000 0.000000000 0.000000000 1.000000000
1341845688.593654 -0.005146640 -0.003363379 -0.001016790 0.000194089 -0.002383952 0.003429466 0.999991238
1341845688.629688 -0.011107772 0.000045197 -0.009114588 0.002201888 -0.006484609 0.006705790 0.999954045
1341845688.663680 -0.008129335 0.003694874 -0.002424314 0.004608146 -0.012457015 0.012332678 0.999835730
1341845688.697719 -0.007443221 0.005197421 -0.015441167 0.007301410 -0.017348660 0.018489370 0.999651849
1341845688.729899 -0.012660501 0.007938856 -0.018542022 0.012609284 -0.022899661 0.021746986 0.999421656
1341845688.761762 -0.001759698 0.002501708 -0.016848747 0.014138095 -0.028589319 0.022389110 0.999240458
1341845688.797687 0.001368957 0.008003726 -0.020676749 0.016118329 -0.027979461 0.020738645 0.999263346
1341845688.829892 -0.000296308 0.019721877 -0.023827037 0.017806558 -0.025811501 0.019287087 0.999322116
1341845688.865774 -0.011655914 0.020320287 -0.018015381 0.017881937 -0.023826759 0.019615002 0.999363661
1341845688.997750 -0.008485110 0.031870916 -0.039887395 0.017008256 -0.033298951 0.016767757 0.999159992
1341845689.029751 -0.010358872 0.037915066 -0.037312437 0.013767378 -0.030608553 0.011728499 0.999367774
1341845689.065755 -0.014097687 0.043145053 -0.041127905 0.010540737 -0.028411612 0.009198735 0.999498367
1341845689.097725 -0.013305974 0.044684678 -0.039618272 0.006842287 -0.027906250 0.011542061 0.999520481
1341845689.133718 -0.014202075 0.043467455 -0.040615369 0.004535472 -0.026476296 0.014119174 0.999539435
1341845689.165884 -0.018206142 0.049014054 -0.043894399 0.002478152 -0.025256980 0.016205225 0.999546587
1341845689.198264 -0.021842776 0.056692339 -0.039513219 0.000165112 -0.024572220 0.019396944 0.999509871
1341845689.297769 -0.021558937 0.053580571 -0.037693676 -0.005427465 -0.023615772 0.022839567 0.999445438
1341845689.333650 -0.024630463 0.047359318 -0.036353461 -0.007204016 -0.022790179 0.024884064 0.999404550
1341845694.595586 0.004602797 0.049169898 -0.081600726 0.051466495 -0.045300882 -0.013147584 0.997560084
1341845694.629850 0.004345292 0.050451197 -0.080432847 0.053046260 -0.047007050 -0.011751611 0.997415841
1341845694.661659 0.013266517 0.054879513 -0.085942879 0.054905880 -0.048892625 -0.010192432 0.997241676
1341845694.803611 0.025654532 0.054761700 -0.081981875 0.048791692 -0.028571691 -0.005618942 0.998384416
1341845694.835585 0.020639956 0.051886525 -0.076508075 0.047525320 -0.023920724 -0.004099447 0.998575151
1341845694.867728 0.019783879 0.060148712 -0.074372493 0.047877330 -0.021103913 -0.003253547 0.998624980
1341845694.903566 0.020860823 0.064889476 -0.071644425 0.046888329 -0.018506357 -0.002037873 0.998726606
1341845694.935679 0.019425746 0.052791171 -0.076700300 0.044979766 -0.016268579 -0.002102585 0.998853207
1341845694.967669 0.025528323 0.053202797 -0.074311480 0.045744840 -0.016476603 -0.000523635 0.998817146
1341845695.003730 0.035431709 0.048407957 -0.073157094 0.045290649 -0.015904462 0.000629855 0.998847008
1341845695.035689 0.023473755 0.059145160 -0.063599914 0.046486590 -0.010569847 -0.000170194 0.998862982
1341845695.072465 0.021175597 0.052139990 -0.077866383 0.045573238 -0.008876911 0.000735250 0.998921275
1341845695.103895 0.025954569 0.050960921 -0.067992680 0.046071697 -0.011236971 0.002529211 0.998871744
1341845695.135680 0.017257191 0.047970504 -0.069060758 0.046230502 -0.012846603 0.002022187 0.998846114
1341845695.172193 0.019980116 0.046996932 -0.066220671 0.049143393 -0.019015467 0.001941872 0.998608828
1341845695.203618 0.007341141 0.038852639 -0.077269167 0.050544266 -0.025113901 0.002090998 0.998403847
1341845695.235612 0.013503388 0.047528900 -0.070956327 0.055787355 -0.033484239 0.003251295 0.997875750
1341845695.271738 0.013576578 0.042819411 -0.072027773 0.057796687 -0.038742993 0.001858200 0.997574568
1341845695.303569 0.015820129 0.053634815 -0.064672805 0.060893372 -0.043532729 0.002301520 0.997191846
1341845695.335657 0.014956031 0.048879344 -0.073855527 0.060872391 -0.046118807 -0.001509279 0.997078419
1341845695.371706 0.033211242 0.041671157 -0.080899872 0.060430788 -0.051956438 -0.003243955 0.996813953
1341845695.403745 0.029079268 0.042915761 -0.082358174 0.060925025 -0.054223593 -0.006502309 0.996647179
1341845695.435657 0.031068603 0.041329008 -0.084838763 0.061875887 -0.057654232 -0.007505523 0.996388972
1341845695.471720 0.014187217 0.045616735 -0.083092518 0.064075552 -0.059818614 -0.007798055 0.996120095
1341845695.503710 0.025262102 0.048351392 -0.079502538 0.064487174 -0.064037293 -0.007878618 0.995830595
1341845695.539693 0.027562939 0.051090028 -0.085899383 0.064113073 -0.066704459 -0.009414180 0.995666325
1341845695.603908 0.030212263 0.051914420 -0.083309516 0.064955756 -0.069410019 -0.012149956 0.995397091
1341845695.665980 0.026111694 0.048277270 -0.088273428 0.063839093 -0.071937285 -0.013776621 0.995268703
1341845695.701693 0.022390822 0.047577638 -0.080929339 0.063988507 -0.073059775 -0.013071551 0.995186865
1341845695.733686 0.034645844 0.045786500 -0.093948402 0.063179031 -0.075288378 -0.011694328 0.995089591
1341845695.769679 0.037491802 0.048037410 -0.093737900 0.063019156 -0.075700529 -0.011397240 0.995071948
1341845695.801697 0.029499279 0.049389116 -0.088228166 0.062118158 -0.074474096 -0.011547751 0.995219350
1341845695.833635 0.029609600 0.045079164 -0.086130217 0.060663931 -0.074526846 -0.010628831 0.995315373
1341845695.869766 0.033468693 0.043245815 -0.090417355 0.060111620 -0.074167192 -0.010780548 0.995374084
1341845695.901827 0.031139620 0.046003625 -0.087899975 0.059552461 -0.073881544 -0.009223039 0.995444596
1341845695.933900 0.029114002 0.048711829 -0.081557982 0.058427267 -0.073867425 -0.008726782 0.995516777
1341845695.969774 0.029802924 0.048074376 -0.076318987 0.057569191 -0.073322400 -0.008284299 0.995610893
1341845696.001940 0.028191412 0.049369674 -0.086962849 0.056780167 -0.072274871 -0.006828070 0.995743811
1341845696.037778 0.026531216 0.053602438 -0.082798682 0.056472540 -0.071376294 -0.004729134 0.995838284
1341845696.069962 0.025067031 0.048536185 -0.082795359 0.054954410 -0.071173318 -0.003326002 0.995943427
1341845696.102048 0.022234505 0.047264479 -0.090077423 0.054527290 -0.071570292 -0.001937986 0.995942116
1341845696.137759 0.026716916 0.050532863 -0.086001262 0.054561585 -0.072457835 -0.002186409 0.995875537
1341845696.169934 0.022844866 0.051554151 -0.078706026 0.053904142 -0.072570316 -0.001505289 0.995904446
1341845696.201602 0.023707263 0.050481200 -0.082557730 0.052952759 -0.072792068 -0.001891834 0.995938599
1341845696.237582 0.024449660 0.049881376 -0.081108481 0.051496368 -0.072860293 -0.002802906 0.996007860
1341845696.269654 0.023040412 0.050239354 -0.083317652 0.049926572 -0.073310591 -0.003918916 0.996050954
1341845696.305713 0.022260232 0.050496623 -0.081948273 0.049759477 -0.074140973 -0.003946733 0.995997727
1341845696.337790 0.026062498 0.050844185 -0.083873749 0.049287494 -0.075068869 -0.002168624 0.995957196
1341845696.369780 0.025225069 0.051877715 -0.084792510 0.049200349 -0.075629622 -0.002135514 0.995919108
1341845696.406019 0.030969445 0.052000340 -0.097930446 0.047741976 -0.076618314 -0.001486496 0.995915711
1341845696.437910 0.030956820 0.056091551 -0.083162166 0.046720076 -0.077096425 -0.001136215 0.995927751
1341845696.473667 0.029381333 0.054359652 -0.079900995 0.045109611 -0.075962082 -0.001814389 0.996088147
1341845696.505801 0.026797744 0.054954454 -0.080645658 0.043574728 -0.074891463 -0.000806436 0.996238828
1341845696.537879 0.023867136 0.051796265 -0.081159107 0.042554356 -0.074531630 0.000434585 0.996310174
1341845696.573790 0.028519263 0.050831962 -0.084747359 0.041925881 -0.075605132 0.000923783 0.996255577
1341845696.611644 0.028941568 0.049125206 -0.079399757 0.041943371 -0.076561637 0.001195626 0.996181548
1341845696.648592 0.025553973 0.050536383 -0.081591167 0.041330267 -0.076954745 0.001425912 0.996176541
1341845696.705640 0.030584825 0.046886079 -0.075273171 0.038655400 -0.076360859 0.000908008 0.996330261
1341845696.741801 0.028267890 0.053665783 -0.077025764 0.038726699 -0.074952170 0.001579735 0.996433556
1341845696.773765 0.034464333 0.054170080 -0.077469394 0.038669188 -0.074712068 0.001568453 0.996453881
1341845696.805698 0.029934932 0.055039655 -0.081960879 0.037341051 -0.073559552 0.002388729 0.996588647
1341845696.841908 0.036931194 0.053029906 -0.082371064 0.036400095 -0.074175894 0.003869437 0.996573091
1341845696.873637 0.032084756 0.054821339 -0.082272753 0.035976835 -0.072587371 0.004722538 0.996701777
1341845696.905693 0.033494547 0.054157358 -0.081355304 0.034614667 -0.071734108 0.003907703 0.996815324
1341845696.941841 0.034765445 0.056152791 -0.081566244 0.033431411 -0.071259677 0.005381925 0.996882856
1341845696.973560 0.030594703 0.056036796 -0.089674287 0.032212984 -0.070456892 0.007916395 0.996963084
1341845697.009723 0.032091923 0.061934195 -0.088449061 0.032188155 -0.070444666 0.009046133 0.996955156
1341845697.041678 0.041749150 0.052267533 -0.084347345 0.029910130 -0.070006095 0.007085718 0.997072875
1341845697.073636 0.031814754 0.051637102 -0.083612815 0.029828915 -0.067970008 0.006989675 0.997216880
1341845697.109770 0.030128401 0.053972133 -0.082937427 0.030587383 -0.067328379 0.006762033 0.997238994
1341845697.141787 0.033219367 0.052848421 -0.082758643 0.029840197 -0.067315005 0.006868807 0.997261763
1341845697.173791 0.031744838 0.055821624 -0.082265384 0.029992241 -0.066776641 0.007528476 0.997288644
1341845697.209803 0.032568343 0.051358484 -0.078208350 0.029981544 -0.066730641 0.007758088 0.997290313
1341845697.241685 0.032593586 0.055602558 -0.083264068 0.029947249 -0.066285722 0.007529483 0.997322738
1341845697.277780 0.032606971 0.057763789 -0.085367747 0.029495474 -0.066252932 0.008156661 0.997333467
1341845697.309575 0.025681620 0.062143553 -0.085661620 0.029836401 -0.065889753 0.009064186 0.997339547
1341845697.342252 0.033130035 0.053098429 -0.076936632 0.029112415 -0.066737279 0.008323230 0.997311056
1341845697.377604 0.037251804 0.053089764 -0.078309193 0.029212479 -0.067056261 0.008101266 0.997288525
1341845697.409528 0.035618503 0.055572368 -0.078645036 0.029542945 -0.066749163 0.007728826 0.997302353
1341845697.441666 0.033008505 0.055789344 -0.081259720 0.029351389 -0.065854751 0.007245089 0.997371137
1341845697.477718 0.031489003 0.054805007 -0.065271609 0.030768624 -0.066334963 0.007194526 0.997296929
1341845697.509822 0.033170357 0.056566380 -0.072621271 0.030776110 -0.066344015 0.006970311 0.997297704
1341845697.545892 0.033245172 0.055800579 -0.079360142 0.030376228 -0.066430405 0.006946081 0.997304380
1341845697.577742 0.037411250 0.055886064 -0.078880951 0.030912178 -0.067894198 0.007301241 0.997186780
1341845697.609653 0.027102605 0.053728092 -0.084879801 0.030778296 -0.067592956 0.007896193 0.997206867
1341845697.645769 0.036919847 0.059867688 -0.077488661 0.030972684 -0.069058254 0.008609476 0.997094512
1341845697.677795 0.037034087 0.052969463 -0.072423711 0.030275941 -0.068905056 0.008026356 0.997131407
1341845697.713520 0.032898728 0.055464771 -0.085987188 0.029677464 -0.068053380 0.008263635 0.997205913
1341845697.745975 0.026294071 0.064998753 -0.078795902 0.030085929 -0.067998827 0.008699153 0.997193694
1341845697.777683 0.037264269 0.056685068 -0.079984933 0.029105723 -0.069526702 0.009463454 0.997110486
1341845697.813673 0.036947198 0.058705177 -0.072554290 0.028920192 -0.069321059 0.009487513 0.997129977
1341845697.845793 0.041786533 0.062431481 -0.069116518 0.028417611 -0.069362894 0.008918795 0.997146785
1341845697.877887 0.032168530 0.062439542 -0.066041969 0.027432373 -0.068505727 0.009245420 0.997230649
1341845697.913637 0.033304241 0.058733188 -0.068146266 0.026667936 -0.068823457 0.008518970 0.997236013
1341845697.945734 0.031748842 0.061381485 -0.066555686 0.026484359 -0.068620875 0.008060575 0.997258663
1341845697.981763 0.031460114 0.060292300 -0.066589236 0.025840495 -0.068393894 0.007245059 0.997297406
1341845698.013639 0.035352305 0.058272552 -0.073798351 0.025548261 -0.068762183 0.007204966 0.997279882
1341845698.045700 0.037863974 0.061449226 -0.074360482 0.026410749 -0.069141895 0.006895265 0.997233331
1341845698.081804 0.030638022 0.061453938 -0.065846138 0.026334429 -0.069155037 0.007251164 0.997231901
1341845698.113733 0.037820220 0.056895297 -0.075472496 0.025834858 -0.070053786 0.006699724 0.997186124
1341845698.145605 0.038222630 0.060054313 -0.075992145 0.026574193 -0.070309885 0.006742214 0.997148395
1341845698.181637 0.034066424 0.061795477 -0.068671010 0.026828133 -0.070255123 0.006162168 0.997149169
1341845698.213981 0.033200327 0.052710552 -0.070388004 0.025883017 -0.070801929 0.005966955 0.997136652
1341845698.249641 0.034272816 0.061368909 -0.065669201 0.028002944 -0.072192937 0.006192245 0.996978283
1341845698.281737 0.039515417 0.061739605 -0.053509645 0.027294675 -0.072877176 0.005911364 0.996949852
1341845698.313940 0.035029914 0.060478300 -0.065657429 0.026337704 -0.072723530 0.004775081 0.996992886
1341845698.349629 0.036434323 0.061405454 -0.066290691 0.026683822 -0.072809123 0.004116260 0.996980369
1341845698.381667 0.036185008 0.055891018 -0.069376886 0.026307769 -0.073026933 0.003301834 0.996977508
1341845698.413724 0.032604709 0.059842370 -0.065913543 0.027015304 -0.074190080 0.004011760 0.996870041
1341845698.449543 0.034285523 0.063772216 -0.067675494 0.027856516 -0.075914353 0.005075546 0.996712208
1341845698.481693 0.036476508 0.061804064 -0.067079954 0.027459934 -0.077437766 0.005128013 0.996605754
1341845698.517644 0.040001042 0.059218030 -0.072474919 0.027235659 -0.078262098 0.004199573 0.996551871
1341845698.549633 0.038219538 0.058849029 -0.066656664 0.027842997 -0.078865595 0.003176459 0.996491313
1341845698.581773 0.035864986 0.064095989 -0.067101121 0.029468015 -0.079259679 0.001911656 0.996416509
1341845698.617608 0.037963334 0.061032262 -0.071348153 0.029070834 -0.079461932 0.000280416 0.996413887
1341845698.649887 0.037953395 0.058017600 -0.065753132 0.029260378 -0.079925455 0.000091620 0.996371269
1341845698.685838 0.039398026 0.064411059 -0.065659948 0.031267293 -0.080619022 0.000421658 0.996254325
1341845698.717744 0.041940823 0.064186573 -0.069688395 0.030836003 -0.080564782 0.000226782 0.996272266
1341845698.749680 0.040600702 0.061073478 -0.072859757 0.029714845 -0.080036692 0.000531349 0.996348798
1341845698.785826 0.038368944 0.062819771 -0.067397080 0.030012667 -0.079870000 0.001373025 0.996352434
1341845698.817603 0.037782844 0.064893536 -0.066889733 0.029757636 -0.079690337 0.000806233 0.996375024
1341845698.849705 0.043949168 0.061961535 -0.069038466 0.028202316 -0.080377460 0.000746425 0.996365130
1341845698.885714 0.040559687 0.064955823 -0.067242377 0.028429704 -0.080107369 0.000984063 0.996380270
1341845698.917723 0.042849824 0.064471662 -0.066097774 0.027671944 -0.080271043 0.000383374 0.996388793
1341845698.953706 0.041985236 0.062857904 -0.066347882 0.026699444 -0.079619460 0.000077457 0.996467710
1341845698.985694 0.041137636 0.063336797 -0.067169324 0.026325934 -0.079400256 0.000306653 0.996495068
1341845699.017571 0.046456777 0.059013434 -0.078167237 0.024843149 -0.079905160 0.000277828 0.996492803
1341845699.053593 0.045361213 0.063100524 -0.075454496 0.024064971 -0.080315024 0.001292255 0.996478140
1341845699.086340 0.040334027 0.066462882 -0.066682301 0.022846811 -0.079648890 0.001012286 0.996560633
1341845699.117688 0.044287998 0.064364299 -0.074306354 0.020786220 -0.079902247 0.000495230 0.996585846
1341845699.153695 0.041589078 0.064221144 -0.072040901 0.019369448 -0.079556070 0.000201010 0.996642172
1341845699.185845 0.046787277 0.062843762 -0.076322533 0.017971324 -0.079376534 -0.000486162 0.996682584
1341845699.221973 0.039458558 0.067429997 -0.066241220 0.017644482 -0.078294501 -0.000164005 0.996774137
1341845699.253571 0.036327120 0.065516300 -0.065061629 0.017150588 -0.078497887 0.000434108 0.996766627
1341845699.285622 0.040634401 0.059702627 -0.073405333 0.017317854 -0.079876862 -0.000125150 0.996654272
1341845699.321906 0.043939419 0.061953682 -0.075953439 0.018189523 -0.081401780 0.001447092 0.996514320
1341845699.354916 0.043991458 0.062204313 -0.076501206 0.018065987 -0.081787698 0.001650708 0.996484637
1341845699.385859 0.047487427 0.061881103 -0.079754598 0.018193774 -0.082521886 0.001302041 0.996422291
1341845699.421535 0.040556155 0.066380955 -0.065951288 0.019769834 -0.081430040 0.001095943 0.996482372
1341845699.454093 0.040299449 0.066445999 -0.065709203 0.019718654 -0.080546908 -0.000724743 0.996555507
1341845699.489836 0.043252792 0.065955929 -0.066795796 0.019325083 -0.080249518 -0.001345944 0.996586561
1341845699.522001 0.039738160 0.065592602 -0.065372773 0.019556252 -0.080526143 0.000043804 0.996560633
1341845699.556281 0.045413028 0.059503313 -0.072159968 0.019367928 -0.081417859 0.000584461 0.996491671
1341845699.595416 0.051359687 0.060368486 -0.072586253 0.019745534 -0.081782512 0.001596094 0.996453285
1341845699.628631 0.051209729 0.061684210 -0.072495796 0.019721624 -0.080774769 -0.000007918 0.996537268
1341845699.663810 0.049954753 0.057977494 -0.073269881 0.019115526 -0.079758994 0.000299921 0.996630788
1341845699.696113 0.044357438 0.059754737 -0.072328493 0.020267498 -0.078651108 0.001429645 0.996695161
1341845699.727683 0.048223734 0.063374236 -0.076763235 0.019606104 -0.078829065 0.002015353 0.996693313
1341845699.789808 0.048916340 0.058432490 -0.072678544 0.017041543 -0.077836134 0.000531170 0.996820331
1341845699.821737 0.047910552 0.060390331 -0.074206926 0.017316075 -0.076944895 0.000727592 0.996884704
1341845699.857825 0.047175135 0.064369641 -0.074837238 0.017583476 -0.077202775 0.001394443 0.996859372
1341845699.889686 0.041650336 0.064132430 -0.067398302 0.017819649 -0.077020623 0.000886760 0.996869862
1341845699.925749 0.048511676 0.059269078 -0.073402226 0.017476764 -0.077252924 0.000518701 0.996858180
1341845699.957536 0.044223510 0.059954640 -0.069908880 0.018237101 -0.076483279 0.000722317 0.996903837
1341845699.989671 0.047788180 0.056846887 -0.072425246 0.018655902 -0.077268362 0.002505869 0.996832609
1341845700.025810 0.046688985 0.060255766 -0.067448869 0.020346517 -0.077430502 0.002724100 0.996786416
1341845700.058133 0.045381930 0.059986047 -0.063881360 0.020962777 -0.076931499 0.002212569 0.996813536
1341845700.090754 0.051722068 0.061018385 -0.064117625 0.021427294 -0.076929450 0.001071267 0.996805668
1341845700.125852 0.051655568 0.058075760 -0.066995345 0.021148860 -0.076831065 0.000703565 0.996819556
1341845700.157773 0.051352177 0.060357310 -0.066142119 0.022016579 -0.077073030 0.000646723 0.996782124
1341845700.193533 0.059303004 0.059784804 -0.073289722 0.022028208 -0.077080823 0.000096916 0.996781468
1341845700.225771 0.050267056 0.062532790 -0.065439753 0.022451591 -0.075541064 0.000203740 0.996889889
1341845700.257669 0.047413450 0.061268039 -0.063193217 0.022546731 -0.074886285 0.000398630 0.996937096
1341845700.293641 0.055362340 0.062139977 -0.070849545 0.022429809 -0.075281054 0.002095385 0.996907830
1341845700.325714 0.045398947 0.060549203 -0.063524507 0.022561105 -0.074254960 0.002031479 0.996981978
1341845700.357742 0.051704608 0.067200162 -0.062549859 0.023619544 -0.074630134 0.002735084 0.996927738
1341845700.393681 0.044210248 0.060994271 -0.060298573 0.022422811 -0.072954603 0.000920210 0.997082710
1341845700.425997 0.048188724 0.061341818 -0.062520094 0.022247197 -0.072933957 0.000571673 0.997088432
1341845700.461682 0.053560406 0.061217520 -0.067782938 0.021863066 -0.073044233 -0.000500336 0.997088909
1341845700.493808 0.052786905 0.065780029 -0.062650152 0.022406630 -0.072938077 -0.000364241 0.997084677
1341845700.526106 0.052460175 0.061328579 -0.063903823 0.021424681 -0.072728470 -0.000193827 0.997121632
1341845700.562458 0.051470075 0.066625640 -0.061163396 0.021910829 -0.072422452 0.000007008 0.997133315
1341845700.626137 0.044425510 0.063394666 -0.062932707 0.021018522 -0.072267063 0.000850504 0.997163475
1341845700.661872 0.052794304 0.065857127 -0.064965487 0.021071244 -0.072137102 -0.000201593 0.997172117
1341845700.693861 0.048522692 0.061115436 -0.058892753 0.020328529 -0.071154974 -0.001281861 0.997257292
1341845700.732394 0.049321018 0.064680792 -0.061328992 0.020455869 -0.071930155 0.000143687 0.997199893
1341845700.767794 0.049064867 0.064913489 -0.060967937 0.020970108 -0.072358966 0.000370736 0.997158110
1341845700.799058 0.049356494 0.065924391 -0.064395398 0.021411818 -0.071761958 0.000166308 0.997191906
1341845700.867749 0.050883196 0.065972619 -0.059151936 0.021547798 -0.071649320 -0.000293253 0.997197092
1341845700.930007 0.050300173 0.062102560 -0.059817690 0.022190943 -0.072449192 0.000070639 0.997125208
1341845700.961797 0.055421852 0.066017784 -0.065971389 0.022396633 -0.073146209 -0.000335045 0.997069657
1341845700.997752 0.058018204 0.066278830 -0.064364955 0.022227082 -0.072856404 -0.001434380 0.997093678
1341845701.029597 0.054492038 0.060821541 -0.063914202 0.021845654 -0.073272496 -0.001451150 0.997071624
1341845701.061618 0.056267474 0.062633187 -0.063191324 0.022289740 -0.073649824 -0.001700588 0.997033596
1341845701.097561 0.056307107 0.063206173 -0.061831776 0.022550706 -0.074088402 -0.001603673 0.996995389
1341845701.129741 0.055026270 0.065196350 -0.082421385 0.022407835 -0.073422201 -0.001510847 0.997048020
1341845701.165734 0.060830459 0.067185618 -0.074706085 0.022484608 -0.073588826 -0.001736929 0.997033656
1341845701.197714 0.044426709 0.069972917 -0.085215509 0.022793178 -0.072838604 -0.001339659 0.997082353
1341845701.230497 0.059524857 0.063307807 -0.067901947 0.023124993 -0.074482284 -0.001717822 0.996952653
1341845701.265852 0.052787196 0.064205669 -0.058589984 0.023701631 -0.074251503 -0.001168917 0.996957183
1341845701.297730 0.049538042 0.063492045 -0.058376279 0.024526957 -0.074777447 -0.001863752 0.996896803
1341845701.329611 0.054966811 0.066253401 -0.062724002 0.024794957 -0.075092934 -0.002525429 0.996865034
1341845701.365791 0.051847134 0.065483943 -0.056853186 0.024341624 -0.074572884 -0.002549976 0.996915162
1341845701.397757 0.053081769 0.065851860 -0.058174625 0.024114881 -0.074375026 -0.002983511 0.996934295
1341845701.433542 0.051673237 0.063221045 -0.064052299 0.023295054 -0.073869079 -0.002490073 0.996992707
1341845701.465617 0.050756402 0.063569099 -0.067535527 0.023492565 -0.073737919 -0.000961349 0.997000456
1341845701.497704 0.050504364 0.063569725 -0.060277913 0.023390681 -0.074045226 -0.000173797 0.996980548
1341845701.533597 0.055804208 0.066511154 -0.067454927 0.023075704 -0.074347682 -0.000801853 0.996965051
1341845701.597762 0.059123620 0.063333742 -0.070317179 0.022437844 -0.073883623 -0.001744604 0.997012913
1341845701.633825 0.055990558 0.061486777 -0.063316584 0.022933004 -0.073957451 -0.002018031 0.996995628
1341845701.665709 0.057870232 0.065833732 -0.068901159 0.023814449 -0.074072011 -0.001202155 0.996967793
1341845701.701676 0.057510700 0.065184601 -0.066238031 0.024476472 -0.073684007 -0.001364068 0.996980250
1341845701.733527 0.048653934 0.061148353 -0.057319082 0.024898564 -0.073069967 -0.001603251 0.997014642
1341845701.765764 0.048888873 0.062549479 -0.059116181 0.024792239 -0.073171161 -0.001626627 0.997009873
1341845701.801701 0.058260497 0.064631306 -0.068334028 0.024834054 -0.073532186 -0.001710823 0.996982098
1341845701.833700 0.052352000 0.062412616 -0.059788529 0.025050910 -0.072944656 -0.001468018 0.997020245
1341845701.865775 0.056478232 0.067214258 -0.058462828 0.025899693 -0.073254205 -0.000692461 0.996976733
1341845701.901711 0.054890338 0.065837838 -0.057211298 0.025749406 -0.072857365 -0.001650655 0.997008562
1341845701.933585 0.055445313 0.064703569 -0.059875902 0.025212860 -0.072443187 -0.002140565 0.997051477
1341845701.969726 0.053299535 0.064718924 -0.055676259 0.025050471 -0.072604463 -0.001585208 0.997044921
1341845702.002544 0.057548005 0.068047523 -0.056456249 0.025344368 -0.072763152 -0.001452251 0.997026086
1341845702.034379 0.057068627 0.067361519 -0.060312178 0.025442792 -0.072467588 -0.001767844 0.997044623
1341845702.101809 0.053539667 0.066769235 -0.059371915 0.025742322 -0.072146952 -0.003032472 0.997057140
1341845702.137663 0.033920195 0.065412022 -0.084394999 0.025135122 -0.071419217 -0.002384632 0.997126758
1341845702.169629 0.052712876 0.070369482 -0.062348831 0.026707636 -0.073117435 -0.002974397 0.996961236
1341845702.201769 0.054056320 0.063496023 -0.057660710 0.026634721 -0.072845794 -0.003608981 0.996980965
1341845702.237691 0.054784566 0.064988613 -0.058092810 0.026850263 -0.072093435 -0.004062902 0.997028112
1341845702.269760 0.047565319 0.065900885 -0.053867791 0.027291564 -0.071742699 -0.004059060 0.997041464
1341845702.301761 0.053641647 0.062002808 -0.055079203 0.027019281 -0.071919866 -0.005145201 0.997031093
1341845702.337713 0.050980393 0.069048874 -0.050985940 0.027528094 -0.071041614 -0.005207113 0.997079849
1341845702.369720 0.049115732 0.062909402 -0.060549177 0.026575962 -0.071194135 -0.005495958 0.997093260
1341845702.405655 0.051838480 0.063727826 -0.058340430 0.026756270 -0.071749322 -0.004223357 0.997054815
1341845702.469691 0.057714444 0.063269153 -0.055227213 0.026759844 -0.071178637 -0.005108761 0.997091472
1341845702.506265 0.054733079 0.062871389 -0.055035282 0.026917025 -0.071053237 -0.004653198 0.997098386
1341845702.569753 0.058313914 0.063272148 -0.053662073 0.026704917 -0.071858674 -0.002490249 0.997054160
1341845702.605685 0.057199966 0.065674745 -0.049922265 0.026825858 -0.071940355 -0.002389587 0.997045279
1341845702.637718 0.053493984 0.063619107 -0.055929411 0.025782445 -0.071444578 -0.003263613 0.997105956
1341845702.673733 0.055765782 0.063718587 -0.052308399 0.025818259 -0.071486771 -0.003436917 0.997101426
1341845702.705735 0.052310742 0.070089824 -0.051075235 0.026068477 -0.070610829 -0.003911440 0.997155547
1341845702.737648 0.055743456 0.068821907 -0.047123078 0.025049020 -0.070140086 -0.005450347 0.997207701
1341845702.773644 0.058130424 0.065518320 -0.060377657 0.022865208 -0.069632940 -0.006536839 0.997289181
1341845702.805893 0.057575896 0.057763461 -0.057707641 0.020619182 -0.068907753 -0.007211942 0.997383833
1341845702.837969 0.050588515 0.061805181 -0.054799419 0.020429198 -0.067867689 -0.007929586 0.997453630
1341845702.874009 0.054735254 0.060765930 -0.054627668 0.018334569 -0.067349441 -0.008182400 0.997527421
1341845702.908704 0.053848591 0.055975080 -0.056485083 0.017217593 -0.066777043 -0.008194937 0.997585654
1341845702.941673 0.059908800 0.053994656 -0.060827915 0.017627506 -0.067638740 -0.007749611 0.997524023
1341845702.973595 0.047328122 0.060366720 -0.057479274 0.020130331 -0.067719288 -0.006631809 0.997479260
1341845703.005769 0.056699812 0.055484753 -0.049788777 0.021723855 -0.069888398 -0.004510846 0.997308016
1341845703.041648 0.058779575 0.058947839 -0.058130719 0.022999620 -0.071252212 -0.003783830 0.997185946
1341845703.073714 0.058927499 0.068396486 -0.057021424 0.023507196 -0.071065098 -0.004121820 0.997186124
1341845703.109699 0.058217824 0.061980829 -0.061592296 0.020473076 -0.069439739 -0.006133353 0.997357190
1341845703.142006 0.055333696 0.057545662 -0.052696619 0.018982595 -0.067908213 -0.007247424 0.997484624
1341845703.173706 0.047937255 0.053643364 -0.053038821 0.017343041 -0.066580333 -0.008475735 0.997594357
1341845703.209732 0.053172700 0.061769046 -0.051296327 0.017723331 -0.067039423 -0.008558974 0.997556210
1341845703.242050 0.041451264 0.064537376 -0.069846623 0.018356422 -0.066720337 -0.007445775 0.997575045
1341845703.273874 0.059441660 0.058075719 -0.057550043 0.018943006 -0.068169042 -0.008319519 0.997459233
1341845703.309758 0.053047612 0.059878051 -0.053314488 0.020183491 -0.068834186 -0.006216679 0.997404516
1341845703.341850 0.049541790 0.058867138 -0.077501252 0.020049807 -0.068787962 -0.005393784 0.997415245
1341845703.377702 0.059125878 0.062087767 -0.055271007 0.021446440 -0.068779305 -0.006603841 0.997379482
1341845703.409585 0.063864045 0.064924911 -0.056384370 0.022119161 -0.068832055 -0.007443299 0.997355223
1341845703.441629 0.052711476 0.066359431 -0.067516193 0.021954335 -0.068537533 -0.007163812 0.997381210
1341845703.477741 0.060927536 0.062867276 -0.060940307 0.021480042 -0.068884909 -0.008639853 0.997355878
1341845703.509995 0.058258802 0.063568577 -0.056730691 0.022146517 -0.068468370 -0.008568929 0.997370660
1341845703.541800 0.057996251 0.064604267 -0.057206765 0.022793967 -0.068526678 -0.009372183 0.997344851
1341845703.577765 0.059073038 0.063334197 -0.058331873 0.022803171 -0.068925798 -0.009622168 0.997314751
1341845703.609650 0.058323596 0.061689194 -0.056401629 0.023068184 -0.069081001 -0.009967455 0.997294545
1341845703.651761 0.057420772 0.064990938 -0.058668140 0.023736525 -0.068974912 -0.009961658 0.997286201
1341845703.709916 0.062824398 0.061977062 -0.060409997 0.023645535 -0.071004324 -0.009643552 0.997149050
1341845703.745719 0.064803734 0.065631159 -0.060600612 0.022923505 -0.070733942 -0.010650519 0.997174919
1341845703.777733 0.061352108 0.059718963 -0.057386138 0.021035003 -0.069576286 -0.010828527 0.997296035
1341845703.809711 0.063730709 0.062463518 -0.064159967 0.020700160 -0.069022477 -0.010897205 0.997340798
1341845703.845769 0.056870565 0.064703330 -0.053032700 0.021182250 -0.068798684 -0.010578377 0.997349560
1341845703.877728 0.057631578 0.065607123 -0.049025159 0.021399828 -0.068943866 -0.010610987 0.997334540
1341845703.913808 0.050468042 0.067514382 -0.063869618 0.020563554 -0.068239108 -0.010182218 0.997405052
1341845703.945653 0.052409638 0.064613089 -0.048156414 0.020553099 -0.068275169 -0.010008419 0.997404575
1341845703.977870 0.056117687 0.064827427 -0.047857314 0.021284090 -0.067704849 -0.011132153 0.997416198
1341845704.013637 0.052493442 0.062029574 -0.050220955 0.021511562 -0.067649975 -0.011230769 0.997413933
1341845704.045703 0.056801464 0.067425720 -0.053959597 0.023099910 -0.068233214 -0.010879040 0.997342587
1341845704.077666 0.061776284 0.064130135 -0.053220823 0.023162482 -0.069240861 -0.009122411 0.997289300
1341845704.113706 0.047925230 0.064076580 -0.048637208 0.023462513 -0.068060972 -0.009055575 0.997364163
1341845704.145681 0.059719004 0.061083864 -0.053208176 0.022756148 -0.068497494 -0.009332914 0.997348070
1341845704.181785 0.053035110 0.070335343 -0.045391683 0.023399111 -0.067402832 -0.010194603 0.997399330
1341845704.213778 0.051306259 0.074496597 -0.040834457 0.023469182 -0.066772714 -0.010855813 0.997433066
1341845704.245863 0.055449110 0.072055340 -0.038732372 0.023438523 -0.067163095 -0.010378088 0.997412682
1341845704.281578 0.057371758 0.067050166 -0.049323071 0.022634622 -0.067193210 -0.010069120 0.997432351
1341845704.313707 0.058057424 0.068267427 -0.050253484 0.021874264 -0.066861041 -0.009073067 0.997481227
1341845704.349873 0.061402597 0.065848388 -0.051654316 0.020784749 -0.065557659 -0.009022935 0.997591496
1341845704.381729 0.065880105 0.065620534 -0.059857644 0.019878980 -0.064565092 -0.009583719 0.997669458
1341845704.413817 0.067126781 0.065659069 -0.058110923 0.019898601 -0.063088752 -0.009554030 0.997763813
1341845704.449837 0.062271632 0.063998140 -0.059617754 0.019697610 -0.061277300 -0.009947130 0.997876823
1341845704.481600 0.061552696 0.065965727 -0.053296935 0.018935908 -0.059172709 -0.010128555 0.998016775
1341845704.513671 0.060063701 0.058180917 -0.053444322 0.018781928 -0.058403324 -0.010566577 0.998060405
1341845704.549869 0.037853386 0.071687430 -0.079606019 0.023344088 -0.057731930 -0.008752228 0.998020768
1341845704.581901 0.055902652 0.058865890 -0.050178837 0.027439307 -0.060760561 -0.006189815 0.997755945
1341845704.617838 0.053839978 0.060178600 -0.044968881 0.029827664 -0.062175103 -0.005608582 0.997603714
1341845704.650477 0.058024451 0.068268269 -0.043243889 0.030916607 -0.062074725 -0.007694581 0.997562885
1341845704.681708 0.059281819 0.064415835 -0.034879752 0.031708915 -0.062278721 -0.008119555 0.997521937
1341845704.717704 0.050805781 0.065275893 -0.070726968 0.032137685 -0.063208416 -0.007906365 0.997451425
1341845704.749702 0.055927403 0.063258246 -0.050401364 0.033165172 -0.064070001 -0.008640314 0.997356713
1341845704.781791 0.057572249 0.067699395 -0.054225236 0.032536935 -0.063626796 -0.010722687 0.997385621
1341845704.817744 0.055317204 0.061148040 -0.051018331 0.032221567 -0.063534386 -0.012419279 0.997382045
1341845704.849705 0.050491586 0.061869763 -0.054802682 0.034012556 -0.065029033 -0.012636865 0.997223496
1341845704.885675 0.051780257 0.060225550 -0.054552373 0.034149792 -0.066211708 -0.013070852 0.997135401
1341845704.917742 0.055526514 0.064277381 -0.055683620 0.034078881 -0.066990033 -0.012727844 0.997090220
1341845704.949746 0.065867029 0.067350097 -0.063614555 0.033367984 -0.068434693 -0.013980282 0.996999383
1341845704.985761 0.057901587 0.066310555 -0.058524668 0.032560490 -0.068321250 -0.014402820 0.997027874
1341845705.017537 0.054569993 0.066692084 -0.051633239 0.032138534 -0.068167165 -0.015277224 0.997039080
1341845705.049660 0.054959171 0.067126326 -0.053380784 0.031492740 -0.068473734 -0.015702534 0.997032106
1341845705.085710 0.051419325 0.056537382 -0.057495493 0.029751603 -0.068727218 -0.017054815 0.997045934
1341845705.117831 0.055236936 0.060282733 -0.061984248 0.030151809 -0.069795452 -0.016792027 0.996964157
1341845705.154005 0.063188091 0.065591022 -0.066433571 0.029375905 -0.070666075 -0.017655000 0.996911049
1341845705.185648 0.055444784 0.060031954 -0.059178591 0.028054224 -0.070023477 -0.017143717 0.997003376
1341845705.217695 0.060538061 0.063975103 -0.060281903 0.028378515 -0.069781415 -0.017021336 0.997013271
1341845705.253735 0.052090090 0.065759093 -0.054689758 0.028158233 -0.068462953 -0.017579928 0.997101247
1341845705.285554 0.052604638 0.066540956 -0.047299292 0.027922770 -0.068371184 -0.017744970 0.997111261
1341845705.321646 0.050226830 0.059091747 -0.052094620 0.027733499 -0.068919241 -0.016326049 0.997103035
1341845705.353674 0.050234828 0.067317359 -0.050490133 0.028496858 -0.069240205 -0.015498227 0.997072458
1341845705.385774 0.055571061 0.065647312 -0.055095315 0.028543115 -0.070040479 -0.015855951 0.997009635
1341845705.421801 0.054363478 0.061624721 -0.055732891 0.029105833 -0.069553375 -0.016027825 0.997024715
1341845705.453568 0.058535509 0.062975153 -0.047473449 0.031545971 -0.069799289 -0.016198786 0.996930540
1341845705.485749 0.055007793 0.066825420 -0.049454864 0.034026470 -0.070839465 -0.014135645 0.996806979
1341845705.521655 0.058666412 0.064388685 -0.052778352 0.034982949 -0.071731083 -0.013366705 0.996720672
1341845705.553548 0.058344916 0.065661415 -0.057392400 0.035733961 -0.071714312 -0.011948191 0.996713340
1341845705.589775 0.050231647 0.065647461 -0.045836769 0.035828598 -0.071318112 -0.011988517 0.996737838
1341845705.621894 0.056601882 0.065349668 -0.045871899 0.035868373 -0.071475886 -0.012130054 0.996723413
1341845705.653569 0.052257787 0.064949609 -0.049977180 0.035850510 -0.073141091 -0.011484945 0.996610880
1341845705.689868 0.057174873 0.065332666 -0.056526009 0.036084086 -0.075563580 -0.011421616 0.996422410
1341845705.721810 0.059673667 0.068069898 -0.052928090 0.036467314 -0.075045221 -0.011565409 0.996446013
1341845705.753738 0.053214848 0.068734355 -0.050299406 0.036223009 -0.074103929 -0.012363637 0.996515751
1341845705.789861 0.056933638 0.072560288 -0.046850711 0.036854297 -0.073399223 -0.012372497 0.996544600
1341845705.821704 0.050954185 0.067706101 -0.048770126 0.036041878 -0.071838081 -0.011834071 0.996694624
1341845705.863629 0.061388426 0.065646842 -0.049463004 0.036289688 -0.073588058 -0.012593874 0.996548653
1341845705.895623 0.051614910 0.061764281 -0.043825082 0.037801053 -0.074261852 -0.011313071 0.996457815
1341845705.931726 0.057449378 0.066107728 -0.053524829 0.039419740 -0.077017628 -0.008738983 0.996211827
1341845705.963641 0.056294776 0.069802716 -0.055340409 0.039901942 -0.078876756 -0.009120294 0.996043742
1341845705.995677 0.056122191 0.069590472 -0.045484688 0.038704935 -0.078727864 -0.013808369 0.996048808
1341845706.031837 0.058500577 0.070340283 -0.043786790 0.036472823 -0.076624520 -0.016023673 0.996263862
1341845706.063631 0.055497643 0.070369430 -0.046723496 0.035031181 -0.076719925 -0.015194386 0.996321261
1341845706.095737 0.054765828 0.072169043 -0.048312187 0.035418674 -0.078508899 -0.016242705 0.996151626
1341845706.131716 0.058747176 0.075001657 -0.045508254 0.034799781 -0.078459628 -0.017607443 0.996154130
1341845706.163718 0.057794102 0.069510929 -0.037213992 0.033529185 -0.077082977 -0.016766327 0.996319711
1341845706.195662 0.050956950 0.068169191 -0.033481710 0.034457233 -0.076718181 -0.016357705 0.996322989
1341845706.231610 0.051632632 0.073592320 -0.041272353 0.033802766 -0.076881945 -0.015406916 0.996347904
1341845706.263724 0.060659315 0.076081388 -0.037342090 0.033082817 -0.075774163 -0.014335589 0.996472895
1341845706.299838 0.062452048 0.070552178 -0.041343685 0.031471543 -0.074905440 -0.013935749 0.996596456
1341845706.331753 0.066925898 0.070699088 -0.053023230 0.030580668 -0.076120093 -0.014613758 0.996522427
1341845706.363574 0.066876881 0.079677828 -0.065677762 0.029970167 -0.075827211 -0.014972809 0.996558011
1341845706.399690 0.066434935 0.070260242 -0.051673785 0.030030588 -0.076269314 -0.014555336 0.996528625
1341845706.431735 0.068963014 0.079861455 -0.052277233 0.031015420 -0.076237679 -0.014151551 0.996506691
1341845706.463612 0.072280675 0.076722704 -0.046995811 0.030982478 -0.075689532 -0.012908321 0.996566355
1341845706.499655 0.061468616 0.068554781 -0.033914410 0.031167310 -0.075761050 -0.010273634 0.996585846
1341845706.531782 0.063140221 0.069249056 -0.029484762 0.032239776 -0.076868296 -0.010497413 0.996464610
1341845706.563559 0.070624322 0.068762839 -0.031539451 0.032208830 -0.075880937 -0.010319266 0.996543109
1341845706.599529 0.062058706 0.064511232 -0.032738060 0.032824572 -0.072969280 -0.011119684 0.996731877
1341845706.631786 0.060858097 0.063697606 -0.040423650 0.034229223 -0.074028425 -0.013066296 0.996582866
1341845706.667647 0.071969479 0.066139713 -0.037799276 0.035472658 -0.074728996 -0.011187851 0.996509969
1341845706.700732 0.062583171 0.068468124 -0.029140839 0.035965756 -0.071667559 -0.010706467 0.996722460
1341845706.732115 0.068279982 0.067442663 -0.033090778 0.036461696 -0.071497962 -0.010660652 0.996717095
1341845706.768143 0.071292408 0.069091626 -0.041290719 0.037020709 -0.071443930 -0.009287563 0.996714115
1341845706.800357 0.061870165 0.065605693 -0.035615489 0.037274845 -0.069646470 -0.008131964 0.996841908
1341845706.832602 0.065583527 0.068277329 -0.040781945 0.037547454 -0.070225149 -0.008035168 0.996791899
1341845706.869449 0.057702739 0.062817514 -0.028309006 0.037011426 -0.069449171 -0.008469470 0.996862710
1341845706.933651 0.066803508 0.065051280 -0.038034406 0.035859518 -0.070925280 -0.007178539 0.996810973
1341845706.994021 0.066050038 0.069469981 -0.035636406 0.035205826 -0.070222318 -0.006472969 0.996888936
1341845707.029674 0.065555558 0.067200348 -0.036762163 0.035511889 -0.070928134 -0.004094522 0.996840656
1341845707.061864 0.072362371 0.067103893 -0.034218576 0.036225032 -0.071450204 -0.003554055 0.996779799
1341845707.097704 0.073278099 0.062904783 -0.034639798 0.036022075 -0.070408411 -0.002590693 0.996864259
1341845707.129770 0.073843703 0.061704420 -0.037634924 0.037874229 -0.070286408 -0.002064547 0.996805429
1341845707.161817 0.067370534 0.062828772 -0.037132345 0.040201798 -0.070650168 -0.001103855 0.996690035
1341845707.197721 0.072076119 0.056038339 -0.037242830 0.040603053 -0.069985881 -0.001248243 0.996720493
1341845707.229795 0.075728253 0.058231656 -0.029102437 0.041569497 -0.069109671 -0.002607814 0.996739209
1341845707.261851 0.075754851 0.058974311 -0.027050801 0.042177550 -0.068864293 -0.001768255 0.996732473
1341845707.297710 0.077374116 0.060105734 -0.041453809 0.041958906 -0.068200573 -0.000984992 0.996788442
1341845707.329761 0.068997629 0.058164980 -0.029302981 0.041538488 -0.066252083 -0.001566658 0.996936679
1341845707.365850 0.069066644 0.056313790 -0.027311925 0.041583721 -0.064736955 -0.000729188 0.997035325
1341845707.397796 0.063738175 0.050577410 -0.014593198 0.042791631 -0.064031176 0.000149203 0.997030020
1341845707.429752 0.061680514 0.053745732 -0.023101974 0.043633938 -0.064391546 0.001707405 0.996968865
1341845707.465767 0.074812546 0.054952316 -0.022584986 0.044711020 -0.063636929 0.001103468 0.996970415
1341845707.497642 0.066765107 0.054053422 -0.019426981 0.045355190 -0.061557077 0.001457532 0.997071445
1341845707.533665 0.079804182 0.051129244 -0.024007184 0.045787327 -0.061618239 0.002517438 0.997045815
1341845707.565754 0.092265531 0.055160280 -0.032847401 0.046830166 -0.060239322 0.001786650 0.997083247
1341845707.597603 0.089658827 0.055404063 -0.034970555 0.047204193 -0.057974875 0.001322711 0.997200549
1341845707.633748 0.089716829 0.054383248 -0.028504170 0.047581460 -0.058175310 0.002921087 0.997167528
1341845707.665870 0.091463059 0.055155896 -0.030521678 0.048152115 -0.058560550 0.003696640 0.997115016
1341845707.698455 0.095331281 0.056797437 -0.025955822 0.047849216 -0.058301881 0.003386952 0.997145891
1341845707.734303 0.091726877 0.056544360 -0.026585957 0.047264684 -0.057228304 0.002560432 0.997238398
1341845707.766259 0.091954187 0.053416528 -0.028522838 0.046946306 -0.057523083 0.002764791 0.997235894
1341845707.836344 0.092134319 0.053511951 -0.027232809 0.048567198 -0.057456650 0.002404379 0.997163057
1341845707.866230 0.090594381 0.056412198 -0.027409798 0.048823413 -0.057909794 0.002056731 0.997125089
1341845707.901694 0.091105498 0.055510059 -0.027617227 0.048092164 -0.058301430 0.003147169 0.997134984
1341845707.933640 0.090633363 0.054123823 -0.026626376 0.048157204 -0.058798894 0.003427483 0.997101724
1341845707.965831 0.094454110 0.054800767 -0.029518256 0.048606277 -0.059284367 0.002587602 0.997053683
1341845708.001954 0.091764644 0.055700745 -0.025648555 0.048707690 -0.058502052 0.003522062 0.997092128
1341845708.034393 0.088526435 0.053400598 -0.028846648 0.048566937 -0.058773771 0.002143856 0.997086883
1341845708.069946 0.091767535 0.056930412 -0.024000069 0.048832070 -0.059483528 0.001968535 0.997032225
1341845708.101700 0.088782035 0.053105120 -0.023637822 0.047737014 -0.058807500 0.001961103 0.997125387
1341845708.133697 0.091620691 0.053197823 -0.026931092 0.048018698 -0.060114931 0.002333043 0.997033060
1341845708.169675 0.090885587 0.052275091 -0.026318848 0.048063941 -0.060570169 0.001689278 0.997004628
1341845708.201793 0.088949494 0.049039692 -0.025563244 0.047303695 -0.059952781 0.000374143 0.997079670
1341845708.233744 0.090990849 0.051480714 -0.025931088 0.048097681 -0.061058484 0.000389640 0.996974587
1341845708.269711 0.090732470 0.051532049 -0.025126174 0.048589677 -0.061871730 0.000799940 0.996900380
1341845708.301629 0.089309521 0.050754715 -0.028966624 0.048714936 -0.061983492 -0.000315823 0.996887565
1341845708.337612 0.093251236 0.052213989 -0.024390511 0.048652370 -0.062633626 -0.001195699 0.996849298
1341845708.369900 0.086350650 0.055003103 -0.017853402 0.048560463 -0.061815761 -0.001034988 0.996905029
1341845708.401883 0.095149830 0.054008413 -0.026995441 0.048467275 -0.063118130 -0.001851475 0.996826768
1341845708.443610 0.095793881 0.053669464 -0.029008888 0.048787907 -0.063278183 -0.002201418 0.996800244
1341845708.501776 0.094039083 0.051936697 -0.032017354 0.047898699 -0.064418495 -0.001405954 0.996771753
1341845708.543852 0.091680139 0.056368317 -0.029465523 0.048752993 -0.065827496 -0.001592961 0.996638000
1341845708.605675 0.091320962 0.058012389 -0.030698415 0.047932405 -0.067149214 -0.004434985 0.996581078
1341845708.637641 0.087076344 0.056687709 -0.025692930 0.048151825 -0.068430878 -0.004945529 0.996480882
1341845708.669692 0.088179275 0.058859427 -0.022680031 0.048737664 -0.070511259 -0.005602806 0.996303856
1341845708.705736 0.086939618 0.062477540 -0.026765319 0.047914594 -0.069876395 -0.006781822 0.996381223
1341845708.738027 0.085102558 0.059040654 -0.034233257 0.046976458 -0.070199057 -0.007758145 0.996396065
1341845708.773829 0.092698522 0.063349888 -0.039944194 0.047439691 -0.073075607 -0.008050694 0.996164918
1341845708.805763 0.091983847 0.063874975 -0.028360447 0.047027666 -0.073338322 -0.008584039 0.996160746
1341845708.838653 0.088742442 0.059150189 -0.036841255 0.046001170 -0.073473766 -0.009436941 0.996190965
1341845708.873912 0.082949623 0.063135192 -0.033616643 0.046595950 -0.074172914 -0.011036504 0.996095061
1341845708.905735 0.083781689 0.061955359 -0.030479498 0.046124600 -0.074559376 -0.011717055 0.996080399
1341845708.938426 0.083845519 0.064266868 -0.034225818 0.046331439 -0.074943610 -0.013589659 0.996018171
1341845708.973642 0.081615373 0.064593509 -0.032535810 0.046572719 -0.075803146 -0.013181658 0.995947361
1341845709.005742 0.084899634 0.058035687 -0.039041005 0.045427755 -0.077160299 -0.012524768 0.995904505
1341845709.041686 0.082175478 0.064124487 -0.044135466 0.046008576 -0.077275462 -0.014280616 0.995845258
1341845709.073656 0.085453987 0.064266443 -0.040681768 0.045521289 -0.078122117 -0.015726240 0.995779812
1341845709.105658 0.085154228 0.062945396 -0.042382281 0.045139916 -0.078614481 -0.015995666 0.995754123
1341845709.141741 0.086803228 0.062318459 -0.037687428 0.045330387 -0.080389507 -0.016354972 0.995597899
1341845709.173646 0.085326180 0.064435095 -0.040247831 0.044960782 -0.079766408 -0.017011952 0.995653749
1341845709.205765 0.083480127 0.068698019 -0.038163658 0.045168404 -0.079906948 -0.016778562 0.995637059
1341845709.241765 0.084342211 0.067450158 -0.038878709 0.044237066 -0.080235444 -0.015979014 0.995665610
1341845709.273754 0.086727977 0.062446114 -0.040028270 0.043352131 -0.080051459 -0.015754107 0.995722950
1341845709.309890 0.083697096 0.064404272 -0.039028104 0.043464553 -0.079753339 -0.015436855 0.995746911
1341845709.341728 0.083517700 0.063065730 -0.033955634 0.042988915 -0.080275655 -0.014261644 0.995743096
1341845709.373776 0.083661050 0.068700887 -0.041457072 0.042261444 -0.079836324 -0.014625243 0.995804310
1341845709.409657 0.080293506 0.063555069 -0.033788573 0.040506925 -0.079768591 -0.013551902 0.995897830
1341845709.442072 0.080862857 0.062870249 -0.034377728 0.038249958 -0.080202967 -0.011282471 0.995980501
1341845709.473660 0.084939510 0.067151889 -0.036883369 0.036915101 -0.081044286 -0.010654110 0.995969653
1341845709.509632 0.084385633 0.073170878 -0.045287479 0.035157450 -0.080677077 -0.009931695 0.996070504
1341845709.541673 0.080567189 0.072330795 -0.033896968 0.033582490 -0.081189945 -0.009993578 0.996082544
1341845709.578645 0.083814092 0.073365033 -0.044177458 0.032295644 -0.082328402 -0.009870449 0.996032894
1341845709.609672 0.079884917 0.069152780 -0.032647558 0.031990256 -0.083469346 -0.010941961 0.995936632
1341845709.642057 0.078408465 0.070877977 -0.038841348 0.031686548 -0.084459439 -0.010677956 0.995865762
1341845709.709730 0.081134684 0.073312692 -0.039582681 0.030719534 -0.086178415 -0.010294150 0.995752811
1341845709.745593 0.078792147 0.073341899 -0.038931556 0.030286388 -0.085402377 -0.011470457 0.995820045
1341845709.777709 0.076738127 0.072586745 -0.039086394 0.029662421 -0.085700475 -0.009703076 0.995832026
1341845709.809687 0.079962395 0.074385762 -0.040394325 0.030106677 -0.086277328 -0.010391274 0.995761931
1341845709.845686 0.080665819 0.073923863 -0.045605879 0.029806918 -0.084651746 -0.012296502 0.995888770
1341845709.878752 0.080901988 0.071127899 -0.041098855 0.029513985 -0.082813226 -0.014434928 0.996023357
1341845709.909693 0.080618195 0.073360041 -0.044256974 0.030408755 -0.082016326 -0.014068597 0.996067643
1341845709.945663 0.077813461 0.068119541 -0.048765499 0.031445224 -0.083328955 -0.012263309 0.995950341
1341845709.977698 0.077166609 0.073078573 -0.044849545 0.033235941 -0.083591938 -0.011902489 0.995874524
1341845710.013739 0.080271110 0.069572903 -0.044691324 0.033714060 -0.083138384 -0.012613645 0.995887697
1341845710.045754 0.075816900 0.067897819 -0.043122996 0.034311142 -0.081925057 -0.013506187 0.995956123
1341845710.077705 0.078282654 0.072013646 -0.046161506 0.034829106 -0.082380347 -0.014202689 0.995890915
1341845710.113730 0.080174148 0.068605751 -0.042945046 0.034507375 -0.082526699 -0.013722550 0.995896757
1341845710.145759 0.077044874 0.069174729 -0.049732804 0.034537353 -0.082011744 -0.013484342 0.995941460
1341845710.177824 0.078877300 0.070933513 -0.049204618 0.035206888 -0.083007686 -0.013130956 0.995840251
1341845710.213581 0.080819651 0.070590757 -0.043355040 0.035859942 -0.083354287 -0.013172285 0.995787442
1341845710.245636 0.076513253 0.068762876 -0.045749124 0.036143739 -0.083134986 -0.013658656 0.995788932
1341845710.281582 0.077690288 0.065936364 -0.050750311 0.037922073 -0.084841058 -0.015463405 0.995552540
1341845710.313617 0.080961898 0.068557516 -0.049270503 0.038664520 -0.085872151 -0.015437370 0.995435953
1341845710.345643 0.077636503 0.067284204 -0.045312252 0.038560487 -0.084951192 -0.014908174 0.995527089
1341845710.381860 0.076212563 0.069677666 -0.048059992 0.039470341 -0.085290551 -0.014777803 0.995464325
1341845710.413817 0.081500031 0.068653576 -0.047393117 0.039803181 -0.086334713 -0.014940321 0.995358646
1341845710.445824 0.078104049 0.068956852 -0.048838574 0.039117962 -0.085121483 -0.014059209 0.995503128
1341845710.481794 0.077166595 0.067640342 -0.049032710 0.038944382 -0.085937589 -0.014029622 0.995440245
1341845710.513650 0.079364352 0.067059942 -0.046157062 0.038987182 -0.086305000 -0.013881502 0.995408833
1341845710.549635 0.076338083 0.068914287 -0.046545293 0.039614476 -0.085969217 -0.012733300 0.995428503
1341845710.581654 0.078786343 0.067701533 -0.046827901 0.040576614 -0.086806729 -0.012774757 0.995316505
1341845710.613694 0.080112219 0.068528317 -0.046279952 0.040644098 -0.086490519 -0.011976810 0.995351195
1341845710.649564 0.076752722 0.066393837 -0.049344208 0.040635254 -0.085870646 -0.011364449 0.995412409
1341845710.681648 0.078707404 0.067245826 -0.047504719 0.041583110 -0.086403497 -0.011916775 0.995320678
1341845710.713728 0.078876100 0.067576259 -0.044718508 0.041847363 -0.085810445 -0.011449455 0.995366395
1341845710.749785 0.080376096 0.066647969 -0.048929751 0.041872311 -0.085315861 -0.010902355 0.995413959
1341845710.781816 0.082283780 0.064064018 -0.050999578 0.042193968 -0.085810028 -0.010938865 0.995357513
1341845710.817567 0.081097133 0.064973205 -0.050236851 0.042340435 -0.085120291 -0.011312896 0.995406389
1341845710.850205 0.083563037 0.064912260 -0.050747681 0.041951582 -0.084353954 -0.010900090 0.995492697
1341845710.882136 0.082471982 0.065266117 -0.050970111 0.041709438 -0.084642775 -0.010073691 0.995487034
1341845710.917631 0.084399730 0.068254754 -0.049335849 0.042090036 -0.085157737 -0.010394331 0.995423794
1341845710.950281 0.084390834 0.065259039 -0.047243685 0.041594315 -0.084022738 -0.010356558 0.995541453
1341845710.985647 0.082826845 0.066499524 -0.048865553 0.042682201 -0.084744036 -0.009645323 0.995441437
1341845711.017722 0.079366408 0.066784725 -0.047321096 0.044426180 -0.086048231 -0.011483711 0.995233715
1341845711.049965 0.089419648 0.068085708 -0.046793398 0.043645587 -0.085472710 -0.013474086 0.995292902
1341845711.085583 0.080495961 0.066288568 -0.048612002 0.041868787 -0.081976384 -0.013089713 0.995668352
1341845711.117670 0.079764046 0.065539107 -0.045266490 0.042857591 -0.082883500 -0.012557219 0.995558083
1341845711.149770 0.085286289 0.065751836 -0.045594439 0.042991038 -0.083999135 -0.011399131 0.995472729
1341845711.191691 0.085189320 0.066769294 -0.039992012 0.042065911 -0.082583971 -0.011265689 0.995632172
1341845711.253627 0.079665422 0.069522724 -0.049773782 0.043141142 -0.083887152 -0.011774712 0.995471299
1341845711.285627 0.084354587 0.068554498 -0.042528834 0.042260934 -0.085115641 -0.011350246 0.995409727
1341845711.317874 0.084189832 0.067023382 -0.045520596 0.041263003 -0.084042668 -0.012125348 0.995533586
1341845711.353756 0.084285147 0.073927738 -0.036860447 0.041192293 -0.083369315 -0.013643396 0.995573521
1341845711.385687 0.087816104 0.068786755 -0.041090831 0.038824536 -0.082065985 -0.013712977 0.995775998
1341845711.417635 0.082865752 0.068727873 -0.046614833 0.038222857 -0.080782361 -0.013858607 0.995902181
1341845711.485895 0.085076921 0.070092440 -0.036828008 0.040401176 -0.083453655 -0.011590203 0.995624840
1341845711.521704 0.085099109 0.066833377 -0.039998077 0.040380359 -0.082709596 -0.010828407 0.995696366
1341845711.553696 0.081372179 0.064023219 -0.029957099 0.041069854 -0.082183100 -0.011294797 0.995706558
1341845711.585708 0.085017554 0.069245286 -0.038942400 0.040467747 -0.081975363 -0.011346696 0.995747805
1341845711.621659 0.084402330 0.067929201 -0.043538008 0.039452091 -0.080312714 -0.011995047 0.995916426
1341845711.653731 0.082667254 0.067862317 -0.051542707 0.039653439 -0.080313779 -0.012276185 0.995904922
1341845711.685758 0.090475120 0.068429239 -0.044450283 0.039846681 -0.081642926 -0.010770849 0.995806515
1341845711.721850 0.085230224 0.067184985 -0.039840877 0.040121544 -0.080992319 -0.010128521 0.995855331
1341845711.754323 0.085148551 0.065688036 -0.045095101 0.040229671 -0.081571266 -0.009281784 0.995811999
1341845711.789716 0.088333890 0.065267049 -0.042937215 0.040458854 -0.082866035 -0.009678056 0.995692015
1341845711.821820 0.091026552 0.065953717 -0.045682572 0.040429920 -0.082814507 -0.009429147 0.995699883
1341845711.854173 0.088144369 0.066870950 -0.045117348 0.041075889 -0.082258932 -0.010654672 0.995707154
1341845711.889875 0.090218894 0.068491787 -0.042697266 0.040615752 -0.081081159 -0.011512091 0.995813072
1341845711.923959 0.088183038 0.067698658 -0.048689436 0.039769456 -0.078951053 -0.011089795 0.996023178
1341845711.957595 0.076045945 0.067138627 -0.051673483 0.038868207 -0.077692538 -0.011963892 0.996147573
1341845711.989820 0.087435573 0.068387769 -0.046158493 0.038413998 -0.077972956 -0.013589030 0.996122420
1341845712.057899 0.087954178 0.069541074 -0.040056083 0.037481796 -0.077476516 -0.011385666 0.996224284
1341845712.090038 0.088856071 0.067628369 -0.046224710 0.036409263 -0.077115074 -0.013440323 0.996266484
1341845712.127587 0.086499915 0.071146026 -0.041140758 0.035364643 -0.073828913 -0.016145272 0.996512890
1341845712.195638 0.085073799 0.069340847 -0.046984170 0.037179638 -0.078655772 -0.012801258 0.996125996
1341845712.257830 0.086443074 0.070766531 -0.043242626 0.035781521 -0.075701267 -0.015502661 0.996367753
1341845712.289935 0.085609436 0.067864478 -0.044678673 0.035812911 -0.075871266 -0.015198265 0.996358395
