1548339348.693900 0.000000000 0.000000000 0.000000000 -0.000000000 -0.000000000 -0.000000000 1.000000000
1548339348.727420 -0.001791613 0.003408943 -0.001440224 0.000159007 0.004021043 0.001046839 0.999991357
1548339348.760930 -0.003450821 -0.002571734 -0.002742813 -0.002088007 0.006509027 0.003367813 0.999970973
1548339348.794440 -0.005451083 -0.005271758 -0.006005741 -0.003104539 0.006457136 0.004644061 0.999963522
1548339348.827890 -0.004072309 0.001069788 -0.006213102 -0.001507957 0.006376449 0.003746926 0.999971569
1548339348.860140 -0.005563555 -0.000072296 -0.007271778 -0.002029926 0.008997509 0.005438303 0.999942720
1548339348.893650 -0.006737508 0.000388243 -0.008969465 -0.001884063 0.009651409 0.006004691 0.999933660
1548339348.927170 -0.007594042 0.003606861 -0.010995063 -0.001005248 0.011653731 0.005535861 0.999916255
1548339348.960460 -0.008151453 0.005253617 -0.011863535 -0.000762937 0.015146825 0.005377745 0.999870598
1548339348.993200 -0.010122430 0.002629081 -0.012833221 -0.001789600 0.018273618 0.006010741 0.999813378
1548339349.026490 -0.012565162 0.002288121 -0.014762405 -0.002238824 0.019287826 0.005373466 0.999797106
1548339349.060000 -0.014035364 0.004882609 -0.016592592 -0.002108260 0.020345390 0.003318509 0.999785304
1548339349.093750 -0.015055973 0.007441547 -0.017652003 -0.002482010 0.023079850 0.001306879 0.999729753
1548339349.127520 -0.016846247 0.006018505 -0.018142520 -0.004054728 0.026024453 0.000868936 0.999652743
1548339349.161070 -0.017371999 0.006578299 -0.018426096 -0.004744977 0.027533216 -0.000420530 0.999609530
1548339349.194560 -0.018077316 0.006449046 -0.018657580 -0.005214639 0.029345408 -0.000438002 0.999555707
1548339349.228070 -0.017989699 0.006481051 -0.018879086 -0.005061855 0.029720305 0.000123678 0.999545455
1548339349.261620 -0.016236966 0.009641686 -0.019269103 -0.003294549 0.030313410 0.000554655 0.999534845
1548339349.295140 -0.014872268 0.010668202 -0.020371474 -0.002204116 0.032392636 0.002614917 0.999469399
1548339349.328670 -0.015460378 0.005461798 -0.021386847 -0.003353775 0.033038881 0.006050336 0.999430180
1548339349.362190 -0.017134288 0.011627914 -0.024002312 -0.001247811 0.033740100 0.006275100 0.999410212
1548339349.395710 -0.017426845 0.018817320 -0.025671639 0.000128041 0.036129244 0.008557610 0.999310493
1548339349.429220 -0.019260343 0.019912405 -0.026503729 -0.000671306 0.038634524 0.010502887 0.999198020
1548339349.462910 -0.017408196 0.021740487 -0.024662595 -0.001352013 0.040181611 0.012496148 0.999113381
1548339349.496470 -0.017414143 0.022504000 -0.024386996 -0.002077606 0.042917289 0.015096905 0.998962462
1548339349.530230 -0.015128986 0.024084169 -0.022605482 -0.002646832 0.044649038 0.017114488 0.998852670
1548339349.563760 -0.015076984 0.026874591 -0.022882367 -0.002959707 0.047392871 0.019193491 0.998687506
1548339349.597370 -0.015670927 0.027046429 -0.023367919 -0.004357941 0.050524756 0.021984326 0.998471320
1548339349.630960 -0.015025485 0.029227888 -0.022846570 -0.005178667 0.052399755 0.024069197 0.998322666
1548339349.664470 -0.014180144 0.030048873 -0.022492273 -0.006253130 0.054860722 0.027090428 0.998106897
1548339349.697990 -0.015683401 0.032002173 -0.024207765 -0.007247151 0.057141218 0.029889103 0.997892320
1548339349.731510 -0.017153544 0.034276783 -0.025860116 -0.009056585 0.058729205 0.031927034 0.997722208
1548339349.765020 -0.018269390 0.036509722 -0.026295593 -0.011827498 0.059536826 0.033748485 0.997585416
1548339349.798540 -0.019944444 0.040774308 -0.026623076 -0.014741994 0.059863988 0.034519494 0.997500598
1548339349.832060 -0.019456642 0.047083855 -0.023849066 -0.017949672 0.060717314 0.034753378 0.997388303
1548339349.865590 -0.018782837 0.053138450 -0.019637642 -0.021401132 0.061750319 0.034712449 0.997258246
1548339349.899180 -0.020122094 0.054603159 -0.016658491 -0.026076548 0.064524241 0.035304639 0.996950448
1548339349.932620 -0.022190573 0.053360287 -0.013162104 -0.030635344 0.063801587 0.036084965 0.996839404
1548339349.966370 -0.017749306 0.062030125 -0.008028779 -0.031781442 0.062891558 0.033983607 0.996935189
1548339349.999880 -0.015734259 0.065679856 -0.003941838 -0.033976257 0.065121979 0.034107707 0.996715307
1548339350.033400 -0.016750203 0.065459423 -0.001889928 -0.036614612 0.066909514 0.034577578 0.996487319
1548339350.066670 -0.015904278 0.067428872 0.001063904 -0.038307540 0.067629911 0.034064561 0.996392727
1548339350.100120 -0.017615424 0.069128774 0.001600958 -0.039609786 0.068687677 0.034183871 0.996265292
1548339350.133630 -0.016067863 0.071551643 0.003103465 -0.040154289 0.068051353 0.033857152 0.996298313
1548339350.167150 -0.012528731 0.080360569 0.004677196 -0.038611244 0.070363224 0.032638360 0.996239424
1548339350.200670 -0.013905453 0.079826660 0.003748832 -0.040490601 0.074778408 0.034455098 0.995781898
1548339350.234180 -0.012790679 0.083241858 0.004102889 -0.041452900 0.077640809 0.034961127 0.995505571
1548339350.267700 -0.010639168 0.087630175 0.004403962 -0.042785771 0.082178541 0.036075320 0.995045066
1548339350.301180 -0.012008907 0.087552637 0.003956696 -0.046206106 0.086524948 0.038380649 0.994437218
1548339350.334700 -0.010068038 0.093272746 0.005387384 -0.048204727 0.089608938 0.038562257 0.994062185
1548339350.368040 -0.007898176 0.094401024 0.007059836 -0.051590841 0.094123408 0.040656704 0.993391275
1548339350.401510 0.001369185 0.100691713 0.015495409 -0.053693905 0.095001757 0.042299774 0.993127584
1548339350.435020 0.003019064 0.105933942 0.015268861 -0.055368561 0.097715512 0.042912733 0.992745936
1548339350.468540 0.007716744 0.110554002 0.017944224 -0.057089485 0.102007553 0.042767420 0.992222905
1548339350.502060 0.008368701 0.107662797 0.018025534 -0.060773719 0.105984241 0.045354314 0.991472125
1548339350.535570 0.010541699 0.110929511 0.019148750 -0.062050436 0.108703524 0.045054138 0.991112292
1548339350.569070 0.012237011 0.111245446 0.019967698 -0.063899778 0.112555295 0.045894001 0.990526140
1548339350.602590 0.015568644 0.112566665 0.021288801 -0.064826138 0.116787255 0.046501022 0.989947498
1548339350.636090 0.017081017 0.107324839 0.021374406 -0.066949129 0.121194586 0.048864763 0.989162207
1548339350.669620 0.019122669 0.103451267 0.021869294 -0.067621335 0.123024449 0.050725020 0.988796949
1548339350.703130 0.021766543 0.101559401 0.021507697 -0.066304810 0.124747761 0.051363900 0.988637149
1548339350.736670 0.025933309 0.095460996 0.022135379 -0.065721363 0.125750333 0.053680766 0.988426030
1548339350.770170 0.027540574 0.094561040 0.021628501 -0.062560432 0.126972720 0.053867053 0.988464773
1548339350.803680 0.033620790 0.087578177 0.022510402 -0.060542870 0.128000334 0.055657908 0.988358617
1548339350.837200 0.023807198 0.076350883 0.015079653 -0.057626188 0.131535128 0.055793330 0.988061190
1548339350.870710 0.026022974 0.073320873 0.013996271 -0.053679064 0.131088465 0.055000395 0.988387227
1548339350.904200 0.023964614 0.068373471 0.008763798 -0.050453603 0.131856799 0.054469272 0.988484383
1548339350.937700 0.025061823 0.064062059 0.004199208 -0.047728095 0.131032780 0.053746648 0.988768876
1548339350.971220 0.026695358 0.060646020 0.000898760 -0.045600742 0.130110189 0.051252402 0.989123464
1548339351.004700 0.029492272 0.056602217 -0.001839198 -0.043804999 0.130806059 0.049472902 0.989203453
1548339351.038250 0.032245334 0.051578443 -0.004195176 -0.042153634 0.131157503 0.049439181 0.989230335
1548339351.071810 0.036070041 0.047434863 -0.007374992 -0.040050749 0.130280167 0.048919484 0.989459395
1548339351.105280 0.041899346 0.043929692 -0.010833821 -0.037478033 0.130382240 0.048881184 0.989548624
1548339351.138830 0.048954967 0.039473679 -0.014431572 -0.034992550 0.132385790 0.050165810 0.989309371
1548339351.172320 0.056811772 0.034244329 -0.018153425 -0.032399554 0.134347782 0.053401474 0.988963783
1548339351.205830 0.076226100 0.022186598 -0.028593108 -0.032020140 0.134366453 0.056304958 0.988812506
1548339351.239350 0.092702098 0.021771304 -0.025190368 -0.028747007 0.143449649 0.059450503 0.987452030
1548339351.272860 0.093209341 0.014973389 -0.036113463 -0.026906598 0.154525653 0.065964915 0.985416949
1548339351.306380 0.103959747 0.008542775 -0.041210450 -0.025181981 0.157761484 0.068197422 0.984797597
1548339351.339900 0.113267146 0.004757487 -0.045577649 -0.023065189 0.163900211 0.070216201 0.983704507
1548339351.373420 0.124215931 0.000628294 -0.050576288 -0.021550275 0.170611873 0.071842879 0.982479453
1548339351.406930 0.143416137 -0.005496507 -0.058316637 -0.021217024 0.176418409 0.073906794 0.981307387
1548339351.440450 0.150525451 -0.004576830 -0.060692802 -0.018353797 0.186209336 0.077942811 0.979241669
1548339351.473960 0.158650354 -0.011028972 -0.063790537 -0.016837846 0.193504229 0.078416623 0.977815688
1548339351.507470 0.164659530 -0.015420212 -0.067625403 -0.014237516 0.200744838 0.080022626 0.976265967
1548339351.540990 0.172855705 -0.016772427 -0.072067231 -0.010939215 0.205503136 0.081096366 0.975229323
1548339351.574510 0.177306160 -0.016405463 -0.074129932 -0.006411249 0.212760970 0.083255425 0.973529816
1548339351.608020 0.182571083 -0.017524680 -0.076910101 -0.002578273 0.217806667 0.084841117 0.972293973
1548339351.641520 0.194364503 -0.026397938 -0.083451204 -0.000945622 0.223405555 0.085871875 0.970935166
1548339351.675030 0.199958980 -0.027630791 -0.088177808 0.001997468 0.231176719 0.087866887 0.968933880
1548339351.708550 0.203918323 -0.030040996 -0.086192235 0.004502006 0.238639325 0.090066575 0.966912091
1548339351.742060 0.211448446 -0.034126990 -0.091750152 0.006112852 0.245089933 0.092217989 0.965085208
1548339351.775550 0.214825079 -0.035271887 -0.093570180 0.008641835 0.250956208 0.094900928 0.963296473
1548339351.809050 0.222018614 -0.040350333 -0.099324130 0.009581946 0.255834967 0.096690513 0.961825132
1548339351.842560 0.234409273 -0.046699535 -0.115413740 0.009236559 0.259433717 0.098319352 0.960698783
1548339351.875990 0.236455485 -0.048249148 -0.115585729 0.010492959 0.266564608 0.101811059 0.958367288
1548339351.909510 0.245903760 -0.051344477 -0.124776334 0.011056164 0.271336347 0.104754366 0.956703126
1548339351.943030 0.252640486 -0.055234395 -0.130539432 0.010160716 0.278322190 0.107359454 0.954414785
1548339351.976590 0.251694739 -0.052903883 -0.124048479 0.010134040 0.286954314 0.109908581 0.951564312
1548339352.010110 0.257408679 -0.056318145 -0.127862036 0.008819044 0.291439712 0.113141231 0.949833810
1548339352.043630 0.263024420 -0.058501869 -0.131379619 0.007834939 0.295882195 0.116344318 0.948080420
1548339352.077080 0.259118915 -0.060103200 -0.129074529 0.008167899 0.300112963 0.119506828 0.946352780
1548339352.110640 0.257614732 -0.064874165 -0.126430824 0.007041219 0.302360237 0.120272502 0.945549190
1548339352.144170 0.273663372 -0.069929592 -0.144485563 0.005440220 0.303445995 0.122455642 0.944931507
1548339352.177740 0.284233868 -0.072915889 -0.142125547 0.004478208 0.308329195 0.125195891 0.942994714
1548339352.211210 0.295272589 -0.074742727 -0.149403796 0.003923650 0.311643660 0.126390472 0.941747487
1548339352.244720 0.298802823 -0.077063456 -0.148969084 0.003148366 0.318687797 0.126194865 0.939416349
1548339352.278220 0.298590451 -0.079669967 -0.147860765 0.003313884 0.325771898 0.125978127 0.937011898
1548339352.311740 0.297021091 -0.080762349 -0.147572815 0.004426385 0.331797391 0.125280753 0.934984326
1548339352.345250 0.299582750 -0.080414265 -0.154004022 0.005159293 0.336539567 0.123920634 0.933465779
1548339352.378790 0.306406826 -0.077463642 -0.163196340 0.005901136 0.342282385 0.124096483 0.931347489
1548339352.412290 0.318891585 -0.076541305 -0.172414884 0.005785347 0.347273111 0.125837222 0.929264724
1548339352.445700 0.318265796 -0.074057311 -0.174827009 0.005638089 0.353182942 0.125958234 0.927019238
1548339352.479220 0.325428963 -0.069206774 -0.181648225 0.004692549 0.357751667 0.125799268 0.925292552
1548339352.512670 0.318311095 -0.064000368 -0.175910980 0.003568887 0.365047753 0.125847891 0.922436893
1548339352.546190 0.323430777 -0.061600242 -0.182428330 0.001602822 0.367298812 0.126648009 0.921438754
1548339352.579720 0.324954033 -0.059037615 -0.184960723 -0.001684915 0.371453345 0.125612870 0.919913650
1548339352.613220 0.331201494 -0.057298414 -0.188280791 -0.005519261 0.377177596 0.124995142 0.917650759
1548339352.646720 0.328140497 -0.053427994 -0.185276031 -0.007510796 0.383944809 0.126647189 0.914598525
1548339352.680240 0.320746124 -0.045425877 -0.178999305 -0.008592057 0.386794001 0.125514001 0.913544178
1548339352.713700 0.329197019 -0.046141192 -0.183744773 -0.011707561 0.387592316 0.125563025 0.913164318
1548339352.747220 0.326190591 -0.042977214 -0.181536332 -0.013389796 0.391328692 0.126983166 0.911349475
1548339352.780780 0.325079560 -0.040417634 -0.177572891 -0.014695662 0.392060876 0.128190666 0.910845459
1548339352.814300 0.338357389 -0.035765216 -0.190176725 -0.016585287 0.391395718 0.128784567 0.911015332
1548339352.847760 0.335573643 -0.031864904 -0.188143030 -0.018105803 0.396449775 0.131040558 0.908475697
1548339352.881280 0.335513800 -0.030797403 -0.184492737 -0.019930692 0.399076462 0.132854670 0.907022834
1548339352.914800 0.343680292 -0.028515868 -0.190126270 -0.021994833 0.401244462 0.134204417 0.905819118
1548339352.948310 0.344495356 -0.026054658 -0.189267740 -0.023521341 0.406404436 0.136431456 0.903143704
1548339352.981730 0.355529606 -0.017072419 -0.199169934 -0.023803223 0.408719748 0.138986796 0.901700795
1548339353.015250 0.360700816 -0.012210954 -0.201447397 -0.024934141 0.414609432 0.140648708 0.898718715
1548339353.048770 0.363185465 -0.007445423 -0.199476480 -0.025441514 0.422625154 0.142629296 0.894649506
1548339353.082280 0.360332787 -0.003586827 -0.188000992 -0.025289673 0.430610746 0.143087640 0.890764117
1548339353.115800 0.366227627 0.000827817 -0.196459919 -0.025015455 0.437419385 0.143230841 0.887425244
1548339353.149310 0.359942377 -0.003157560 -0.189360991 -0.024712069 0.447221011 0.144817337 0.882275879
1548339353.182820 0.361505568 -0.001706330 -0.191764131 -0.023773421 0.452773631 0.144299984 0.879550159
1548339353.216330 0.366300464 0.001370668 -0.199730307 -0.022785971 0.459281415 0.143678516 0.876297832
1548339353.249850 0.364634037 0.001640573 -0.197998583 -0.021319924 0.468629271 0.144557357 0.871226311
1548339353.283350 0.362678528 -0.002768941 -0.199883103 -0.020115886 0.475559533 0.145951033 0.867258251
1548339353.316860 0.370350063 -0.003755713 -0.216577709 -0.017907182 0.478755593 0.149224043 0.864988208
1548339353.350380 0.369173318 -0.004516695 -0.219647378 -0.016307181 0.483701795 0.151075214 0.861941397
1548339353.383890 0.367949039 -0.003983004 -0.222233921 -0.014928727 0.487825215 0.152905926 0.859315753
1548339353.417410 0.350290656 -0.007780435 -0.211013466 -0.014363457 0.495187312 0.154036552 0.854901195
1548339353.450940 0.350613624 -0.008105319 -0.213222742 -0.013542904 0.498880684 0.156468928 0.852321625
1548339353.484460 0.351617873 -0.006591734 -0.216576785 -0.012456532 0.502503574 0.159108758 0.849717319
1548339353.517970 0.348703861 -0.012993786 -0.213892326 -0.012089008 0.506520391 0.162566438 0.846677721
1548339353.551490 0.352947921 -0.012333937 -0.220428556 -0.010950282 0.508299589 0.164373487 0.845276952
1548339353.585020 0.356100410 -0.011203196 -0.226021916 -0.009857780 0.512269437 0.166518971 0.842469215
1548339353.618500 0.349414140 -0.018748768 -0.219439417 -0.009313103 0.517691374 0.169544727 0.838548481
1548339353.652020 0.351665705 -0.017972909 -0.225359485 -0.008129526 0.519600153 0.170324340 0.837221205
1548339353.685540 0.355559468 -0.015278418 -0.231203556 -0.007115689 0.523724198 0.171091333 0.834499955
1548339353.719080 0.370597333 -0.020482842 -0.250518262 -0.006991203 0.525133312 0.174860224 0.832832575
1548339353.752690 0.366627455 -0.025992736 -0.252216667 -0.006859397 0.530031860 0.175984398 0.829487085
1548339353.786230 0.365145743 -0.028820783 -0.254233420 -0.005933544 0.533526003 0.176960200 0.827042818
1548339353.819760 0.356154859 -0.029773973 -0.243103370 -0.004870882 0.539725661 0.176583886 0.823098123
1548339353.853330 0.358383000 -0.027897961 -0.247106284 -0.003584744 0.542642176 0.176991031 0.821097374
1548339353.886860 0.374431372 -0.022601716 -0.266870141 -0.001985531 0.543159127 0.179278478 0.820264280
1548339353.920370 0.374319673 -0.029159240 -0.273001462 -0.001778665 0.547237337 0.181803778 0.816991806
1548339353.953910 0.364216506 -0.027180348 -0.263653696 0.000340403 0.552891433 0.182432413 0.813037217
1548339353.987430 0.366236985 -0.026474401 -0.269184619 0.001154690 0.556408465 0.182696268 0.810574174
1548339354.020910 0.366385400 -0.026787080 -0.273290962 0.002039228 0.561227679 0.184598938 0.806810200
1548339354.054430 0.364906102 -0.027142886 -0.276894093 0.002819811 0.565685153 0.186334953 0.803288043
1548339354.087950 0.366212577 -0.024967045 -0.281898588 0.003133500 0.570716560 0.187444046 0.799460828
1548339354.121480 0.374029607 -0.021792114 -0.295189500 0.004324433 0.573536217 0.192411005 0.796250939
1548339354.155000 0.377298295 -0.018869974 -0.306650966 0.004678647 0.575690567 0.194100872 0.794281602
1548339354.188520 0.362525582 -0.020853892 -0.295233428 0.004174564 0.582430840 0.194086790 0.789358795
1548339354.222030 0.356662869 -0.018975727 -0.298725396 0.003507552 0.585583210 0.195908636 0.786574781
1548339354.255550 0.367834687 -0.010170631 -0.312585503 0.001996266 0.585505486 0.197271004 0.786297441
1548339354.289040 0.370624334 -0.010893524 -0.317276150 -0.001848940 0.589101255 0.198226854 0.783366084
1548339354.322540 0.364284098 0.004734881 -0.337819397 -0.002001600 0.590771019 0.200545594 0.781515896
1548339354.355940 0.364763379 0.015581716 -0.353094995 -0.003139386 0.591546655 0.201731026 0.780619860
1548339354.389430 0.362915039 0.022815768 -0.363161981 -0.003507942 0.593230903 0.203883126 0.778778911
1548339354.422840 0.360994279 0.031959560 -0.375225544 -0.002977469 0.594047427 0.204827890 0.777910233
1548339354.456360 0.372605085 0.029222228 -0.366004974 -0.005750766 0.597848713 0.206869662 0.774434507
1548339354.489910 0.376910120 0.028100729 -0.350705087 -0.007021231 0.603015900 0.206900120 0.770399272
1548339354.523500 0.370118082 0.031314220 -0.345514894 -0.005976712 0.607022464 0.208196700 0.766904294
1548339354.556940 0.355443925 0.046073966 -0.370958745 -0.002540611 0.607590377 0.205735520 0.767137825
1548339354.590460 0.345210075 0.051619984 -0.385412455 -0.001441625 0.608690202 0.206863925 0.765964448
1548339354.623970 0.333660573 0.061117418 -0.397163928 -0.001790131 0.610957623 0.204507142 0.764790416
1548339354.657560 0.273796350 0.058745626 -0.391706526 -0.000132277 0.620198965 0.206943110 0.756655753
1548339354.691080 0.356859416 0.072307177 -0.437074304 -0.006305676 0.607209504 0.209355831 0.766437829
1548339354.724590 0.432924479 0.076527700 -0.464761585 -0.013688121 0.597959638 0.216589466 0.771586716
1548339354.758110 0.396336913 0.096039191 -0.479427695 -0.011231349 0.599736512 0.204739898 0.773480177
1548339354.791550 0.381750405 0.102259636 -0.478906065 -0.011107662 0.603693902 0.204677984 0.770413756
1548339354.825050 0.405949384 0.118570179 -0.512175560 -0.010034884 0.598447382 0.207639411 0.773722112
1548339354.858510 0.411818653 0.132005408 -0.528126717 -0.007689358 0.596604943 0.208822891 0.774852574
1548339354.892030 0.407803774 0.156060398 -0.538972318 -0.006075838 0.599087477 0.201770246 0.774820030
1548339354.925600 0.408758581 0.164307892 -0.552509308 -0.002952931 0.599595189 0.207736865 0.772866309
1548339354.959110 0.412497520 0.173047692 -0.556882858 -0.005188376 0.602332473 0.208056316 0.770636976
1548339354.992630 0.414116740 0.198318303 -0.573197246 -0.001478282 0.601366580 0.203298107 0.772674561
1548339355.026030 0.417748868 0.206748322 -0.584664524 -0.001980622 0.601099312 0.207190841 0.771846890
1548339355.059530 0.418159842 0.231579274 -0.591512859 -0.001550015 0.601718426 0.197929487 0.773793519
1548339355.093040 0.419013083 0.244763970 -0.596528888 -0.003653597 0.605314672 0.197241232 0.771152854
1548339355.126560 0.424601614 0.253092170 -0.607024491 -0.007070124 0.604159713 0.200366020 0.771229208
1548339355.160080 0.422078669 0.250390321 -0.583816886 -0.013487408 0.618238509 0.203671664 0.759023786
1548339355.193700 0.428318799 0.256769568 -0.586322129 -0.017645875 0.621768773 0.205606580 0.755525112
1548339355.227240 0.422148883 0.285967141 -0.592205286 -0.007483717 0.623039305 0.201162457 0.755843699
1548339355.260990 0.419617176 0.292893410 -0.589037180 -0.005649334 0.629215240 0.201135829 0.750733435
1548339355.294730 0.428389609 0.292092502 -0.589603484 -0.007341376 0.633533537 0.205851614 0.745792627
1548339355.328240 0.446761549 0.269328833 -0.598677397 -0.014481037 0.635010302 0.223224983 0.739407182
1548339355.361760 0.434927404 0.284122020 -0.586752951 -0.007485375 0.644830704 0.215262115 0.733348191
1548339355.395280 0.436349630 0.280608356 -0.586157084 -0.006909104 0.652246058 0.219729185 0.725428522
1548339355.428570 0.438211381 0.282961428 -0.591939330 -0.003944532 0.655126691 0.223742053 0.721618354
1548339355.461970 0.448504329 0.273082644 -0.592095912 -0.009634043 0.661569297 0.228907779 0.714026928
1548339355.495480 0.453846455 0.266200215 -0.589530826 -0.013688250 0.672079265 0.233053178 0.702714980
1548339355.529000 0.459975779 0.264442891 -0.603771329 -0.013423200 0.673835278 0.239845723 0.698741674
1548339355.562510 0.451146185 0.277881324 -0.603868246 -0.006611441 0.681949735 0.235480919 0.692423046
1548339355.596140 0.455076575 0.274550080 -0.611279190 -0.008926273 0.687151194 0.239314467 0.685909688
1548339355.629650 0.456722498 0.275472164 -0.623681486 -0.009066460 0.688869774 0.242815375 0.682947218
1548339355.663060 0.453932166 0.280444026 -0.634718716 -0.008746871 0.690898597 0.243256360 0.680741489
1548339355.696570 0.451246798 0.281963229 -0.642140150 -0.009698470 0.694324613 0.246005163 0.676240146
1548339355.730080 0.446402848 0.286036432 -0.645927429 -0.011144058 0.698196292 0.246035904 0.672208428
1548339355.763600 0.443510532 0.289070785 -0.651772678 -0.014354708 0.700966895 0.247350112 0.668773055
1548339355.797120 0.438351333 0.296006143 -0.659684658 -0.015266788 0.702423155 0.248621449 0.666750371
1548339355.830630 0.436511457 0.310115397 -0.674081564 -0.015058672 0.700223804 0.246586964 0.669817030
1548339355.864150 0.431247056 0.313713670 -0.678572714 -0.015724553 0.703817487 0.250854462 0.664428949
1548339355.897670 0.424538434 0.320858836 -0.689588070 -0.013000229 0.703647435 0.254409879 0.663315117
1548339355.931070 0.424818695 0.330214202 -0.710055709 -0.010692495 0.699939668 0.259018183 0.665492177
1548339355.964590 0.410338998 0.341895223 -0.719638407 -0.005281399 0.700988352 0.255611390 0.665770471
1548339355.998100 0.409993708 0.337953269 -0.726361454 -0.008221062 0.703015506 0.260763198 0.661592185
1548339356.031620 0.399743438 0.349620372 -0.739901960 -0.003187618 0.702766597 0.260076165 0.662170172
1548339356.065150 0.395455003 0.348213375 -0.747010112 -0.004598624 0.704852283 0.263162673 0.658716679
1548339356.098650 0.387898207 0.350310355 -0.750874579 -0.004544341 0.707800627 0.263087094 0.655578196
1548339356.132170 0.382882416 0.351393282 -0.755754054 -0.005912900 0.710816801 0.263000369 0.652330756
1548339356.165690 0.370702982 0.363430202 -0.766270280 -0.001366548 0.711768448 0.260205597 0.652439177
1548339356.199220 0.366894424 0.355944484 -0.774405718 -0.004621767 0.712698162 0.264934868 0.649499536
1548339356.232750 0.358415067 0.359487236 -0.771387935 -0.004118400 0.717159569 0.262885034 0.645412087
1548339356.266260 0.352783680 0.356891364 -0.771703303 -0.005934556 0.721117318 0.264467716 0.640321434
1548339356.299780 0.335933924 0.386873603 -0.794835091 0.005753326 0.716793478 0.256743133 0.648272276
1548339356.333310 0.324856222 0.397510588 -0.795008481 0.008741961 0.720833719 0.254189759 0.644755781
1548339356.366870 0.322893977 0.384093910 -0.788527489 0.001760238 0.727497637 0.261364490 0.634375870
1548339356.400400 0.316342056 0.385539174 -0.786404550 0.000479453 0.732628822 0.263006002 0.627760053
1548339356.433930 0.308237851 0.389155447 -0.783098459 0.000513453 0.737823427 0.263902187 0.621266484
1548339356.467470 0.298222780 0.395251840 -0.781485081 0.002948488 0.741607726 0.264386475 0.616529882
1548339356.501010 0.290622771 0.398062825 -0.777343035 0.004417218 0.745395303 0.265305638 0.611538529
1548339356.534530 0.282986760 0.397658646 -0.771724164 0.005952798 0.749271512 0.267512292 0.605800331
1548339356.568040 0.275553524 0.402819782 -0.784293294 0.008362779 0.746921718 0.268086791 0.608413935
1548339356.601560 0.267997026 0.406237841 -0.775570929 0.011164506 0.750896037 0.267654777 0.603648484
1548339356.635080 0.265556633 0.395752400 -0.767157793 0.008430151 0.755910635 0.271484584 0.595671296
1548339356.668590 0.256426692 0.395794362 -0.761739016 0.010018095 0.759531677 0.271905273 0.590828955
1548339356.702150 0.253034770 0.392152607 -0.752409637 0.008508767 0.764648378 0.272533447 0.583922982
1548339356.735660 0.246451139 0.386220396 -0.746492386 0.007542465 0.769320786 0.275014609 0.576589704
1548339356.769140 0.235544264 0.387741625 -0.739843190 0.010073767 0.773122132 0.274526298 0.571678340
1548339356.802650 0.234536231 0.376497507 -0.735162437 0.005887054 0.776843190 0.277668327 0.565137565
1548339356.836170 0.235367417 0.360029757 -0.730363369 -0.000647969 0.781428695 0.282863140 0.556198955
1548339356.869730 0.235995233 0.343915522 -0.733828187 -0.006451895 0.783887088 0.289979428 0.548991263
1548339356.903250 0.237535477 0.333468199 -0.729813933 -0.010441316 0.788344324 0.293423325 0.540654302
1548339356.936710 0.233695865 0.329410046 -0.725503147 -0.011736098 0.793223321 0.294056773 0.533094466
1548339356.970150 0.225828707 0.330393344 -0.721974194 -0.010187575 0.797500253 0.293570817 0.526977956
1548339357.003650 0.219755471 0.330486834 -0.718997300 -0.010084473 0.800862432 0.292870581 0.522249579
1548339357.037110 0.222234249 0.322857320 -0.716941118 -0.015718360 0.804440022 0.294464618 0.515674233
1548339357.070620 0.231290221 0.303315103 -0.705072343 -0.024613952 0.811232567 0.300185680 0.501183152
1548339357.104140 0.198345602 0.347773850 -0.726153135 0.010822186 -0.808625340 -0.289088845 -0.512284815
1548339357.137620 0.223544896 0.314434588 -0.702983558 -0.026004581 0.817460418 0.297842205 0.492313117
1548339357.171130 0.213824987 0.325611115 -0.705764174 0.023385610 -0.820095599 -0.295865744 -0.489244193
1548339357.204650 0.204060853 0.337617278 -0.704669118 0.018019499 -0.822780490 -0.293126285 -0.486605138
1548339357.238200 0.204344809 0.337061614 -0.705826044 0.018336326 -0.824752092 -0.292794883 -0.483444899
1548339357.271720 0.203583896 0.334528178 -0.706956506 0.019276258 -0.827556491 -0.292838275 -0.478564948
1548339357.305230 0.186666906 0.350658894 -0.710310578 0.010376432 -0.828634799 -0.288486332 -0.479616910
1548339357.338750 0.181286216 0.355538994 -0.714245439 0.007738806 -0.828715324 -0.285738081 -0.481170177
1548339357.372270 0.188507795 0.344435334 -0.716033816 0.012865699 -0.830524027 -0.286832541 -0.477274984
1548339357.405780 0.183664203 0.347661495 -0.718978047 0.010634509 -0.832309783 -0.285419047 -0.475061446
1548339357.439420 0.214981914 0.305833220 -0.706410527 -0.022396976 0.838036299 0.298364520 0.456258982
1548339357.473060 0.208924294 0.309127212 -0.723980486 -0.021857338 0.836736619 0.297955990 0.458929509
1548339357.507050 0.193858981 0.323174119 -0.734081149 0.014996063 -0.837408543 -0.295459241 -0.459593236
1548339357.540670 0.180089533 0.320062429 -0.763066471 -0.016179223 0.833383262 0.297986686 0.465203673
1548339357.574180 0.164996266 0.322700411 -0.788999379 0.015905393 -0.830370486 -0.298092186 -0.470502883
1548339357.607700 0.168921113 0.326124132 -0.809180975 -0.014552174 0.829942942 0.299742222 0.470252782
1548339357.641310 0.146471500 0.331661373 -0.834431946 -0.014594695 0.826985002 0.297225118 0.477011710
1548339357.674840 0.141008496 0.334695399 -0.856596887 -0.012795040 0.825149775 0.298631549 0.479357243
1548339357.708360 0.139129639 0.341243863 -0.875750065 -0.011794153 0.823916912 0.297637820 0.482113630
1548339357.741870 0.124599457 0.345522523 -0.901126146 -0.012135222 0.820920348 0.296987176 0.487587124
1548339357.775390 0.111437321 0.355962962 -0.921944261 -0.008960216 0.819035053 0.295011342 0.492005795
1548339357.808910 0.109249949 0.366895050 -0.941512465 -0.006207408 0.817113936 0.293244660 0.496279985
1548339357.842420 0.097615719 0.374045044 -0.963156581 -0.006141196 0.814386904 0.291013747 0.502043188
1548339357.875830 0.099218011 0.373723149 -0.987412095 -0.008576274 0.812494457 0.292797834 0.504032373
1548339357.909070 0.081855416 0.386994720 -1.009534717 -0.004593537 0.810453713 0.289759606 0.509100199
1548339357.942590 0.089904785 0.386258036 -1.033464909 -0.006336545 0.807622790 0.291880399 0.512358427
1548339357.975930 0.074680567 0.386759818 -1.060786247 -0.008610040 0.804524660 0.290061474 0.518199027
1548339358.009390 0.075911522 0.395492643 -1.078095198 -0.005871935 0.804314017 0.290029734 0.518582106
1548339358.042900 0.059483171 0.399654031 -1.101514339 -0.005874797 0.801002324 0.287709683 0.524960935
1548339358.076410 0.067173362 0.407149702 -1.114676714 -0.003098369 0.799932122 0.287633181 0.526655674
1548339358.109930 0.052295566 0.410214901 -1.137502074 -0.004967598 0.797166049 0.285344154 0.532052934
1548339358.143440 0.057488322 0.421253204 -1.146452785 -0.000859979 0.797428191 0.284884661 0.531928837
1548339358.176960 0.047168732 0.425716341 -1.165701866 -0.001864834 0.794232428 0.282228827 0.538087666
1548339358.210480 0.039887428 0.431775093 -1.178314686 -0.001784510 0.793026924 0.281468660 0.540259659
1548339358.243990 0.033983946 0.444740534 -1.190387845 0.001553231 0.791521251 0.280502468 0.542964041
1548339358.277510 0.026695728 0.453818291 -1.202051520 0.003089118 0.788117945 0.279036760 0.548633873
1548339358.310960 0.021373749 0.451028347 -1.215851068 -0.002784013 0.785810590 0.278811753 0.552048862
1548339358.344380 0.018561125 0.470008552 -1.225827456 0.001827045 0.785423100 0.279783607 0.552112639
1548339358.377900 0.011194110 0.478937536 -1.237295747 0.002718738 0.782140195 0.279539645 0.556872487
1548339358.411410 0.012112498 0.480705172 -1.250743151 -0.001549700 0.780041754 0.280294329 0.559435070
1548339358.444930 0.006972194 0.493712902 -1.262975693 0.000450609 0.778601468 0.281495541 0.560838640
1548339358.478420 0.005292654 0.508805215 -1.271209121 0.003850579 0.776225269 0.283168525 0.563271761
1548339358.511930 -0.001150131 0.510334373 -1.285699606 0.000088572 0.773428977 0.284320533 0.566541672
1548339358.545680 0.002941370 0.524407864 -1.298172474 0.000573602 0.772543490 0.286634415 0.566583574
1548339358.579310 0.003160954 0.536040485 -1.309452295 0.001334758 0.770707190 0.288101226 0.568336427
1548339358.612830 -0.001770496 0.542905450 -1.320235729 0.000737425 0.769865513 0.289111733 0.568964779
1548339358.646500 -0.003602028 0.562004566 -1.333512545 0.005975644 0.769457877 0.290152371 0.568955541
1548339358.680020 -0.007299781 0.572343230 -1.345886707 0.008118996 0.766306102 0.290352404 0.573065937
1548339358.713450 -0.003921986 0.580554128 -1.362033963 0.005952947 0.763457537 0.290873885 0.576619089
1548339358.746970 0.003272057 0.593985200 -1.370906949 0.006685293 0.762348831 0.290861070 0.578082621
1548339358.780490 0.009013176 0.605438888 -1.382405281 0.005180793 0.759408057 0.289330930 0.582718015
1548339358.814020 -0.019648075 0.609787703 -1.403690338 0.003720053 0.756753266 0.287319899 0.587160885
1548339358.847540 -0.035633445 0.624591231 -1.421500206 0.005739933 0.755366504 0.286121458 0.589510798
1548339358.881030 -0.034820318 0.636867106 -1.434897065 0.006104794 0.753580034 0.285480082 0.592098892
1548339358.914530 -0.038061023 0.643064141 -1.454925060 0.002301289 0.751981556 0.284379333 0.594682157
1548339358.948040 -0.048423648 0.656120062 -1.475881457 0.003030290 0.751354456 0.284375787 0.595472813
1548339358.981560 -0.050326943 0.669882715 -1.492716312 0.005743511 0.750780940 0.285343587 0.595713139
1548339359.015100 -0.036862612 0.687826991 -1.497419477 0.011899265 0.751920521 0.288068712 0.592866242
1548339359.048610 -0.039475203 0.700259328 -1.515199542 0.015523345 0.749896705 0.289007634 0.594885409
1548339359.082130 -0.036814213 0.711389542 -1.531250000 0.019907773 0.748682857 0.290568203 0.595523179
1548339359.115650 -0.037310123 0.722614169 -1.547291040 0.025222605 0.746432364 0.292856723 0.597023904
1548339359.149160 -0.029916525 0.705728292 -1.505400300 0.019443570 0.750563800 0.290037423 0.593425930
1548339359.182650 -0.024561405 0.698118925 -1.478448629 0.015951337 0.754552782 0.288378268 0.589265406
1548339359.216130 -0.013258934 0.695074558 -1.480298042 0.016848007 0.755818903 0.290315896 0.586660564
1548339359.249620 -0.007293224 0.701874375 -1.513865471 0.020617509 0.752932787 0.293179661 0.588823378
1548339359.283120 0.000254393 0.684181452 -1.488586068 0.018925250 0.755433500 0.292348325 0.586084187
1548339359.316640 0.008662462 0.680299759 -1.493896008 0.020060949 0.754860938 0.292606503 0.586654902
1548339359.350080 0.010967970 0.685041547 -1.499998212 0.022424888 0.754992187 0.291928828 0.586738110
1548339359.383490 0.017718554 0.683802724 -1.504698277 0.024879975 0.755244076 0.292431056 0.586064517
1548339359.417000 0.014650822 0.687743425 -1.527990103 0.029331878 0.753185511 0.293499708 0.587970376
1548339359.450520 0.021313667 0.692590654 -1.523743510 0.030814376 0.755455971 0.292949647 0.585249901
1548339359.484080 0.042255402 0.683485270 -1.506538868 0.031787161 0.758385897 0.293722421 0.581005692
1548339359.517590 0.029464960 0.699347734 -1.542847276 0.038294036 0.755126953 0.294801176 0.584302366
1548339359.551110 0.034185648 0.684178472 -1.550418139 0.038724750 0.756868839 0.298004508 0.580381989
1548339359.584630 0.049598932 0.676515937 -1.536401272 0.040872414 0.759365797 0.299504280 0.576185942
1548339359.618210 0.055464983 0.664395809 -1.563239694 0.042619266 0.756396353 0.302800149 0.578238904
1548339359.651660 0.061618805 0.666690826 -1.574743032 0.045373958 0.755920947 0.303543895 0.578261077
1548339359.685170 0.072622299 0.667214632 -1.568509221 0.048622269 0.756670952 0.303746849 0.576908052
1548339359.718690 0.080404520 0.666311145 -1.575214624 0.051495358 0.754284978 0.303928822 0.579680741
1548339359.752210 0.082492113 0.674525678 -1.590688229 0.053685233 0.751197636 0.302660078 0.584137738
1548339359.785720 0.095921516 0.672771215 -1.590955973 0.053409047 0.750655472 0.302159548 0.585118353
1548339359.819160 0.101909876 0.688546896 -1.595961332 0.055322744 0.748754323 0.299374670 0.588796496
1548339359.852640 0.103749514 0.693649769 -1.602231026 0.055851460 0.746925294 0.297021627 0.592251182
1548339359.885990 0.121489286 0.691416740 -1.612211704 0.055825286 0.745733142 0.296858698 0.593835533
1548339359.919400 0.137237310 0.685620129 -1.609299898 0.057082113 0.744989634 0.296417683 0.594868600
1548339359.952650 0.151138544 0.676727176 -1.621538639 0.056872632 0.741891205 0.294960409 0.599467516
1548339359.986170 0.156112194 0.679537594 -1.636126757 0.058163039 0.740567684 0.293313950 0.601783574
1548339360.019690 0.165579796 0.686901271 -1.620157719 0.061813928 0.741725862 0.290539145 0.601339161
1548339360.053200 0.169913054 0.687897742 -1.636058569 0.062374704 0.738181531 0.288444668 0.606627643
1548339360.086720 0.174511671 0.693215013 -1.644705534 0.063694939 0.736923873 0.287118018 0.608645558
1548339360.120230 0.182073355 0.697911382 -1.641906738 0.064239830 0.736077130 0.284974992 0.610616863
1548339360.154010 0.189507246 0.699905336 -1.647507191 0.063661583 0.733812869 0.282861531 0.614373863
1548339360.187520 0.195908308 0.702554107 -1.652279973 0.062951207 0.732181013 0.280501604 0.617468238
1548339360.220780 0.206225395 0.707262635 -1.641948462 0.062866218 0.731541157 0.277236491 0.619705915
1548339360.254550 0.209685564 0.711159110 -1.645832777 0.062011264 0.727435529 0.273731649 0.626149535
1548339360.288060 0.211154938 0.715598166 -1.655533910 0.060323920 0.724237680 0.271735102 0.630873144
1548339360.321700 0.215335608 0.723504603 -1.647403955 0.059773847 0.722500980 0.269801110 0.633740425
1548339360.355230 0.215015173 0.725742698 -1.656354904 0.058593061 0.717256188 0.269434631 0.639933944
1548339360.388760 0.213754654 0.734745622 -1.671563864 0.057434134 0.713217974 0.269563138 0.644482195
1548339360.422280 0.218559504 0.744947195 -1.666660786 0.058444519 0.712691247 0.270551711 0.644559741
1548339360.455850 0.236220121 0.737021446 -1.659217834 0.057330988 0.711115003 0.273924500 0.644975960
1548339360.489360 0.244965553 0.729895592 -1.666359067 0.055904068 0.707549095 0.277331203 0.647561908
1548339360.522850 0.248848677 0.734308004 -1.672616959 0.055205673 0.705522656 0.280192196 0.648600399
1548339360.556340 0.258384466 0.740483701 -1.653946400 0.054367781 0.706757843 0.282338619 0.646391869
1548339360.589840 0.266725779 0.743325591 -1.650774717 0.052957349 0.705040932 0.284920394 0.647250593
1548339360.623310 0.273447037 0.746161580 -1.655410528 0.050586283 0.703087687 0.287195444 0.648558080
1548339360.656750 0.283649683 0.748089194 -1.653942108 0.048160505 0.703187823 0.289360404 0.647671223
1548339360.690260 0.294294596 0.748844266 -1.650285721 0.046473883 0.702962995 0.290671200 0.647451580
1548339360.723860 0.302878618 0.748582959 -1.655127287 0.044523295 0.702824414 0.291559756 0.647339582
1548339360.757420 0.314851046 0.748391628 -1.650076151 0.043723833 0.704550207 0.291830868 0.645392954
1548339360.790940 0.322335005 0.748628259 -1.655313969 0.043245569 0.704958439 0.291189611 0.645268977
1548339360.824500 0.329407930 0.748964787 -1.660956383 0.042565100 0.707396626 0.290651619 0.642884076
1548339360.857920 0.330930233 0.771613657 -1.655070305 0.046445847 0.711023092 0.286909521 0.640290499
1548339360.891360 0.339094639 0.765629292 -1.658492565 0.046311092 0.712308705 0.286435038 0.639082611
1548339360.924480 0.343120813 0.768949986 -1.660072088 0.046544410 0.714311898 0.284569740 0.637661576
1548339360.958000 0.348693132 0.774162829 -1.653378010 0.046676528 0.718488455 0.282815695 0.633727849
1548339360.991510 0.357927561 0.774270892 -1.644397497 0.047168579 0.722362876 0.282457143 0.629432261
1548339361.025030 0.361189842 0.773354888 -1.648779631 0.047328629 0.724107087 0.282562435 0.627365530
1548339361.059370 0.367779493 0.772214770 -1.647980452 0.047440331 0.727799594 0.283958644 0.622434497
1548339361.092910 0.375006437 0.768615484 -1.646793127 0.047845960 0.731153727 0.286247760 0.617403626
1548339361.126430 0.388713837 0.758033454 -1.648837686 0.047096748 0.733695924 0.290095568 0.612631023
1548339361.159950 0.391840458 0.758146167 -1.651332140 0.048248164 0.736713767 0.292777687 0.607623458
1548339361.193460 0.397627831 0.758138299 -1.657512903 0.049191751 0.740263164 0.296672493 0.601311982
1548339361.226950 0.404993057 0.763173997 -1.660288095 0.051054865 0.743844330 0.299536765 0.595287144
1548339361.260420 0.419341326 0.757612824 -1.659315109 0.051096667 0.748273075 0.302904218 0.587984443
1548339361.293920 0.427015305 0.754561484 -1.662482977 0.052688051 0.751968980 0.305537552 0.581733227
1548339361.326950 0.433691978 0.753256202 -1.665144682 0.054742541 0.755714536 0.307517707 0.575614214
1548339361.360470 0.439868450 0.749636412 -1.670445681 0.055674445 0.759188771 0.308867991 0.570204735
1548339361.393980 0.434582472 0.728323221 -1.688495398 0.053768098 0.761891365 0.312349647 0.564861298
1548339361.427500 0.438995361 0.728696525 -1.689912796 0.054320071 0.767831206 0.313478500 0.556071877
1548339361.460880 0.447190046 0.730494380 -1.688060880 0.055169661 0.772198617 0.313491881 0.549898684
1548339361.494400 0.449487209 0.730871975 -1.689529896 0.056183204 0.775615752 0.313235611 0.545112014
1548339361.527910 0.452272654 0.734122455 -1.690433979 0.056821421 0.779421449 0.313295394 0.539554834
1548339361.561430 0.456468105 0.734640300 -1.694479346 0.056724366 0.781884849 0.313740015 0.535729170
1548339361.594880 0.458964825 0.734645009 -1.702791214 0.056386296 0.783669353 0.314546645 0.532675624
1548339361.628310 0.459583044 0.747055531 -1.730357528 0.056147922 0.783955038 0.315825701 0.531522512
1548339361.661760 0.464504480 0.751896858 -1.732960224 0.057196740 0.785594523 0.317004502 0.528278232
1548339361.695190 0.467551947 0.753690183 -1.740233898 0.057400234 0.785852909 0.317900598 0.527332544
1548339361.728710 0.464757919 0.762860239 -1.744797230 0.057326119 0.788114309 0.317813993 0.524007440
1548339361.762220 0.470655203 0.767217934 -1.745222807 0.057432767 0.791193187 0.319975585 0.518006384
1548339361.795800 0.483819485 0.756331503 -1.741396189 0.055451822 0.792693377 0.321947724 0.514696181
1548339361.829320 0.485910892 0.759574413 -1.755420208 0.055208113 0.792495251 0.322703868 0.514553726
1548339361.862850 0.488637686 0.769871354 -1.756981134 0.056726102 0.793631792 0.322366774 0.512845576
1548339361.896480 0.490197420 0.774323702 -1.768783212 0.056526359 0.793086350 0.322529465 0.513608456
1548339361.929990 0.499573946 0.773587763 -1.790689945 0.054986611 0.791680634 0.324266672 0.514849007
1548339361.963530 0.501175880 0.769516289 -1.804911375 0.053363558 0.791057706 0.325063229 0.515474498
1548339361.997040 0.504958630 0.779567003 -1.809803843 0.053447872 0.791986883 0.323675662 0.514911950
1548339362.030560 0.509591818 0.791423440 -1.804950953 0.053826045 0.794236183 0.321006954 0.513075233
1548339362.064080 0.516997814 0.794695675 -1.802360892 0.054123834 0.794998109 0.320235997 0.512345135
1548339362.097600 0.518100023 0.802025914 -1.812692523 0.054200348 0.793925643 0.318892330 0.514832139
1548339362.131140 0.523368120 0.808112741 -1.808898091 0.054763988 0.794197142 0.317485809 0.515222788
1548339362.164650 0.531443119 0.806575596 -1.804597616 0.054075554 0.793141842 0.316687226 0.517408013
1548339362.198170 0.528244734 0.807477117 -1.827693224 0.053513993 0.787314832 0.317193270 0.525984943
1548339362.231690 0.532679558 0.812151372 -1.833361268 0.052626517 0.783117592 0.315429002 0.533349752
1548339362.265200 0.528794050 0.817830205 -1.852233529 0.049850315 0.777957320 0.313238889 0.542382598
1548339362.298720 0.530476570 0.824232221 -1.841328263 0.047563806 0.779295504 0.310761422 0.542091787
1548339362.332230 0.544427156 0.826699853 -1.816802621 0.046544105 0.780730367 0.308990777 0.541127086
1548339362.365750 0.542643547 0.830839157 -1.828271985 0.044965453 0.776144922 0.306913555 0.548982084
1548339362.399300 0.534477472 0.850667417 -1.858449221 0.044392858 0.771735370 0.305698425 0.555879831
1548339362.432820 0.539333344 0.856196344 -1.844914794 0.043851692 0.772574782 0.305055171 0.555109560
1548339362.466340 0.538911104 0.862875581 -1.849449635 0.042517848 0.770484507 0.304348797 0.558495998
1548339362.500050 0.542081356 0.866898537 -1.852444768 0.041340746 0.768966973 0.304282457 0.560707629
1548339362.533490 0.546440601 0.859945416 -1.847248673 0.037986413 0.768466115 0.304372519 0.561581969
1548339362.567010 0.548712492 0.864173889 -1.844002962 0.037024241 0.767864525 0.304279268 0.562518895
1548339362.600400 0.550163746 0.867445350 -1.846094966 0.035643838 0.766474664 0.304454714 0.564405441
1548339362.634000 0.553041220 0.870327950 -1.844109893 0.034339022 0.765995622 0.304876506 0.564908743
1548339362.667520 0.555043459 0.876014233 -1.850765467 0.034266215 0.763500154 0.305702269 0.567837596
1548339362.701070 0.559099436 0.876477540 -1.852629662 0.031740814 0.761614501 0.305123389 0.570820212
1548339362.734590 0.564144850 0.880405724 -1.850557446 0.030311830 0.761075139 0.304731339 0.571825802
1548339362.768070 0.567628145 0.884003699 -1.843944550 0.030103682 0.760293901 0.304322660 0.573092282
1548339362.801500 0.574130297 0.878639400 -1.832480192 0.027237659 0.760209143 0.303410351 0.573831379
1548339362.835010 0.578896046 0.879547477 -1.823366642 0.026596662 0.759952843 0.302792609 0.574526787
1548339362.868530 0.576308727 0.882419169 -1.828540564 0.027520746 0.755971551 0.302238643 0.580001354
1548339362.902050 0.578487873 0.881953239 -1.840120077 0.025314020 0.752529621 0.301536769 0.584922314
1548339362.935570 0.586086273 0.877549648 -1.829736948 0.023666352 0.752616465 0.301169395 0.585068703
1548339362.969080 0.590804577 0.873339534 -1.818473935 0.022165654 0.752058089 0.300490975 0.586193204
1548339363.002570 0.595522881 0.877232552 -1.815428734 0.022122929 0.751279593 0.299073577 0.587915540
1548339363.036070 0.602073908 0.875807285 -1.807244897 0.022322753 0.751111567 0.298200607 0.588565767
1548339363.069590 0.605790854 0.874636829 -1.803210020 0.023326272 0.750032127 0.297181427 0.590415955
1548339363.103120 0.608717203 0.874566436 -1.798224807 0.024850050 0.748686016 0.295894027 0.592704415
1548339363.136630 0.611104012 0.874452353 -1.794549346 0.026088322 0.746976197 0.294543713 0.595474720
1548339363.170180 0.613279581 0.873100877 -1.789553881 0.026991295 0.745264173 0.293049246 0.598310053
1548339363.203690 0.615689516 0.873029828 -1.786002874 0.028081242 0.743618250 0.291928381 0.600850523
1548339363.237220 0.618554592 0.871543825 -1.782908440 0.028846905 0.741597235 0.291134328 0.603690624
1548339363.270740 0.621397018 0.869787097 -1.778333426 0.029570203 0.739704788 0.290365130 0.606341958
1548339363.304290 0.620062590 0.871867180 -1.784517288 0.031810287 0.736437321 0.290211439 0.610266745
1548339363.337770 0.626537085 0.863329232 -1.779121637 0.031300962 0.735043705 0.290610015 0.611781657
1548339363.371320 0.627795458 0.861163855 -1.773494482 0.031722266 0.733493686 0.290115744 0.613851428
1548339363.404870 0.629517078 0.857793689 -1.771189213 0.031772267 0.731690705 0.290174097 0.615969419
1548339363.438390 0.631756783 0.858403683 -1.761167288 0.033095956 0.730818331 0.289521813 0.617241025
1548339363.471900 0.634022474 0.855190635 -1.755784512 0.033991367 0.728350103 0.289193213 0.620256364
1548339363.505420 0.634483099 0.854358435 -1.755875349 0.035000339 0.725527525 0.288960397 0.623607814
1548339363.538940 0.637017965 0.851754725 -1.752816081 0.036143854 0.723810852 0.289414316 0.625324547
1548339363.572450 0.641514063 0.849246621 -1.746217966 0.038486157 0.722448945 0.290032387 0.626472414
1548339363.605960 0.643946409 0.847663999 -1.739954114 0.042151920 0.720418572 0.290664136 0.628279150
1548339363.639480 0.645445824 0.840650082 -1.743107796 0.044885859 0.716682732 0.292530686 0.631487846
1548339363.672980 0.646059036 0.841201425 -1.742303014 0.047438562 0.713488102 0.292629778 0.634863973
1548339363.706510 0.647276640 0.839415073 -1.740775347 0.048873857 0.710816801 0.292986274 0.637581348
1548339363.740030 0.650667906 0.837466121 -1.739754915 0.049915064 0.707383811 0.292923450 0.641336560
1548339363.773540 0.653947353 0.836668015 -1.737082243 0.050165266 0.704351306 0.291959643 0.645083189
1548339363.807060 0.658688068 0.834308863 -1.731132746 0.050342891 0.701420665 0.290976137 0.648696780
1548339363.840580 0.663012981 0.829776168 -1.724606037 0.050579228 0.697671771 0.289605230 0.653318226
1548339363.874080 0.666856527 0.827731133 -1.722040176 0.051148679 0.693241775 0.287740290 0.658790767
1548339363.907600 0.675408125 0.814203739 -1.724038363 0.050767332 0.688104272 0.288697958 0.663768649
1548339363.941110 0.679160833 0.819756150 -1.730232358 0.053349663 0.682233989 0.285914928 0.670793116
1548339363.974630 0.679569483 0.823428869 -1.732388020 0.056695372 0.677166998 0.282889038 0.676907957
1548339364.008140 0.682779431 0.823748887 -1.732140541 0.059601959 0.672947288 0.280028522 0.682036340
1548339364.041690 0.688600540 0.799815178 -1.716327906 0.059038136 0.671269119 0.279185206 0.684081793
1548339364.075200 0.691196442 0.800835192 -1.709503174 0.062378187 0.667587280 0.274936348 0.689090908
1548339364.108720 0.690319061 0.796611786 -1.711673498 0.063759141 0.663377643 0.271353155 0.694429517
1548339364.142240 0.694249749 0.793109715 -1.709545374 0.064891316 0.660543323 0.268779904 0.698017955
1548339364.175800 0.697911620 0.788132668 -1.710406303 0.066105157 0.655807674 0.266328454 0.703289092
1548339364.209270 0.698133588 0.787084401 -1.711311102 0.067641191 0.651934564 0.262402654 0.708202541
1548339364.242780 0.702254891 0.784424245 -1.710320234 0.069774471 0.649215221 0.259935111 0.711396456
1548339364.276290 0.707525730 0.777297497 -1.705374599 0.072659478 0.645544469 0.257846862 0.715197861
1548339364.309810 0.710622787 0.767511249 -1.705684423 0.076010376 0.640510798 0.255703896 0.720127702
1548339364.343320 0.711873770 0.764829516 -1.704975843 0.079880714 0.636915207 0.253094733 0.723810256
1548339364.376840 0.713245273 0.758160710 -1.710411310 0.083800748 0.631836534 0.252045751 0.728170991
1548339364.410350 0.712161422 0.757287502 -1.713532448 0.087562889 0.626658380 0.249532774 0.733052194
1548339364.443870 0.711263299 0.756271243 -1.716610670 0.089844212 0.622040033 0.246655390 0.737668931
1548339364.477390 0.710873127 0.755598187 -1.716546297 0.091665484 0.618562162 0.244539097 0.741066158
1548339364.510900 0.711179018 0.751970410 -1.710861683 0.092724964 0.615957618 0.243023187 0.743598104
1548339364.544380 0.710669398 0.748475909 -1.707679749 0.093757696 0.611270964 0.240685508 0.748082757
1548339364.577890 0.707544446 0.754227817 -1.708513975 0.094652578 0.607526183 0.236957744 0.752199411
1548339364.611410 0.708899021 0.747657418 -1.702430606 0.095051333 0.605476379 0.236977398 0.753794014
1548339364.644920 0.706196785 0.746140003 -1.707488775 0.095905267 0.599748015 0.236064509 0.758536816
1548339364.678440 0.704097986 0.748294592 -1.708143592 0.096156523 0.595266700 0.233705282 0.762753785
1548339364.711960 0.703731060 0.748343110 -1.702428937 0.095667206 0.592772126 0.232165426 0.765224397
1548339364.745470 0.704925776 0.747958302 -1.703106642 0.095069289 0.587678909 0.230642810 0.769674838
1548339364.779030 0.703117132 0.752490878 -1.702843428 0.094329961 0.582818151 0.227365062 0.774422407
1548339364.812550 0.703261971 0.751919866 -1.699141145 0.093054377 0.579470396 0.225743905 0.777556896
1548339364.846070 0.703860402 0.747456074 -1.695482135 0.091757953 0.574005663 0.224064410 0.782235980
1548339364.879920 0.698953509 0.755977273 -1.695389986 0.090726726 0.568842232 0.219232962 0.787479639
1548339364.913480 0.699563026 0.758266330 -1.692516208 0.089179531 0.566551447 0.217699245 0.789730072
1548339364.947170 0.701573730 0.764163256 -1.686984658 0.088421121 0.562846005 0.215271190 0.793123186
1548339364.980680 0.698834896 0.768657565 -1.687305212 0.086259067 0.559337974 0.212406561 0.796607792
1548339365.014200 0.699093819 0.770292938 -1.684011102 0.084274329 0.558322370 0.211778864 0.797699094
1548339365.047720 0.701465964 0.767179847 -1.680771470 0.082534783 0.554725647 0.211753562 0.800392389
1548339365.081240 0.699230909 0.771443129 -1.681272745 0.080391906 0.550268948 0.209097460 0.804375291
1548339365.114770 0.699318290 0.772040009 -1.679116011 0.077835321 0.547724009 0.207992151 0.806647062
1548339365.148290 0.703031421 0.771018624 -1.676109195 0.076140828 0.543549478 0.207383096 0.809783161
1548339365.181800 0.705078721 0.776457071 -1.663858771 0.073853388 0.540738463 0.202889681 0.813008845
1548339365.215320 0.706389904 0.777672231 -1.665672421 0.071815245 0.539437771 0.202236518 0.814217389
1548339365.248640 0.709443212 0.776900172 -1.664626360 0.070436530 0.537532449 0.201951385 0.815667391
1548339365.282110 0.707481146 0.777139485 -1.656308293 0.069314621 0.535895646 0.199272066 0.817497432
1548339365.315450 0.706940174 0.781516433 -1.657148719 0.069031239 0.533817410 0.196975932 0.819435358
1548339365.348860 0.706122160 0.780511558 -1.652686000 0.069202602 0.532256544 0.196280092 0.820602298
1548339365.382360 0.705695033 0.780594826 -1.650676131 0.069390401 0.528245926 0.193962634 0.823723197
1548339365.415870 0.705503225 0.786755204 -1.651869416 0.069434479 0.526702046 0.190886021 0.825424969
1548339365.449390 0.702629685 0.782385230 -1.647700548 0.069440588 0.526143134 0.190528855 0.825863242
1548339365.482900 0.696358919 0.783332586 -1.639403462 0.069589578 0.522950649 0.186794385 0.828726590
1548339365.516420 0.695388556 0.786951542 -1.639112353 0.069140561 0.520076632 0.183197588 0.831371486
1548339365.549820 0.692650199 0.787164271 -1.638333678 0.068063669 0.519110203 0.181363195 0.832465827
1548339365.583330 0.696851492 0.786314845 -1.644451022 0.066859454 0.515639782 0.180743873 0.834851563
1548339365.616850 0.695749521 0.786329091 -1.642988086 0.065592274 0.513310969 0.178683504 0.836828470
1548339365.650480 0.695559144 0.785270929 -1.642292023 0.064287536 0.512042880 0.177335739 0.837992370
1548339365.684020 0.694417000 0.782661915 -1.639396429 0.063710995 0.510396302 0.176796973 0.839154005
1548339365.717540 0.694064140 0.781104803 -1.638624430 0.063737705 0.508076966 0.176111549 0.840702176
1548339365.751140 0.693686485 0.778406620 -1.637777925 0.064636432 0.505882502 0.176221684 0.841932833
1548339365.784670 0.693243265 0.775891483 -1.637949944 0.066184357 0.503860533 0.176763996 0.842910886
1548339365.818220 0.692631721 0.773035884 -1.637093663 0.068378806 0.501747191 0.177694649 0.843800187
1548339365.851730 0.693692684 0.771618485 -1.638839960 0.070690155 0.499928415 0.178526700 0.844513357
1548339365.885280 0.693294525 0.768968165 -1.637534618 0.073452063 0.498898655 0.180150300 0.844541848
1548339365.918800 0.696664214 0.770300627 -1.638302445 0.076676965 0.495766312 0.180536851 0.846015930
1548339365.952310 0.697278261 0.770274103 -1.640071034 0.078712113 0.493906528 0.180255383 0.846976221
1548339365.985830 0.698550820 0.761581302 -1.634636998 0.079119436 0.493691534 0.180569515 0.846996784
1548339366.019350 0.697047591 0.759557486 -1.632395267 0.080781497 0.491753489 0.179859385 0.848117650
1548339366.052870 0.698007703 0.758122861 -1.633485794 0.081700340 0.489500076 0.178246245 0.849672318
1548339366.086400 0.690652966 0.754257679 -1.613443613 0.082360066 0.491755307 0.176103190 0.848752797
1548339366.119920 0.686847687 0.758686543 -1.611781359 0.084756210 0.490098685 0.173845395 0.849939704
1548339366.153430 0.689997911 0.757166386 -1.609513044 0.085845567 0.488859653 0.171933427 0.850932240
1548339366.186940 0.693997741 0.755860865 -1.613751888 0.087217256 0.487553507 0.170896709 0.851750612
1548339366.220450 0.692773461 0.752979279 -1.611763954 0.088841550 0.487185240 0.169912294 0.851990402
1548339366.253970 0.691620350 0.752488136 -1.610321999 0.090635553 0.486099243 0.168160826 0.852768898
1548339366.287490 0.690654457 0.751053989 -1.609428406 0.091945603 0.485341907 0.166802600 0.853326559
1548339366.321010 0.688496113 0.749664187 -1.607797742 0.093257435 0.484611690 0.165897071 0.853775620
1548339366.354530 0.687048197 0.748278618 -1.605759025 0.094263226 0.483219862 0.164786145 0.854668736
1548339366.388040 0.686502814 0.747463465 -1.605437636 0.094880134 0.481897622 0.163907692 0.855515540
1548339366.421560 0.685689569 0.746896923 -1.605279565 0.095361866 0.481089205 0.163764566 0.855944216
1548339366.455080 0.683576643 0.745850265 -1.603609920 0.096065968 0.479926974 0.164065510 0.856460094
1548339366.488640 0.684548676 0.744665027 -1.604632974 0.095933422 0.477770239 0.163605034 0.857767999
1548339366.522170 0.684744298 0.744830489 -1.604442000 0.095501587 0.477161705 0.163483545 0.858177960
1548339366.555730 0.683927357 0.744087994 -1.602835059 0.095008731 0.476413339 0.163641527 0.858618259
1548339366.589240 0.683527887 0.744113028 -1.601125717 0.094507195 0.474988937 0.163062841 0.859572291
1548339366.622940 0.669826150 0.729655802 -1.587575316 0.091020271 0.477601945 0.161839128 0.858731568
1548339366.656460 0.668416560 0.724958301 -1.587452054 0.089583114 0.477561325 0.162165448 0.858843625
1548339366.690060 0.668391109 0.725621045 -1.584723592 0.089381225 0.477138847 0.161953986 0.859139383
1548339366.723570 0.676221132 0.724933147 -1.587744117 0.088767394 0.474365145 0.161553562 0.860812724
1548339366.757090 0.675964057 0.725636601 -1.586356640 0.088289112 0.473750710 0.160109282 0.861469865
1548339366.790600 0.676102638 0.725819767 -1.585719109 0.087995142 0.473503172 0.159301832 0.861785710
1548339366.824050 0.676555216 0.725874841 -1.585782051 0.087649152 0.473321825 0.158541769 0.862060726
1548339366.857560 0.675939023 0.725850046 -1.584845424 0.087394617 0.473453343 0.157856017 0.862140238
1548339366.891080 0.675453603 0.725883484 -1.584417224 0.087013684 0.473537534 0.157240376 0.862244904
1548339366.924600 0.674403310 0.726092458 -1.583266497 0.086751848 0.473312467 0.156615049 0.862508714
1548339366.958170 0.673732519 0.726966381 -1.583014250 0.086386979 0.473009795 0.155976146 0.862827063
1548339366.991630 0.672905505 0.727423668 -1.582427740 0.085858069 0.472631454 0.155483380 0.863176048
1548339367.025140 0.672275245 0.728245795 -1.582406044 0.085139573 0.472745180 0.155571967 0.863168955
1548339367.058620 0.671742141 0.728891134 -1.582020402 0.084439881 0.473123550 0.156406090 0.862879634
1548339367.092130 0.672129393 0.729025245 -1.581936121 0.083658800 0.473210394 0.157609820 0.862688959
1548339367.125600 0.672474325 0.729931653 -1.582199812 0.082949206 0.473113865 0.158798754 0.862592459
1548339367.159080 0.672971249 0.730695486 -1.582286954 0.082180142 0.473122507 0.160279363 0.862387419
1548339367.192310 0.673265219 0.731193721 -1.581794262 0.081234671 0.472563803 0.161446601 0.862565577
1548339367.225770 0.674037635 0.732155681 -1.581905603 0.080053203 0.472064584 0.162215158 0.862805247
1548339367.259260 0.675300002 0.732429922 -1.582257032 0.078696579 0.472089052 0.163181975 0.862734318
1548339367.292730 0.676774859 0.733075559 -1.582577705 0.077880874 0.471729189 0.164080203 0.862834871
1548339367.326210 0.678213835 0.733058035 -1.582228661 0.077149197 0.471214354 0.163982630 0.863200307
1548339367.359680 0.679043353 0.732884169 -1.582158446 0.076746427 0.471292198 0.163793206 0.863229692
1548339367.393220 0.679787099 0.732574224 -1.582289934 0.076788783 0.471425593 0.163499057 0.863208830
1548339367.426760 0.680424213 0.732438445 -1.582157373 0.077230684 0.471392155 0.162658364 0.863346517
1548339367.460280 0.680044055 0.732711136 -1.582164526 0.077835478 0.471573800 0.161285013 0.863450587
1548339367.493790 0.679574013 0.732324243 -1.582157612 0.078511797 0.472284287 0.160416901 0.863162756
1548339367.527310 0.678733349 0.732089520 -1.581792712 0.079375200 0.472441226 0.159231052 0.863217533
1548339367.560800 0.677843034 0.732794881 -1.582611203 0.080171473 0.472522914 0.157929823 0.863338172
1548339367.594290 0.676878870 0.733604431 -1.583334446 0.080612384 0.473167121 0.157064825 0.863102138
1548339367.627760 0.675549984 0.733230889 -1.582795143 0.081090122 0.473965287 0.157367095 0.862564147
1548339367.661280 0.674899817 0.733764291 -1.582880259 0.081308044 0.474064499 0.157469913 0.862470388
1548339367.694790 0.674451649 0.734376311 -1.583442569 0.081312284 0.474356085 0.158112496 0.862192094
1548339367.728310 0.673762202 0.735373676 -1.583623290 0.081021823 0.474798769 0.158984512 0.861815274
1548339367.761820 0.673407257 0.736841321 -1.583297849 0.080433987 0.475098073 0.159967333 0.861523449
1548339367.795300 0.673475325 0.737432957 -1.583240271 0.079489589 0.475475609 0.161287576 0.861156583
1548339367.828860 0.673641264 0.738068581 -1.582989454 0.078384608 0.475314736 0.162265345 0.861163080
1548339367.862370 0.674301326 0.738781631 -1.582703948 0.076927975 0.475472003 0.163048238 0.861059725
1548339367.895890 0.674795508 0.739168048 -1.582289696 0.075514413 0.475531816 0.163814127 0.861006379
1548339367.929400 0.675054312 0.739526391 -1.581811666 0.074170396 0.475367725 0.164172143 0.861145675
1548339367.962920 0.674783409 0.739668429 -1.580660820 0.072989881 0.475237399 0.164110571 0.861330211
1548339367.996440 0.675436437 0.739980340 -1.580645204 0.072340198 0.474968970 0.164194703 0.861517012
1548339368.029950 0.675257504 0.740139484 -1.580685377 0.072149567 0.474551171 0.164190724 0.861763954
1548339368.063510 0.674860656 0.740364254 -1.580971241 0.072321378 0.474281907 0.164373070 0.861863017
1548339368.097320 0.674778104 0.741135359 -1.581786871 0.072550870 0.474211305 0.164508030 0.861856818
1548339368.131070 0.674163461 0.741560280 -1.582011580 0.072771281 0.474992961 0.165234312 0.861268640
1548339368.164600 0.673648834 0.741906345 -1.582360148 0.072996594 0.475379258 0.166142747 0.860861599
1548339368.198120 0.674369812 0.743122816 -1.583297372 0.072756194 0.475818753 0.166450351 0.860579669
1548339368.231680 0.674635351 0.743458033 -1.583523989 0.072549745 0.476893902 0.167384297 0.859820545
1548339368.265200 0.674658954 0.743882060 -1.583570600 0.072304174 0.477715075 0.167947516 0.859275401
1548339368.298710 0.674671173 0.743758917 -1.583722830 0.071982294 0.478133291 0.168286636 0.859003305
1548339368.332230 0.675768137 0.744482040 -1.584465504 0.071483657 0.478635430 0.168080673 0.858805656
1548339368.365750 0.675631940 0.744449973 -1.584459662 0.071188383 0.479419887 0.168092325 0.858390212
1548339368.399210 0.676154435 0.744651318 -1.584583998 0.070884809 0.479943097 0.167762384 0.858187497
