1548339348.693900 0.0000000 0.0000000 0.0000000 -0.0000000 -0.0000000 -0.0000000 1.0000000
1548339348.727420 -0.0017916 0.0034089 -0.0014402 0.0001590 0.0040210 0.0010468 0.9999914
1548339348.760930 -0.0034508 -0.0025717 -0.0027428 -0.0020880 0.0065090 0.0033678 0.9999710
1548339349.395710 -0.0174268 0.0188173 -0.0256716 0.0001280 0.0361292 0.0085576 0.9993105
1548339350.401510 0.0013692 0.1006917 0.0154954 -0.0536939 0.0950018 0.0422998 0.9931276
1548339350.837200 0.0238072 0.0763509 0.0150797 -0.0576262 0.1315351 0.0557933 0.9880612
1548339351.205830 0.0762261 0.0221866 -0.0285931 -0.0320201 0.1343665 0.0563050 0.9888125
1548339351.272860 0.0932093 0.0149734 -0.0361135 -0.0269066 0.1545257 0.0659649 0.9854169
1548339351.406930 0.1434162 -0.0054965 -0.0583166 -0.0212170 0.1764184 0.0739068 0.9813074
1548339351.473960 0.1586503 -0.0110290 -0.0637905 -0.0168378 0.1935042 0.0784166 0.9778157
1548339351.540990 0.1728557 -0.0167724 -0.0720672 -0.0109392 0.2055031 0.0810964 0.9752293
1548339351.641520 0.1943645 -0.0263979 -0.0834512 -0.0009456 0.2234056 0.0858719 0.9709352
1548339351.842560 0.2344093 -0.0466995 -0.1154137 0.0092366 0.2594337 0.0983194 0.9606988
1548339351.909510 0.2459037 -0.0513445 -0.1247763 0.0110562 0.2713363 0.1047544 0.9567031
1548339352.010110 0.2574087 -0.0563181 -0.1278621 0.0088190 0.2914397 0.1131412 0.9498338
1548339352.077080 0.2591189 -0.0601032 -0.1290745 0.0081679 0.3001130 0.1195068 0.9463528
1548339352.177740 0.2842339 -0.0729159 -0.1421255 0.0044782 0.3083292 0.1251959 0.9429947
1548339352.412290 0.3188916 -0.0765413 -0.1724149 0.0057853 0.3472731 0.1258372 0.9292647
1548339352.546190 0.3234308 -0.0616002 -0.1824283 0.0016028 0.3672988 0.1266480 0.9214388
1548339352.646720 0.3281406 -0.0534280 -0.1852760 -0.0075108 0.3839448 0.1266472 0.9145985
1548339352.981730 0.3555296 -0.0170724 -0.1991700 -0.0238032 0.4087197 0.1389868 0.9017008
1548339353.316860 0.3703501 -0.0037557 -0.2165777 -0.0179072 0.4787556 0.1492240 0.8649882
1548339353.719080 0.3705972 -0.0204828 -0.2505182 -0.0069912 0.5251333 0.1748602 0.8328326
1548339353.886860 0.3744314 -0.0226017 -0.2668702 -0.0019855 0.5431591 0.1792785 0.8202643
1548339354.121480 0.3740296 -0.0217921 -0.2951895 0.0043244 0.5735362 0.1924110 0.7962509
1548339354.255550 0.3678347 -0.0101706 -0.3125855 0.0019963 0.5855055 0.1972710 0.7862974
1548339354.322540 0.3642842 0.0047349 -0.3378194 -0.0020016 0.5907710 0.2005456 0.7815159
1548339354.389430 0.3629151 0.0228158 -0.3631620 -0.0035079 0.5932309 0.2038831 0.7787789
1548339354.456360 0.3726050 0.0292222 -0.3660050 -0.0057508 0.5978487 0.2068697 0.7744345
1548339354.556940 0.3554439 0.0460739 -0.3709586 -0.0025406 0.6075903 0.2057355 0.7671378
1548339354.623970 0.3336607 0.0611174 -0.3971640 -0.0017901 0.6109576 0.2045071 0.7647904
1548339354.691080 0.3568594 0.0723072 -0.4370744 -0.0063057 0.6072095 0.2093558 0.7664378
1548339354.758110 0.3963369 0.0960392 -0.4794277 -0.0112313 0.5997365 0.2047399 0.7734802
1548339354.825050 0.4059493 0.1185702 -0.5121756 -0.0100349 0.5984474 0.2076394 0.7737221
1548339354.892030 0.4078037 0.1560604 -0.5389723 -0.0060758 0.5990875 0.2017702 0.7748200
1548339354.925600 0.4087586 0.1643079 -0.5525093 -0.0029529 0.5995952 0.2077369 0.7728663
1548339354.992630 0.4141169 0.1983183 -0.5731971 -0.0014783 0.6013666 0.2032981 0.7726746
1548339355.059530 0.4181598 0.2315793 -0.5915129 -0.0015500 0.6017184 0.1979295 0.7737935
1548339355.126560 0.4246017 0.2530922 -0.6070245 -0.0070701 0.6041597 0.2003660 0.7712292
1548339355.227240 0.4221489 0.2859671 -0.5922053 -0.0074837 0.6230393 0.2011625 0.7558437
1548339355.294730 0.4283895 0.2920925 -0.5896035 -0.0073414 0.6335335 0.2058516 0.7457926
1548339355.361760 0.4349275 0.2841220 -0.5867530 -0.0074854 0.6448307 0.2152621 0.7333482
1548339355.461970 0.4485043 0.2730827 -0.5920961 -0.0096340 0.6615693 0.2289078 0.7140269
1548339355.663060 0.4539322 0.2804441 -0.6347188 -0.0087469 0.6908986 0.2432564 0.6807415
1548339355.830630 0.4365113 0.3101154 -0.6740814 -0.0150587 0.7002238 0.2465870 0.6698170
1548339355.964590 0.4103391 0.3418953 -0.7196387 -0.0052814 0.7009884 0.2556114 0.6657705
1548339356.031620 0.3997433 0.3496203 -0.7399020 -0.0031876 0.7027666 0.2600762 0.6621702
1548339356.165690 0.3707032 0.3634303 -0.7662704 -0.0013665 0.7117684 0.2602056 0.6524392
1548339356.299780 0.3359339 0.3868735 -0.7948351 0.0057533 0.7167935 0.2567431 0.6482723
1548339356.568040 0.2755536 0.4028198 -0.7842933 0.0083628 0.7469217 0.2680868 0.6084139
1548339356.869730 0.2359952 0.3439156 -0.7338285 -0.0064519 0.7838871 0.2899794 0.5489913
1548339357.070620 0.2312902 0.3033151 -0.7050725 -0.0246140 0.8112326 0.3001857 0.5011832
1548339357.137620 0.2235450 0.3144346 -0.7029835 -0.0260046 0.8174604 0.2978422 0.4923131
1548339357.439420 0.2149819 0.3058333 -0.7064106 -0.0223970 0.8380363 0.2983645 0.4562590
1548339357.473060 0.2089243 0.3091272 -0.7239805 -0.0218573 0.8367366 0.2979560 0.4589295
1548339357.540670 0.1800895 0.3200624 -0.7630664 -0.0161792 0.8333833 0.2979867 0.4652037
1548339357.607700 0.1689211 0.3261241 -0.8091811 -0.0145522 0.8299429 0.2997422 0.4702528
1548339357.674840 0.1410086 0.3346953 -0.8565966 -0.0127950 0.8251498 0.2986315 0.4793572
1548339357.741870 0.1245998 0.3455225 -0.9011260 -0.0121352 0.8209203 0.2969871 0.4875871
1548339357.808910 0.1092498 0.3668951 -0.9415126 -0.0062074 0.8171139 0.2932447 0.4962800
1548339357.875830 0.0992180 0.3737232 -0.9874122 -0.0085763 0.8124945 0.2927978 0.5040324
1548339357.942590 0.0899053 0.3862582 -1.0334650 -0.0063365 0.8076228 0.2918804 0.5123584
1548339358.009390 0.0759118 0.3954927 -1.0780953 -0.0058719 0.8043140 0.2900297 0.5185821
1548339358.076410 0.0671732 0.4071497 -1.1146766 -0.0030984 0.7999321 0.2876332 0.5266557
1548339358.143440 0.0574884 0.4212533 -1.1464530 -0.0008600 0.7974282 0.2848847 0.5319288
1548339358.210480 0.0398874 0.4317753 -1.1783152 -0.0017845 0.7930269 0.2814687 0.5402597
1548339358.277510 0.0266958 0.4538183 -1.2020516 0.0030891 0.7881179 0.2790367 0.5486338
1548339358.344380 0.0185610 0.4700085 -1.2258273 0.0018270 0.7854231 0.2797836 0.5521126
1548339358.411410 0.0121125 0.4807052 -1.2507434 -0.0015497 0.7800418 0.2802943 0.5594351
1548339358.478420 0.0052925 0.5088052 -1.2712090 0.0038506 0.7762253 0.2831685 0.5632718
1548339358.545680 0.0029416 0.5244079 -1.2981727 0.0005736 0.7725435 0.2866344 0.5665836
1548339358.612830 -0.0017704 0.5429056 -1.3202360 0.0007374 0.7698655 0.2891117 0.5689648
1548339358.713450 -0.0039220 0.5805542 -1.3620342 0.0059529 0.7634575 0.2908739 0.5766191
1548339358.814020 -0.0196482 0.6097878 -1.4036903 0.0037201 0.7567533 0.2873199 0.5871609
1548339358.914530 -0.0380609 0.6430643 -1.4549253 0.0023013 0.7519816 0.2843793 0.5946822
1548339359.015100 -0.0368629 0.6878270 -1.4974196 0.0118993 0.7519205 0.2880687 0.5928662
1548339359.115650 -0.0373101 0.7226142 -1.5472913 0.0252226 0.7464324 0.2928567 0.5970239
1548339359.149160 -0.0299165 0.7057283 -1.5054002 0.0194436 0.7505638 0.2900374 0.5934259
1548339359.249620 -0.0072932 0.7018744 -1.5138655 0.0206175 0.7529328 0.2931797 0.5888234
1548339359.417000 0.0146506 0.6877437 -1.5279906 0.0293319 0.7531855 0.2934997 0.5879704
1548339359.551110 0.0341854 0.6841785 -1.5504181 0.0387248 0.7568688 0.2980045 0.5803820
1548339359.819160 0.1019099 0.6885466 -1.5959610 0.0553227 0.7487543 0.2993746 0.5887964
1548339359.919400 0.1372375 0.6856203 -1.6093004 0.0570821 0.7449896 0.2964177 0.5948686
1548339360.355230 0.2150154 0.7257427 -1.6563547 0.0585931 0.7172562 0.2694346 0.6399339
1548339360.455850 0.2362206 0.7370216 -1.6592182 0.0573310 0.7111150 0.2739245 0.6449760
1548339360.857920 0.3309300 0.7716136 -1.6550705 0.0464459 0.7110231 0.2869095 0.6402905
1548339361.126430 0.3887136 0.7580335 -1.6488378 0.0470968 0.7336959 0.2900956 0.6126310
1548339361.393980 0.4345827 0.7283230 -1.6884948 0.0537681 0.7618913 0.3123496 0.5648612
1548339361.628310 0.4595835 0.7470556 -1.7303576 0.0561479 0.7839550 0.3158257 0.5315225
1548339361.929990 0.4995739 0.7735882 -1.7906909 0.0549866 0.7916806 0.3242667 0.5148490
1548339362.198170 0.5282450 0.8074771 -1.8276935 0.0535140 0.7873148 0.3171933 0.5259849
1548339362.399300 0.5344784 0.8506675 -1.8584492 0.0443929 0.7717354 0.3056984 0.5558798
1548339362.667520 0.5550439 0.8760144 -1.8507655 0.0342662 0.7635001 0.3057022 0.5678375
1548339362.868530 0.5763094 0.8824193 -1.8285409 0.0275208 0.7559716 0.3022386 0.5800014
1548339363.304290 0.6200624 0.8718672 -1.7845170 0.0318103 0.7364373 0.2902114 0.6102667
1548339363.639480 0.6454458 0.8406499 -1.7431077 0.0448859 0.7166827 0.2925307 0.6314878
1548339363.907600 0.6754086 0.8142037 -1.7240381 0.0507673 0.6881043 0.2886980 0.6637686
1548339364.041690 0.6886008 0.7998153 -1.7163280 0.0590381 0.6712691 0.2791852 0.6840818
1548339364.309810 0.7106227 0.7675114 -1.7056848 0.0760104 0.6405108 0.2557039 0.7201277
1548339364.644920 0.7061967 0.7461401 -1.7074890 0.0959053 0.5997480 0.2360645 0.7585368
1548339365.181800 0.7050790 0.7764572 -1.6638591 0.0738534 0.5407385 0.2028897 0.8130088
1548339365.482900 0.6963588 0.7833326 -1.6394035 0.0695896 0.5229506 0.1867944 0.8287266
1548339366.086400 0.6906528 0.7542576 -1.6134436 0.0823601 0.4917553 0.1761032 0.8487528
1548339366.622940 0.6698263 0.7296557 -1.5875752 0.0910203 0.4776019 0.1618391 0.8587316
