1548263176.860390 0.1284953 0.0012561 -0.1169552 -0.0119405 0.0330339 -0.0142283 0.9992816
1548263177.394910 0.1143506 -0.0318841 -0.1099290 -0.0101456 0.0137855 -0.0219622 0.9996123
1548263177.428480 0.0924613 -0.0287308 -0.1189642 -0.0067091 0.0130329 -0.0246131 0.9995896
1548263178.031560 0.0604843 -0.0433802 -0.1141429 -0.0246774 -0.0253173 -0.0550239 0.9978589
1548263179.103810 -0.0019369 -0.1113484 -0.0310848 -0.1087024 -0.0514762 -0.1198129 0.9854841
1548263180.009210 0.1226960 -0.0520210 -0.0466144 -0.0319074 0.0658999 -0.0119163 0.9972448
1548263180.981110 0.2403835 -0.1013295 -0.1112269 0.0119672 0.1048893 0.0368153 0.9937302
1548263181.919440 0.2085792 0.0070452 -0.2090209 -0.0231201 0.1482584 0.0419641 0.9877874
1548263182.992350 0.3087661 0.0680648 -0.2737510 0.0287211 0.1705974 0.0531298 0.9834881
1548263184.064400 0.3587422 -0.0065929 -0.3581063 0.0062388 0.1753974 0.0978622 0.9796019
1548263184.734600 0.4717824 0.1109736 -0.4497178 -0.0330371 0.2111826 0.1171163 0.9698424
1548263185.338540 0.5239618 0.2017850 -0.4480633 -0.1287187 0.2692722 0.1697758 0.9392018
1548263186.477590 0.5712702 0.2157986 -0.6621218 0.0615640 0.2840178 0.1594556 0.9434605
1548263187.013450 0.5871543 0.1977525 -0.7315752 0.1106588 0.2631981 0.1304538 0.9494542
1548263187.985620 0.6355065 0.3316652 -0.6164355 -0.0537406 0.3628500 0.1922116 0.9102234
1548263188.354280 0.6402962 0.3754257 -0.6327586 -0.0922280 0.4251353 0.2278072 0.8711245
1548263189.024660 0.6878808 0.4935034 -0.7270041 -0.0817984 0.5034947 0.2798043 0.8133337
1548263190.465790 0.8871944 0.3875293 -1.0376726 0.0286325 0.4967673 0.2442685 0.8323073
1548263194.185850 1.1665983 0.6415524 -1.1648546 -0.0424812 0.5907038 0.2923914 0.7508473
1548263197.470800 1.5365968 0.8931303 -1.4293269 0.0060288 0.5857862 0.3140044 0.7471408
1548263198.342430 1.7260505 0.9120944 -1.5439732 0.0250001 0.5229163 0.2902595 0.8010511
1548263200.855810 2.1594484 1.1983449 -1.8567859 -0.0317230 0.5025010 0.2664869 0.8218705
1548263201.827460 2.1745164 1.2742290 -2.1289222 0.0388725 0.5030485 0.2806341 0.8165020
1548263202.799350 2.1831119 1.2770386 -2.1698194 0.0763968 0.4906535 0.2976647 0.8153640
1548263204.542480 2.3984642 1.2549399 -2.4057853 0.0443338 0.2497089 0.2124774 0.9436807
1548263205.581550 2.5068767 1.3013653 -2.5123410 0.0245446 0.2714593 0.2542968 0.9279227
1548263206.318820 2.4362662 1.5337001 -2.6148357 -0.0062100 0.2672494 0.2841452 0.9207609
1548263207.022640 2.4514585 1.6916115 -2.6858416 -0.0230816 0.3872929 0.3602982 0.8483258
1548263208.027920 2.5980127 1.5583751 -2.8566449 0.0280444 0.4375966 0.3213815 0.8393072
1548263209.033350 2.6183348 1.4782940 -3.0229828 0.0050689 0.4943346 0.2876036 0.8202998
1548263210.038740 2.5709012 1.5870355 -2.9604774 -0.0348399 0.4911747 0.3120927 0.8124849
1548263211.044140 2.5199156 1.8639083 -3.1424289 -0.0461075 0.4228216 0.3393730 0.8390006
1548263212.083050 2.6914351 1.8227139 -3.3910844 0.0070406 0.4484430 0.3265116 0.8320093
1548263214.094750 2.8601692 2.1754503 -3.6437523 -0.0042119 0.4066476 0.3355239 0.8497316
1548263215.099790 3.0672169 2.0570710 -3.8163462 0.0612703 0.4449405 0.2579055 0.8554289
1548263217.646690 3.5192893 2.1935234 -3.9639983 0.0847126 0.2730159 0.2881482 0.9139238
1548263218.652550 3.5820465 2.2785017 -3.9576097 0.0514077 0.2686757 0.3090905 0.9108423
1548263220.663190 3.2977808 2.0468891 -3.8336165 0.0618508 0.5295759 0.2502240 0.8081533
1548263220.998270 3.3347094 2.0101259 -3.8430991 0.0580524 0.5881538 0.2851382 0.7545868
1548263222.004150 3.2568603 2.0088611 -3.7959259 -0.0264462 0.7118821 0.2634538 0.6504741
1548263223.009430 3.1772459 2.2908237 -3.7714021 -0.1281323 0.6372761 0.2894920 0.7026064
1548263224.048550 2.9763293 2.3079746 -3.7605209 -0.1291297 0.6881595 0.3025753 0.6466917
1548263225.556640 2.8216980 2.2180951 -3.8519816 -0.0463176 0.7146623 0.3984087 0.5730470
1548263226.260090 2.7408712 2.3182001 -3.7055836 -0.1032087 0.6768680 0.4022360 0.6077861
1548263227.265870 2.7678471 2.2089288 -3.8718727 -0.0335578 0.7517352 0.3740086 0.5421122
1548263228.237720 2.7748640 2.1203797 -3.9774196 0.0284808 0.8543067 0.3327300 0.3982959
1548263229.244140 2.7179716 2.1174676 -4.1110802 0.0345515 0.8828816 0.3658296 0.2923951
1548263230.282370 2.7301939 2.3059649 -4.0596671 -0.0835107 0.8603072 0.4311411 0.2588724
1548263231.723180 2.7166104 2.4330046 -4.0008864 -0.1490919 0.8492752 0.4165994 0.2880071
1548263235.175690 2.6435637 2.3443499 -4.3061075 -0.0656406 0.8790012 0.4558815 0.1233702
1548263236.180800 2.5432048 2.4262352 -4.1861544 -0.1055975 0.8770811 0.4649038 0.0586716
1548263237.186740 2.5072715 2.2765048 -4.2885113 -0.0437795 0.9380037 0.3404124 -0.0484957
1548263238.191910 2.5184093 2.1331911 -4.3563342 -0.0167614 0.9596249 0.2663128 -0.0889758
1548263239.465900 2.4628587 2.1873429 -4.3726559 -0.0973380 0.9263584 0.2844267 -0.2269072
1548263240.437480 2.4005346 2.2971137 -4.3140497 -0.1047910 0.8934256 0.3433529 -0.2700338
1548263241.275250 2.3878593 2.4394169 -4.2428370 -0.1121636 0.8637252 0.4258758 -0.2450058
1548263242.347540 2.3679266 2.3407502 -4.2761512 -0.0313231 0.9010985 0.3481228 -0.2566141
1548263243.386760 2.4425895 2.0973744 -4.4138503 -0.0467576 0.9321443 0.2917640 -0.2092711
1548263244.393050 2.4079096 2.0176797 -4.4212279 -0.0439992 0.9334937 0.2403937 -0.2624205
1548263246.068190 2.4046106 2.1392901 -4.3843937 -0.1192804 0.9138598 0.2557125 -0.2919649
1548263246.939700 2.2558620 2.2172606 -4.3334799 -0.1291514 0.8466106 0.3234313 -0.4024458
1548263247.944820 2.0135586 2.3551860 -4.2394295 -0.0864365 0.8395413 0.4060203 -0.3504950
1548263252.100910 1.7944787 2.1290808 -4.1159797 -0.0684693 0.8430784 0.3406573 -0.4104672
1548263253.106580 1.8177345 1.9054717 -4.2148781 -0.0399749 0.8951197 0.2356849 -0.3763182
1548263253.441800 1.7827824 1.8133669 -4.1897984 -0.0483743 0.8818414 0.2203327 -0.4140884
1548263253.709880 1.7293581 1.7514656 -4.1741080 -0.0505858 0.8370539 0.2395009 -0.4893068
1548263254.045050 1.7275637 1.8738723 -4.1784716 0.0592427 -0.7910115 -0.2695125 0.5460350
1548263254.983420 1.6850830 2.0521424 -4.0897250 0.0752082 -0.7228970 -0.3883916 0.5664942
1548263255.988600 1.6819929 2.2594368 -4.0310836 -0.0505983 0.7322736 0.5077422 -0.4510133
1548263257.362820 1.5985893 2.1048729 -3.9955482 0.0425209 -0.7610738 -0.3920265 0.5150474
1548263258.368420 1.4332452 1.9806240 -3.9383252 0.0635990 -0.7040014 -0.3868046 0.5922157
1548263259.307150 1.3724812 2.0534260 -3.7782009 0.0481321 -0.7040395 -0.4482288 0.5487282
1548263260.848630 1.3057356 2.1429279 -3.6367259 0.0024636 -0.7369969 -0.4524388 0.5021240
1548263262.759110 1.0874106 1.7927893 -3.6884940 0.0194887 0.8204743 0.4120835 -0.3957643
1548263263.764540 0.9462898 1.8208132 -3.5227251 0.0503962 0.7993630 0.4815258 -0.3558258
1548263264.770350 0.9646813 1.9661163 -3.4277780 -0.0125891 0.7891020 0.4620132 -0.4046029
1548263265.808680 0.8164787 1.7141578 -3.5055888 0.0259391 0.8360792 0.4162522 -0.3564168
1548263266.345110 0.8011743 1.5546720 -3.4985809 -0.0013056 0.8822894 0.3412119 -0.3242502
1548263266.982150 0.7696471 1.5331224 -3.4566791 -0.0269034 0.8406753 0.3235222 -0.4334452
1548263267.618900 0.7036355 1.6806308 -3.3782394 -0.0051748 0.7895038 0.4213845 -0.4461974
1548263268.356160 0.6319145 1.7855065 -3.2416558 0.0344040 0.7764558 0.4937318 -0.3900790
1548263268.657770 0.6403818 1.8392593 -3.1669455 0.0318533 0.7552149 0.5040810 -0.4177777
1548263269.160510 0.5463102 1.8000524 -3.1139762 -0.0302091 -0.7335046 -0.4587092 0.5006439
1548263270.165890 0.5028705 1.9571989 -3.1647975 0.0492839 -0.7178156 -0.4709311 0.5104271
1548263270.702530 0.4235336 1.8729199 -3.2014015 0.0220321 -0.7365366 -0.4495384 0.5049194
1548263271.238650 0.3668745 1.7412850 -3.2639902 0.0121349 -0.7499281 -0.4129633 0.5166448
1548263272.243620 0.3866356 1.9517457 -3.3281569 -0.0006780 0.8045272 0.4799959 -0.3497707
1548263273.249380 0.2664843 2.1580598 -3.3528285 -0.0328324 0.8195565 0.5533589 -0.1450625
1548263273.718220 0.2223582 2.1197793 -3.3786201 -0.0320178 0.8444749 0.5304121 -0.0670830
1548263274.154190 0.2039897 2.0307972 -3.4760771 0.0217600 0.8535628 0.5193087 0.0357130
1548263274.858200 0.2087281 1.9497601 -3.5314705 -0.0682591 0.8567333 0.5085573 0.0521360
1548263275.293650 0.2400824 1.9262714 -3.4615800 -0.0729663 0.8599192 0.5040141 -0.0344200
1548263275.662520 0.2700824 1.9094743 -3.4114242 -0.0941412 0.8413709 0.4862951 -0.2162164
1548263275.896930 0.2898114 1.9499140 -3.3721440 -0.0870223 0.8192506 0.4544351 -0.3387394
1548263276.098080 0.2990583 1.9769763 -3.3593163 -0.0638865 0.7920899 0.4472131 -0.4105028
1548263276.299220 0.3114581 2.0227439 -3.3565669 -0.0394180 0.7601984 0.4592831 -0.4578249
1548263276.701420 0.3414907 2.1098421 -3.3587143 0.0302377 -0.7251950 -0.4665053 0.5055203
1548263277.706840 0.4007663 2.2700593 -3.2430985 -0.0636121 0.7250550 0.4944322 -0.4751689
1548263278.711820 0.3813531 2.3031578 -3.2250385 -0.0582846 0.7242212 0.5008299 -0.4703997
1548263279.717890 0.3127361 2.0543611 -3.3628423 0.0188725 -0.7173530 -0.4786358 0.5059212
1548263280.623010 0.2098794 1.8166285 -3.3802266 0.0386996 0.7546064 0.4640591 -0.4622992
1548263281.159360 0.1023967 1.7126814 -3.2925172 0.0310898 0.7964694 0.4824660 -0.3631753
1548263282.164750 0.0065665 1.6899182 -3.1445925 0.0430577 0.8134025 0.4767128 -0.3305562
1548263282.567080 -0.1194986 1.7055007 -3.0508938 0.0740797 0.8120530 0.4959867 -0.2984614
1548263283.137080 -0.1936818 1.7394402 -2.9504366 0.0535099 0.8075812 0.5223640 -0.2684869
1548263283.739960 -0.2299614 1.8176739 -2.8313084 0.0158565 0.8237970 0.5146362 -0.2371851
1548263284.209120 -0.2472927 1.9087491 -2.7373681 0.0090209 0.8141412 0.5395754 -0.2143624
1548263285.214940 -0.2941992 1.8229086 -2.6143808 -0.0154303 0.8399516 0.5116548 -0.1801461
1548263286.186640 -0.3614817 1.6621363 -2.6517971 -0.0302498 0.8545171 0.4853301 -0.1825930
1548263286.856590 -0.4397931 1.5121129 -2.7018528 -0.0448493 0.8750374 0.4787185 -0.0559165
1548263287.761730 -0.5708748 1.4308361 -2.7896233 -0.0078199 0.8895258 0.4567927 -0.0048093
1548263288.767290 -0.7203971 1.4765985 -2.7560751 0.0106943 0.8687705 0.4944875 0.0246073
1548263289.404110 -0.7440350 1.6410141 -2.6462700 -0.0010941 0.8637551 0.5025179 0.0374394
1548263290.208760 -0.7452835 1.8271239 -2.5230908 -0.0223855 0.8232460 0.5649208 0.0512770
1548263290.409540 -0.7488447 1.8355242 -2.4918163 -0.0399800 0.8181920 0.5733817 0.0140314
1548263291.180130 -0.7739649 1.7966567 -2.5481968 -0.0532642 0.8429284 0.5188488 -0.1320248
1548263291.348260 -0.7998456 1.7549475 -2.5935178 -0.0498039 0.8548957 0.4941841 -0.1498497
1548263291.582850 -0.8027986 1.6945210 -2.6502917 -0.0640760 0.8637239 0.4689948 -0.1729716
1548263292.051590 -0.7945520 1.5771165 -2.7418661 -0.0814962 0.8778144 0.4265265 -0.2021765
1548263292.922770 -1.2644713 1.3677851 -2.6574543 -0.0219509 0.8695279 0.4483904 -0.2058770
1548263292.956280 -1.3185999 1.3624221 -2.6692460 -0.0115034 0.8669441 0.4540702 -0.2051726
1548263293.023370 -1.3281349 1.3497149 -2.6386168 -0.0111583 0.8669181 0.4399350 -0.2340634
1548263293.056830 -1.3320303 1.3338146 -2.6452980 -0.0088718 0.8612707 0.4421786 -0.2502242
1548263293.123820 -1.3655469 1.3268899 -2.6145601 0.0022532 0.8630835 0.4305647 -0.2639996
1548263293.224370 -1.3168806 1.3486421 -2.6094997 -0.0023273 0.8552158 0.4131676 -0.3128787
1548263294.464330 -1.2128363 1.2252491 -2.5674598 -0.0117639 0.8393556 0.4443871 -0.3128320
1548263295.168130 -1.3362420 1.0606883 -2.4068456 0.0119771 0.8348077 0.4838555 -0.2623671
1548263295.905950 -1.3166863 0.9654226 -2.2905209 0.0296332 0.8473414 0.4802383 -0.2247347
1548263297.514400 -1.4014863 0.8447086 -2.1555407 0.0315135 0.8605705 0.4474288 -0.2413147
1548263298.285400 -1.3148023 0.9946147 -1.9797692 -0.0049308 0.8243796 0.4827349 -0.2955349
1548263299.793220 -1.0877045 1.1693400 -1.9341878 -0.0524387 0.8367667 0.4814942 -0.2554115
1548263300.631360 -0.9395639 1.2890826 -2.1366348 -0.0456092 0.8357528 0.4849152 -0.2535630
1548263301.201100 -0.8015599 1.3419352 -2.3133121 -0.0238621 0.8472397 0.4546489 -0.2736968
1548263301.937790 -0.6977409 1.1920867 -2.5157745 0.0240723 0.8262185 0.4242245 -0.3698880
1548263302.943770 -0.6286572 1.3648275 -2.4756896 -0.0199477 0.7942666 0.4506196 -0.4070438
1548263303.747770 -0.6742373 1.4563761 -2.3704157 -0.0689843 0.7571979 0.5124211 -0.3991456
1548263304.183670 -0.8117856 1.3340702 -2.3207242 -0.0146803 0.7993172 0.4411613 -0.4077415
1548263305.222800 -1.1770374 0.9683517 -2.3387825 0.0689138 0.8538132 0.4204705 -0.2990963
1548263306.228110 -1.4422195 0.7774496 -2.2394350 0.1222026 0.8375775 0.4413183 -0.2979408
1548263307.266810 -1.5758538 1.0095971 -2.0378549 0.0740434 0.8101010 0.5218973 -0.2566656
1548263308.104840 -1.5913899 1.1966126 -1.8805614 0.0068419 0.8007814 0.5766849 -0.1616691
1548263309.143770 -1.8142176 1.0936202 -1.8991615 0.0760729 0.8257071 0.5257213 -0.1898362
1548263310.149350 -1.9467487 0.8721852 -2.0770009 0.1074602 0.8518381 0.4908792 -0.1478576
1548263311.154010 -2.1004441 0.8619776 -2.0856202 0.0872689 0.8531272 0.4786690 -0.1882392
1548263312.160030 -2.1209424 0.7527698 -2.0538187 0.0238247 0.8707213 0.3666669 -0.3268519
1548263313.031710 -2.0979970 0.5446765 -2.1542931 0.0391905 0.9004145 0.3352607 -0.2744413
1548263313.231850 -3.7830150 -0.3998103 -1.5784765 -0.0837581 0.8793519 0.2803414 0.3756775
1548263313.298870 -3.6155391 -0.7389871 -2.1829512 -0.1781037 0.7240880 0.4059531 0.5283726
1548263313.365870 -3.1392791 -0.7120764 -3.3038671 -0.3086130 0.2486362 0.3581817 0.8453662
1548263313.432900 -3.1314077 -0.9112836 -3.0739675 -0.4671357 0.1144333 0.1977244 0.8541629
1548263313.533480 -1.7763337 1.1500273 -2.0254414 -0.2986417 0.8266380 -0.0809017 -0.4700401
1548263313.667520 -1.2395132 1.2169909 -1.9479245 0.1791462 -0.8103452 0.0906215 0.5504861
1548263313.768090 -1.0478992 0.6291717 -1.9853399 0.0685676 -0.7938003 -0.1754452 0.5782720
1548263314.069690 -1.0985513 0.6754311 -1.9557251 0.0444475 -0.7698779 -0.2544299 0.5835906
1548263315.209200 -1.1323764 0.8829958 -1.8556104 0.0019863 -0.7231124 -0.3817985 0.5756165
1548263316.751200 -1.1239057 1.1854762 -1.7284899 -0.0103683 -0.7291332 -0.4530707 0.5128198
1548263317.756820 -1.0997940 1.3748163 -1.7232860 -0.0120834 0.7740362 0.5043493 -0.3825622
1548263318.695460 -1.0925766 1.4179413 -1.6780486 0.0124693 -0.7164325 -0.4811901 0.5050002
1548263319.264380 -1.0796804 1.2552254 -1.6360803 -0.0160355 -0.7463313 -0.4040437 0.5286597
1548263320.001970 -0.9980559 1.0476147 -1.5621910 0.0119427 -0.7251557 -0.3803435 0.5738863
1548263320.471450 -0.9845567 0.9024476 -1.4947153 -0.0237842 -0.6707650 -0.3144996 0.6712664
1548263320.706260 -1.0233397 0.7802581 -1.4763298 -0.0414593 -0.6624456 -0.2696517 0.6976639
1548263322.381400 -1.0520139 0.8095457 -1.2923968 0.0250737 -0.5929407 -0.3594792 0.7201161
1548263322.683040 -1.0455016 0.8597298 -1.2779959 0.0191322 -0.6102939 -0.3771559 0.6963683
1548263323.755090 -1.0290663 0.6109832 -1.4085633 0.0646911 -0.6809285 -0.2506957 0.6850570
1548263324.056700 -1.0334631 0.5690024 -1.4291093 0.0693862 -0.6973002 -0.2040449 0.6836107
1548263324.325220 -1.0205945 0.4869924 -1.4522871 0.0642871 -0.7134122 -0.1954347 0.6698623
1548263324.593350 -1.0237812 0.4265374 -1.4832103 0.0877723 -0.7175547 -0.1740280 0.6686744
1548263324.693910 -1.0090803 0.3983781 -1.4856926 0.1032816 -0.7104433 -0.1633750 0.6766918
1548263324.861450 -1.0010858 0.3715113 -1.4823879 0.1188786 -0.6875750 -0.1492286 0.7005993
1548263325.062360 -0.9994656 0.3682173 -1.4719877 0.1211009 -0.6570086 -0.1362720 0.7315081
1548263325.532160 -1.0248563 0.4057400 -1.4344717 0.1279466 -0.5909122 -0.1623072 0.7798133
1548263326.537320 -1.0566106 0.4109652 -1.4392744 0.1645222 -0.5323063 -0.1569922 0.8154360
1548263327.978530 -1.0584460 0.5132253 -1.3502895 0.1095763 -0.5010327 -0.2200060 0.8297932
1548263328.983800 -1.0648112 0.6912442 -1.2798249 0.0293475 -0.4804462 -0.2769580 0.8316276
1548263329.989200 -1.0336528 0.8827983 -1.1918123 0.0131628 -0.4896528 -0.3271477 0.8081096
1548263330.994260 -1.0396653 0.9310016 -1.1302161 -0.0196592 -0.4579400 -0.3461720 0.8185776
1548263331.128190 -1.0224297 0.8817253 -1.1233008 -0.0246833 -0.4554789 -0.3211577 0.8299322
1548263331.697910 -0.9909648 0.7149208 -1.1316894 -0.0259152 -0.4371569 -0.2280605 0.8696038
1548263332.703730 -1.0204817 0.4011886 -1.2084099 0.0796595 -0.4454513 -0.1373927 0.8811077
1548263333.708610 -0.9717125 0.4700623 -1.1071433 0.0509152 -0.3410579 -0.1322228 0.9293031
1548263335.753450 -0.8338529 0.4155923 -0.9572411 0.0856740 -0.3151749 -0.1039748 0.9394222
1548263336.758700 -0.8002930 0.3254796 -1.0156322 0.1496943 -0.3800668 -0.0997818 0.9072951
1548263338.132850 -0.7870517 0.3866152 -0.9429054 0.0903664 -0.3166297 -0.1226725 0.9362324
1548263339.138240 -0.7881451 0.6104409 -0.9018006 0.0519661 -0.3942825 -0.2017139 0.8950711
1548263340.210690 -0.6869919 0.2935664 -0.7891730 0.0997787 -0.3123733 -0.0998915 0.9394088
1548263341.249170 -0.7426403 0.2524702 -0.7297032 0.0649017 -0.2869063 -0.0935830 0.9511650
1548263342.255000 -0.6440979 0.1813207 -0.6557741 0.0847932 -0.2266142 -0.0735542 0.9674946
1548263343.328000 -0.5547764 0.1825478 -0.5566489 0.0176479 -0.0786043 -0.0555682 0.9951995
1548263346.109060 -0.2281795 -0.1538061 -0.3338493 0.0402773 -0.1100056 -0.0304326 0.9926482
1548263347.114710 0.0495266 -0.1260454 -0.2260787 0.0332610 -0.0528232 -0.0018361 0.9980481
1548263348.119840 0.2344517 0.0274525 -0.1410856 -0.0116889 0.0589070 0.0099772 0.9981452
1548263349.259050 0.3933731 0.0157706 -0.2274957 0.0293273 0.1206363 0.0573022 0.9906075
1548263354.889610 0.7752780 0.4371442 -0.6083878 0.0701700 0.5172874 0.2215179 0.8236623
1548263357.671290 0.7452556 0.5551529 -0.8561016 -0.0109347 0.4853253 0.2336997 0.8424513
1548263358.710760 0.7106662 0.7210807 -0.8840721 -0.0446981 0.4790062 0.2392792 0.8433864
1548263359.783120 0.8323333 0.5553879 -1.1597565 0.0670618 0.5270185 0.2255534 0.8166271
1548263360.855570 1.0555286 0.4729471 -1.1917241 0.0843138 0.5086918 0.2189025 0.8283752
1548263361.860260 1.1762400 0.7037061 -1.2509655 0.0197855 0.4853858 0.2255093 0.8444849
1548263362.865820 1.2022239 0.8080797 -1.2248427 -0.0033983 0.4655889 0.2225177 0.8565637
1548263363.871850 1.4019171 0.6990946 -1.3183236 0.0412809 0.4901151 0.2219863 0.8419057
1548263364.876990 1.5596913 0.7784563 -1.3793137 0.0115202 0.5234215 0.2652413 0.8096569
1548263365.882150 1.7318112 0.9596192 -1.3806303 0.0062497 0.5072220 0.2789889 0.8153846
1548263367.960920 1.9769586 0.7410026 -1.5828341 0.0492502 0.4557564 0.2727193 0.8458633
1548263368.965760 2.1054993 0.5547280 -1.7201471 0.0393977 0.4074803 0.2586512 0.8749326
1548263369.971280 2.1831622 0.4402863 -1.8649280 0.0569693 0.4117477 0.2488442 0.8748114
1548263371.009950 2.2208436 0.3705091 -1.9194071 0.0160474 0.4330252 0.2752674 0.8581722
1548263372.015430 2.2768381 0.5622094 -1.7800965 -0.0561531 0.4060255 0.2988866 0.8617755
1548263373.020790 2.2232597 0.8558010 -1.7656521 -0.0798338 0.3617691 0.3206593 0.8717381
1548263374.060410 2.1933446 1.2304052 -1.8777729 0.0146226 0.3925091 0.3013156 0.8688681
1548263375.065780 2.3681114 1.1624297 -2.0539551 0.0580924 0.3214955 0.2106196 0.9213606
1548263376.071050 2.6029680 1.0364808 -2.2474899 0.0433054 0.1592867 0.1938767 0.9670389
1548263377.076250 2.7819109 0.8931104 -2.2341452 0.0489011 0.1005616 0.1381284 0.9840816
1548263378.081860 2.7957542 1.0783082 -2.1268706 0.0406899 0.0786141 0.1054028 0.9904819
1548263379.087110 2.8996875 0.9790895 -2.0617864 0.0685120 0.1758877 0.1454803 0.9711875
1548263380.092520 2.9969873 0.7554621 -1.7958426 -0.0111497 0.1364895 0.2010135 0.9699690
1548263381.098770 2.9852474 0.6562824 -1.7011002 -0.0320760 0.1182788 0.2550853 0.9591208
1548263382.103680 3.0446620 0.8284484 -1.7746964 0.0009723 0.1762069 0.2588632 0.9497052
1548263383.108850 3.0195084 1.2199550 -1.8935628 0.0259375 0.1588111 0.1730442 0.9716800
1548263383.980450 3.0477538 1.5217627 -1.9914969 -0.0474101 0.1437429 0.0339286 0.9878963
1548263384.985320 3.1336591 1.4767187 -2.1718683 0.0019146 0.1599136 0.1143320 0.9804857
1548263385.588530 3.1296272 1.2888129 -2.2046988 -0.0021871 0.1023847 0.0748061 0.9919257
1548263386.426710 3.0705590 1.5787549 -2.1674790 -0.0729450 0.1783058 0.1082508 0.9752783
1548263386.560790 3.0494523 1.6115186 -2.1836789 -0.0629286 0.2661708 0.1311883 0.9528813
1548263386.694860 3.1186364 1.5917563 -2.2552884 -0.0498560 0.3326269 0.1515644 0.9294633
1548263386.728360 3.1407468 1.5605670 -2.2516587 -0.0505088 0.3381061 0.1682937 0.9245595
1548263387.231240 3.1328497 1.4191182 -2.4109077 0.0338264 0.3751609 0.2172814 0.9004992
1548263388.169180 3.0049207 1.2098600 -2.6136003 0.1109386 0.3928343 0.2063148 0.8892739
1548263388.505360 2.9901235 1.1437542 -2.6591403 0.1174075 0.3989101 0.2147699 0.8837194
1548263389.510320 2.9341767 1.4916857 -2.6374168 0.0033395 0.4542463 0.2502689 0.8549939
1548263391.520600 2.8594446 1.5269979 -2.4350529 -0.0326190 0.5835040 0.2769746 0.7627216
1548263392.526210 2.9037514 1.2557068 -2.1279473 0.0093304 0.5815892 0.2783535 0.7643208
1548263393.532010 2.8990195 1.3372171 -1.9988320 -0.0549785 0.6446756 0.2818135 0.7084856
1548263394.570620 2.8446522 1.5044943 -1.8692197 -0.0664391 0.6182880 0.2740396 0.7336267
1548263395.576000 2.8562710 1.3626746 -1.8621244 -0.0390776 0.6443131 0.2767239 0.7118690
1548263396.582120 3.1203487 1.2526582 -1.6209098 -0.0298121 0.6704195 0.2983907 0.6786839
1548263397.587310 3.1465476 1.4399244 -1.4740068 -0.1041923 0.6707875 0.2960860 0.6719533
1548263398.592130 3.1038842 1.3788764 -1.9247255 0.0513556 0.7160578 0.3411977 0.6068014
1548263399.597370 3.0552969 1.5243353 -2.1766479 0.0000999 0.6745120 0.2906704 0.6786341
1548263400.603460 2.9138751 1.7694957 -2.2750261 -0.0421128 0.6889330 0.2821636 0.6663194
1548263401.643000 2.8780577 1.9421309 -2.3484519 -0.0426194 0.6800297 0.2695756 0.6804940
1548263402.647660 2.7731214 1.9112672 -2.6013083 -0.0637233 0.6055077 0.3099554 0.7302241
1548263403.653330 2.6226234 2.0089207 -2.5385551 -0.0763690 0.6111924 0.2917405 0.7317780
1548263404.659160 2.5700240 1.7448578 -2.8648105 -0.0105861 0.6439157 0.2953340 0.7057183
1548263405.931760 2.7102144 1.5616586 -3.1828051 -0.0146812 0.5048249 0.3111916 0.8050442
1548263406.970890 2.8105168 1.5800624 -3.2638993 -0.0270610 0.4727889 0.3738285 0.7974902
1548263407.976870 2.8754082 1.7043138 -3.4376805 -0.0299064 0.4718148 0.3681593 0.8005967
1548263408.981850 2.8543828 1.6603705 -3.4593196 -0.0111487 0.4544947 0.3389725 0.8236552
1548263409.853570 2.8488514 1.9074360 -3.6083651 0.0150096 0.4255084 0.3252267 0.8443606
1548263410.390040 2.8875651 2.0987158 -3.5514095 -0.0263154 0.4633146 0.2890598 0.8373121
1548263411.394800 3.1011093 2.2443810 -3.5305524 -0.0745115 0.3930307 0.2401198 0.8844870
1548263412.433790 3.2861328 2.1757727 -3.6873963 0.0144825 0.3584618 0.2322893 0.9040670
1548263413.439820 3.2810473 2.2276087 -3.7619226 0.0258378 0.3475173 0.2281445 0.9091283
1548263414.478580 3.2784896 2.2245393 -3.7833760 0.0363260 0.4197173 0.2270246 0.8780534
1548263415.483260 3.3578260 2.1735411 -3.7776172 0.0212310 0.3754140 0.2673981 0.8871933
1548263416.623140 3.5437677 2.0754509 -3.8042476 0.0029681 0.2642532 0.2345942 0.9354822
1548263417.662110 3.5181804 1.9588856 -3.7780297 0.0230155 0.3110761 0.2507703 0.9164149
1548263418.667470 3.5257254 1.6870518 -3.8118005 0.0488409 0.3412604 0.2902125 0.8927108
1548263419.707050 3.5126128 1.5545118 -3.7353261 0.0383799 0.3334745 0.3247015 0.8842458
1548263420.712320 3.4991410 1.6623367 -3.5109420 0.0462378 0.4043016 0.2511543 0.8782504
1548263421.717500 3.6797347 1.4955984 -3.3644626 0.0073984 0.3516514 0.3028950 0.8857433
1548263422.756290 3.8268244 1.4146854 -3.2494867 -0.0362797 0.3712150 0.3480237 0.8600946
1548263423.762170 3.8215489 1.4758223 -3.1941707 -0.0194181 0.4185907 0.3295906 0.8460348
1548263424.800570 3.7002358 1.7611959 -3.2522027 0.0114370 0.3975016 0.2515994 0.8823601
1548263425.806290 3.5579350 2.0248737 -3.4491646 -0.0053352 0.5396624 0.2726132 0.7965037
1548263426.812180 3.5200603 2.0106997 -3.5785115 0.0178767 0.6207436 0.2813085 0.7315896
1548263427.817470 3.4922893 1.8606670 -3.8133509 0.1250771 0.6371570 0.2915999 0.7023932
1548263428.889230 3.3369207 2.1087847 -3.7272830 -0.0387483 0.7189710 0.3041897 0.6237371
1548263429.995740 3.2561464 2.2898700 -3.7205279 -0.0988777 0.6985105 0.3713683 0.6036488
1548263431.000690 3.2079906 2.1716754 -3.8991919 -0.0355377 0.7645743 0.3713056 0.5256380
1548263432.006750 3.1646545 2.1171057 -4.0288973 -0.0140682 0.7765127 0.3881570 0.4961495
1548263433.045400 3.1152964 2.3007686 -3.9274342 -0.0820351 0.7717270 0.4250005 0.4659209
1548263434.386660 3.0237656 2.1121681 -4.0457406 0.0306001 0.7841037 0.3770303 0.4920296
1548263435.392560 2.9689336 1.9926486 -4.1162262 0.1151902 0.8317789 0.3206791 0.4382235
1548263436.397420 2.9662430 2.2145402 -4.0681653 -0.0352708 0.8323712 0.4189920 0.3610538
1548263437.435790 2.9537039 2.3756280 -3.9803061 -0.0741661 0.8286985 0.4531116 0.3200751
1548263439.849210 2.7459896 2.4274185 -4.1300116 -0.0524662 0.8674425 0.4579869 0.1871864
1548263440.854230 2.6558049 2.3639719 -4.2822876 -0.0000258 0.8666443 0.4568489 0.2005413
1548263441.859880 2.6472297 2.1576359 -4.4056301 0.0590530 0.8875363 0.4184327 0.1835921
1548263442.966140 2.6145387 2.3645489 -4.2752862 -0.0323953 0.8831066 0.4620610 0.0746517
1548263443.971660 2.3520930 2.5140831 -4.4498434 -0.0146137 0.8846591 0.4567451 0.0924595
1548263444.976730 2.2815826 2.6081693 -4.5335426 -0.0201655 0.8707246 0.4500516 0.1971944
1548263445.680710 2.3718979 2.3303475 -4.6058483 0.0638848 0.8824176 0.4060277 0.2289090
1548263447.021190 2.5190365 2.3046432 -4.3981738 0.0087323 0.8656836 0.3944377 0.3081145
1548263448.060090 2.4847860 2.5374193 -4.3246989 -0.0933526 0.9066586 0.4060108 0.0664135
1548263448.596190 2.4191551 2.6230645 -4.3062234 -0.1249632 0.8910828 0.4340779 -0.0439561
1548263448.864200 2.3640783 2.6262703 -4.3787775 -0.0930318 0.8755381 0.4611657 -0.1100201
1548263449.032140 2.3270442 2.5499446 -4.4424658 -0.0466382 0.8757848 0.4551473 -0.1538405
1548263449.266720 2.3577194 2.4217939 -4.4964113 -0.0125205 0.8921605 0.4281743 -0.1433861
1548263450.071810 2.4677901 2.1669807 -4.5617008 0.0084943 0.9196270 0.3914017 -0.0319177
1548263451.042480 2.3715916 2.1144495 -4.6797886 -0.0110337 0.8930951 0.4184792 -0.1647254
1548263452.014870 2.3748968 1.9056172 -4.8987269 0.0356856 0.8821564 0.4652770 -0.0635922
1548263453.020170 2.4469941 1.7205646 -4.8810716 0.0064280 0.9284001 0.3667550 -0.0593524
1548263454.059090 2.5272114 1.6176103 -4.9088211 -0.0026281 0.9281992 0.3698290 -0.0408138
1548263455.064760 2.4255335 1.6543599 -4.8650904 -0.0066236 0.9154776 0.3527162 -0.1935154
1548263456.103270 2.3632791 1.6016287 -4.8813758 -0.0384998 0.9051952 0.3329124 -0.2613594
1548263457.108940 2.3027267 1.6002648 -4.8664732 -0.0385308 0.8985100 0.3162769 -0.3019338
1548263458.115210 2.2194018 1.6663458 -4.8042107 -0.0298218 0.8997719 0.3500232 -0.2588530
1548263459.119860 2.0690856 1.6913307 -4.8135376 0.0398575 0.9139149 0.3912358 -0.1005263
1548263460.125420 1.8458792 1.6391063 -4.7426300 0.0171552 0.9120355 0.3870448 -0.1345111
1548263461.130500 1.5524527 1.6062245 -4.6915231 0.0322575 0.8891237 0.4185687 -0.1822602
1548263462.136130 1.3944792 1.6933841 -4.6224551 0.0236889 0.8792621 0.4423723 -0.1750534
1548263463.175040 1.4701554 1.9289440 -4.4581885 -0.0097119 0.8434730 0.4950826 -0.2082119
1548263464.180600 1.5478922 2.1575737 -4.3230214 -0.0210905 0.8125763 0.5095968 -0.2821099
1548263465.889610 1.6042335 2.2650089 -4.1398411 -0.0106067 0.8401019 0.4900907 -0.2322227
1548263467.096930 1.5820909 2.0759027 -4.2004251 -0.0525823 0.8970416 0.3402865 -0.2770497
1548263468.135550 1.5759072 1.7668564 -4.3564086 -0.0180122 0.9227828 0.2643423 -0.2797690
1548263468.370200 1.5891035 1.7081325 -4.3747435 -0.0434945 0.9167908 0.2320925 -0.3220806
1548263468.671930 1.5310007 1.6606891 -4.3583937 -0.0535384 0.8973264 0.1930759 -0.3932691
1548263469.676870 1.4879382 1.8622646 -4.2408438 -0.0759742 0.8560467 0.2965414 -0.4165036
1548263470.682600 1.4624053 2.0193694 -4.1262355 0.0604207 -0.7845716 -0.3368810 0.5170183
1548263471.687760 1.4148726 2.1238465 -3.9850597 0.0750697 -0.7498410 -0.3763341 0.5389579
1548263472.693670 1.5231510 2.3367727 -3.8659987 0.1236514 -0.7230102 -0.4083284 0.5433548
1548263473.732480 1.4668473 2.3467937 -3.8031712 0.0951058 -0.6765817 -0.4384147 0.5839389
1548263474.738390 1.4625313 2.2469254 -3.7374458 0.1175018 -0.6490182 -0.3529196 0.6636388
1548263476.010920 1.3729702 1.8655252 -3.6283958 -0.0831636 0.7951676 0.3510366 -0.4874070
1548263477.017240 1.3110826 1.9309305 -3.4066594 -0.0503925 0.7764186 0.4603469 -0.4274523
1548263478.022730 1.2103885 1.7866237 -3.3910308 -0.0556467 0.8205679 0.4139272 -0.3901743
1548263479.061040 0.9003354 1.5945562 -3.2993498 -0.0223465 0.8714668 0.3954045 -0.2893122
1548263480.033740 0.7396641 1.7907710 -3.2031291 -0.0379212 0.8571791 0.4624781 -0.2234279
1548263481.005480 0.6871046 1.8429163 -3.0468946 -0.0574662 0.8466824 0.4848241 -0.2115945
1548263481.206520 0.6999040 1.7880419 -3.0693219 -0.0812314 0.8499309 0.4175837 -0.3108741
1548263481.306760 0.7034964 1.7467147 -3.0874605 -0.0907442 0.8418190 0.3814413 -0.3709566
1548263481.507840 0.6119210 1.5789948 -3.1118307 -0.0663875 0.8123371 0.3375490 -0.4709159
1548263482.312570 0.5944871 1.7399213 -3.0102136 0.0597224 -0.7686103 -0.3911679 0.5026520
1548263483.116610 0.5239152 1.7559099 -3.0040329 -0.0575840 0.7448711 0.4505473 -0.4887312
1548263484.256200 0.4735524 1.4581640 -3.1162357 -0.0584046 0.8222806 0.3926505 -0.4077611
1548263485.261590 0.3309041 1.6551740 -2.7430012 -0.0568823 0.8275468 0.4237705 -0.3637983
1548263486.267020 0.2124953 1.6832184 -2.6462607 -0.0618766 0.7983491 0.4880127 -0.3473521
1548263486.636180 0.1566839 1.5649785 -2.6407912 -0.0271061 0.8285971 0.4706091 -0.3020250
1548263486.970770 0.1373229 1.3734717 -2.6847200 -0.0626955 0.8525152 0.4471555 -0.2633232
1548263487.574420 -0.0423825 1.2239572 -2.7130449 -0.0029330 0.8840488 0.4247358 -0.1950607
1548263488.579850 -0.2731276 1.3605803 -2.5880878 -0.0171745 0.8727930 0.4751988 -0.1101072
1548263489.283510 -0.3770092 1.5068500 -2.4154775 -0.0260944 0.8534865 0.5125310 -0.0905088
1548263489.919760 -0.4465169 1.5068222 -2.4146149 -0.0558027 0.8440071 0.5251832 -0.0933848
1548263490.087180 -0.4939609 1.4758966 -2.4278834 -0.0442738 0.8640029 0.4858807 -0.1243334
1548263491.126520 -0.6898678 1.3111178 -2.5924785 -0.0521891 0.8776202 0.4762727 -0.0149485
1548263492.065190 -0.7546160 1.4536623 -2.6545243 -0.0057043 0.8451705 0.5333626 0.0343304
1548263493.036960 -0.8126889 1.6545516 -2.4719248 -0.0686745 0.8116359 0.5795817 0.0248227
1548263493.104000 -0.8066165 1.6482974 -2.4620564 -0.0815718 0.8253000 0.5584452 -0.0191030
1548263493.204470 -0.7896142 1.6185287 -2.4635854 -0.1107856 0.8395117 0.5218142 -0.1032306
1548263493.405530 -0.7837264 1.5952495 -2.4559186 -0.1100489 0.8497837 0.4813240 -0.1846188
1548263494.377830 -0.6713141 1.4549736 -2.5012126 -0.0906700 0.8335434 0.4462253 -0.3128374
1548263495.316030 -0.5967318 1.4403574 -2.3710780 -0.1086011 0.8067077 0.4602547 -0.3543927
1548263496.321990 -0.6081008 1.4755975 -2.2226503 -0.1078623 0.7974429 0.4855276 -0.3416336
1548263497.126070 -0.4519714 1.4047917 -2.2190063 -0.1193973 0.7749804 0.4276729 -0.4497173
1548263497.762830 -0.3658392 1.2384088 -2.3212860 0.0691552 -0.7833492 -0.3179524 0.5296111
1548263498.902370 -0.3217861 1.5205736 -2.5152588 -0.1132596 0.7978230 0.3721072 -0.4606376
1548263499.907360 -0.2550281 1.7162992 -2.5756893 -0.1223865 0.7972131 0.3447831 -0.4802055
1548263500.376910 -0.2061510 1.8489628 -2.6129422 -0.1363578 0.7909169 0.3806285 -0.4593244
1548263500.745050 -0.2112458 1.9263363 -2.6049716 -0.1430186 0.7857295 0.3811079 -0.4657591
1548263501.348700 -0.2867095 1.8649442 -2.5635011 0.1247437 -0.7598084 -0.3691713 0.5204256
1548263501.951980 -0.2588330 1.6095964 -2.4973652 0.0810501 -0.7272697 -0.3126696 0.6055967
1548263503.024150 -0.3321038 1.3354411 -2.3094647 0.0799263 -0.7477043 -0.3259518 0.5729795
1548263504.063610 -0.3502090 1.4652232 -2.0513444 0.1122983 -0.7173648 -0.3793069 0.5735006
1548263505.069020 -0.4398151 1.2753273 -1.8624620 0.0822523 -0.7546577 -0.3675016 0.5372792
1548263506.108040 -0.5713491 0.9388373 -1.9126508 -0.0454934 0.8520750 0.3967955 -0.3383073
1548263507.113190 -0.7975191 0.7994484 -1.9784174 -0.0323968 0.8428100 0.3692169 -0.3902571
1548263508.118670 -0.8430713 0.7954097 -1.8816868 0.0768507 -0.7653089 -0.3562283 0.5305635
1548263509.158220 -0.8096897 0.9743331 -1.8096328 0.0733077 -0.7509516 -0.3717123 0.5408583
