1548339594.623090 0.000000000 0.000000000 0.000000000 0.000000000 0.000000000 0.000000000 1.000000000
1548339594.656610 -0.000260617 0.000219072 -0.001258741 0.001309275 -0.000181857 0.001584266 0.999997854
1548339594.690130 0.001286362 -0.002478398 -0.000689606 0.001165816 0.000253252 0.002331784 0.999996543
1548339594.723700 0.001533430 -0.004293666 -0.001537767 0.000823329 0.001128214 0.004157693 0.999990404
1548339594.757230 0.000495080 -0.006465901 -0.001712288 0.000002289 0.001513493 0.005859804 0.999981701
1548339594.790750 0.003195528 -0.008238948 -0.001756596 -0.001025709 0.000303827 0.007467791 0.999971569
1548339594.824280 0.005859754 -0.014521056 0.001063990 -0.003347306 0.000233488 0.008482955 0.999958396
1548339594.857780 0.011160397 -0.018243935 0.003439017 -0.005096145 0.002607265 0.009673237 0.999936819
1548339594.891290 0.010886265 -0.022709178 0.003268880 -0.007147771 0.006803236 0.011862419 0.999880970
1548339594.924810 0.013928936 -0.028753411 0.005001433 -0.009020242 0.009135460 0.013949246 0.999820292
1548339594.958320 0.015218642 -0.031594101 0.005944717 -0.009919389 0.012185413 0.016381061 0.999742329
1548339594.991840 0.012873781 -0.034467746 0.005399124 -0.010364989 0.014494921 0.018888464 0.999662817
1548339595.025360 0.014454318 -0.042571478 0.005598616 -0.011459644 0.015209906 0.019626325 0.999625981
1548339595.058880 0.020763217 -0.046393223 0.004602359 -0.011392914 0.015884757 0.020642448 0.999595821
1548339595.092410 0.020166971 -0.053011686 0.005767258 -0.011900219 0.019259926 0.021715602 0.999507785
1548339595.125910 0.020643596 -0.056376014 0.004778161 -0.011259147 0.022039855 0.022853559 0.999432445
1548339595.159420 0.021256393 -0.060431797 0.003500189 -0.010737142 0.023682712 0.024525350 0.999360979
1548339595.192940 0.024550140 -0.064986855 0.002445028 -0.010089316 0.025091825 0.025382586 0.999311924
1548339595.226450 0.023131192 -0.065663360 -0.000059606 -0.008420417 0.026165029 0.028271966 0.999222279
1548339595.259970 0.024750760 -0.071705408 -0.004042187 -0.008327983 0.025571175 0.028791431 0.999223590
1548339595.293660 0.030844964 -0.078918792 -0.005775849 -0.009225615 0.026258983 0.028491396 0.999206483
1548339595.327390 0.028505027 -0.079103202 -0.005698622 -0.008992439 0.028956419 0.031195361 0.999053299
1548339595.360930 0.030612709 -0.081698433 -0.008300434 -0.009651815 0.027689695 0.031968229 0.999058664
1548339595.394450 0.034696255 -0.087863676 -0.009497998 -0.011574168 0.028187489 0.032675974 0.999001384
1548339595.427970 0.033799201 -0.089819834 -0.011124322 -0.012929395 0.029354446 0.035666026 0.998848855
1548339595.461540 0.035462309 -0.092751801 -0.013930516 -0.014481258 0.027278904 0.037864529 0.998805523
1548339595.495050 0.039336309 -0.098157234 -0.014449244 -0.016483808 0.025317829 0.039670847 0.998755991
1548339595.528570 0.042810068 -0.102386206 -0.016424909 -0.018637633 0.026350785 0.041963283 0.998597741
1548339595.562090 0.043324299 -0.103882410 -0.018329890 -0.020731457 0.027089650 0.046098586 0.998354316
1548339595.595570 0.039220244 -0.105812415 -0.020773223 -0.022607416 0.025601719 0.049233817 0.998203158
1548339595.629120 0.044419356 -0.111620143 -0.021357426 -0.026028438 0.021862634 0.049440220 0.998198509
1548339595.662630 0.048970755 -0.112915456 -0.022889599 -0.028959138 0.022116715 0.051265102 0.998020113
1548339595.696150 0.043853454 -0.113217540 -0.023845349 -0.031476818 0.022163043 0.054028526 0.997797012
1548339595.729670 0.045907002 -0.115387365 -0.025609436 -0.034337461 0.018606843 0.056371927 0.997645676
1548339595.763150 0.050666124 -0.122747518 -0.025105266 -0.038193479 0.016785890 0.057527259 0.997471869
1548339595.796640 0.051451661 -0.124917351 -0.027408661 -0.040367149 0.016990710 0.059512857 0.997266293
1548339595.830160 0.050856896 -0.128722295 -0.028943611 -0.042509843 0.015535088 0.062341500 0.997028172
1548339595.863640 0.054233987 -0.135522306 -0.031521525 -0.044603415 0.014557218 0.062886357 0.996917188
1548339595.897120 0.055677369 -0.138567224 -0.032965221 -0.045469414 0.014807733 0.066170074 0.996661842
1548339595.930490 0.056637798 -0.140507370 -0.034917418 -0.045841739 0.014126552 0.067539506 0.996562779
1548339595.964010 0.058505464 -0.145656988 -0.037117388 -0.046816427 0.014029483 0.068796717 0.996432841
1548339595.997460 0.059175935 -0.148349717 -0.038579378 -0.046953797 0.014114791 0.069973268 0.996343255
1548339596.030980 0.060406592 -0.152191207 -0.039558459 -0.047221661 0.013228802 0.069459103 0.996378720
1548339596.064500 0.061582807 -0.157707408 -0.040823597 -0.047494989 0.013177373 0.069476403 0.996365190
1548339596.098000 0.067738727 -0.162734583 -0.042206880 -0.047570031 0.013324608 0.067622319 0.996487200
1548339596.131520 0.069128215 -0.169517562 -0.042423431 -0.047964487 0.016981399 0.068320811 0.996365070
1548339596.165040 0.065758720 -0.172478169 -0.044350475 -0.046489406 0.018228453 0.069482908 0.996332586
1548339596.198550 0.073603459 -0.182843134 -0.045905922 -0.045382708 0.017408678 0.069707192 0.996382594
1548339596.232080 0.078693107 -0.193439916 -0.046794124 -0.041831952 0.020417519 0.070042834 0.996457338
1548339596.265620 0.077453345 -0.190101415 -0.052476957 -0.034586206 0.023179112 0.071119815 0.996598482
1548339596.299140 0.079123542 -0.195387885 -0.056817707 -0.030867662 0.023855448 0.070630312 0.996739388
1548339596.332680 0.079948805 -0.196678892 -0.061140046 -0.027197091 0.023908269 0.069309674 0.996937752
1548339596.366200 0.080791116 -0.196679130 -0.063073583 -0.024769897 0.025143249 0.068300478 0.997040272
1548339596.399730 0.076951228 -0.196108103 -0.063451864 -0.022675857 0.025219191 0.067759149 0.997125149
1548339596.433250 0.082027994 -0.204109222 -0.069752678 -0.023069000 0.023293469 0.065219522 0.997332275
1548339596.466760 0.084683783 -0.210642666 -0.071462117 -0.023400431 0.024228467 0.062943220 0.997448504
1548339596.500270 0.086207733 -0.211249024 -0.074190378 -0.022432175 0.026164301 0.064558767 0.997318625
1548339596.533790 0.088187069 -0.217642054 -0.078592345 -0.022280037 0.027390655 0.063210651 0.997375429
1548339596.567310 0.090419151 -0.219065800 -0.081682563 -0.021754004 0.029298948 0.062445540 0.997381032
1548339596.600830 0.088110611 -0.219807878 -0.082763471 -0.020895205 0.030766008 0.060819387 0.997455657
1548339596.634350 0.093871534 -0.224278212 -0.083298221 -0.020834260 0.030363102 0.059333570 0.997558773
1548339596.667850 0.103876851 -0.229375258 -0.082958318 -0.020719262 0.032640427 0.057886247 0.997574329
1548339596.701370 0.107066438 -0.232485056 -0.081250213 -0.020081474 0.038005706 0.057207402 0.997436523
1548339596.734890 0.107268691 -0.230803683 -0.083870828 -0.018667214 0.043191332 0.059401531 0.997124612
1548339596.768410 0.109260410 -0.229645193 -0.084827997 -0.018043570 0.044703823 0.060810037 0.996984541
1548339596.801950 0.119016528 -0.228527591 -0.080422975 -0.018726660 0.046610944 0.061678659 0.996831238
1548339596.835460 0.121638119 -0.224288017 -0.081882529 -0.020066775 0.049660660 0.062714100 0.996593237
1548339596.868960 0.126210317 -0.222823858 -0.075970419 -0.023266669 0.052154064 0.063018620 0.996377051
1548339596.902500 0.128843486 -0.218635097 -0.072769292 -0.026557591 0.054888826 0.063129865 0.996140838
1548339596.935980 0.128109515 -0.215968505 -0.067543030 -0.030065989 0.057269853 0.062681645 0.995935321
1548339596.969490 0.129933491 -0.211895838 -0.063254274 -0.032628696 0.057817850 0.063072376 0.995798349
1548339597.003050 0.135775775 -0.212044716 -0.055424273 -0.035596125 0.057010461 0.062367260 0.995787621
1548339597.036590 0.137035683 -0.211090654 -0.049432911 -0.037144065 0.058428634 0.062551104 0.995637357
1548339597.070080 0.138677165 -0.210870698 -0.045999240 -0.037870001 0.058977403 0.062615499 0.995573640
1548339597.103560 0.141145408 -0.207880735 -0.041256242 -0.038284775 0.059758868 0.062190458 0.995537817
1548339597.137070 0.145755231 -0.206766069 -0.037854549 -0.039108999 0.060397353 0.062566802 0.995443642
1548339597.170590 0.148431629 -0.203853190 -0.032437585 -0.039866008 0.061354902 0.063080892 0.995322585
1548339597.204080 0.151043460 -0.204525813 -0.026752865 -0.040427949 0.061190918 0.063557819 0.995279670
1548339597.237630 0.155759156 -0.209455833 -0.021462204 -0.041156620 0.061351463 0.062412862 0.995312393
1548339597.271150 0.160868376 -0.205881640 -0.017128384 -0.040617060 0.061634149 0.062823310 0.995291293
1548339597.304630 0.165741578 -0.204507634 -0.012192051 -0.041266829 0.061673056 0.062528782 0.995280683
1548339597.338050 0.171319664 -0.205694854 -0.007019797 -0.042313512 0.062968530 0.060193330 0.995299578
1548339597.371570 0.174640477 -0.202593580 -0.002608357 -0.042182125 0.064520478 0.061735146 0.995111346
1548339597.405070 0.180477083 -0.200586677 0.001274441 -0.042548008 0.062743180 0.060237449 0.995301187
1548339597.438540 0.188001141 -0.204090849 0.007240144 -0.044622280 0.064745121 0.058705457 0.995173633
1548339597.472110 0.186627433 -0.196267664 0.014716866 -0.043477297 0.066252410 0.060978048 0.994988441
1548339597.505560 0.192419499 -0.197349444 0.018157117 -0.044015072 0.064192064 0.059166387 0.995209217
1548339597.539070 0.203177735 -0.202983320 0.020947320 -0.045967121 0.065441795 0.057769388 0.995121658
1548339597.572580 0.210807219 -0.193787679 0.025444081 -0.044778034 0.067620151 0.060427189 0.994872391
1548339597.606100 0.210336432 -0.191410348 0.031142147 -0.045387026 0.069562919 0.061123978 0.994668245
1548339597.639620 0.219986051 -0.192021012 0.032946106 -0.046876274 0.069099769 0.060605116 0.994663179
1548339597.673130 0.226943612 -0.189662486 0.034639951 -0.048369221 0.070842758 0.061983559 0.994384110
1548339597.706710 0.223948747 -0.184217364 0.041700352 -0.048725795 0.072013214 0.064175233 0.994143546
1548339597.740170 0.237367854 -0.186773196 0.040548816 -0.050919499 0.068831466 0.062856503 0.994343281
1548339597.773680 0.244511619 -0.187583372 0.044561513 -0.053448353 0.071917042 0.063783035 0.993933082
1548339597.807200 0.237667754 -0.183645993 0.054488298 -0.053751573 0.075247496 0.066705085 0.993478239
1548339597.840710 0.246387511 -0.186699614 0.053501185 -0.054725949 0.074070096 0.066195227 0.993547678
1548339597.874230 0.254004151 -0.186277747 0.054442618 -0.055794146 0.077703103 0.068329409 0.993066132
1548339597.907810 0.254147261 -0.182614207 0.056152005 -0.055659790 0.079449594 0.070797704 0.992762506
1548339597.941320 0.257616520 -0.183816567 0.056421403 -0.056209147 0.079992868 0.071810812 0.992615163
1548339597.974840 0.267213762 -0.186462015 0.055151992 -0.056682982 0.081766926 0.073320910 0.992333233
1548339598.008350 0.265744060 -0.188166171 0.058926120 -0.056301478 0.084936567 0.075181164 0.991949439
1548339598.041920 0.267602742 -0.191247314 0.059775759 -0.056006633 0.086529359 0.076354586 0.991738856
1548339598.075440 0.275692284 -0.196284816 0.057075858 -0.056171101 0.087507211 0.076819286 0.991607845
1548339598.108950 0.269355357 -0.194840670 0.061659198 -0.054771874 0.092167988 0.078538328 0.991129100
1548339598.142420 0.272838384 -0.196650922 0.060941696 -0.053402375 0.093304649 0.079966560 0.990983248
1548339598.175930 0.274779499 -0.198366433 0.059720732 -0.052325621 0.095866762 0.080228090 0.990774989
1548339598.209390 0.272586524 -0.203551352 0.062451944 -0.051215846 0.099704675 0.082024567 0.990306973
1548339598.242880 0.273059011 -0.206466049 0.059963267 -0.049697306 0.102574162 0.083433777 0.989973485
1548339598.276480 0.278195500 -0.209469527 0.057886653 -0.048593652 0.104715325 0.085799851 0.989601791
1548339598.309910 0.273112267 -0.214235261 0.059409622 -0.048115354 0.109600656 0.085696600 0.989104986
1548339598.343510 0.271264553 -0.216546461 0.059974812 -0.046941817 0.113882795 0.087796986 0.988493264
1548339598.377030 0.268833131 -0.217892557 0.060983624 -0.045889080 0.117346950 0.089068964 0.988023579
1548339598.410460 0.268760145 -0.219073564 0.060303088 -0.045165285 0.120297037 0.089749157 0.987640560
1548339598.443970 0.267163932 -0.221508756 0.061918244 -0.045072213 0.124016836 0.091105677 0.987060308
1548339598.477480 0.261759311 -0.225869089 0.064452253 -0.044723853 0.127597421 0.092546165 0.986485600
1548339598.511000 0.259596497 -0.227328271 0.064681359 -0.043444186 0.129356101 0.092723429 0.986297071
1548339598.544510 0.259491354 -0.229395896 0.064577982 -0.042445224 0.131428629 0.092792243 0.986060083
1548339598.578010 0.262646854 -0.230602100 0.064441137 -0.041579682 0.133800447 0.093219988 0.985737622
1548339598.611530 0.258299947 -0.231871501 0.065406829 -0.040790748 0.137921259 0.093859166 0.985141754
1548339598.645050 0.260013700 -0.231393978 0.064207956 -0.039758790 0.140513733 0.094025634 0.984801650
1548339598.678570 0.262478471 -0.231361762 0.063837580 -0.039309237 0.144813731 0.094285063 0.984171808
1548339598.712100 0.257520944 -0.232017696 0.065112144 -0.038630340 0.150165483 0.096635915 0.983168125
1548339598.745610 0.258166909 -0.232423946 0.065253429 -0.037802663 0.152990729 0.097316869 0.982697427
1548339598.779110 0.260553271 -0.231781989 0.063381605 -0.036800679 0.156584516 0.098470606 0.982054234
1548339598.812620 0.265306950 -0.230032042 0.059051998 -0.035842650 0.160428330 0.100331001 0.981280684
1548339598.846140 0.262742668 -0.227911606 0.060577616 -0.035571087 0.166239664 0.101062059 0.980247676
1548339598.879650 0.270157903 -0.219420999 0.054051422 -0.034769475 0.170355260 0.101496674 0.979524672
1548339598.913160 0.265628994 -0.223955467 0.057555456 -0.036439925 0.179151878 0.103222281 0.977712572
1548339598.946670 0.258732051 -0.221866697 0.061777063 -0.037109599 0.185550421 0.103511065 0.976462662
1548339598.980120 0.255407333 -0.218694866 0.064779267 -0.038317874 0.191026703 0.104039505 0.975303233
1548339599.013520 0.258750707 -0.213155553 0.064496003 -0.039319761 0.195345715 0.105480015 0.974252522
1548339599.047030 0.262541264 -0.208878651 0.061849616 -0.041456878 0.199394286 0.107222296 0.973152936
1548339599.080540 0.263711900 -0.209532693 0.058642667 -0.045006230 0.205673426 0.109433860 0.971440732
1548339599.114050 0.274704069 -0.194459796 0.060530882 -0.045683403 0.211817294 0.110060215 0.970017135
1548339599.147540 0.261898905 -0.204964802 0.063756339 -0.049037386 0.224304289 0.112428375 0.966769278
1548339599.181020 0.272619963 -0.198960632 0.057847705 -0.049218051 0.227718309 0.113878131 0.965791762
1548339599.214540 0.269912213 -0.200267822 0.056095943 -0.050027713 0.236764088 0.115050852 0.963433087
1548339599.248090 0.261116087 -0.197899148 0.060309265 -0.049314976 0.244661629 0.117324330 0.961219907
1548339599.281600 0.256981909 -0.197341174 0.059930388 -0.048619922 0.248038799 0.118816406 0.960205972
1548339599.315100 0.261538208 -0.186618298 0.053340390 -0.047297422 0.248656690 0.117520124 0.960271776
1548339599.348600 0.261588216 -0.181887761 0.052718997 -0.047133464 0.252348542 0.115645848 0.959544003
1548339599.382120 0.256431013 -0.179952219 0.051220551 -0.046947781 0.256707758 0.115450293 0.958419681
1548339599.415630 0.253636569 -0.179175884 0.051677525 -0.047279101 0.258777052 0.115395188 0.957853377
1548339599.449160 0.250357628 -0.173593327 0.051758025 -0.047041770 0.260865659 0.113863118 0.957481802
1548339599.482680 0.252507925 -0.170145422 0.051092088 -0.047569267 0.263179451 0.114031032 0.956802309
1548339599.516230 0.244757906 -0.170944810 0.052076656 -0.048063524 0.266308397 0.114900440 0.955807328
1548339599.549740 0.246526659 -0.164498061 0.052125432 -0.048145186 0.267042071 0.114036389 0.955702007
1548339599.583310 0.246690527 -0.160882592 0.051791850 -0.049123220 0.269787699 0.114914037 0.954775512
1548339599.616780 0.247125939 -0.161983326 0.053953595 -0.050945975 0.272060156 0.117039420 0.953776479
1548339599.650340 0.248012796 -0.159727156 0.055646025 -0.051710814 0.273180544 0.118121251 0.953281581
1548339599.683890 0.247655913 -0.156643555 0.054555867 -0.052362680 0.275097132 0.118797466 0.952610552
1548339599.717700 0.243470803 -0.154018164 0.058860391 -0.053457163 0.277468443 0.119443037 0.951780915
1548339599.751210 0.243765533 -0.152960315 0.059180547 -0.054844905 0.277100205 0.120461233 0.951680958
1548339599.784740 0.243527427 -0.146367207 0.060375601 -0.055567060 0.278788537 0.119220152 0.951302171
1548339599.818260 0.243165806 -0.149503216 0.061959300 -0.057137880 0.280536562 0.121623844 0.950390518
1548339599.851780 0.242689878 -0.148565963 0.064217776 -0.057315081 0.280025125 0.122171700 0.950460434
1548339599.885280 0.245694444 -0.141299278 0.063606121 -0.056387756 0.279999107 0.120694384 0.950712264
1548339599.918790 0.242147297 -0.138704985 0.063224144 -0.056439146 0.283302039 0.122113630 0.949548781
1548339599.952310 0.239351541 -0.141854495 0.064441964 -0.057599343 0.284757882 0.124896504 0.948681295
1548339599.985500 0.244397774 -0.138654500 0.066207118 -0.057701670 0.284358233 0.125288308 0.948743224
1548339600.018860 0.252058238 -0.141394630 0.066414155 -0.057434015 0.285027832 0.127599210 0.948250473
1548339600.052320 0.252315283 -0.146473885 0.065871201 -0.055989493 0.286566824 0.129365876 0.947633445
1548339600.085660 0.253981888 -0.150127336 0.063081004 -0.054054022 0.287419230 0.130194455 0.947374105
1548339600.119170 0.257187158 -0.146182552 0.062266573 -0.050507199 0.289066166 0.129393548 0.947178483
1548339600.152690 0.260911673 -0.155909285 0.060128942 -0.048911747 0.291902840 0.132182658 0.946006417
1548339600.186210 0.261322021 -0.156887561 0.059339430 -0.045433801 0.294563770 0.133879125 0.945116043
1548339600.219720 0.267225116 -0.160369828 0.056020916 -0.042825121 0.296768606 0.135082424 0.944376588
1548339600.253240 0.267823100 -0.163864359 0.053368945 -0.039887078 0.301108897 0.137327209 0.942806304
1548339600.286750 0.268927783 -0.167034507 0.052074123 -0.036781002 0.305476755 0.139658645 0.941183627
1548339600.320220 0.273594022 -0.167843401 0.048826016 -0.034038898 0.308892429 0.141294286 0.939926982
1548339600.353740 0.280523419 -0.170010120 0.044578541 -0.032043651 0.312214106 0.143083364 0.938628137
1548339600.387250 0.277278423 -0.172905743 0.043301828 -0.030460048 0.318746001 0.144275680 0.936300039
1548339600.420770 0.283483297 -0.180025950 0.042165399 -0.030212786 0.321816683 0.147824213 0.934702754
1548339600.454360 0.287859797 -0.181015491 0.040878624 -0.028054005 0.324259549 0.149875849 0.933598399
1548339600.487990 0.291734755 -0.183849663 0.035969365 -0.025870221 0.325850189 0.152271852 0.932719529
1548339600.521640 0.290353328 -0.186079949 0.034114838 -0.024045859 0.329442412 0.152969554 0.931391358
1548339600.555430 0.293651909 -0.188046455 0.031749848 -0.021888563 0.331838191 0.155000970 0.930257499
1548339600.588950 0.297769487 -0.189060792 0.030668339 -0.019216545 0.333295882 0.156323582 0.929573834
1548339600.622630 0.298712671 -0.188528746 0.024945848 -0.016712863 0.335700661 0.154815063 0.929009199
1548339600.656480 0.299890667 -0.190670088 0.020875452 -0.015207796 0.339880735 0.155772060 0.927353680
1548339600.690070 0.303802550 -0.191053271 0.018924946 -0.013500376 0.343822062 0.156773329 0.925757110
1548339600.723590 0.305685461 -0.190103650 0.018316520 -0.011301876 0.347948104 0.157565311 0.924109042
1548339600.757100 0.307388544 -0.197806716 0.014904852 -0.011344692 0.351074278 0.159318268 0.922624469
1548339600.790620 0.306864291 -0.197431013 0.013056137 -0.010651979 0.355158865 0.158172190 0.921265602
1548339600.824130 0.308291525 -0.196162939 0.013368882 -0.009495195 0.360114306 0.157860383 0.919406116
1548339600.857650 0.321487904 -0.206980795 0.010761252 -0.010111663 0.361547589 0.162841827 0.917967141
1548339600.891170 0.315634757 -0.209516421 0.009888088 -0.009037001 0.365440488 0.160172448 0.916905880
1548339600.924610 0.343151331 -0.194802210 0.006592368 -0.005359492 0.365709871 0.162475497 0.916422009
1548339600.957680 0.361845970 -0.203367189 -0.002265827 -0.005366191 0.366506338 0.167614490 0.915177405
1548339600.991100 0.366272420 -0.204181537 -0.007350809 -0.004333857 0.367579430 0.167439222 0.914784491
1548339601.024620 0.382594138 -0.185469314 -0.013472752 -0.001230801 0.368323117 0.165149078 0.914911151
1548339601.058110 0.375385761 -0.204766825 -0.018478369 -0.004229568 0.375789911 0.169150352 0.911126912
1548339601.091630 0.367086709 -0.208273813 -0.018681441 -0.004701350 0.380124837 0.170103192 0.909146786
1548339601.125140 0.362960219 -0.196502984 -0.011497490 -0.003611904 0.383436173 0.165870264 0.908543169
1548339601.158620 0.377222896 -0.201927051 -0.018083027 -0.006495171 0.384443641 0.168799996 0.907561243
1548339601.192140 0.382866293 -0.205809385 -0.017899631 -0.008183208 0.386096209 0.171314135 0.906374216
1548339601.225690 0.388142437 -0.199257851 -0.021448230 -0.008051174 0.386308283 0.170677453 0.906405151
1548339601.259230 0.389224827 -0.201777145 -0.029759426 -0.009430525 0.389075428 0.170646608 0.905213296
1548339601.292750 0.392983019 -0.203113630 -0.020376908 -0.009941797 0.391781092 0.175006866 0.903206170
1548339601.326270 0.399324387 -0.203986794 -0.022998381 -0.009997826 0.391128123 0.176236108 0.903249562
1548339601.359790 0.399131238 -0.195652843 -0.025422091 -0.007728681 0.394054323 0.175382346 0.902165473
1548339601.393320 0.402533919 -0.199956402 -0.027888350 -0.007726694 0.395982295 0.177980199 0.900811493
1548339601.426820 0.411846280 -0.204589590 -0.028667441 -0.007266314 0.394543856 0.183285132 0.900382638
1548339601.460350 0.409233540 -0.193675876 -0.028379222 -0.005557306 0.395893812 0.180066347 0.900451720
1548339601.493870 0.415046781 -0.192913741 -0.028716708 -0.005538736 0.396426827 0.182824552 0.899661183
1548339601.527380 0.425334513 -0.199668780 -0.030949965 -0.007853613 0.392978668 0.184912950 0.900729299
1548339601.560910 0.421805292 -0.183491275 -0.030896125 -0.006000812 0.394020826 0.178528741 0.901575863
1548339601.594420 0.432641715 -0.183428392 -0.039824937 -0.007792393 0.393949747 0.178117141 0.901674628
1548339601.627960 0.425619662 -0.185897291 -0.040480155 -0.009635835 0.395884424 0.177718490 0.900887787
1548339601.661480 0.433997124 -0.181729794 -0.029987231 -0.010541749 0.396490157 0.179572597 0.900243342
1548339601.695000 0.423143178 -0.184127912 -0.040541239 -0.011659629 0.398959845 0.177707195 0.899508297
1548339601.728530 0.431950361 -0.183328882 -0.043740328 -0.013398718 0.397631615 0.178784609 0.899858654
1548339601.762070 0.440146178 -0.169599950 -0.045407549 -0.012924708 0.396644592 0.180047259 0.900049448
1548339601.795580 0.458337247 -0.173972905 -0.028149033 -0.016268980 0.396096289 0.184435546 0.899347842
1548339601.829100 0.462689906 -0.172013238 -0.026244028 -0.018050160 0.396213740 0.184450328 0.899259090
1548339601.862620 0.469888180 -0.170775458 -0.025792332 -0.019648517 0.394942403 0.185144067 0.899642229
1548339601.896100 0.472754806 -0.163651437 -0.023508236 -0.020959647 0.395550400 0.183592960 0.899663389
1548339601.929610 0.476297885 -0.160998940 -0.022260550 -0.023302022 0.396181792 0.183792114 0.899287224
1548339601.963130 0.482382357 -0.159678832 -0.020668680 -0.026513804 0.396229506 0.184339777 0.899065137
1548339601.996680 0.485826939 -0.153038576 -0.018217973 -0.028381130 0.396539956 0.183194920 0.899105191
1548339602.030200 0.491985500 -0.143802777 -0.020013236 -0.029586317 0.395131946 0.182510421 0.899825156
1548339602.063720 0.497118443 -0.160390556 -0.028684681 -0.035217538 0.394224048 0.185614556 0.899385571
1548339602.097230 0.471531063 -0.131674200 -0.009292144 -0.030738639 0.397634715 0.179441303 0.899301171
1548339602.130420 0.471609533 -0.152293652 -0.017100278 -0.035918344 0.399208963 0.180980921 0.898102403
1548339602.163930 0.488545686 -0.143717796 -0.008848525 -0.036369070 0.397329122 0.191836029 0.896663725
1548339602.197390 0.496124327 -0.139780492 -0.009037449 -0.037279565 0.397099763 0.191580176 0.896782577
1548339602.230910 0.505389333 -0.139884129 -0.006757318 -0.039116863 0.397118896 0.193036288 0.896383524
1548339602.264420 0.510838687 -0.135917604 -0.007532088 -0.038711797 0.395787537 0.193304464 0.896931946
1548339602.297990 0.513428748 -0.129289120 -0.003652687 -0.038301207 0.396919489 0.191594109 0.896816373
1548339602.331460 0.524275005 -0.125961721 -0.007030037 -0.038018405 0.395227343 0.192826331 0.897311509
1548339602.364860 0.535343885 -0.126691893 -0.009033217 -0.038127340 0.392413855 0.194303319 0.898222625
1548339602.398390 0.543407440 -0.126286119 -0.009351889 -0.038162563 0.389609665 0.192782924 0.899768114
1548339602.431840 0.543063939 -0.119811088 -0.011440712 -0.036106691 0.390322149 0.190302074 0.900072277
1548339602.465310 0.550283313 -0.122526824 -0.010128432 -0.036960922 0.390617222 0.190348074 0.899899840
1548339602.498810 0.556012452 -0.117267892 -0.013598670 -0.034724455 0.390082002 0.188679472 0.900572181
1548339602.532290 0.563362300 -0.120916232 -0.012112792 -0.034414425 0.391377687 0.189658850 0.899815917
1548339602.565840 0.567424953 -0.121438727 -0.013764815 -0.033208072 0.391703367 0.188041255 0.900058985
1548339602.599370 0.572591186 -0.125461087 -0.014842739 -0.032848492 0.391342312 0.188147247 0.900207043
1548339602.632930 0.572765470 -0.124810919 -0.013942332 -0.031672921 0.392724603 0.185916930 0.900110602
1548339602.666510 0.576612294 -0.124961473 -0.013066560 -0.030932289 0.394347697 0.186028227 0.899403453
1548339602.700370 0.590788126 -0.126928657 -0.019094458 -0.031348113 0.391496509 0.186529666 0.900530100
1548339602.733550 0.596422613 -0.135357335 -0.020322537 -0.033219434 0.391910642 0.187660143 0.900047839
1548339602.766980 0.600268126 -0.135436326 -0.016297381 -0.033340868 0.393919945 0.187703297 0.899156809
1548339602.800470 0.598530829 -0.131551147 -0.016910078 -0.031014085 0.397196800 0.188172564 0.897699237
1548339602.834020 0.612065256 -0.136535302 -0.021851486 -0.032631468 0.395893842 0.189713940 0.897893012
1548339602.867610 0.615633786 -0.141047359 -0.023142038 -0.033126600 0.396819472 0.191177964 0.897155464
1548339602.901460 0.626258135 -0.132722393 -0.032254979 -0.029632511 0.393682182 0.191821620 0.898521423
1548339602.935090 0.631484985 -0.134618714 -0.035619136 -0.029119512 0.394056767 0.192322329 0.898266912
1548339602.968680 0.630500495 -0.138969913 -0.032130346 -0.029741598 0.398461610 0.193074003 0.896139622
1548339603.002200 0.806438565 -0.042964783 -0.086514898 -0.016528398 0.361402243 0.183723167 0.913980842
1548339603.035710 0.809850097 -0.040973663 -0.089177348 -0.015644768 0.363129616 0.182831183 0.913490474
1548339603.069150 0.814381063 -0.039624520 -0.097617917 -0.015491944 0.363199741 0.185670778 0.912892282
1548339603.102560 0.818348169 -0.045856483 -0.086228900 -0.015799543 0.368266255 0.178606361 0.912266493
1548339603.135660 0.819534779 -0.046475764 -0.091970287 -0.014598897 0.370629936 0.178611785 0.911327660
1548339603.169140 0.825650036 -0.046279859 -0.097438283 -0.013629085 0.372511536 0.176209614 0.911043108
1548339603.202650 0.827564359 -0.050460640 -0.100950271 -0.012937259 0.375485033 0.176102370 0.909852505
1548339603.236210 0.827936530 -0.048400775 -0.103215516 -0.010902854 0.378313184 0.174639478 0.908989131
1548339603.269820 0.831681311 -0.050563037 -0.108375862 -0.010355130 0.380662233 0.175739333 0.907802165
1548339603.303340 0.835664928 -0.060462926 -0.109442979 -0.010932355 0.383547008 0.177335858 0.906269372
1548339603.336680 0.838048041 -0.059492111 -0.106972799 -0.009048549 0.386304140 0.179267451 0.904737771
1548339603.370200 0.834681749 -0.048308626 -0.115972921 -0.007058026 0.388818085 0.179531842 0.903625488
1548339603.403710 0.848921895 -0.050102469 -0.131386667 -0.007564905 0.388637751 0.182267085 0.903151214
1548339603.437230 0.856321275 -0.045983449 -0.124783419 -0.007287633 0.391983509 0.182926983 0.901572824
1548339603.470750 0.849325061 -0.039658479 -0.125085697 -0.007721024 0.398295432 0.183355227 0.898711324
1548339603.504430 0.758573294 -0.087900661 -0.165371343 -0.017204823 0.414929360 0.179958731 0.891713202
1548339603.537950 0.760772526 -0.080870427 -0.165818378 -0.017420901 0.418942809 0.177561551 0.890311956
1548339603.571470 0.764024734 -0.081371643 -0.168539315 -0.019926418 0.423152894 0.177708179 0.888236642
1548339603.604980 0.765361726 -0.074946217 -0.169310018 -0.020552646 0.427787572 0.176310137 0.886278808
1548339603.638500 0.769284189 -0.071600527 -0.172501981 -0.021704223 0.432630002 0.177646562 0.883629978
1548339603.672010 0.774932086 -0.066889554 -0.177292868 -0.021804733 0.436063290 0.179891825 0.881483018
1548339603.705300 0.776339710 -0.066090129 -0.180436149 -0.022841709 0.441551715 0.183595002 0.877954006
1548339603.738750 0.778097034 -0.067564189 -0.180973396 -0.024649670 0.445016325 0.185900688 0.875667632
1548339603.772220 0.779279590 -0.066424012 -0.179238483 -0.025145348 0.448512793 0.186675623 0.873702586
1548339603.805780 0.776843429 -0.067928068 -0.191854894 -0.027691565 0.451095313 0.187284172 0.872164428
1548339603.839370 0.778201699 -0.045482438 -0.166670308 -0.026023926 0.453834653 0.191100076 0.869964123
1548339603.872810 0.785316050 -0.061771650 -0.194493815 -0.032153774 0.451059788 0.191212788 0.871176720
1548339603.906280 0.768718839 -0.055643551 -0.187521040 -0.030841470 0.455165684 0.191614345 0.868997633
1548339603.939800 0.775377929 -0.058329884 -0.196327835 -0.033612534 0.451090574 0.196964130 0.869823337
1548339603.973310 0.790401340 -0.046483289 -0.197976232 -0.032023348 0.446844071 0.195755363 0.872344375
1548339604.006830 0.786785662 -0.045794573 -0.197244436 -0.032625128 0.448137492 0.199575946 0.870791495
1548339604.040340 0.775197208 -0.046983544 -0.188580304 -0.033140630 0.450186521 0.197332993 0.870226085
1548339604.073860 0.784681320 -0.060410164 -0.192486316 -0.038396675 0.447321266 0.198867366 0.871137857
1548339604.107490 0.764351904 -0.056453921 -0.189588085 -0.036706794 0.452181637 0.196110189 0.869324505
1548339604.141120 0.767761409 -0.049636938 -0.196833700 -0.033686567 0.446381181 0.197845876 0.872047067
1548339604.174630 0.788258076 -0.028723428 -0.196844116 -0.029102247 0.443158299 0.191920087 0.875174522
1548339604.208150 0.765347600 -0.038547568 -0.199427545 -0.030511888 0.444486409 0.193747103 0.874049723
1548339604.241820 0.754867792 -0.033185504 -0.194694489 -0.028164402 0.445029110 0.191755638 0.874291480
1548339604.275330 0.754680932 -0.026929574 -0.202790692 -0.027040603 0.442743480 0.190305889 0.875802875
1548339604.308720 0.755175292 -0.026360920 -0.199700058 -0.026022753 0.441657513 0.188580558 0.876754701
1548339604.342240 0.746207774 -0.026699731 -0.193360969 -0.026268527 0.442845821 0.185104817 0.876888633
1548339604.375880 0.755707145 -0.017239692 -0.196176648 -0.024226526 0.439160168 0.183266461 0.879184186
1548339604.409770 0.753462732 -0.013949270 -0.196348518 -0.023664746 0.438710481 0.181327209 0.879825830
1548339604.443290 0.747342587 -0.016694689 -0.198698744 -0.024772409 0.437715977 0.180353507 0.880490541
1548339604.476430 0.751470745 -0.020614156 -0.203258917 -0.026169712 0.432719320 0.180762455 0.882833004
1548339604.509820 0.752621770 -0.015452583 -0.204913214 -0.026220003 0.429958910 0.180164039 0.884301245
1548339604.543460 0.755137622 -0.041311830 -0.180050820 -0.037154838 0.433414400 0.179937482 0.882266402
1548339604.577100 0.735464156 -0.004637401 -0.193974271 -0.025494736 0.432495952 0.183015093 0.882498026
1548339604.610610 0.730721235 -0.005597649 -0.190684870 -0.027262023 0.429838896 0.181023210 0.884152651
1548339604.644130 0.737242520 0.000371668 -0.186361939 -0.027970314 0.427893728 0.178695977 0.885546386
1548339604.677900 0.728845656 -0.002297708 -0.198512599 -0.032368515 0.424055815 0.178545445 0.887271345
1548339604.711450 0.737533510 0.001327563 -0.201021731 -0.031335350 0.415276021 0.176684752 0.891821980
1548339604.744970 0.734675109 -0.008361112 -0.202014655 -0.034556866 0.413363636 0.178753451 0.892179132
1548339604.778480 0.721395850 0.026011419 -0.204457060 -0.022282066 0.407488823 0.171620458 0.896661997
1548339604.812000 0.722409368 0.001964952 -0.193161994 -0.030362956 0.407995194 0.174922407 0.895555735
1548339604.845510 0.727602959 0.009223371 -0.209530219 -0.027666109 0.399504572 0.174678683 0.899509847
1548339604.878740 0.718475521 0.035818886 -0.207063511 -0.022108721 0.395243675 0.166756704 0.903042555
1548339604.912250 0.709928274 0.002806612 -0.184332803 -0.028507708 0.400848985 0.172773659 0.899253368
1548339604.945560 0.706110060 0.022468030 -0.194316775 -0.022212503 0.396972567 0.169278175 0.901811659
1548339604.979080 0.704079509 0.025294045 -0.195667803 -0.021134010 0.394017875 0.168468148 0.903283834
1548339605.012800 0.701174796 0.003082077 -0.180017009 -0.029320629 0.397686630 0.170836955 0.900999665
1548339605.046130 0.701852083 0.006751865 -0.184871301 -0.028854052 0.395987391 0.170415968 0.901842475
1548339605.079620 0.702107966 0.004652104 -0.181768522 -0.030024217 0.395752937 0.170496002 0.901892066
1548339605.113140 0.698487818 0.004980745 -0.181494892 -0.029820044 0.396288574 0.169524819 0.901846707
1548339605.146660 0.695516407 0.002282325 -0.182764173 -0.029142834 0.396539897 0.170062006 0.901657224
1548339605.180170 0.693206608 0.001531657 -0.184520334 -0.028057983 0.395746857 0.168864325 0.902264893
1548339605.213680 0.684803009 0.006304642 -0.186248794 -0.025531776 0.396287799 0.165595636 0.902708292
1548339605.247200 0.682242513 -0.003229725 -0.185347453 -0.026785713 0.395456791 0.167277291 0.902726293
1548339605.280710 0.665264070 0.013048413 -0.181080922 -0.024485825 0.397529572 0.158893660 0.903395534
1548339605.314230 0.676619351 0.002455203 -0.191884711 -0.024757888 0.391580969 0.161422536 0.905535281
1548339605.347750 0.655968606 0.021659043 -0.189274892 -0.022490622 0.395735145 0.155302778 0.904858470
1548339605.381290 0.653794527 0.005396270 -0.190618187 -0.024776379 0.392272353 0.160477579 0.905403495
1548339605.414900 0.665282190 0.009979230 -0.189933032 -0.022961855 0.390721917 0.157960340 0.906563640
1548339605.448410 0.650085211 0.014713854 -0.196212292 -0.023669885 0.393376857 0.157793105 0.905425727
1548339605.481930 0.663087606 0.018424749 -0.191157579 -0.022657655 0.391179800 0.157043904 0.906533062
1548339605.515350 0.661123633 0.009817303 -0.194348097 -0.024290012 0.389605194 0.157136232 0.907152653
1548339605.548960 0.655596972 0.010807748 -0.193003222 -0.024261434 0.393530667 0.157324940 0.905424714
1548339605.582480 0.664505124 -0.008754728 -0.201659873 -0.029368516 0.389860988 0.162599444 0.905928969
1548339605.615710 0.657584906 0.001922619 -0.197559327 -0.024657715 0.390542984 0.160994187 0.906062365
1548339605.649220 0.652412534 0.003149187 -0.195944577 -0.023033377 0.393462926 0.160497993 0.904929161
1548339605.682740 0.654637575 -0.007722149 -0.204401210 -0.023062423 0.392666668 0.164622203 0.904533327
1548339605.716900 0.652441144 -0.014823945 -0.205007032 -0.022174891 0.391228318 0.166350439 0.904862523
1548339605.750410 0.651515424 -0.002777733 -0.205108061 -0.016734211 0.391592145 0.162869498 0.905455172
1548339605.783930 0.648376524 -0.006109298 -0.206028759 -0.015673690 0.394746780 0.163825154 0.903930664
1548339605.816520 0.646897614 -0.003749455 -0.208465576 -0.015608120 0.397166878 0.161304742 0.903324783
1548339605.850040 0.645757437 -0.001239089 -0.208136529 -0.012536110 0.401327968 0.162388429 0.901337147
1548339605.883510 0.648197651 -0.008016372 -0.211763278 -0.014165963 0.404061496 0.163455039 0.899897814
1548339605.917010 0.647550344 -0.007233012 -0.213453844 -0.013524517 0.406198293 0.162474945 0.899122834
1548339605.950530 0.648814380 -0.007294809 -0.216914818 -0.014273768 0.408682734 0.161665291 0.898130834
1548339605.984060 0.606399179 -0.014252758 -0.192826256 -0.014141876 0.419482142 0.161774740 0.893120170
1548339606.017580 0.644352973 -0.005957618 -0.222242221 -0.013477395 0.413424492 0.162161723 0.895880640
1548339606.051090 0.646962643 -0.008766834 -0.223507434 -0.016103864 0.414349079 0.162844285 0.895286143
1548339606.085460 0.648934007 -0.009531382 -0.225305200 -0.017205115 0.415247291 0.163762152 0.894681871
1548339606.119000 0.650327206 -0.010849777 -0.226222560 -0.018471317 0.416679740 0.164593369 0.893837690
1548339606.152510 0.649811506 -0.009364215 -0.227142140 -0.018114425 0.418947607 0.165917158 0.892539203
1548339606.186030 0.652416766 -0.013634313 -0.230730832 -0.019164791 0.420134783 0.168740109 0.891429305
1548339606.219540 0.651828408 -0.015561438 -0.228405580 -0.019792179 0.420861214 0.170247525 0.890786111
1548339606.253100 0.651187420 -0.016403373 -0.229626238 -0.019723136 0.421177268 0.169222534 0.890833557
1548339606.286630 0.650433421 -0.015971536 -0.231767267 -0.019428788 0.422480792 0.170037329 0.890067279
1548339606.320170 0.652695179 -0.014331182 -0.234840944 -0.019139519 0.422219545 0.170016661 0.890201449
1548339606.353690 0.649040222 -0.011568861 -0.238149658 -0.019156262 0.422688395 0.169936284 0.889993906
1548339606.387230 0.645543933 -0.007673827 -0.239761204 -0.020000080 0.425836712 0.167962134 0.888848603
1548339606.420750 0.644492626 -0.004512282 -0.243771374 -0.020957040 0.426284075 0.167662024 0.888668716
1548339606.454270 0.641430438 -0.007143272 -0.242831931 -0.022073925 0.428378224 0.167651072 0.887636185
1548339606.487780 0.651804745 -0.018445145 -0.233467042 -0.023214616 0.429116517 0.170245156 0.886756241
1548339606.521300 0.654549360 -0.010428803 -0.236279041 -0.021792900 0.430044144 0.169736296 0.886440456
1548339606.554810 0.692013800 -0.011552671 -0.201458752 -0.020230340 0.428946227 0.167469993 0.887439966
1548339606.588330 0.655620277 -0.022388123 -0.237210885 -0.022811363 0.430040061 0.173446506 0.885698259
1548339606.621790 0.653666139 -0.013909928 -0.238560751 -0.020984190 0.431479245 0.170785651 0.885560572
1548339606.654910 0.650808573 -0.010628287 -0.242754489 -0.020757303 0.432310939 0.171119079 0.885095835
1548339606.688190 0.639902830 -0.010571515 -0.239905208 -0.020632803 0.433696598 0.170242727 0.884589732
1548339606.721710 0.648464143 -0.011699490 -0.243116736 -0.022103803 0.430735886 0.169170484 0.886205018
1548339606.755210 0.676169574 -0.011835492 -0.211602300 -0.021460442 0.431107044 0.167016566 0.886448860
1548339606.788720 0.679224551 -0.012518180 -0.215644598 -0.022253036 0.430240482 0.167973340 0.886669517
1548339606.822230 0.595871508 -0.012607456 -0.284428895 -0.025053918 0.432518393 0.171873882 0.884736955
1548339606.855750 0.510946155 0.003988519 -0.360136688 -0.026218941 0.437928200 0.168027982 0.882778585
1548339606.889270 0.413768083 0.019211784 -0.448666602 -0.028275335 0.441070527 0.171111941 0.880555511
1548339606.922790 0.405012012 0.013141655 -0.464903802 -0.030761765 0.440669864 0.171277925 0.880640447
1548339606.956310 0.487270206 0.018978143 -0.414862245 -0.028758278 0.435571879 0.169384524 0.883605659
1548339606.989830 0.511557043 0.006953024 -0.372510523 -0.029621229 0.437113732 0.170511603 0.882598400
1548339607.023250 0.653109848 -0.017533960 -0.239680752 -0.028883506 0.429342687 0.170311823 0.886467457
1548339607.056760 0.652021766 -0.009038901 -0.238466665 -0.028049937 0.428780764 0.168487549 0.887114525
1548339607.090270 0.651997626 -0.010733396 -0.240256175 -0.028635856 0.428434521 0.167990357 0.887357354
1548339607.123730 0.655921996 -0.028538372 -0.233659819 -0.032446384 0.429502875 0.170243323 0.886279702
1548339607.157240 0.654239476 -0.023317568 -0.235193074 -0.030697135 0.429129183 0.169844121 0.886599600
1548339607.190760 0.655829132 -0.027246399 -0.233159304 -0.031917989 0.429521322 0.170345515 0.886270344
1548339607.257620 0.657733262 -0.023525884 -0.237080052 -0.030413786 0.428096414 0.171836421 0.886724710
1548339607.290860 0.657898188 -0.029840689 -0.232142493 -0.032750685 0.429113299 0.171712056 0.886173904
1548339607.324380 0.657565176 -0.024928959 -0.237293825 -0.031926051 0.428566009 0.171987638 0.886415362
1548339607.357900 0.659404099 -0.022276811 -0.238284379 -0.031639408 0.427721202 0.172894999 0.886657119
1548339607.391410 0.658961952 -0.021908233 -0.237647310 -0.031954069 0.427739829 0.172811359 0.886653185
1548339607.424930 0.657920361 -0.021078922 -0.237164289 -0.031886257 0.427809328 0.173264578 0.886533618
1548339607.458720 0.658613503 -0.020669024 -0.237716064 -0.032325577 0.427277327 0.173885196 0.886652768
1548339607.492280 0.659356415 -0.021672998 -0.236221284 -0.033270169 0.427312165 0.174222022 0.886534870
1548339607.525800 0.662112594 -0.020428592 -0.237572834 -0.033373691 0.426579684 0.174002379 0.886926830
1548339607.559680 0.658664286 -0.007747969 -0.235525832 -0.030641615 0.426893502 0.174015075 0.886871934
1548339607.593220 0.658972919 -0.003836585 -0.247628540 -0.030737273 0.423934698 0.173730522 0.888342440
1548339607.626750 0.656326115 -0.012708960 -0.242267430 -0.031733144 0.426064074 0.175967425 0.886847138
1548339607.660260 0.658891380 -0.006855841 -0.242828563 -0.031098351 0.425806195 0.175127000 0.887159824
1548339607.693780 0.657186151 -0.006797942 -0.244228661 -0.030993219 0.426047057 0.174784705 0.887115359
1548339607.727340 0.658433020 -0.001457604 -0.246341109 -0.030500649 0.426570863 0.175330549 0.886772931
1548339607.760860 0.663980603 -0.005805662 -0.245985791 -0.031151315 0.425903976 0.177083239 0.886722565
1548339607.794380 0.660641432 -0.001265423 -0.242667571 -0.030077215 0.427081645 0.175306037 0.886546373
1548339607.827900 0.666488349 -0.003919092 -0.247902468 -0.030864796 0.426038057 0.176707059 0.886743188
1548339607.861410 0.667515397 -0.010211402 -0.242914498 -0.032764133 0.426937938 0.178348944 0.885913193
1548339607.894930 0.663910031 0.000565139 -0.246104732 -0.029522706 0.426816911 0.176891401 0.886377573
1548339607.928450 0.665567040 0.001398164 -0.248444051 -0.029380864 0.426456451 0.177076653 0.886518776
1548339607.961960 0.666095078 -0.002823277 -0.246990189 -0.029833095 0.427442491 0.178636849 0.885715425
1548339607.995480 0.667240202 -0.004896516 -0.244490549 -0.030119270 0.427711695 0.178566143 0.885590017
1548339608.028990 0.666825294 -0.004094271 -0.253184766 -0.030518264 0.426152587 0.178333774 0.886374474
1548339608.062510 0.667020977 -0.002228384 -0.247643068 -0.030129308 0.428258151 0.177709892 0.885497808
1548339608.096020 0.667454600 -0.007635103 -0.242688090 -0.031665642 0.428664774 0.178320870 0.885124564
1548339608.129540 0.669283926 -0.008904456 -0.241856381 -0.032507822 0.428465158 0.178852394 0.885083437
1548339608.163060 0.669470906 -0.008769274 -0.243087336 -0.032349624 0.428054154 0.179425776 0.885172009
1548339608.196570 0.669585645 -0.009477363 -0.243119240 -0.032424226 0.427074015 0.179688260 0.885589421
1548339608.230090 0.670591652 -0.015891213 -0.237198800 -0.034460433 0.428073406 0.180128679 0.884940267
1548339608.263390 0.669739723 0.001867293 -0.249016330 -0.030411288 0.425614476 0.178931653 0.886516213
1548339608.296850 0.670074165 0.002615590 -0.247032344 -0.030037060 0.425229579 0.179221138 0.886655152
1548339608.330330 0.665238619 -0.000511269 -0.247232139 -0.030646566 0.425401360 0.178901374 0.886616468
1548339608.363840 0.664009035 0.002188621 -0.241023690 -0.030242033 0.426527530 0.178230271 0.886224329
1548339608.397360 0.665200830 0.003075529 -0.239337742 -0.030142121 0.425679445 0.177883610 0.886705101
1548339608.430880 0.670327663 0.005399032 -0.248764634 -0.030914929 0.422247857 0.177749008 0.888344705
1548339608.464390 0.669984519 -0.000474350 -0.246649161 -0.032071415 0.422389954 0.178562567 0.888072968
1548339608.497900 0.669412851 -0.009002093 -0.240497202 -0.033809315 0.422857821 0.179455072 0.887605786
1548339608.531430 0.669579506 -0.013835074 -0.235887229 -0.035470184 0.423270762 0.179119781 0.887411892
1548339608.565030 0.666593790 -0.010813703 -0.235001370 -0.034676630 0.424173445 0.178645015 0.887107849
1548339608.598550 0.669395268 -0.011029132 -0.237943456 -0.034798775 0.422438174 0.179248691 0.887809038
1548339608.631980 0.669675529 -0.007986548 -0.238016590 -0.034292806 0.421735406 0.178308964 0.888351917
1548339608.665480 0.667305350 -0.007695753 -0.236721829 -0.034402166 0.423113942 0.178467840 0.887660027
1548339608.698990 0.670622647 -0.007472351 -0.237569183 -0.034413628 0.421833843 0.178950801 0.888171434
1548339608.732500 0.671018481 -0.003242052 -0.243271023 -0.033760607 0.420127273 0.178605586 0.889074445
1548339608.766030 0.674795508 -0.000249437 -0.241797522 -0.033228636 0.419611871 0.178223103 0.889414549
1548339608.799560 0.678049266 -0.002801460 -0.244425282 -0.034033783 0.418863624 0.178385019 0.889704287
1548339608.833100 0.671950221 -0.012331053 -0.233778059 -0.035975635 0.421607912 0.180242494 0.887955606
1548339608.866620 0.670026779 -0.013791288 -0.230782166 -0.036443669 0.422777444 0.180127740 0.887403607
1548339608.900110 0.672737002 -0.010901650 -0.233572423 -0.035756756 0.421732545 0.180043980 0.887945533
1548339608.933620 0.673792422 -0.013344389 -0.235259622 -0.036025491 0.421136737 0.181056544 0.888011575
1548339608.967140 0.675489426 -0.016160600 -0.231791466 -0.036991395 0.421165943 0.180766791 0.888017058
1548339609.000680 0.674170017 -0.011694113 -0.234598115 -0.035746515 0.420923412 0.180629537 0.888210952
1548339609.034140 0.674777389 0.000363107 -0.241909757 -0.033299863 0.419381738 0.178648874 0.889434993
1548339609.067630 0.676638007 0.000496850 -0.241149813 -0.033005621 0.418645471 0.179935396 0.889533520
1548339609.101140 0.675607800 -0.012705329 -0.232882828 -0.036144987 0.420824081 0.180853963 0.888196170
1548339609.134660 0.669433355 -0.006155339 -0.220076889 -0.033356786 0.424714923 0.180514857 0.886520684
1548339609.168180 0.678100824 -0.001172233 -0.238937914 -0.033113960 0.418351918 0.180063263 0.889641702
1548339609.201690 0.678912520 0.001738748 -0.241194561 -0.032622073 0.416823596 0.179108575 0.890569508
1548339609.235180 0.672980368 0.001098389 -0.237912238 -0.033088896 0.418615878 0.178632334 0.889806926
1548339609.268700 0.680628657 -0.014546362 -0.231641784 -0.037539687 0.419546038 0.181878373 0.888533711
1548339609.302210 0.676043630 -0.009849627 -0.231849059 -0.036040228 0.419751018 0.180820361 0.888714910
1548339609.335730 0.678641319 -0.010689007 -0.232035235 -0.036399212 0.419350713 0.181466475 0.888757586
1548339609.369240 0.681438625 -0.013202496 -0.233484551 -0.037506279 0.418184638 0.182066157 0.889138222
1548339609.402760 0.679842234 -0.011290471 -0.231312141 -0.037227087 0.418447405 0.181462556 0.889149725
1548339609.436300 0.678504527 -0.009678343 -0.229465947 -0.036798745 0.419344455 0.181556866 0.888725579
1548339609.469820 0.681896567 -0.010601941 -0.231989056 -0.037132066 0.417996228 0.182070866 0.889241576
1548339609.503340 0.682401717 -0.009819372 -0.231450126 -0.036909778 0.417493135 0.181777149 0.889547169
1548339609.536850 0.683447599 -0.012234822 -0.230242223 -0.037565723 0.417461872 0.181869999 0.889515460
1548339609.570460 0.681784034 -0.011977774 -0.228511915 -0.037261158 0.418077886 0.181501105 0.889314234
1548339609.603980 0.684121907 -0.016250355 -0.228138804 -0.038114429 0.417776883 0.182654008 0.889183521
1548339609.637670 0.683567047 -0.014292828 -0.228385553 -0.037296623 0.417549938 0.182240009 0.889409661
1548339609.671190 0.683568060 -0.013145929 -0.229383335 -0.036972314 0.416775882 0.182134062 0.889807880
1548339609.704700 0.681399524 -0.012186758 -0.225093380 -0.036896352 0.418457001 0.181017205 0.889249742
1548339609.738220 0.683205545 -0.012002650 -0.228657141 -0.036132406 0.418289900 0.181738019 0.889212728
1548339609.771730 0.683822453 -0.009633724 -0.230128109 -0.034836318 0.417957842 0.180811793 0.889609337
1548339609.805080 0.680303514 -0.010774241 -0.227969021 -0.034158833 0.419265628 0.180904195 0.889001250
1548339609.838600 0.681851685 -0.011101501 -0.229634106 -0.033784430 0.418451577 0.180762827 0.889427722
1548339609.872110 0.684457600 -0.014925779 -0.228584290 -0.035148636 0.418361038 0.180773228 0.889415324
1548339609.905680 0.682762384 -0.015076156 -0.229135618 -0.035297059 0.419099897 0.180778697 0.889060438
1548339609.939310 0.683310866 -0.011545951 -0.231124327 -0.034491673 0.418716878 0.180819452 0.889264226
1548339609.972850 0.684278786 -0.010030566 -0.235050529 -0.034457330 0.418113470 0.181171030 0.889477849
1548339610.006360 0.686580837 -0.009416522 -0.236214191 -0.035001274 0.417186499 0.181668520 0.889790356
1548339610.039740 0.685275078 -0.010757511 -0.234338313 -0.036469053 0.417528182 0.181707382 0.889563143
1548339610.073030 0.683425784 0.007876040 -0.236735359 -0.032152411 0.417200208 0.178871587 0.890457869
1548339610.106380 0.685470998 -0.013664252 -0.234787613 -0.038556669 0.416615665 0.182245925 0.889792800
1548339610.139890 0.635550201 0.043741737 -0.217060253 -0.018460516 0.424757600 0.190442026 0.884857059
1548339610.173410 0.685924828 -0.014303280 -0.234566301 -0.038566120 0.415775418 0.181892633 0.890257537
1548339610.206950 0.681816697 -0.009169435 -0.239996776 -0.035758320 0.413868934 0.181797564 0.891281903
1548339610.240490 0.682092965 -0.009107603 -0.237244532 -0.035800830 0.412489563 0.180364311 0.892210424
1548339610.274010 0.676288486 -0.006129667 -0.236157790 -0.034415863 0.414168328 0.179546565 0.891651928
1548339610.307520 0.681167066 -0.004714037 -0.241097286 -0.033638727 0.411307633 0.179976135 0.892918289
1548339610.341010 0.677259147 0.005066413 -0.241195619 -0.031049939 0.411133200 0.177871525 0.893513918
1548339610.374530 0.671443462 -0.008186209 -0.234382689 -0.033968750 0.413998991 0.179410338 0.891775131
1548339610.408030 0.673025548 -0.011241450 -0.236859471 -0.034224231 0.413677037 0.180727348 0.891648829
1548339610.441540 0.676191747 -0.012547850 -0.239802226 -0.034372181 0.412430137 0.180877581 0.892190099
1548339610.475060 0.675527632 -0.012162980 -0.237180397 -0.034223326 0.413453758 0.180610985 0.891776025
1548339610.508570 0.675052285 -0.003824404 -0.245193869 -0.031870030 0.412241936 0.180428728 0.892460823
1548339610.542110 0.672932088 -0.004715307 -0.245889440 -0.031839758 0.412293732 0.181019619 0.892318308
1548339610.575620 0.671943665 -0.005560338 -0.242351025 -0.032420497 0.413489193 0.180459738 0.891857564
1548339610.609140 0.675822377 0.004034626 -0.252544761 -0.030239498 0.410951853 0.179630131 0.893273294
1548339610.642660 0.675229609 0.010474148 -0.248784065 -0.028841348 0.411959976 0.177622899 0.893256545
1548339610.676170 0.672037721 0.010674849 -0.249401510 -0.028757213 0.412337869 0.177820906 0.893045485
1548339610.709690 0.670372963 0.010685403 -0.251597881 -0.028885365 0.412753463 0.176800489 0.893051922
1548339610.743210 0.670574248 0.010434981 -0.252942741 -0.028678883 0.412091196 0.178803802 0.892965615
1548339610.776740 0.670084119 -0.001371402 -0.247975871 -0.031546067 0.413766354 0.179670572 0.891919672
1548339610.810250 0.671778917 0.013041288 -0.251577467 -0.028530700 0.413796872 0.175188228 0.892898202
1548339610.843770 0.667914450 0.010073893 -0.256198198 -0.027588950 0.413346469 0.179508954 0.892278016
1548339610.877290 0.673194706 0.012730828 -0.260874689 -0.027163841 0.410997808 0.178230986 0.893631160
1548339610.910810 0.671354830 0.014851876 -0.254882038 -0.026390288 0.412953645 0.175617248 0.893270075
1548339610.944330 0.673316002 0.010622462 -0.256902456 -0.026862204 0.412134141 0.177799359 0.893202841
1548339610.977860 0.670383871 0.014689810 -0.257290840 -0.025849815 0.411919922 0.178110391 0.893269539
1548339611.011410 0.668040037 0.014773319 -0.258901000 -0.025219398 0.412092388 0.178857133 0.893058777
1548339611.044930 0.675035715 0.014033817 -0.256961852 -0.025803281 0.411690235 0.177587762 0.893480778
1548339611.078440 0.674440920 0.015038842 -0.258418053 -0.026477274 0.412574619 0.175464675 0.893472552
1548339611.112290 0.670276701 0.013924672 -0.257243782 -0.026152138 0.413424134 0.178595319 0.892468631
1548339611.145810 0.672587812 -0.004645986 -0.251394749 -0.030127894 0.414582849 0.182244807 0.891066909
1548339611.179330 0.672981322 0.014300047 -0.260931134 -0.025088651 0.411695004 0.181195587 0.892774284
1548339611.212850 0.674042821 0.016295532 -0.261747420 -0.025255563 0.412354052 0.178496912 0.893009067
1548339611.246370 0.676910579 0.015657727 -0.260064721 -0.024910871 0.412255198 0.180393621 0.892683148
1548339611.279890 0.674823999 0.011990343 -0.261816949 -0.025479410 0.412070721 0.180839062 0.892662168
1548339611.313430 0.682626367 0.014800454 -0.259204358 -0.025242385 0.411752790 0.179150045 0.893156052
1548339611.347000 0.673809171 0.016652882 -0.260809004 -0.024597550 0.413180619 0.180333331 0.892276108
1548339611.380520 0.669323325 0.004482938 -0.251901805 -0.027190002 0.415681452 0.181110546 0.890880764
1548339611.414050 0.670078397 0.002144309 -0.249935627 -0.028243564 0.416250765 0.181746677 0.890452564
1548339611.447560 0.675564647 0.018065991 -0.264979184 -0.025389092 0.412601680 0.179573402 0.892674983
1548339611.481110 0.669548690 0.021915203 -0.257977009 -0.024302952 0.415097713 0.179242611 0.891613901
1548339611.514680 0.681699991 0.022569910 -0.258381635 -0.024196120 0.412080497 0.181724474 0.892513573
1548339611.548190 0.681649864 0.033002004 -0.248957828 -0.021097399 0.412182093 0.183369249 0.892208815
1548339611.581710 0.668720782 0.045353439 -0.259129524 -0.020336827 0.413634807 0.180561736 0.892126739
1548339611.615360 0.652592480 0.013612581 -0.221696556 -0.027526392 0.424063951 0.185031906 0.886101186
1548339611.649250 0.645790935 0.016868696 -0.210516438 -0.027623489 0.427425742 0.185400501 0.884404242
1548339611.682770 0.642145693 0.015676808 -0.199111804 -0.029256387 0.430477887 0.186770990 0.882581115
1548339611.716280 0.642150342 0.016578907 -0.190488681 -0.030050920 0.431880265 0.187115133 0.881796062
1548339611.749850 0.635846078 0.038046602 -0.188853741 -0.025199749 0.432519853 0.184718013 0.882139921
1548339611.783360 0.631384194 0.018204110 -0.171515316 -0.030925985 0.438124120 0.189028844 0.878270447
1548339611.816880 0.629007936 0.012723899 -0.158744648 -0.033436082 0.441481680 0.190209687 0.876239836
1548339611.850390 0.628269434 0.005226523 -0.146837249 -0.036222782 0.444668740 0.192288563 0.874061048
1548339611.883910 0.628139257 -0.001485509 -0.135328606 -0.038586836 0.447624654 0.193915114 0.872089505
1548339611.917510 0.624212742 -0.007901532 -0.118719585 -0.040586572 0.452672541 0.195434928 0.869048595
1548339611.951030 0.622141540 -0.016750809 -0.103251055 -0.043301582 0.457471490 0.197761267 0.865872562
1548339611.984510 0.619365811 -0.024769329 -0.088575579 -0.045824267 0.462309808 0.199921161 0.862671018
1548339612.018030 0.616696417 -0.024356093 -0.076724902 -0.045937907 0.466340721 0.200210631 0.860425293
1548339612.051550 0.621274531 -0.036656793 -0.063155875 -0.050415117 0.470475346 0.202843741 0.857301354
1548339612.085060 0.624300420 -0.042956054 -0.050826285 -0.053609330 0.474324077 0.204050988 0.854696393
1548339612.118560 0.622626662 -0.045754589 -0.037844710 -0.055511933 0.479278475 0.204695672 0.851651490
1548339612.151390 0.625709534 -0.049575839 -0.028899727 -0.057462428 0.483058959 0.206464678 0.848954916
1548339612.184910 0.626108944 -0.047256313 -0.020147322 -0.057214979 0.486651421 0.206420392 0.846928239
1548339612.218420 0.628828526 -0.045235008 -0.013420884 -0.057062127 0.489616394 0.206707284 0.845157862
1548339612.251940 0.627340436 -0.047159579 0.001659108 -0.057467133 0.495457172 0.207568467 0.841507614
1548339612.285840 0.632867575 -0.041320499 0.000739585 -0.056178030 0.496067375 0.207136437 0.841341615
1548339612.319650 0.631315529 -0.035095699 0.014763887 -0.054114137 0.500905514 0.205477953 0.839013815
1548339612.353190 0.682066679 -0.029369820 -0.000588131 -0.057008348 0.487706095 0.201464176 0.847528756
1548339612.386710 0.675465107 -0.047758743 0.020003889 -0.062650584 0.497247159 0.205982730 0.840470910
1548339612.420200 0.672280133 0.020564500 0.012436459 -0.038813610 0.494373620 0.199386001 0.845182478
1548339612.453420 0.636282325 0.103603177 -0.005314729 -0.006045548 0.498802662 0.196566954 0.844109476
1548339612.486940 0.627296090 0.107614271 0.014888269 -0.002095887 0.507793427 0.197103605 0.838624775
1548339612.520450 0.642508745 0.085133307 -0.014432401 -0.012495504 0.502734959 0.199571639 0.840995014
1548339612.554520 0.632737637 0.207547903 -0.083722197 0.019433197 0.483114898 0.173782513 0.857917249
1548339612.588130 0.661757290 -0.019461757 0.049489319 -0.047331139 0.525534630 0.217975527 0.821011424
1548339612.621790 0.648635268 0.078992985 0.060435131 -0.008690415 0.527440190 0.215736419 0.821698964
1548339612.655300 0.642453730 0.002202800 0.086454988 -0.035560317 0.543616056 0.222516835 0.808519185
1548339612.688820 0.619906962 -0.017502969 0.152075797 -0.040427450 0.566174030 0.219347492 0.793535948
1548339612.722340 0.692632079 0.023602046 0.043472663 -0.028226024 0.527524590 0.220080748 0.820052207
1548339612.755850 0.663980544 -0.011378667 0.085392602 -0.038517814 0.549499512 0.224722981 0.803782463
1548339612.789350 0.667322040 -0.011375004 0.091082714 -0.037604280 0.553322256 0.225504801 0.800979376
1548339612.822740 0.671870887 -0.015966276 0.098528668 -0.038792275 0.557750344 0.226911947 0.797446370
1548339612.856170 0.673954904 -0.020045891 0.117865309 -0.039888188 0.565647960 0.228265896 0.791420221
1548339612.889680 0.680234313 -0.017285569 0.115066364 -0.038054023 0.566660881 0.229659379 0.790382147
1548339612.923200 0.675495982 -0.010903315 0.155384034 -0.032718211 0.579493225 0.229916930 0.781188369
1548339612.956720 0.673099279 -0.005554788 0.144793645 -0.028108718 0.579469085 0.231906474 0.780797601
1548339612.990230 0.678178906 -0.008810090 0.119842090 -0.024970407 0.576730609 0.235921398 0.781728446
1548339613.022910 0.648811460 0.019630354 0.115639165 -0.018324345 0.576862335 0.231094077 0.783255756
1548339613.056430 0.651476443 0.053046562 0.098523326 -0.011884114 0.575676501 0.229996979 0.784574211
1548339613.089940 0.652395010 0.030639552 0.101490363 -0.017256899 0.575628579 0.231798276 0.783979237
1548339613.123460 0.711110234 -0.055589817 0.219812021 -0.038731381 0.608760715 0.247647926 0.752715588
1548339613.157170 0.718236089 -0.066199847 0.230653360 -0.040794615 0.613358557 0.250733346 0.747836769
1548339613.190680 0.725407362 -0.072093867 0.239214703 -0.041487526 0.616906941 0.252692461 0.744211793
1548339613.224200 0.730291843 -0.072250687 0.248744071 -0.040445205 0.621109188 0.253272593 0.740567744
1548339613.257710 0.750709891 -0.085449927 0.221060023 -0.045108590 0.614896715 0.264716297 0.741479933
1548339613.291040 0.775357425 -0.104943469 0.206081897 -0.054788448 0.609110951 0.264509678 0.745665312
1548339613.324270 0.748799384 -0.077731915 0.119577825 -0.033273574 0.595696390 0.266709775 0.756904602
1548339613.357780 0.753403962 -0.071717307 0.135576084 -0.031630460 0.600992382 0.266914964 0.752704501
1548339613.391360 0.759716868 -0.092544705 0.088071510 -0.033434082 0.591394067 0.277130902 0.756527364
1548339613.425100 0.734679103 0.052900579 0.267806262 -0.006334303 0.633160532 0.240484327 0.735686719
1548339613.458620 0.707403183 0.025059693 0.260300726 -0.001938706 0.632749557 0.247036621 0.733891785
1548339613.492130 0.744144976 0.025716756 0.289343208 0.007099070 0.643047273 0.255074441 0.722064257
1548339613.525430 0.738772571 0.050318375 0.287539244 0.020771464 0.643626094 0.256525785 0.720769346
1548339613.558810 0.768794000 0.038016576 0.278870761 0.013218597 0.641578913 0.260866821 0.721214414
1548339613.592330 0.768953264 0.060395505 0.300744921 0.022488764 0.650518835 0.254944265 0.715068460
1548339613.625850 0.817706347 -0.050632950 0.295929313 -0.030883990 0.651998818 0.275339186 0.705784738
1548339613.659360 0.767474055 -0.021799238 0.275844634 -0.026312979 0.648350179 0.269063294 0.711726487
1548339613.692880 0.810834944 -0.028290220 0.269720346 -0.020243715 0.650143385 0.276397139 0.707466185
1548339613.726520 0.807796657 -0.017957741 0.257333934 -0.014815362 0.649522781 0.277484328 0.707745135
1548339613.760270 0.803106487 -0.004757931 0.244787067 -0.008880635 0.648916662 0.277532607 0.708381236
1548339613.793800 0.796372056 0.010213617 0.228464514 -0.002483584 0.647835314 0.277388841 0.709477723
1548339613.827320 0.788079917 0.021461625 0.209243506 0.001310189 0.645853400 0.277081430 0.711405277
1548339613.860870 0.788931906 0.037622068 0.203227907 0.009289145 0.646344781 0.278045774 0.710522830
1548339613.894380 0.790954232 0.045368996 0.187272415 0.010931877 0.644850135 0.278491020 0.711682260
1548339613.927860 0.831610024 -0.040379595 0.268059641 -0.026832189 0.650599182 0.275778323 0.707069337
1548339613.961380 0.838089108 -0.050951269 0.279412121 -0.031816352 0.651581883 0.275386959 0.706109583
1548339613.994900 0.842338264 -0.044165436 0.267177343 -0.028076427 0.651309431 0.276731670 0.705993891
1548339614.028450 0.834079623 -0.030108308 0.258446008 -0.023179909 0.651473463 0.275827348 0.706374049
1548339614.062020 0.832736731 -0.022360835 0.255332291 -0.021268586 0.651581347 0.275075227 0.706627905
1548339614.095540 0.846024752 -0.031197317 0.248680830 -0.022827663 0.651173770 0.276858658 0.706258416
1548339614.129080 0.854038119 -0.034672797 0.276436746 -0.029864956 0.654109597 0.273253441 0.704685271
1548339614.162590 0.843445420 -0.039532769 0.265050530 -0.027241776 0.653000772 0.274021983 0.705520988
1548339614.196110 0.845084906 -0.008859720 0.233750671 -0.020427216 0.650762618 0.273834139 0.707888126
1548339614.229620 0.843313575 -0.000803162 0.217700839 -0.016803566 0.649904490 0.274874538 0.708368361
1548339614.263120 0.851867318 -0.007647214 0.231814355 -0.020151703 0.652192354 0.274758130 0.706220269
1548339614.296420 0.844591081 0.008082477 0.180016503 -0.013572361 0.646694481 0.276664525 0.710674882
1548339614.330150 0.841851592 0.013286339 0.158696085 -0.012019141 0.644241512 0.276837140 0.712860167
1548339614.363450 0.852356493 -0.023403114 0.231535405 -0.022737755 0.652971625 0.274812907 0.705399811
1548339614.396970 0.854273021 -0.015900873 0.227555305 -0.021446526 0.652736068 0.274114281 0.705929875
1548339614.430480 0.852297068 -0.025295474 0.221759573 -0.021981541 0.651679873 0.274567872 0.706712604
1548339614.464000 0.856819272 -0.011380748 0.226433232 -0.021589553 0.652583182 0.271977305 0.706892848
1548339614.497730 0.856428325 -0.031272411 0.231215939 -0.023308454 0.652691305 0.272765040 0.706434786
1548339614.530850 0.857034147 -0.022120349 0.223731533 -0.022097453 0.651154518 0.271467090 0.708389103
1548339614.564360 0.853803754 -0.016591523 0.213313565 -0.019491291 0.649692476 0.271133542 0.709934056
1548339614.598010 0.866901636 -0.010396007 0.199004352 -0.018043764 0.647979975 0.272938460 0.710845232
1548339614.631430 0.859919190 -0.013710918 0.221212536 -0.021311630 0.649815738 0.269510865 0.710386693
1548339614.664910 0.857935011 -0.046069503 0.221492007 -0.023298169 0.649172544 0.273360193 0.709440887
1548339614.698400 0.860296428 -0.007122617 0.226901799 -0.021539992 0.650245965 0.267696917 0.710671902
1548339614.731920 0.858247936 -0.013328880 0.202747583 -0.019770838 0.646740437 0.270592600 0.712822258
1548339614.765430 0.862220287 -0.018463733 0.210425928 -0.021976566 0.647380292 0.270420164 0.712242067
1548339614.798950 0.862762213 -0.008893246 0.207918972 -0.021249309 0.647484779 0.269603968 0.712478518
1548339614.832470 0.867373049 -0.013030617 0.211147547 -0.023229236 0.647853196 0.270339549 0.711802781
1548339614.865980 0.874030352 -0.013956335 0.203948393 -0.022373671 0.647259712 0.272739798 0.711454332
1548339614.899560 0.865639448 -0.002492226 0.199205548 -0.020921055 0.646602869 0.271642536 0.712514818
1548339614.933170 0.871742725 0.001469089 0.200748950 -0.022581516 0.646651864 0.271331519 0.712538183
1548339614.966690 0.875616729 0.005560139 0.200181365 -0.022026921 0.646523237 0.271861017 0.712470412
1548339615.000210 0.881817043 0.010879716 0.205240905 -0.022883276 0.646681130 0.270767212 0.712716579
1548339615.033840 0.887870789 0.015209183 0.198471338 -0.021353308 0.645585418 0.271268398 0.713566363
1548339615.067240 0.887025654 0.013238722 0.172809631 -0.016412230 0.642149627 0.274431974 0.715584815
1548339615.100870 0.889069259 0.026581848 0.160244644 -0.010309870 0.641018510 0.275305510 0.716376901
1548339615.134380 0.885917902 0.014465069 0.180070683 -0.017758967 0.641889036 0.270947337 0.717112720
1548339615.167900 0.899382532 0.002632530 0.188456655 -0.020155879 0.642217875 0.271577001 0.716516495
1548339615.201420 0.895143747 -0.000095229 0.185456783 -0.019330416 0.641115904 0.270553946 0.717911780
1548339615.234930 0.890610158 0.007710284 0.171099424 -0.016510207 0.638698399 0.269365430 0.720578969
1548339615.268450 0.901777923 0.017214496 0.174791202 -0.013443656 0.639212012 0.268968135 0.720335603
1548339615.301960 0.903685391 0.003560095 0.162994847 -0.016757630 0.636093497 0.269295782 0.722899675
1548339615.335300 0.879779518 0.025761606 0.162792116 -0.013215438 0.635875404 0.264160901 0.725056469
1548339615.368790 0.887349844 0.038634047 0.142948940 -0.010023416 0.632899761 0.265241563 0.727313101
1548339615.402220 0.903476954 0.047144610 0.127838820 -0.009395827 0.630621254 0.266035408 0.729008675
1548339615.435740 0.919954360 0.050952878 0.109254785 -0.011171567 0.628097177 0.266577423 0.730962098
1548339615.469250 0.933345914 0.065460227 0.101983473 -0.005877602 0.628484428 0.268850207 0.729857743
1548339615.502770 0.943729401 0.073064007 0.080091208 -0.004396768 0.625688076 0.269979894 0.731851041
1548339615.536280 0.964789331 0.076425195 0.059605531 -0.005950865 0.623005390 0.271802068 0.733452499
1548339615.569700 0.976240277 0.091588892 0.047510378 -0.000447600 0.622416854 0.273872167 0.733206034
1548339615.603210 0.991456330 0.103694499 0.034208484 0.002573194 0.621063054 0.275711119 0.733660281
1548339615.636730 1.004773021 0.114834845 0.024607586 0.005249934 0.620740175 0.277234793 0.733345032
1548339615.670240 1.027565598 0.114737608 0.007840877 0.002184108 0.617487729 0.279157519 0.735374212
1548339615.703760 0.872645557 0.136314511 -0.119468272 0.011411695 0.596890986 0.270713776 0.755185366
1548339615.737280 0.878617346 0.128816769 -0.128206462 0.010140407 0.595413566 0.271500736 0.756086767
1548339615.770900 0.876249135 0.134077579 -0.115237549 0.010497592 0.597421587 0.268706083 0.755496085
1548339615.837930 0.879551172 0.137505099 -0.110267751 0.012321053 0.596893549 0.267895192 0.756173551
1548339615.871520 0.878481925 0.133840948 -0.110355794 0.012505877 0.596035659 0.267698884 0.756916404
1548339615.905040 0.881814301 0.129292667 -0.108164787 0.012722730 0.595808446 0.268422693 0.756835341
1548339615.938560 0.882214248 0.129873201 -0.108853348 0.014060395 0.594743192 0.269054025 0.757425070
1548339615.972070 0.884221613 0.135452136 -0.111711159 0.015951140 0.593264937 0.268872082 0.758610606
1548339616.005590 0.884333909 0.129686326 -0.111933246 0.016666891 0.592868507 0.270172834 0.758442998
1548339616.039100 0.886212111 0.129754022 -0.109791361 0.017392669 0.592183769 0.269946605 0.759041965
1548339616.072610 0.887605309 0.124141715 -0.110387683 0.016810354 0.591408789 0.270279229 0.759540796
1548339616.106130 0.890751719 0.116947144 -0.111346610 0.016430425 0.590863228 0.270958960 0.759731472
1548339616.139650 0.890676022 0.122087337 -0.114618272 0.017840272 0.590215921 0.270570427 0.760341048
1548339616.173160 0.890695572 0.129862532 -0.111253634 0.019453336 0.589712918 0.268543690 0.761409581
1548339616.206660 0.893912554 0.116301760 -0.112586528 0.017478740 0.589572668 0.268768430 0.761486769
1548339616.240130 0.896090031 0.120125957 -0.108980149 0.018498680 0.590145886 0.267202467 0.761569738
1548339616.273650 0.896485329 0.109570637 -0.109631419 0.018356258 0.589652240 0.267505020 0.761849344
1548339616.307160 0.895414591 0.116328396 -0.116975322 0.018500404 0.588329554 0.264981329 0.763747931
1548339616.340680 0.898750424 0.117409088 -0.109413326 0.018208688 0.590089738 0.263487607 0.762913346
1548339616.374110 0.900088131 0.110894881 -0.109360799 0.019125929 0.590206146 0.264037877 0.762610614
1548339616.407290 0.902180076 0.109491684 -0.106572002 0.018918898 0.589171171 0.262174606 0.764057457
1548339616.440800 0.903135538 0.103895456 -0.110306367 0.019127971 0.588594377 0.261885077 0.764595985
1548339616.474320 0.904460728 0.109512359 -0.104671925 0.021675467 0.588930130 0.260490537 0.764745831
1548339616.507840 0.905169666 0.102762260 -0.104509026 0.022813773 0.587759852 0.260018259 0.765773058
1548339616.541610 0.906383514 0.096916333 -0.107645929 0.023898352 0.587240756 0.260147005 0.766094446
1548339616.575170 0.906886458 0.100453041 -0.107027255 0.027600992 0.586740792 0.260109097 0.766365886
1548339616.608730 0.909583569 0.109148353 -0.106628291 0.031707417 0.584644020 0.259062827 0.768161774
1548339616.642250 0.909656644 0.097673811 -0.103107706 0.031970602 0.582135439 0.257966101 0.770421743
1548339616.675780 0.908987999 0.093988776 -0.106770225 0.033514302 0.581516087 0.257495642 0.770981073
1548339616.709290 0.911841333 0.095926464 -0.110163935 0.035280157 0.580736697 0.256707639 0.771752179
1548339616.742800 0.913602769 0.073362656 -0.111968942 0.034223564 0.580523372 0.257558078 0.771676838
1548339616.776320 0.912725210 0.072484791 -0.109350249 0.034918629 0.581226468 0.255819649 0.771694779
1548339616.809840 0.914672494 0.072888397 -0.098309524 0.035751678 0.582425117 0.254417241 0.771216333
1548339616.843360 0.916645885 0.066548087 -0.099053487 0.035642225 0.581605136 0.253280640 0.772213757
1548339616.876870 0.917420864 0.063713737 -0.095907524 0.036733449 0.581266642 0.252345979 0.772723258
1548339616.910390 0.917087913 0.058790460 -0.094098240 0.037419837 0.580314338 0.251431316 0.773703694
1548339616.943910 0.919418454 0.055419110 -0.092737474 0.037727371 0.579305232 0.250153601 0.774858177
1548339616.977440 0.920203567 0.062289324 -0.087540001 0.039737221 0.578925014 0.248199895 0.775669813
1548339617.010940 0.920846820 0.053524699 -0.079027243 0.039495178 0.579439402 0.247707874 0.775455236
1548339617.044450 0.921885252 0.052816108 -0.085055552 0.040117659 0.577375889 0.246564969 0.777324498
1548339617.077970 0.922345996 0.053781398 -0.081587709 0.040542644 0.577110231 0.245242625 0.777917802
1548339617.111480 0.921901584 0.055249486 -0.072692700 0.041660748 0.577765703 0.244635195 0.777563393
1548339617.145000 0.924354076 0.034827571 -0.076504953 0.038856652 0.575983346 0.245681912 0.778700054
1548339617.178380 0.924320698 0.041106924 -0.075682998 0.039818645 0.574618876 0.243677527 0.780287683
1548339617.211870 0.923213303 0.041425370 -0.061535895 0.040349133 0.576010287 0.242858499 0.779489458
1548339617.245380 0.927375913 0.038491346 -0.065726846 0.040369220 0.573911309 0.243283808 0.780902743
1548339617.278810 0.926129043 0.040449161 -0.063269071 0.040233325 0.573152125 0.240973309 0.782182693
1548339617.312280 0.926529467 0.037456073 -0.061339181 0.039321370 0.573348582 0.240860015 0.782119989
1548339617.345800 0.927048326 0.031518724 -0.052391995 0.038120139 0.574116647 0.240504667 0.781725287
1548339617.379310 0.922912240 0.027075464 -0.035788592 0.037623167 0.575389743 0.239274099 0.781190813
1548339617.412870 0.927413523 0.031323869 -0.047000669 0.037391260 0.572575510 0.238934994 0.783370435
1548339617.446340 0.926384330 0.025022063 -0.031770766 0.036645111 0.573778450 0.239752591 0.782274961
1548339617.479800 0.929444611 0.019405743 -0.026645688 0.035492502 0.571897864 0.240628421 0.783435464
1548339617.513320 0.931623936 0.026996911 -0.031492800 0.035711117 0.569346547 0.240495861 0.785322189
1548339617.546840 0.935478210 0.026088495 -0.030469723 0.035581503 0.568491459 0.242429569 0.785352945
1548339617.580330 0.935316145 0.018655410 -0.018764313 0.034541421 0.567825615 0.243722931 0.785480857
1548339617.613840 0.940716088 0.021605918 -0.016428648 0.034684319 0.565172613 0.243327469 0.787507832
1548339617.647370 0.941080868 0.018594718 -0.012470002 0.034532819 0.564285576 0.244374171 0.787826478
1548339617.680880 0.943920553 0.020411350 -0.007767957 0.035038233 0.562413216 0.244266093 0.789175391
1548339617.714470 0.943035364 0.034591381 -0.004397071 0.036864989 0.560288191 0.243083119 0.790966928
1548339617.747990 0.949082196 0.026682148 -0.016761068 0.033944737 0.557263374 0.244762942 0.792714536
1548339617.781520 0.951379776 0.017093973 -0.001364790 0.031141911 0.557512641 0.245705724 0.792362630
1548339617.815070 0.960355282 0.020052681 0.006943040 0.030835504 0.554735720 0.246096432 0.794200182
1548339617.849020 0.961166739 0.025173625 0.001525084 0.029437527 0.550844014 0.244115099 0.797566354
1548339617.882570 0.962828696 0.023970054 0.013538717 0.028276136 0.550315857 0.244319215 0.797910392
1548339617.916090 0.962693453 0.014049096 0.024586916 0.025715692 0.548438907 0.244227290 0.799316287
1548339617.949640 0.965358913 0.017173834 0.023609364 0.025251675 0.544368148 0.243785053 0.802243412
1548339617.983150 0.969870925 0.017628167 0.023468154 0.024838481 0.541164517 0.244362816 0.804245472
1548339618.016670 0.980801404 0.017706722 0.030104959 0.024965726 0.537434220 0.244849086 0.806591630
1548339618.050140 0.978986859 0.024737757 0.027168898 0.025778476 0.532866240 0.243845418 0.809894085
1548339618.083660 0.988152683 0.025754835 0.027902424 0.025359116 0.529517233 0.243409455 0.812231660
1548339618.117180 0.984781146 0.023194540 0.045354672 0.025388107 0.528898597 0.242141485 0.813012421
1548339618.150690 0.989396989 0.018219275 0.047815211 0.024948122 0.524652123 0.241240919 0.816039562
1548339618.184210 0.994122922 0.015300183 0.045605063 0.023996023 0.520183504 0.239748091 0.819362044
1548339618.217430 1.001884937 0.017903384 0.043644130 0.024408763 0.516453147 0.239200920 0.821865737
1548339618.250920 1.002781868 0.010718815 0.048083149 0.023601217 0.513145328 0.237717062 0.824387908
1548339618.284440 1.007874966 0.006407894 0.040409427 0.022858303 0.507827938 0.235940352 0.828203142
1548339618.317950 1.004634619 0.014015823 0.054611620 0.024304813 0.506412089 0.232559785 0.829983115
1548339618.384930 1.016830564 0.018232845 0.054774936 0.025484597 0.497165620 0.228667960 0.836592972
1548339618.418380 1.020809770 0.006945018 0.046737205 0.023989230 0.493260920 0.229230717 0.838791668
1548339618.451660 1.019285679 0.014731108 0.051539037 0.025276659 0.490809709 0.227374315 0.840694845
1548339618.485410 1.017625093 0.022085804 0.068371192 0.026205642 0.490582347 0.224759817 0.841501772
1548339618.518990 1.021129966 0.025244566 0.055130962 0.027072635 0.486452311 0.225219890 0.843745947
1548339618.552560 1.027025104 0.025079833 0.053380948 0.027693279 0.483597070 0.226643801 0.844984949
1548339618.586080 1.027721524 0.031887546 0.056739267 0.027919209 0.481703401 0.224811658 0.846547127
1548339618.619640 1.026727438 0.029733170 0.059866913 0.028073767 0.480799288 0.225643635 0.846834600
1548339618.653280 1.024692774 0.024731610 0.069140114 0.027412839 0.480373919 0.225764558 0.847065389
1548339618.686930 1.025213242 0.037356772 0.054139167 0.028558215 0.476168960 0.224470854 0.849741340
1548339618.720580 1.026622772 0.036773905 0.068108782 0.027842604 0.477535188 0.224467531 0.848998964
1548339618.754100 1.028762460 0.040159389 0.060152233 0.027697470 0.474899322 0.225042194 0.850329041
1548339618.787620 1.034128904 0.044551756 0.060184449 0.027548030 0.473329037 0.224254534 0.851416826
1548339618.821120 1.037012696 0.035217825 0.057348136 0.026243396 0.472047478 0.225304589 0.851892173
1548339618.854510 1.032938123 0.041476749 0.068461835 0.027553422 0.472653985 0.223783791 0.851915359
1548339618.888020 1.033070564 0.035296846 0.063537799 0.026501415 0.470324725 0.223093018 0.853417754
1548339618.921540 1.028279543 0.051618185 0.077218659 0.028852632 0.471373886 0.219838470 0.853607178
1548339618.955050 1.024602890 0.043450430 0.077396333 0.027347745 0.470728487 0.219372913 0.854132473
1548339618.988570 1.024055481 0.041232079 0.077385917 0.027148560 0.468516439 0.218741208 0.855515957
1548339619.022020 1.028710365 0.037532967 0.071030751 0.026916351 0.465325058 0.219542354 0.857058465
1548339619.055540 1.024685621 0.034539852 0.070654683 0.026411571 0.462724149 0.218625575 0.858715117
1548339619.089050 1.016897917 0.034970533 0.080054089 0.026038988 0.461868733 0.215984568 0.859854579
1548339619.122570 1.016982555 0.036378920 0.080000430 0.025732389 0.460994184 0.215092003 0.860556602
1548339619.156020 1.014297366 0.036134470 0.085632734 0.025855947 0.460641712 0.214417309 0.860909939
1548339619.189270 1.011358261 0.032657046 0.088875420 0.025955969 0.458911300 0.214237094 0.861875355
1548339619.222780 1.011867642 0.035435721 0.086417280 0.026072560 0.455634058 0.211666614 0.864242494
1548339619.256300 1.011604786 0.039539345 0.087664999 0.026411057 0.455187052 0.210099161 0.864849985
1548339619.290070 1.010088921 0.035904914 0.087534003 0.026106790 0.454742223 0.210207865 0.865066826
1548339619.323600 1.010783792 0.034199864 0.088194288 0.026364416 0.453528881 0.208845988 0.866025329
1548339619.357180 1.012085319 0.038356982 0.089538209 0.027162140 0.454008073 0.206384361 0.866339624
1548339619.390700 1.010352135 0.034935173 0.089705430 0.028052492 0.455120891 0.205760002 0.865875781
1548339619.424210 1.008641124 0.027030641 0.091024451 0.028806180 0.455285937 0.205300078 0.865873456
1548339619.457730 1.010107160 0.027141830 0.087867305 0.030647103 0.454304725 0.203476697 0.866755605
1548339619.491360 1.007665038 0.035176914 0.087314092 0.033867422 0.456001818 0.202045485 0.866079092
1548339619.524890 1.004698873 0.032547832 0.091434859 0.035568692 0.458482862 0.201979697 0.864715278
1548339619.558410 1.008370519 0.035394028 0.087043762 0.037584651 0.459036767 0.201395050 0.864472508
1548339619.591930 1.005649567 0.036952369 0.085689209 0.039648712 0.462098062 0.201826498 0.862646759
1548339619.625510 1.005311251 0.039870549 0.083962426 0.041847605 0.464284360 0.202202618 0.861279786
1548339619.659030 1.006750822 0.038340840 0.081587642 0.042682074 0.466616184 0.202974394 0.859795928
1548339619.692830 1.008884072 0.035765927 0.074710645 0.042756628 0.468895048 0.203719676 0.858375013
1548339619.726340 1.008057356 0.034357052 0.079449631 0.043934461 0.472923756 0.203986585 0.856038749
1548339619.759860 1.008699059 0.025843646 0.076953806 0.043569088 0.475970864 0.204779133 0.854177356
1548339619.793090 1.009499907 0.034982059 0.074985489 0.046344768 0.478370279 0.204341561 0.852794528
1548339619.826610 1.012516141 0.036681712 0.075517759 0.047106434 0.481089681 0.204515487 0.851179838
1548339619.860120 1.010852456 0.039268538 0.067820154 0.047452830 0.484627366 0.203778774 0.849328399
1548339619.893640 1.012038350 0.036841858 0.069895566 0.046969447 0.488586605 0.204161122 0.846991897
1548339619.927150 1.012821555 0.035488553 0.064480767 0.047233488 0.491276503 0.205101818 0.845192075
1548339619.960670 1.015595913 0.034382589 0.064293429 0.046825752 0.493950635 0.205570891 0.843540609
1548339619.994470 1.015893936 0.038609784 0.058878146 0.046998691 0.496394068 0.205406442 0.842135549
1548339620.027280 1.018707037 0.042677362 0.060344186 0.047770116 0.499721646 0.206647858 0.839817226
1548339620.060790 1.020979762 0.033067793 0.054898214 0.046730977 0.501376808 0.208999395 0.838305891
1548339620.094310 1.024501920 0.040096071 0.052214596 0.047671862 0.503479898 0.208970979 0.836998463
1548339620.127820 1.024508715 0.033057213 0.059744783 0.046405755 0.509094357 0.210696027 0.833232641
1548339620.161340 1.022701621 0.030011645 0.052367713 0.046005063 0.511400759 0.212106988 0.831482649
1548339620.194850 1.024929643 0.035635699 0.045030534 0.046775900 0.512950361 0.212053970 0.830498040
1548339620.228370 1.027456403 0.041670915 0.051860400 0.048106980 0.517666519 0.212260887 0.827437222
1548339620.261890 1.027264714 0.029067110 0.046054505 0.045868315 0.520585179 0.214338705 0.825194538
1548339620.295430 1.034988403 0.046107490 0.037398156 0.048140191 0.521931589 0.214494765 0.824173510
1548339620.328940 1.032422662 0.042565480 0.040872425 0.047443017 0.525724530 0.215248704 0.821602643
1548339620.362440 1.029154062 0.038694084 0.047006812 0.046629541 0.530384123 0.215184629 0.818665981
1548339620.395960 1.033381224 0.041137297 0.044901073 0.046668883 0.533748925 0.215384260 0.816421270
1548339620.429470 1.040181875 0.039422575 0.033769075 0.046293363 0.535038233 0.217148513 0.815130353
1548339620.463010 1.042776704 0.035624754 0.038675539 0.045691919 0.538865030 0.217163503 0.812635720
1548339620.496520 1.043546438 0.048815347 0.026117258 0.047803767 0.540758550 0.217236906 0.811235547
1548339620.530040 1.041211128 0.039300371 0.031955164 0.046674252 0.545432270 0.217973098 0.807968378
1548339620.563630 1.043621659 0.047788721 0.028577080 0.048676711 0.547470212 0.217736870 0.806534350
1548339620.597070 1.046883702 0.037745096 0.026566701 0.047944523 0.551532328 0.219606668 0.803297162
1548339620.630590 1.046044111 0.037550300 0.035487939 0.048917443 0.556643307 0.220189124 0.799544930
1548339620.664180 1.050432682 0.034654390 0.005746576 0.048502039 0.555553377 0.221735537 0.799900830
1548339620.697700 1.048149824 0.037810370 0.006741128 0.050034374 0.559273839 0.221759677 0.797202587
1548339620.731210 1.057386875 0.030567763 -0.002988895 0.049758554 0.561774313 0.224094674 0.794805169
1548339620.764530 1.060679913 0.025877388 -0.016510578 0.049539600 0.563470602 0.225650907 0.793176115
1548339620.797950 1.052086830 0.043795917 -0.013907192 0.053036667 0.567002237 0.223167405 0.791133285
1548339620.831460 1.058419347 0.041760616 -0.026974423 0.052853588 0.568668187 0.224763677 0.789496183
1548339620.864980 1.058787107 0.040292416 -0.023467362 0.053274244 0.572861195 0.225751996 0.786147535
1548339620.898500 1.061241031 0.045401521 -0.019318856 0.053653594 0.576646626 0.225391567 0.783452988
1548339620.965530 1.058619857 0.043999597 -0.024273643 0.053586692 0.582352936 0.227197021 0.778700888
1548339620.999050 1.069608569 0.039493661 -0.037950188 0.052305542 0.582884610 0.228840873 0.777908444
1548339621.032560 1.066518068 0.044601552 -0.037637584 0.053016912 0.586718321 0.228468016 0.775082707
1548339621.066070 1.063910723 0.050730132 -0.038669836 0.053712368 0.590301871 0.228232443 0.772378504
1548339621.099590 1.065458894 0.040064435 -0.040161416 0.051617108 0.593096733 0.229486883 0.770004988
1548339621.133100 1.071068168 0.045658890 -0.048950192 0.051942237 0.594917536 0.229142725 0.768679857
1548339621.166590 1.070370317 0.055648558 -0.053963512 0.053184506 0.597587526 0.229387164 0.766447723
1548339621.200100 1.067675591 0.050837558 -0.052416928 0.052227341 0.601003408 0.231188074 0.763294995
1548339621.233650 1.070576191 0.059686493 -0.056958392 0.052470136 0.603336692 0.230513915 0.761639655
1548339621.267170 1.074316978 0.050933592 -0.063906282 0.050658341 0.605853438 0.233182713 0.758947372
1548339621.300690 1.073007584 0.052501336 -0.060030490 0.050674248 0.609386027 0.234021336 0.755853713
1548339621.334210 1.073528528 0.046809804 -0.062992997 0.050011858 0.611515284 0.235853329 0.753605366
1548339621.367890 1.070955157 0.058722552 -0.065927222 0.051351454 0.614127696 0.235621795 0.751460314
1548339621.401400 1.073958397 0.064342223 -0.067339294 0.051424775 0.616222084 0.235565484 0.749756515
1548339621.434920 1.073375106 0.060643595 -0.068782836 0.050482139 0.618784666 0.236945331 0.747271001
1548339621.468430 1.073797703 0.064189635 -0.067444772 0.050575610 0.622187614 0.237056166 0.744398475
1548339621.501950 1.073978901 0.049348056 -0.068585120 0.048425432 0.625737011 0.239750713 0.740694106
1548339621.535470 1.076719642 0.052546356 -0.070064135 0.048687998 0.627695501 0.239220545 0.739189684
1548339621.568980 1.077552795 0.058283117 -0.077298336 0.049523108 0.629050851 0.239086986 0.738024354
1548339621.602200 1.077101111 0.060119554 -0.081231818 0.049920250 0.631111264 0.240000114 0.735939145
1548339621.635660 1.083516240 0.063478097 -0.087740041 0.049807809 0.632235050 0.240815058 0.734714985
1548339621.669180 1.082194090 0.055263326 -0.087308943 0.048417430 0.634611964 0.242352188 0.732249141
1548339621.702670 1.083744407 0.058562391 -0.088158138 0.048752926 0.636177480 0.242848828 0.730702281
1548339621.736190 1.082376957 0.067832403 -0.090732932 0.049185444 0.637238979 0.242809102 0.729760945
1548339621.769700 1.080991149 0.059639275 -0.091138273 0.047219533 0.639003992 0.245547295 0.727427483
1548339621.803220 1.080256820 0.059746705 -0.079547621 0.046232607 0.642090857 0.246072993 0.724589527
1548339621.836810 1.085493922 0.070369139 -0.097264305 0.047494534 0.640651703 0.247439981 0.725315809
1548339621.870330 1.087643266 0.062452264 -0.093491495 0.046037614 0.643023551 0.249171078 0.722713649
1548339621.904170 1.088354826 0.066534199 -0.098946095 0.046177294 0.643290579 0.250186086 0.722116172
1548339621.937680 1.092911959 0.070873335 -0.104757160 0.045496162 0.643831253 0.250830531 0.721453786
1548339621.971200 1.092646837 0.078813739 -0.104436107 0.045990244 0.645088315 0.251514435 0.720060050
1548339622.004720 1.088737130 0.074961998 -0.099547543 0.044576172 0.647377133 0.251926184 0.717947781
1548339622.038330 1.092213869 0.081987120 -0.097899079 0.044813905 0.649124742 0.252610326 0.716112316
1548339622.071850 1.090460300 0.092819974 -0.102067918 0.046468914 0.649591029 0.252441645 0.715643346
1548339622.105360 1.094684720 0.071458101 -0.101847775 0.042469408 0.650354624 0.254794627 0.714363277
1548339622.138920 1.090282202 0.095251396 -0.113353156 0.044519696 0.649867773 0.253490269 0.715145111
1548339622.172440 1.096611619 0.084974103 -0.111514702 0.041702513 0.651664674 0.256017745 0.712775588
1548339622.205950 1.103579044 0.082351625 -0.107864745 0.039810997 0.653174222 0.256136149 0.711458206
1548339622.239420 1.103069663 0.093453377 -0.120511256 0.041456770 0.652562916 0.256786168 0.711690843
1548339622.272840 1.106109381 0.077963017 -0.109554686 0.038195439 0.655266345 0.258400798 0.708799064
1548339622.306310 1.109983921 0.083200820 -0.115383536 0.038673270 0.654900432 0.259651631 0.708654225
1548339622.339780 1.104909897 0.092998222 -0.110806264 0.039767079 0.656133950 0.258717895 0.707793593
1548339622.373240 1.109684348 0.096070215 -0.113092393 0.039326504 0.656659245 0.259584963 0.707013249
1548339622.406750 1.109337330 0.098502092 -0.117467582 0.039123129 0.656707406 0.260792911 0.706535101
1548339622.440270 1.113859415 0.093438700 -0.112073399 0.038381867 0.657278597 0.263209134 0.705147207
1548339622.473780 1.119914412 0.098745145 -0.119992673 0.038964484 0.655550063 0.264625698 0.706193388
1548339622.507300 1.122970343 0.098382033 -0.120949961 0.038336981 0.654627621 0.266199946 0.706491709
1548339622.540820 1.123803973 0.099544622 -0.116039179 0.038810786 0.654223144 0.267036766 0.706524730
1548339622.574330 1.125682712 0.102606334 -0.120455891 0.038745828 0.652160406 0.267283678 0.708339632
1548339622.607850 1.127481461 0.099219769 -0.113789283 0.037788883 0.651680946 0.267558008 0.708728909
1548339622.641360 1.129107118 0.098149344 -0.111224003 0.036821123 0.650076449 0.267544389 0.710256815
1548339622.674870 1.131392002 0.097687744 -0.109642319 0.036390226 0.647790968 0.267134368 0.712517977
1548339622.708400 1.131491899 0.097590141 -0.104254410 0.036435761 0.645614386 0.265535027 0.715084374
1548339622.741910 1.128646970 0.100156531 -0.104287907 0.037249912 0.642251730 0.263957262 0.718645751
1548339622.775440 1.132105708 0.096921831 -0.105049916 0.036155716 0.638424158 0.262801170 0.722525358
1548339622.808960 1.133079886 0.101047650 -0.102353536 0.035973333 0.635448635 0.260564685 0.725959361
1548339622.842480 1.136496902 0.093069330 -0.090766601 0.034243174 0.633697689 0.259641618 0.727901697
1548339622.875990 1.138907552 0.084928401 -0.086633243 0.032576080 0.630473554 0.258482367 0.731183112
1548339622.909510 1.139380097 0.084075540 -0.087046146 0.032589134 0.626777411 0.257143468 0.734823287
1548339622.943020 1.137947440 0.080599621 -0.078943945 0.032718092 0.624411523 0.255502701 0.737399578
1548339622.976530 1.135085821 0.087796628 -0.072459303 0.034610871 0.621181190 0.252915025 0.740925074
1548339623.010050 1.134789586 0.094347611 -0.071022719 0.035755835 0.617521346 0.250808477 0.744636834
1548339623.043500 1.135645509 0.087591007 -0.063928589 0.034654565 0.614433885 0.250310034 0.747405469
1548339623.077080 1.129524589 0.084392451 -0.063415810 0.034497943 0.610068679 0.249730885 0.751172781
1548339623.110600 1.135039449 0.084188595 -0.064384602 0.034774039 0.605129540 0.248875767 0.755426943
1548339623.144110 1.137369871 0.085628830 -0.061490159 0.035237629 0.600288451 0.246866122 0.759913981
1548339623.177630 1.133432388 0.083452255 -0.060486637 0.035179954 0.597077727 0.245914921 0.762749255
1548339623.211150 1.134793639 0.075334147 -0.047857460 0.034320306 0.594443440 0.244816944 0.765195251
1548339623.244720 1.135141253 0.078757785 -0.039448570 0.035672259 0.590504229 0.241955474 0.769083738
1548339623.278260 1.135993361 0.071869045 -0.046127375 0.034589797 0.586227000 0.241418242 0.772566259
1548339623.311770 1.130762935 0.073046379 -0.036199708 0.035216630 0.584270597 0.239069939 0.774747193
1548339623.345310 1.131079435 0.071644336 -0.030022280 0.035362463 0.580819130 0.236997113 0.777965903
1548339623.378890 1.129814506 0.081828423 -0.027113892 0.037477426 0.576569140 0.233733490 0.782005191
1548339623.412880 1.131405115 0.079826109 -0.035623275 0.037426017 0.571448386 0.233409986 0.785853565
1548339623.446440 1.133977532 0.069573790 -0.024301371 0.036253858 0.568477273 0.232235923 0.788407087
1548339623.479950 1.125679255 0.072305143 -0.021584129 0.037464354 0.564300835 0.229445800 0.792158842
1548339623.513470 1.129962683 0.069007106 -0.026340075 0.036954504 0.559327483 0.229505166 0.795684934
1548339623.546990 1.123160005 0.074874088 -0.013908933 0.037860714 0.556790531 0.226453722 0.798291624
1548339623.580500 1.119494677 0.074996211 -0.008192395 0.038219579 0.552258849 0.223698720 0.802189648
1548339623.614030 1.118785024 0.070907816 -0.008135684 0.037764069 0.548002601 0.222036391 0.805584788
1548339623.647540 1.120824575 0.076942623 -0.013125295 0.038786169 0.542905390 0.220387995 0.809430957
1548339623.681050 1.118898749 0.071676135 -0.007600545 0.037984528 0.539460540 0.218619868 0.812246799
1548339623.714550 1.113531351 0.068566091 -0.007158455 0.037590548 0.535733104 0.216276988 0.815353453
1548339623.748050 1.113643169 0.069344051 -0.007708083 0.037741579 0.531817496 0.214503497 0.818372786
1548339623.781570 1.109684825 0.066536479 0.003040849 0.037368257 0.529515088 0.212280139 0.820459902
1548339623.815080 1.109824777 0.065833814 0.004391020 0.037516605 0.524765909 0.210277483 0.824012518
1548339623.848440 1.107084513 0.067536592 0.007902191 0.037922408 0.521545708 0.207915798 0.826633513
1548339623.881950 1.106785059 0.067901552 0.009179688 0.037680857 0.517706275 0.206689164 0.829361141
1548339623.915180 1.108796477 0.066877045 0.006061414 0.037555438 0.513002992 0.206137717 0.832421005
1548339623.948690 1.108650208 0.063581437 0.005727433 0.037719540 0.508222759 0.204866663 0.835653305
1548339623.982490 1.106357217 0.058860488 0.009401870 0.037428670 0.504985452 0.203142822 0.838046372
1548339624.016020 1.100999713 0.061485071 0.013066860 0.038866654 0.501604736 0.200830042 0.840564907
1548339624.049640 1.101322770 0.054637853 0.022359280 0.038743239 0.498893559 0.199489206 0.842501163
1548339624.083170 1.101779819 0.064705864 0.016747519 0.040937535 0.494105548 0.197200865 0.845751524
1548339624.116690 1.097932100 0.060361013 0.021003114 0.040279470 0.492923647 0.195947960 0.846763372
1548339624.150180 1.093971014 0.063193165 0.028453590 0.041509822 0.491344988 0.195154384 0.847804070
1548339624.183700 1.094380975 0.062244706 0.020575028 0.041843392 0.486457884 0.194532812 0.850743711
1548339624.217220 1.095235705 0.063995399 0.024961501 0.042285018 0.484801829 0.194215149 0.851739168
1548339624.250340 1.091423154 0.059326258 0.035662957 0.041853517 0.483757555 0.193960473 0.852412045
1548339624.283490 1.091938138 0.061623991 0.033816122 0.042840328 0.480457395 0.193610191 0.854306996
1548339624.317010 1.089271188 0.060285874 0.037507456 0.043183304 0.478386074 0.192590013 0.855681658
1548339624.350880 1.087054253 0.061018191 0.033992872 0.044455495 0.474179327 0.191905007 0.858108461
1548339624.384400 1.086763620 0.056430742 0.036900137 0.043641649 0.471182078 0.189709887 0.860286593
1548339624.417740 1.089964747 0.060887791 0.041764710 0.045795515 0.468745083 0.188543409 0.861761093
1548339624.451120 1.085065961 0.062670603 0.041860405 0.046055123 0.465913713 0.185966119 0.863840222
1548339624.484590 1.078369975 0.054656819 0.052618615 0.044933751 0.465802699 0.184436858 0.864286900
1548339624.518100 1.077701330 0.054819055 0.048398320 0.045648243 0.462049842 0.184125960 0.866327763
1548339624.551590 1.073588610 0.049323305 0.059988637 0.045308400 0.460730314 0.184588432 0.866949737
1548339624.585100 1.067320943 0.049843282 0.069088109 0.045857046 0.459125221 0.182599783 0.868192673
1548339624.618620 1.067088723 0.051667120 0.068315126 0.045066610 0.454647273 0.180218279 0.871083379
1548339624.652170 1.066236734 0.055505566 0.071809173 0.044365477 0.451717466 0.177005813 0.873299479
1548339624.685740 1.062559962 0.048347924 0.073645785 0.042533867 0.449125379 0.175426647 0.875044405
1548339624.719320 1.067631125 0.049500354 0.077183701 0.042064529 0.445520699 0.172706991 0.877447546
1548339624.752900 1.071750045 0.045693077 0.077221863 0.040662553 0.444012523 0.170783490 0.878653765
1548339624.786630 1.070927739 0.051230226 0.077649713 0.042362519 0.443148434 0.169422865 0.879272878
1548339624.820300 1.068353176 0.055216458 0.084504925 0.043545488 0.443156630 0.167283058 0.879620552
1548339624.853820 1.070842266 0.052986737 0.083389707 0.043342222 0.443009049 0.165932998 0.879960597
1548339624.887380 1.069137096 0.045816954 0.086633801 0.043564044 0.443950504 0.166461349 0.879375219
1548339624.920900 1.070541978 0.044833511 0.086507298 0.044689804 0.442725539 0.166106522 0.880003154
1548339624.954420 1.076038480 0.045289863 0.087455973 0.045403507 0.441247970 0.164765477 0.880960345
1548339624.987930 1.071029067 0.047460638 0.091106839 0.046282142 0.441803932 0.163508251 0.880870223
1548339625.021450 1.068955421 0.050935529 0.096527085 0.046856850 0.441709369 0.161949530 0.881175101
1548339625.054960 1.075640082 0.049178861 0.092106998 0.045312740 0.439561605 0.160618827 0.882572353
1548339625.088480 1.068189263 0.045371592 0.100201465 0.044034231 0.441134006 0.159749374 0.882010162
1548339625.121950 1.068860292 0.047784057 0.101571962 0.043870237 0.439699590 0.159023836 0.882865250
1548339625.155460 1.070182800 0.048732441 0.104750596 0.042691670 0.438104182 0.157634929 0.883964539
1548339625.188980 1.065097570 0.055520073 0.109958827 0.042810634 0.438094348 0.156008527 0.884252191
1548339625.221900 1.067722321 0.048917882 0.110285297 0.040225342 0.436327696 0.155590162 0.885320187
1548339625.255420 1.066613317 0.051034678 0.114748560 0.039411359 0.435742229 0.154054731 0.885913432
1548339625.288930 1.068039417 0.045894276 0.116843976 0.037856638 0.434865505 0.154077098 0.886407971
1548339625.322450 1.067711473 0.049581200 0.116937302 0.038230956 0.433704317 0.152875230 0.887168586
1548339625.355960 1.065671921 0.048257988 0.117869668 0.038082711 0.433737487 0.152366251 0.887246311
1548339625.389380 1.070360780 0.041599821 0.116280049 0.037399292 0.432725251 0.153122008 0.887639463
1548339625.422990 1.065460324 0.045539163 0.121443152 0.037729207 0.433944613 0.151581377 0.887294590
1548339625.456510 1.066392899 0.043115057 0.120917939 0.037454359 0.434116125 0.152107388 0.887132287
1548339625.490260 1.064679623 0.047554918 0.121328101 0.037761629 0.434070766 0.151333928 0.887273729
1548339625.523910 1.065734506 0.044931401 0.117765091 0.036723074 0.433847308 0.151825204 0.887342691
1548339625.557760 1.067692757 0.047073882 0.121368252 0.036173280 0.435076445 0.151547909 0.886810720
1548339625.591330 1.069754481 0.044555634 0.114697717 0.034555964 0.434952885 0.152807027 0.886719763
1548339625.624850 1.069528222 0.049433827 0.115583755 0.035473302 0.435691774 0.153389961 0.886219978
1548339625.658360 1.073113680 0.051320441 0.112422422 0.035746444 0.435559630 0.154133335 0.886144996
1548339625.691490 1.070606947 0.051041003 0.119640954 0.035898987 0.437571615 0.154522583 0.885079145
1548339625.725110 1.071040273 0.043815050 0.116779275 0.034829028 0.438395143 0.156153053 0.884427965
1548339625.758910 1.073127866 0.049608558 0.117794961 0.035912760 0.439286917 0.156131238 0.883945882
1548339625.792430 1.074263930 0.046081226 0.115905970 0.035553381 0.439728260 0.157227457 0.883546531
1548339625.826020 1.074528456 0.049353927 0.113489509 0.036056124 0.440162748 0.156773612 0.883390486
1548339625.859540 1.071895719 0.046062015 0.117792726 0.035077460 0.441646755 0.156559512 0.882726908
1548339625.893060 1.074473619 0.047041915 0.116702989 0.034868803 0.442236245 0.156674251 0.882419646
1548339625.926570 1.073834300 0.044477236 0.119395599 0.034236401 0.442780763 0.156674847 0.882171214
1548339625.959720 1.073365927 0.040183194 0.115585528 0.032098856 0.442391813 0.155283689 0.882692516
1548339625.993130 1.074294686 0.051445171 0.118990235 0.033562120 0.443768680 0.154105291 0.882153332
1548339626.026600 1.077389956 0.041297764 0.118655168 0.031851444 0.444090217 0.155318782 0.881842077
1548339626.059770 1.072329283 0.046831977 0.119268537 0.033471528 0.444691002 0.155092821 0.881519020
1548339626.093190 1.073798299 0.050182216 0.121115625 0.034125354 0.445143223 0.155467778 0.881199598
1548339626.126810 1.069559574 0.047557902 0.123765372 0.034204647 0.445356369 0.156748414 0.880861878
1548339626.160620 1.073932648 0.053446122 0.117134348 0.034515701 0.443094611 0.156823665 0.881976306
1548339626.194180 1.070019722 0.043380186 0.120416924 0.031961996 0.443435788 0.158013016 0.881688714
1548339626.227650 1.067569852 0.050426889 0.124823630 0.032271944 0.443313271 0.157574490 0.881817520
1548339626.260870 1.067240119 0.045987703 0.121764392 0.030808447 0.441648275 0.158594251 0.882522225
1548339626.294390 1.068370819 0.050298218 0.122406773 0.030360740 0.441151440 0.158256456 0.882846832
1548339626.327900 1.066078901 0.049217090 0.120335028 0.029765645 0.440944850 0.158977732 0.882840693
1548339626.361520 1.067043543 0.045153495 0.122578301 0.028886162 0.440951794 0.159596086 0.882754862
1548339626.395230 1.069449306 0.045763604 0.122702830 0.028558873 0.440878123 0.159372181 0.882842779
1548339626.428740 1.066111684 0.045173205 0.125105888 0.028853979 0.442013651 0.159850195 0.882178724
1548339626.462260 1.066415787 0.047997270 0.125800386 0.029592561 0.442141145 0.159380257 0.882175386
1548339626.495590 1.070072889 0.049958896 0.118712589 0.030258089 0.441238523 0.159450844 0.882591903
1548339626.529100 1.066058278 0.043586299 0.122690693 0.029664749 0.442616552 0.159323782 0.881944716
1548339626.562700 1.063752532 0.045847345 0.118308112 0.030169640 0.442318797 0.158567697 0.882213235
1548339626.596280 1.066573262 0.048473421 0.117109753 0.030739104 0.442539990 0.158125699 0.882161975
1548339626.629790 1.062471509 0.043808822 0.119920768 0.030565064 0.443876386 0.158893213 0.881358325
1548339626.663250 1.063382864 0.041686758 0.120288759 0.030561257 0.444017023 0.159273818 0.881218910
1548339626.696760 1.056178331 0.049654052 0.124151185 0.032066133 0.445619166 0.158158869 0.880557239
1548339626.730280 1.058140516 0.040612515 0.121630445 0.031053104 0.445571393 0.160257384 0.880238295
1548339626.763860 1.058385968 0.042872954 0.120637007 0.031464484 0.445399791 0.160640866 0.880240619
1548339626.797380 1.059128046 0.051007956 0.112436213 0.033014804 0.444789290 0.161386833 0.880356073
1548339626.830890 1.058612108 0.044397853 0.116990387 0.032163300 0.446392149 0.163495526 0.879186451
1548339626.864410 1.056805253 0.047038574 0.116430379 0.033001751 0.446710855 0.164461121 0.878813267
