0.000000 0.000000000 0.000000000 0.000000000 0.000000000 0.000000000 0.000000000 1.000000000
1.000000 -0.000050358 -0.000253968 -0.000380243 0.001629607 -0.000597647 0.000208848 0.999998450
2.000000 -0.000380104 0.004944958 -0.001077940 0.003488471 -0.000694808 0.000015977 0.999993682
3.000000 -0.002144489 0.004037667 -0.000577282 0.001230641 -0.000505015 0.000134068 0.999999106
4.000000 -0.000854123 0.001648607 -0.000136672 0.000348041 -0.000215735 -0.000247934 0.999999881
5.000000 -0.000531265 0.002971040 -0.000546692 0.000591132 0.000174456 -0.000557314 0.999999642
6.000000 -0.002341946 0.005119588 -0.001029262 -0.000085677 0.000809006 -0.000913897 0.999999225
7.000000 -0.000847126 0.001284575 0.000015911 -0.001921054 0.000546177 -0.000476410 0.999997914
8.000000 0.000358962 0.001776924 0.000017004 -0.000973724 0.000108418 -0.000599966 0.999999344
9.000000 -0.001645138 0.002455464 -0.000723640 -0.000536914 0.000580873 -0.000551452 0.999999523
10.000000 0.000476284 0.003710329 -0.000375349 -0.000833406 0.000104507 -0.000669856 0.999999404
11.000000 -0.000581526 0.001134898 -0.000250942 -0.000932058 0.000381643 -0.000574038 0.999999344
12.000000 0.000510447 0.000131254 0.000869351 0.000003703 0.000180168 -0.000311691 0.999999940
13.000000 0.000765743 0.000085651 0.000177682 0.001051455 0.000030090 -0.000055027 0.999999464
14.000000 0.000083060 0.001883810 0.000994220 0.002186775 -0.000087667 0.000518035 0.999997497
15.000000 -0.001517159 -0.000345501 0.000322146 0.002291250 0.000083488 0.000842219 0.999997020
16.000000 0.000391728 0.003431265 0.000328438 0.003457333 -0.000540064 0.000946118 0.999993443
17.000000 0.001479727 0.003101017 0.000068299 0.003515041 -0.001054249 0.000659827 0.999993026
18.000000 -0.000728924 0.001686453 -0.000130810 0.002654584 -0.000723497 0.000186400 0.999996185
19.000000 -0.001371643 0.002564926 -0.000253331 0.002521315 -0.000481825 -0.000534359 0.999996543
20.000000 -0.000159146 0.003535553 -0.000576524 0.001946454 -0.000636171 -0.001293314 0.999997079
21.000000 0.000045661 0.001371527 -0.000272541 0.000872731 -0.000482726 -0.001870717 0.999997735
22.000000 -0.001726299 0.002952269 -0.000075254 0.000988633 -0.000055154 -0.001978024 0.999997556
23.000000 -0.002409363 0.001005570 -0.001018162 0.000051275 -0.000109489 -0.002494777 0.999996901
24.000000 -0.003632709 0.000626829 -0.000616243 -0.000145813 0.000066978 -0.002545509 0.999996722
25.000000 -0.000705115 0.002049821 -0.000229544 0.000218222 -0.001127810 -0.002595549 0.999995947
26.000000 -0.001556375 0.002693892 -0.000528556 0.000691621 -0.000947606 -0.002707292 0.999995649
27.000000 -0.003074461 0.003836321 -0.001066409 0.001086334 -0.000563204 -0.002945727 0.999994934
28.000000 -0.002000974 0.001582799 -0.000390530 0.000363931 -0.000662551 -0.003300037 0.999994278
29.000000 -0.002964379 0.001715564 -0.000595455 0.000454544 -0.000524211 -0.003467146 0.999993742
30.000000 -0.002606985 -0.000062574 -0.000635090 0.000425623 -0.000513667 -0.004060888 0.999991536
31.000000 -0.003768156 0.001203153 -0.000446430 0.000775128 -0.000178817 -0.004108207 0.999991238
32.000000 -0.003538810 0.003351169 -0.000087218 0.000401624 -0.000317184 -0.004387279 0.999990225
33.000000 -0.004833431 0.002671094 0.000212607 0.000448276 -0.000062184 -0.004754672 0.999988616
34.000000 -0.004871413 0.002704716 -0.000057521 0.000197066 0.000145984 -0.005093966 0.999987006
35.000000 -0.005419896 0.002681304 0.000335938 -0.000522302 0.000728517 -0.005125190 0.999986470
36.000000 -0.003461107 0.004906923 0.000391518 -0.000375437 0.001113372 -0.005443558 0.999984503
37.000000 -0.003866204 0.003694311 0.000334119 -0.000552725 0.002215283 -0.005463353 0.999982476
38.000000 -0.004201775 0.005104630 0.000116751 -0.000661093 0.003429549 -0.005284418 0.999979913
39.000000 -0.004967748 0.003004458 0.000880312 -0.003224547 0.004284794 -0.004407029 0.999975920
40.000000 -0.005179286 0.004396204 0.001017902 -0.003714598 0.004638799 -0.003296599 0.999976873
41.000000 -0.006312884 0.004342981 0.001215115 -0.003032278 0.005198811 -0.002535474 0.999978662
42.000000 -0.004613376 0.003948494 0.001670554 -0.003031788 0.004975228 -0.002050447 0.999980927
43.000000 -0.006035970 0.003855155 0.002197992 -0.002888102 0.005728562 -0.001395003 0.999978423
44.000000 -0.008302111 0.003733350 0.002974933 -0.002051377 0.006905424 -0.001849045 0.999972343
45.000000 -0.005008890 0.006049930 0.003324976 -0.001332609 0.006956436 -0.003172516 0.999969900
46.000000 -0.007865697 0.004891384 0.004658121 -0.002642929 0.008661549 -0.004290726 0.999949813
47.000000 -0.008046987 0.004635856 0.006495631 -0.003592348 0.009628695 -0.005941352 0.999929547
48.000000 -0.006634367 0.008466027 0.006750937 -0.003201460 0.009549453 -0.007881686 0.999918222
49.000000 -0.007666233 0.008909080 0.007938398 -0.005117431 0.010160942 -0.009661156 0.999888599
50.000000 -0.007272357 0.006209881 0.010341348 -0.007406250 0.010413273 -0.011367441 0.999853730
51.000000 -0.007235821 0.007856910 0.012746777 -0.007569166 0.010269326 -0.012925137 0.999835074
52.000000 -0.004683375 0.009535842 0.014854536 -0.007709356 0.009313478 -0.014266836 0.999825120
53.000000 -0.005335255 0.010732556 0.015949575 -0.008986976 0.009410000 -0.015474296 0.999795616
54.000000 -0.006159292 0.011183703 0.018499553 -0.010433286 0.009402941 -0.016202368 0.999770105
55.000000 -0.004139276 0.010655542 0.020906996 -0.011107180 0.007848524 -0.016551604 0.999770522
56.000000 -0.000532684 0.010176949 0.022562301 -0.011055253 0.005238588 -0.017670946 0.999769032
57.000000 -0.002149327 0.006056190 0.025908506 -0.011948981 0.004308357 -0.018812010 0.999742329
58.000000 -0.001790831 0.007540508 0.029319083 -0.009769669 0.002714660 -0.020387329 0.999740720
59.000000 0.002287876 0.009369434 0.031270515 -0.008095682 0.000483901 -0.023006942 0.999702394
60.000000 0.001674501 0.008792431 0.034594782 -0.008162426 -0.000506132 -0.025126161 0.999650836
61.000000 0.003181836 0.008997391 0.036789186 -0.007826935 -0.002309317 -0.027706098 0.999582827
62.000000 0.003199026 0.009997421 0.039561026 -0.007141371 -0.004160835 -0.029793041 0.999521911
63.000000 0.004004684 0.007863459 0.042779051 -0.007685412 -0.006567274 -0.031859726 0.999441206
64.000000 0.004788528 0.010143609 0.045175701 -0.006896048 -0.009188438 -0.034402244 0.999342024
65.000000 0.007307411 0.011362772 0.048939012 -0.007134315 -0.011947696 -0.037686497 0.999192715
66.000000 0.009723566 0.005431136 0.052040812 -0.009634453 -0.014932270 -0.040997967 0.999001205
67.000000 0.008658087 0.009830656 0.054930683 -0.006649207 -0.016695496 -0.044472467 0.998848975
68.000000 0.009607712 0.007211099 0.057768006 -0.005681841 -0.019466266 -0.047480769 0.998666286
69.000000 0.010374245 0.012164829 0.058587022 -0.004199709 -0.022233395 -0.049839780 0.998500884
70.000000 0.013778079 0.009397564 0.062570557 -0.005279069 -0.025882021 -0.051367857 0.998330414
71.000000 0.013155707 0.010256745 0.065506093 -0.004480894 -0.028579753 -0.052324120 0.998211026
72.000000 0.016617751 0.010001501 0.068769321 -0.004873755 -0.032011099 -0.053773336 0.998028040
73.000000 0.017954823 0.008686456 0.071742117 -0.005820438 -0.035532709 -0.055322900 0.997819066
74.000000 0.021790583 0.009415069 0.074281618 -0.004595131 -0.039736886 -0.057407439 0.997549117
75.000000 0.022285424 0.007149477 0.077083208 -0.003905312 -0.043494802 -0.060194600 0.997230947
76.000000 0.023753051 0.005417543 0.079006009 -0.005007770 -0.047312256 -0.062985100 0.996879816
77.000000 0.025342476 0.003636852 0.081904501 -0.006897638 -0.051129855 -0.066401631 0.996458232
78.000000 0.025044471 0.005883791 0.084252425 -0.006186922 -0.053799540 -0.069766767 0.996092319
79.000000 0.028031610 0.008325875 0.086329043 -0.005040428 -0.057889950 -0.072664931 0.995662153
80.000000 0.027598783 0.006565608 0.089271970 -0.006506166 -0.062097505 -0.075631551 0.995179117
81.000000 0.029056974 0.007465831 0.091229834 -0.006868140 -0.066534005 -0.079039812 0.994624913
82.000000 0.031155357 0.009809069 0.093066424 -0.007070109 -0.071329147 -0.082729101 0.993990958
83.000000 0.030009493 0.011137078 0.095971227 -0.008774501 -0.075019047 -0.085444376 0.993475914
84.000000 0.030818300 0.009074055 0.099574640 -0.010940834 -0.079425864 -0.087461501 0.992936194
85.000000 0.030557491 0.008303222 0.101952597 -0.011698549 -0.083830707 -0.089972153 0.992340982
86.000000 0.032786779 0.007888921 0.104568914 -0.012005157 -0.088857874 -0.092371225 0.991679192
87.000000 0.032395154 0.008548011 0.107570887 -0.011732810 -0.092907853 -0.094883114 0.991074026
88.000000 0.031113250 0.006681585 0.110035479 -0.012472529 -0.096110553 -0.097518310 0.990503550
89.000000 0.034150120 0.007417290 0.113463759 -0.011773799 -0.100267000 -0.100852609 0.989765942
90.000000 0.035393596 0.010133380 0.115784369 -0.010270406 -0.104075119 -0.104159899 0.989046812
91.000000 0.033994865 0.008869838 0.118509680 -0.010797677 -0.106914267 -0.106826343 0.988453805
92.000000 0.036777183 0.009404909 0.122429669 -0.010856576 -0.111092441 -0.108853117 0.987771034
93.000000 0.037123207 0.009274941 0.125598714 -0.011863025 -0.115024149 -0.109900795 0.987193227
94.000000 0.036735348 0.006000750 0.128484040 -0.013287744 -0.119243667 -0.111326672 0.986514449
95.000000 0.040546924 0.006261516 0.132251635 -0.014275793 -0.125132605 -0.113274835 0.985548973
96.000000 0.041244432 0.007204954 0.135681778 -0.014568074 -0.130119026 -0.116697952 0.984499037
97.000000 0.039143883 0.008495244 0.137996346 -0.012787914 -0.133747265 -0.119670786 0.983680367
98.000000 0.041699249 0.007866843 0.142065302 -0.012335218 -0.138633013 -0.123087250 0.982587516
99.000000 0.041474625 0.006277915 0.144773439 -0.012208951 -0.142857134 -0.126285106 0.981577694
100.000000 0.042512346 0.004189185 0.148838043 -0.010163084 -0.147426128 -0.128912956 0.980583370
101.000000 0.042491727 0.007306885 0.151187360 -0.007004488 -0.151457101 -0.130822971 0.979743361
102.000000 0.042060342 0.009190274 0.155076876 -0.004687539 -0.155895203 -0.132687822 0.978809774
103.000000 0.045870725 0.005310845 0.158751011 -0.002585541 -0.161909029 -0.134841055 0.977546275
104.000000 0.048278529 0.006829173 0.161077589 0.000187955 -0.166556701 -0.137079731 0.976456881
105.000000 0.045795664 0.007005056 0.162707821 0.002524154 -0.169675544 -0.138634399 0.975696862
106.000000 0.047699004 0.006840774 0.166548744 0.004951602 -0.174273267 -0.139535367 0.974748254
107.000000 0.048052471 0.004528241 0.169155717 0.005482477 -0.178563476 -0.140914977 0.973770022
108.000000 0.046974212 0.005589584 0.171455011 0.007763907 -0.182527632 -0.141987473 0.972863257
109.000000 0.046946548 0.004265971 0.173658505 0.010177923 -0.187731326 -0.142305732 0.971803725
110.000000 0.047525581 0.004522092 0.177258432 0.012815508 -0.193862587 -0.142174363 0.970587194
111.000000 0.048699845 0.005732108 0.178249031 0.015390954 -0.200218201 -0.141598955 0.969342828
112.000000 0.049043175 0.003469444 0.181333631 0.016710231 -0.206396744 -0.141713515 0.968007445
113.000000 0.047956593 0.002654089 0.184058249 0.018836450 -0.212261841 -0.141724661 0.966697574
114.000000 0.047921121 0.003529944 0.186235636 0.020793183 -0.218148395 -0.142101511 0.965290666
115.000000 0.049217887 0.001284754 0.189381152 0.021735378 -0.224136561 -0.143288985 0.963721275
116.000000 0.047168270 0.003464033 0.190015614 0.023884131 -0.228879482 -0.143486723 0.962525487
117.000000 0.048375539 0.001805704 0.193963468 0.024673074 -0.235890403 -0.143844083 0.960757971
118.000000 0.048273757 0.002588992 0.197445080 0.026579415 -0.242992729 -0.143779919 0.958944917
119.000000 0.049405836 0.003479086 0.200954556 0.028648136 -0.249423012 -0.144896939 0.957064450
120.000000 0.050117388 0.002857956 0.203153491 0.029573184 -0.256010711 -0.146129355 0.955107391
121.000000 0.050374776 0.002103126 0.207314253 0.031080766 -0.263109863 -0.147457749 0.952923596
122.000000 0.049766965 0.005413171 0.209334612 0.033214200 -0.269329786 -0.148278385 0.950984657
123.000000 0.050806046 0.003524930 0.213768139 0.033975579 -0.276002735 -0.148787349 0.948962867
124.000000 0.050891690 0.004351937 0.216166049 0.035626918 -0.282548457 -0.149142474 0.946917951
125.000000 0.049701087 0.005491595 0.218727559 0.037605472 -0.288746625 -0.150067538 0.944823265
126.000000 0.051947340 0.004417579 0.223249704 0.038385604 -0.295388013 -0.151604980 0.942490518
127.000000 0.052321143 0.001845250 0.226785690 0.038818292 -0.301670104 -0.153628707 0.940152407
128.000000 0.052344412 0.000807167 0.230291411 0.040102918 -0.307530522 -0.154388800 0.938072920
129.000000 0.053860620 0.003745120 0.232247189 0.041113947 -0.313101053 -0.155433834 0.936011612
130.000000 0.052519158 0.002306920 0.234237343 0.039657578 -0.318509370 -0.156448841 0.934078574
131.000000 0.053095676 0.001331957 0.237670511 0.039043602 -0.324906677 -0.156996146 0.931806564
132.000000 0.054806866 0.002747047 0.241294727 0.039638177 -0.331470311 -0.158359900 0.929235399
133.000000 0.055679113 0.001927423 0.244626045 0.039108366 -0.337977052 -0.160417378 0.926557243
134.000000 0.056055143 0.000796094 0.246314585 0.039922837 -0.344320863 -0.161862746 0.923931718
135.000000 0.056577049 0.004399973 0.249140486 0.041083913 -0.351049244 -0.163396552 0.921074450
136.000000 0.056416437 0.004599337 0.249484107 0.040257584 -0.357570797 -0.164699122 0.918366313
137.000000 0.057696141 0.006056278 0.251791894 0.039916590 -0.364066094 -0.165018871 0.915768147
138.000000 0.057506695 0.003799843 0.254764169 0.039095167 -0.371534020 -0.163962483 0.912989795
139.000000 0.057217151 0.005473075 0.257025242 0.039638236 -0.379425585 -0.163420126 0.909812570
140.000000 0.057597674 0.004156472 0.260861814 0.036863025 -0.394714594 -0.163034961 0.903471708
141.000000 0.056649610 0.004513049 0.262721777 0.036311701 -0.402475923 -0.161422551 0.900354028
142.000000 0.056631282 0.005490095 0.264722586 0.035267174 -0.410167575 -0.160221502 0.897133112
143.000000 0.055303752 0.003790162 0.265759230 0.033449326 -0.417375982 -0.158952817 0.894098639
144.000000 0.055014543 0.003184210 0.268320411 0.032810245 -0.424439192 -0.158101067 0.890942693
145.000000 0.053413883 0.004842171 0.269542128 0.033958472 -0.431384683 -0.156932026 0.887764812
146.000000 0.053637087 0.003981971 0.271366060 0.034961298 -0.438888699 -0.156037897 0.884198308
147.000000 0.054208823 0.007804597 0.272132158 0.035601161 -0.445493400 -0.156273365 0.880821645
148.000000 0.052221917 0.004913488 0.275053710 0.034218490 -0.452576190 -0.156202003 0.877271235
149.000000 0.053151563 0.008734417 0.278188407 0.034749761 -0.459637761 -0.156348005 0.873545051
150.000000 0.051909365 0.006400494 0.279862463 0.033895165 -0.465948075 -0.156753272 0.870156288
151.000000 0.050559059 0.005889332 0.282495141 0.033768523 -0.472428173 -0.156185552 0.866762578
152.000000 0.048511192 0.008877327 0.282857955 0.034748342 -0.478921205 -0.155258626 0.863320231
153.000000 0.046988271 0.007275337 0.285531789 0.035011161 -0.485561430 -0.155062184 0.859627843
154.000000 0.046986751 0.005689785 0.287203580 0.035020430 -0.491579443 -0.155209437 0.856173635
155.000000 0.042249188 0.009558201 0.292889357 0.035558287 -0.501490772 -0.153863490 0.850628436
156.000000 0.040804558 0.008285634 0.292918384 0.034002285 -0.507089317 -0.153139114 0.847497880
157.000000 0.039684780 0.007812314 0.294737041 0.033561416 -0.512995124 -0.152900219 0.843997121
158.000000 0.037915222 0.008382879 0.297632098 0.032957189 -0.519069850 -0.153354183 0.840215921
159.000000 0.035740539 0.006129787 0.299966931 0.032100245 -0.524935007 -0.154249474 0.836432874
160.000000 0.033933453 0.007661590 0.300840855 0.032799874 -0.530424714 -0.154787004 0.832835376
161.000000 0.030385703 0.006878229 0.305237323 0.032811627 -0.535825014 -0.156829461 0.828987062
162.000000 0.029444493 0.005503664 0.306841969 0.031465888 -0.541106939 -0.158250570 0.825330198
163.000000 0.026702851 0.004712691 0.308264256 0.030936901 -0.546978533 -0.158492103 0.821424186
164.000000 0.026217386 0.005834596 0.310078949 0.030547820 -0.553120315 -0.159166455 0.817184687
165.000000 0.023828551 0.005328923 0.311853856 0.029264649 -0.558637202 -0.159817293 0.813342750
166.000000 0.023017853 0.004684415 0.314458221 0.028518159 -0.564630985 -0.159326240 0.809316814
167.000000 0.021092981 0.006949115 0.315744489 0.029256651 -0.569979608 -0.158620283 0.805671751
168.000000 0.019101083 0.006145796 0.317291737 0.027861286 -0.575116158 -0.159060746 0.801975608
169.000000 0.017588288 0.004421839 0.319857478 0.027159618 -0.580526471 -0.158969387 0.798110366
170.000000 0.017864831 0.006399306 0.320999563 0.027378589 -0.586132109 -0.158182144 0.794152379
171.000000 0.013952278 0.004327051 0.322258323 0.025415737 -0.591115594 -0.158441469 0.790463567
172.000000 0.015066676 0.006105393 0.325283915 0.023794709 -0.596557856 -0.158107668 0.786482394
173.000000 0.012485743 0.006785663 0.325950086 0.021952530 -0.601849318 -0.156340703 0.782849371
174.000000 0.007363550 0.003026365 0.327244550 0.019343097 -0.607646644 -0.155033350 0.778688610
175.000000 0.005847581 0.006773558 0.325664222 0.017831931 -0.612756670 -0.152841449 0.775145650
176.000000 0.005223826 0.005077021 0.327766180 0.015512888 -0.619095027 -0.151048869 0.770496547
177.000000 0.004415751 0.004151646 0.328092426 0.013337250 -0.625292480 -0.149681345 0.765785158
178.000000 0.004029468 0.005799958 0.327612460 0.011900132 -0.631287396 -0.147989213 0.761205494
179.000000 0.004175924 0.005877696 0.328157455 0.010588229 -0.637589276 -0.145949036 0.756350935
180.000000 0.002131730 0.005556623 0.330378860 0.008383378 -0.644031405 -0.143883869 0.751299322
181.000000 0.002462965 0.005635538 0.330524266 0.006585550 -0.650115013 -0.141901702 0.746438861
182.000000 0.001774531 0.006181998 0.329288781 0.005859521 -0.656200349 -0.139820680 0.741496384
183.000000 0.002086770 0.006080380 0.328191638 0.003611902 -0.669627428 -0.136248842 0.730083764
184.000000 0.001777286 0.005927339 0.330208838 0.003827103 -0.677009940 -0.134278119 0.723610580
185.000000 0.000760322 0.004705206 0.331096947 0.003596926 -0.683734655 -0.133512989 0.717403889
186.000000 -0.000525692 0.002739141 0.334342301 0.002628308 -0.690617979 -0.133651435 0.710758150
187.000000 -0.002633722 0.010167917 0.332505375 0.003013927 -0.696428418 -0.132410452 0.705298483
188.000000 0.000565636 0.010984812 0.331291646 0.001648240 -0.702158868 -0.133511469 0.699388981
189.000000 -0.000347610 0.012153471 0.333161384 0.000555587 -0.708212078 -0.135010526 0.692970037
190.000000 -0.000149953 0.012914946 0.334594458 0.001533527 -0.714561760 -0.135326490 0.686356962
191.000000 0.001639472 0.005917307 0.333192140 0.001705939 -0.720352232 -0.136019215 0.680138648
192.000000 0.001986213 0.008894757 0.333842784 0.001458382 -0.725883186 -0.136065647 0.674223661
193.000000 0.005418951 0.005430643 0.328496039 0.000134361 -0.730296671 -0.137006968 0.669250190
194.000000 0.004592840 0.007588037 0.334429473 0.000818611 -0.736320496 -0.136723131 0.662675083
195.000000 0.002896996 0.006207248 0.334994972 -0.000040999 -0.741205096 -0.136276081 0.657300413
196.000000 0.002416734 0.006247537 0.337107092 -0.000974494 -0.746187925 -0.135615259 0.651775301
197.000000 0.002450939 0.007836116 0.337740779 -0.001594704 -0.751164913 -0.135272205 0.646103799
198.000000 0.002940178 0.008697638 0.337765813 -0.001990815 -0.755784333 -0.134273276 0.640903056
199.000000 0.003988940 0.006716731 0.339409202 -0.002923843 -0.760371029 -0.133383989 0.635638237
200.000000 0.005985130 0.014168852 0.335720092 -0.003549879 -0.764220834 -0.131456375 0.631405711
201.000000 0.006533481 0.013590988 0.337628782 -0.004534177 -0.768729866 -0.130652681 0.626070023
202.000000 0.004995041 0.013604519 0.339874804 -0.005047411 -0.773252130 -0.129441261 0.620725870
203.000000 0.004036531 0.007616895 0.342730671 -0.006191664 -0.777799368 -0.128941014 0.615113020
204.000000 0.003975801 0.010905106 0.340000272 -0.005829128 -0.781488776 -0.126921922 0.610845327
205.000000 0.006638020 0.012207838 0.339443833 -0.006252210 -0.785251558 -0.125078291 0.606379688
206.000000 0.007022470 0.011072896 0.338054955 -0.006660681 -0.789235711 -0.122742236 0.601661801
207.000000 0.001211166 0.004878707 0.345395297 -0.006880186 -0.794137061 -0.121221319 0.595486641
208.000000 0.004335336 0.010317668 0.343277276 -0.006922711 -0.797477841 -0.117793411 0.591697454
209.000000 0.002072707 0.008843344 0.346466005 -0.008413381 -0.801444113 -0.116553344 0.586542189
210.000000 0.002164498 0.006561801 0.342369318 -0.010115208 -0.804444790 -0.115538619 0.582595050
211.000000 0.000233240 0.005537204 0.342417210 -0.011132486 -0.807705641 -0.114286691 0.578295946
212.000000 0.004323952 0.011383424 0.343941361 -0.011396277 -0.811114788 -0.111444682 0.574058294
213.000000 0.003917277 0.007037539 0.341544360 -0.012973309 -0.813860476 -0.110554107 0.570298672
214.000000 0.006111085 0.009563157 0.339229852 -0.013506413 -0.816360652 -0.108825222 0.567036033
215.000000 0.005076021 0.004741466 0.337628633 -0.014285809 -0.818996906 -0.107725956 0.563413739
216.000000 0.005614802 0.007154536 0.336771160 -0.014591455 -0.821933210 -0.105054177 0.559621692
217.000000 0.002191588 0.008761814 0.340150654 -0.014776718 -0.825491786 -0.102575146 0.554818153
218.000000 -0.001550488 0.005307008 0.343957782 -0.015154883 -0.828897178 -0.100794896 0.550036550
219.000000 -0.000149406 0.007854996 0.342706025 -0.014184065 -0.831648946 -0.098544486 0.546303809
220.000000 0.001721673 0.000632679 0.337326616 -0.014291469 -0.833727300 -0.097383656 0.543333173
221.000000 -0.000706427 0.005674981 0.343596250 -0.012155757 -0.837030232 -0.094773486 0.538749158
222.000000 0.005182043 0.010451866 0.335198402 -0.010286600 -0.838270903 -0.091899984 0.537355006
223.000000 -0.000700191 -0.001177385 0.341682822 -0.011482838 -0.841298759 -0.090729706 0.532778203
224.000000 -0.000581294 0.007460890 0.341024280 -0.010651051 -0.843668640 -0.086913131 0.529675305
225.000000 -0.002533600 0.006926890 0.342211127 -0.010277669 -0.846541882 -0.084139138 0.525530040
226.000000 -0.006972954 0.001182102 0.344035536 -0.010548334 -0.849375188 -0.082849652 0.521139562
227.000000 -0.006375894 0.001898326 0.341824234 -0.009882035 -0.851615191 -0.079943761 0.517940938
228.000000 -0.002631709 0.005490337 0.334899187 -0.009096902 -0.852821887 -0.076570056 0.516477525
229.000000 -0.006599829 0.001515571 0.342434168 -0.009829566 -0.855342448 -0.074950136 0.512518406
230.000000 0.000288829 0.003608296 0.332511306 -0.009460038 -0.856001616 -0.072380118 0.511793613
231.000000 -0.003282145 -0.004525278 0.329837620 -0.010506038 -0.857732296 -0.070807062 0.509088576
232.000000 -0.002655163 -0.001666998 0.325378895 -0.008616926 -0.859131277 -0.067824312 0.507167578
233.000000 -0.008854941 -0.004909104 0.332500279 -0.008115732 -0.861473441 -0.065136552 0.503542244
234.000000 -0.007043555 0.002701966 0.332141399 -0.005566019 -0.862597942 -0.061876390 0.502060831
235.000000 -0.000689074 0.001534173 0.323956460 -0.003959883 -0.862616301 -0.060089193 0.502261639
236.000000 -0.002501741 -0.004742467 0.324640691 -0.003612283 -0.863719940 -0.058627363 0.500537336
237.000000 -0.000004321 -0.003637386 0.319173217 0.000911027 0.865002215 0.053852387 -0.498868942
238.000000 -0.011839449 0.000694285 0.330242634 -0.002185071 0.867513359 0.050648574 -0.494823724
239.000000 -0.011003643 -0.004155683 0.321459144 -0.004057776 0.867891788 0.048471835 -0.494366109
240.000000 -0.012648404 -0.005048785 0.324167043 -0.006221765 0.869408190 0.044476014 -0.492049336
241.000000 -0.012373701 -0.004994979 0.322135925 -0.008367054 0.870302856 0.040249094 -0.490798205
242.000000 -0.004959375 -0.010930637 0.304053605 -0.009979459 0.869133174 0.037495509 -0.493053794
243.000000 -0.010212600 -0.002158164 0.308389008 -0.013291309 0.870439470 0.032431889 -0.491026014
244.000000 -0.011924475 0.005999828 0.313261300 -0.015494916 0.871490300 0.027712215 -0.489383847
245.000000 -0.013563946 -0.003211608 0.316437900 -0.014493495 0.872560143 0.026068490 -0.487595290
246.000000 -0.008492053 0.008514244 0.308756828 -0.016919607 0.872526407 0.021403169 -0.487804472
247.000000 -0.008006006 -0.012454037 0.301219553 -0.014074793 0.872706354 0.019982789 -0.487633318
248.000000 -0.012622729 0.012759143 0.306695879 -0.019133467 0.874127209 0.012690662 -0.485154063
249.000000 -0.009026989 -0.004382527 0.299369842 -0.017577358 0.874124467 0.011538867 -0.485246658
250.000000 -0.013442099 0.019484473 0.299285948 -0.022540221 0.875178039 0.004674267 -0.483253032
251.000000 -0.002306953 -0.007396110 0.286763638 -0.019849444 0.874911368 0.003983895 -0.483859658
252.000000 -0.018070027 -0.009719096 0.297413409 -0.023120159 0.877676189 0.002105504 -0.478691369
253.000000 -0.019481048 0.006423274 0.296189100 -0.026897145 0.878880203 -0.004221425 -0.476264983
254.000000 -0.021675676 -0.021379758 0.297322720 -0.025641242 0.880494654 -0.003880863 -0.473346233
255.000000 -0.021732830 0.001717146 0.296019405 -0.031014366 0.881382406 -0.011097430 -0.471253663
256.000000 -0.024765313 0.004801176 0.294231862 -0.034410734 0.882509947 -0.014628900 -0.468804896
257.000000 -0.023196235 -0.009507574 0.293860048 -0.034002706 0.883730471 -0.015741330 -0.466493785
258.000000 -0.023897357 -0.020623866 0.290688813 -0.033730384 0.884811342 -0.016309055 -0.464440674
259.000000 -0.020419948 -0.020008743 0.286350876 -0.034581296 0.885726631 -0.019685680 -0.462498546
260.000000 -0.027542934 -0.028644886 0.286346257 -0.034954261 0.887549222 -0.022031466 -0.458856404
261.000000 -0.025022060 -0.026599877 0.278217822 -0.036535449 0.888058722 -0.025364975 -0.457573444
262.000000 -0.035096310 -0.018607372 0.293334961 -0.039562933 0.891081989 -0.028308572 -0.451227576
263.000000 -0.029404171 -0.014831618 0.275687993 -0.041127797 0.891099632 -0.030817155 -0.450888216
264.000000 -0.031794250 -0.008908965 0.279270947 -0.044197947 0.893114686 -0.034495316 -0.446321338
265.000000 -0.031940557 -0.035923101 0.282353222 -0.041849650 0.895157337 -0.033084732 -0.442546427
266.000000 -0.033284493 -0.020943722 0.275668621 -0.044940673 0.895918369 -0.036057260 -0.440466166
267.000000 -0.030508474 -0.012310578 0.274988890 -0.047707420 0.897302628 -0.038568538 -0.437132090
268.000000 -0.033926196 -0.027894482 0.271569431 -0.047116093 0.898778141 -0.038487218 -0.434161961
269.000000 -0.034129418 -0.024177108 0.268848240 -0.049314924 0.899623871 -0.041435849 -0.431888849
270.000000 -0.032008491 -0.029748902 0.269592285 -0.049511481 0.900691628 -0.042734265 -0.429507822
271.000000 -0.040116809 -0.029698698 0.275828958 -0.049335323 0.902829230 -0.044217035 -0.424864918
272.000000 -0.032586090 -0.036843326 0.260477662 -0.048056073 0.902908921 -0.045717761 -0.424683362
273.000000 -0.034251779 -0.011362484 0.263930321 -0.052920766 0.904583156 -0.050796632 -0.419938505
274.000000 -0.034034915 -0.036241740 0.253274590 -0.049107537 0.905339301 -0.049266115 -0.418953478
275.000000 -0.036944568 -0.013233939 0.258201599 -0.053604417 0.907110870 -0.052743170 -0.414118975
276.000000 -0.040958948 -0.038213149 0.254330397 -0.049791262 0.908546567 -0.051493473 -0.411597282
277.000000 -0.041948125 -0.032354113 0.252128720 -0.052499216 0.909552395 -0.053417824 -0.408784539
278.000000 -0.037398092 -0.027628124 0.250111997 -0.054408275 0.910306811 -0.054940719 -0.406648219
279.000000 -0.040771715 -0.018595304 0.250286162 -0.056684334 0.911432266 -0.055946656 -0.403668284
280.000000 -0.043978781 -0.037459008 0.249061346 -0.053382978 0.912988901 -0.054684028 -0.400763243
281.000000 -0.049659416 -0.033978976 0.251472831 -0.054080065 0.914736867 -0.056152165 -0.396457702
282.000000 -0.051375262 -0.017046439 0.253035903 -0.057989839 0.916425347 -0.057983682 -0.391713768
283.000000 -0.043044366 -0.024860093 0.240743458 -0.055975746 0.917215645 -0.057588540 -0.390212446
284.000000 -0.049418367 -0.027166191 0.242198646 -0.056391761 0.919577181 -0.056392822 -0.384730458
285.000000 -0.045381658 -0.026472678 0.233393341 -0.055359699 0.920745611 -0.057103731 -0.381971121
286.000000 -0.052626446 -0.029511595 0.244985983 -0.053768434 0.923775017 -0.056760941 -0.374869168
287.000000 -0.060050398 -0.039303839 0.249115825 -0.051213391 0.926482201 -0.055234406 -0.368723452
288.000000 -0.052632377 -0.031758077 0.237894624 -0.050474111 0.927531898 -0.055683844 -0.366109580
289.000000 -0.065649696 -0.035702556 0.244424075 -0.047153100 0.930297613 -0.055624422 -0.359484166
290.000000 -0.063435271 -0.027270488 0.237100840 -0.046738744 0.931471884 -0.057500906 -0.356187135
291.000000 -0.068178177 -0.015138317 0.246889114 -0.047536317 0.933983088 -0.059005063 -0.349190861
292.000000 -0.065273643 -0.031366479 0.237663135 -0.042985387 0.935193121 -0.056149267 -0.347006291
293.000000 -0.062800616 -0.026115982 0.229598776 -0.042535864 0.936184883 -0.055921882 -0.344414443
294.000000 -0.070902638 -0.023845270 0.236330450 -0.041915480 0.938397706 -0.056461532 -0.338326663
295.000000 -0.072175294 -0.028483475 0.227225557 -0.040045749 0.939474583 -0.056316897 -0.335577548
296.000000 -0.081976503 -0.045098178 0.236661196 -0.036758672 0.942009747 -0.054296210 -0.329117477
297.000000 -0.086143419 -0.028631315 0.235277951 -0.039109729 0.943348825 -0.055438001 -0.324792325
298.000000 -0.062430598 -0.020431496 0.219856650 -0.039000150 0.943124175 -0.055479411 -0.325450212
299.000000 -0.070700094 -0.038187720 0.219642341 -0.034319885 0.945057511 -0.053138159 -0.320725322
300.000000 -0.073865540 -0.019261088 0.223402321 -0.036449544 0.946702003 -0.053655285 -0.315512002
301.000000 -0.071599886 -0.035849836 0.212822214 -0.032018308 0.947725594 -0.050415467 -0.313447356
302.000000 -0.071728013 -0.038042568 0.210666448 -0.030574691 0.949139357 -0.049215462 -0.309479475
303.000000 -0.072962694 -0.035418138 0.208386704 -0.030586770 0.950486600 -0.048517115 -0.305427283
304.000000 -0.078269452 -0.035183091 0.207754999 -0.030638337 0.952060521 -0.047218695 -0.300686568
305.000000 -0.079695374 -0.036342394 0.205974132 -0.030846527 0.953569531 -0.046354618 -0.295981139
306.000000 -0.082763106 -0.034510333 0.204644620 -0.031824570 0.955013216 -0.046602979 -0.291144550
307.000000 -0.086261660 -0.034995951 0.204220682 -0.032759439 0.956402600 -0.046133224 -0.286518008
308.000000 -0.086252384 -0.034188353 0.202618033 -0.033375021 0.957654357 -0.044901606 -0.282432377
309.000000 -0.090936974 -0.033607271 0.199242711 -0.033583719 0.958988488 -0.043879967 -0.278006703
310.000000 -0.091176994 -0.037211105 0.199622348 -0.032914814 0.960376620 -0.043203119 -0.273362070
311.000000 -0.093676478 -0.034440514 0.195588887 -0.033101361 0.961533248 -0.043603089 -0.269178212
312.000000 -0.099778272 -0.034261741 0.199649006 -0.032539051 0.963285446 -0.042691872 -0.263058484
313.000000 -0.094983779 -0.033351794 0.195234150 -0.031231670 0.964463413 -0.042755350 -0.258856922
314.000000 -0.102439679 -0.033080101 0.195782483 -0.030468084 0.966217995 -0.042066731 -0.252437860
315.000000 -0.099465735 -0.033263359 0.192487374 -0.030312791 0.967454731 -0.040944301 -0.247862920
316.000000 -0.103386976 -0.031275027 0.193186820 -0.031028993 0.968686283 -0.039892852 -0.243089765
317.000000 -0.106413990 -0.034792334 0.192021355 -0.029660175 0.969866753 -0.037513755 -0.238896355
318.000000 -0.102471344 -0.028726239 0.187154382 -0.029423317 0.970430672 -0.036812756 -0.236734763
319.000000 -0.105305895 -0.029548043 0.187147379 -0.028220870 0.971412182 -0.036016971 -0.232947916
320.000000 -0.102131173 -0.024045708 0.182969898 -0.027386615 0.971911371 -0.036411595 -0.230894923
321.000000 -0.114161968 -0.028895471 0.187284648 -0.025954623 0.973126829 -0.034756783 -0.226146922
322.000000 -0.114666112 -0.023610484 0.186947823 -0.025268603 0.973738253 -0.033847030 -0.223717958
323.000000 -0.114459693 -0.026692983 0.182794780 -0.023690788 0.974442959 -0.032562107 -0.220996410
324.000000 -0.117923401 -0.030386109 0.182914227 -0.023386724 0.975348234 -0.030939955 -0.217236266
325.000000 -0.120226786 -0.028706379 0.181183770 -0.023093227 0.976046145 -0.030071916 -0.214234114
326.000000 -0.120528415 -0.023648549 0.178400651 -0.022878777 0.976633787 -0.029476278 -0.211646408
327.000000 -0.119444385 -0.021643762 0.176418290 -0.022374066 0.977055669 -0.028685430 -0.209854066
328.000000 -0.118804485 -0.024268037 0.174345404 -0.021517260 0.977358401 -0.027224660 -0.208725587
329.000000 -0.123462737 -0.024571480 0.176793829 -0.020150015 0.977862537 -0.025965050 -0.206651121
330.000000 -0.125117451 -0.028605361 0.172937810 -0.019324999 0.978150308 -0.024450745 -0.205549672
331.000000 -0.131220981 -0.027181862 0.174823716 -0.019061657 0.978601217 -0.023008289 -0.203585178
332.000000 -0.129562914 -0.024553001 0.171395302 -0.018776702 0.978732944 -0.021784963 -0.203112304
333.000000 -0.132502049 -0.025004158 0.167750269 -0.018737083 0.978977978 -0.020827629 -0.202032655
334.000000 -0.134400666 -0.022960192 0.163314253 -0.019787235 0.979064941 -0.019726666 -0.201621234
335.000000 -0.129061013 -0.023092533 0.159290686 -0.019221425 0.978897214 -0.016732514 -0.202757910
336.000000 -0.133635804 -0.023228619 0.155590951 -0.019473389 0.979086578 -0.014179789 -0.202012837
337.000000 -0.122933820 -0.024990158 0.155079335 -0.018917324 0.979015529 -0.012113407 -0.202543646
338.000000 -0.119096592 -0.027022688 0.149663866 -0.018313393 0.979166150 -0.010102094 -0.201980680
339.000000 -0.121040806 -0.025133042 0.144878045 -0.018343138 0.979384720 -0.009675130 -0.200936466
340.000000 -0.131741107 -0.034481380 0.146428928 -0.017263165 0.980045259 -0.008461121 -0.197842553
341.000000 -0.128632814 -0.031929161 0.143540442 -0.017352207 0.980195343 -0.008801477 -0.197075024
342.000000 -0.125088915 -0.026218930 0.138057977 -0.018311610 0.980105996 -0.009219036 -0.197413191
343.000000 -0.119753681 -0.020620985 0.134299114 -0.018404536 0.979986608 -0.008711081 -0.198019326
344.000000 -0.134115234 -0.030265979 0.135144055 -0.017139802 0.980653226 -0.006243044 -0.194901377
345.000000 -0.134885162 -0.023624701 0.132434547 -0.018113906 0.980798185 -0.006615059 -0.194069713
346.000000 -0.134253398 -0.033086937 0.129548401 -0.016776370 0.980943084 -0.005355393 -0.193495542
347.000000 -0.145765454 -0.022645148 0.128874719 -0.018042125 0.981271267 -0.006668005 -0.191668093
348.000000 -0.145462051 -0.021218881 0.124783732 -0.017367724 0.981226683 -0.006152513 -0.191975817
349.000000 -0.146916270 -0.024188830 0.122405782 -0.016337002 0.981258273 -0.004641535 -0.191947356
350.000000 -0.145902902 -0.022591023 0.119640052 -0.015244867 0.981237233 -0.003903373 -0.192161128
351.000000 -0.149882928 -0.025241476 0.116962329 -0.014188161 0.981383383 -0.002198770 -0.191521689
352.000000 -0.147443727 -0.023037925 0.113012567 -0.013310996 0.981368303 -0.001237189 -0.191670388
353.000000 -0.149017364 -0.025010929 0.110554546 -0.012064149 0.981569469 -0.000169220 -0.190724373
354.000000 -0.151605651 -0.024289615 0.109183840 -0.011481388 0.981792748 -0.000521136 -0.189607456
355.000000 -0.153681204 -0.023966264 0.106636435 -0.010875455 0.982023299 -0.000703731 -0.188444853
356.000000 -0.150150418 -0.020862678 0.102415428 -0.009108910 0.982251704 -0.001536335 -0.187339902
357.000000 -0.154177636 -0.018808637 0.101671286 -0.008495003 0.982742310 -0.002781363 -0.184763893
358.000000 -0.154213905 -0.021790678 0.098660514 -0.007797978 0.983094692 -0.003532142 -0.182897702
359.000000 -0.152302459 -0.018817287 0.096131906 -0.007056143 0.983400643 -0.003282886 -0.181280509
360.000000 -0.152909532 -0.020897871 0.092722781 -0.005779055 0.983903885 -0.001342133 -0.178599894
361.000000 -0.156537905 -0.017883487 0.092916638 -0.005230989 0.984661222 -0.000926260 -0.174396276
362.000000 -0.156534806 -0.019717148 0.088163897 -0.004588811 0.985352516 -0.000398067 -0.170467734
363.000000 -0.156120375 -0.024612388 0.087033980 -0.004725455 0.986001015 0.001565994 -0.166665122
364.000000 -0.156060442 -0.022195773 0.084652185 -0.004458968 0.986625671 0.001898806 -0.162930518
365.000000 -0.158773229 -0.025411550 0.083392568 -0.005016366 0.987259030 0.001425020 -0.159035996
366.000000 -0.156445801 -0.017561072 0.080144174 -0.005917350 0.987744212 -0.000599157 -0.155968204
367.000000 -0.158844098 -0.016500594 0.076723427 -0.006005719 0.988440812 0.000231344 -0.151488021
368.000000 -0.159487650 -0.022896461 0.074926853 -0.006270952 0.989147484 0.002144977 -0.146776810
369.000000 -0.159393504 -0.020490766 0.071986578 -0.006244043 0.989830077 0.002104196 -0.142102107
370.000000 -0.160498798 -0.024557263 0.069988549 -0.005994498 0.990554869 0.002466330 -0.136963472
371.000000 -0.158677623 -0.020313231 0.065770276 -0.005887271 0.991183341 0.000358641 -0.132366240
372.000000 -0.158971027 -0.020822417 0.064196266 -0.005255756 0.991854489 -0.000740992 -0.127265498
373.000000 -0.162986666 -0.021879463 0.061123796 -0.004766070 0.992550671 -0.002903277 -0.121704705
374.000000 -0.163174585 -0.016511578 0.058784675 -0.004593483 0.993110895 -0.006150573 -0.116926439
375.000000 -0.162793219 -0.021402456 0.057495639 -0.003544157 0.993577302 -0.006199972 -0.112930007
376.000000 -0.167970479 -0.020525817 0.056486268 -0.002222368 0.994055629 -0.006790500 -0.108638428
377.000000 -0.165510327 -0.022976333 0.052815564 -0.001061000 0.994348049 -0.008905705 -0.105790168
378.000000 -0.167060941 -0.023849320 0.050507139 -0.000350712 0.994791925 -0.010083545 -0.101426288
379.000000 -0.165848970 -0.018549180 0.046908565 -0.000261497 0.995195508 -0.010849250 -0.097304411
380.000000 -0.166849196 -0.018211789 0.044796698 -0.000098017 0.995596111 -0.011582554 -0.093028493
381.000000 -0.170675576 -0.018825678 0.043981895 0.000465584 0.995934665 -0.011978588 -0.089277662
382.000000 -0.173855454 -0.016234241 0.041760780 0.001657404 0.996255517 -0.012318112 -0.085559830
383.000000 -0.168762147 -0.024526805 0.037343957 0.003134244 0.996514797 -0.011664622 -0.082536735
384.000000 -0.173854008 -0.019600712 0.036977179 0.004588625 0.996832311 -0.013382527 -0.078264132
385.000000 -0.171730965 -0.021842854 0.032213878 0.005351380 0.997030735 -0.013635874 -0.075598784
386.000000 -0.176085740 -0.019037498 0.031468756 0.006000138 0.997316837 -0.014441387 -0.071515866
387.000000 -0.177852526 -0.020375704 0.028039793 0.006654878 0.997559667 -0.015466280 -0.067758493
388.000000 -0.181921497 -0.022376372 0.028034981 0.006605637 0.997779965 -0.016838448 -0.064093426
389.000000 -0.181270123 -0.024175968 0.024040936 0.006463131 0.997914016 -0.017993487 -0.061661087
390.000000 -0.181342646 -0.025286846 0.023034224 0.006522085 0.998055995 -0.018642686 -0.059111107
391.000000 -0.177374080 -0.019422829 0.020415062 0.006270838 0.998083770 -0.021370023 -0.057730064
392.000000 -0.182338908 -0.020068357 0.014419659 0.006464127 0.998138905 -0.022941271 -0.056131028
393.000000 -0.181714758 -0.022325097 0.011449005 0.006987541 0.998175561 -0.024102842 -0.054915771
394.000000 -0.184934258 -0.016854279 0.013534142 0.007966736 0.998226047 -0.026367100 -0.052783500
395.000000 -0.188601017 -0.018802775 0.008872237 0.008079844 0.998236120 -0.027487174 -0.051998071
396.000000 -0.186597884 -0.025062073 0.006195223 0.008875325 0.998226523 -0.028932011 -0.051263895
397.000000 -0.192882180 -0.027102713 0.002816865 0.008540940 0.998284936 -0.030988870 -0.048928387
398.000000 -0.190768659 -0.025273552 -0.001293097 0.008039772 0.998306930 -0.032316457 -0.047689416
399.000000 -0.187372133 -0.025130702 -0.004314806 0.008049997 0.998354316 -0.033079453 -0.046147689
400.000000 -0.197416365 -0.025233403 -0.001613058 0.007470504 0.998465359 -0.035170916 -0.042120267
401.000000 -0.198920473 -0.025767675 -0.005834533 0.006983989 0.998529375 -0.036602214 -0.039377604
402.000000 -0.197575599 -0.025326790 -0.009669015 0.007137349 0.998521149 -0.038677622 -0.037532028
403.000000 -0.194565445 -0.027693054 -0.012475925 0.008096478 0.998468876 -0.041385669 -0.035798896
404.000000 -0.195638120 -0.024393283 -0.015554472 0.007109955 0.998426914 -0.044801220 -0.032955661
405.000000 -0.203982502 -0.025150655 -0.016741127 0.005399689 0.998470902 -0.046240207 -0.029808413
406.000000 -0.199059442 -0.028971054 -0.014610695 0.005283694 0.998390257 -0.048549190 -0.028844627
407.000000 -0.200143859 -0.031394720 -0.020073902 0.004959381 0.998338282 -0.050469384 -0.027366420
408.000000 -0.200653479 -0.034417506 -0.022542585 0.004911652 0.998347461 -0.051237043 -0.025554730
409.000000 -0.202878192 -0.030887917 -0.023635445 0.005043518 0.998329639 -0.052569319 -0.023427945
410.000000 -0.200150400 -0.032500256 -0.027712062 0.005857940 0.998232484 -0.054892622 -0.022008969
411.000000 -0.203236192 -0.035287380 -0.027883939 0.005447188 0.998178542 -0.056624919 -0.020087766
412.000000 -0.204359353 -0.034357406 -0.029408855 0.005490626 0.998101890 -0.058435172 -0.018649707
413.000000 -0.203429744 -0.035323385 -0.033857137 0.006092723 0.998061597 -0.059400901 -0.017533356
414.000000 -0.204053044 -0.035789564 -0.036621585 0.007096762 0.998053908 -0.059828274 -0.016082376
415.000000 -0.200918153 -0.035110451 -0.038370483 0.008851110 0.997987390 -0.061051812 -0.014681635
416.000000 -0.206286103 -0.034409396 -0.040238544 0.010760728 0.997913361 -0.062614374 -0.011513200
417.000000 -0.202591062 -0.035133712 -0.042058479 0.011941473 0.997813761 -0.064331330 -0.009304769
418.000000 -0.207861274 -0.039620232 -0.045502581 0.011590846 0.997697711 -0.066487819 -0.006655132
419.000000 -0.208012953 -0.038273450 -0.048331473 0.011235793 0.997484148 -0.069804594 -0.005142783
420.000000 -0.210641965 -0.037499405 -0.050193846 0.010446196 0.997384548 -0.071417317 -0.003808253
421.000000 -0.205632880 -0.038141582 -0.055297919 0.010644019 0.997267067 -0.072975367 -0.004439513
422.000000 -0.206250101 -0.038999222 -0.056316778 0.009944431 0.997181237 -0.074249715 -0.004204410
423.000000 -0.207198754 -0.041160926 -0.060646757 0.009966919 0.997086406 -0.075476855 -0.004747290
424.000000 -0.210439488 -0.040046867 -0.062193483 0.009275809 0.996865749 -0.078391872 -0.005232813
425.000000 -0.209948540 -0.040011916 -0.065697759 0.007509658 0.996722043 -0.080268882 -0.006756395
426.000000 -0.209494233 -0.043702848 -0.068868563 0.005674051 0.996723473 -0.080251597 -0.008353414
427.000000 -0.208747044 -0.041472130 -0.071076669 0.004223262 0.996675432 -0.080679372 -0.010540818
428.000000 -0.209691852 -0.040644005 -0.073522307 0.002721186 0.996604443 -0.081439458 -0.011825621
429.000000 -0.206422269 -0.043009747 -0.079406932 0.001897150 0.996596158 -0.081365958 -0.013119857
430.000000 -0.205619499 -0.041528922 -0.081135333 0.001900479 0.996536493 -0.081906766 -0.014233805
431.000000 -0.207074448 -0.044038851 -0.084141776 0.002414713 0.996459901 -0.082795665 -0.014378615
432.000000 -0.208447084 -0.044977933 -0.086410709 0.002402556 0.996330500 -0.084291287 -0.014654458
433.000000 -0.212041691 -0.042593434 -0.088754728 0.002525151 0.996197939 -0.085696988 -0.015470101
434.000000 -0.206806913 -0.043575421 -0.093316741 0.003992575 0.996106744 -0.086457066 -0.016750319
435.000000 -0.207582340 -0.041979384 -0.098457418 0.004691481 0.995854139 -0.089215644 -0.017119383
436.000000 -0.207285181 -0.046176687 -0.099119216 0.003424701 0.995640516 -0.091434352 -0.018110789
437.000000 -0.209848389 -0.047300968 -0.102883980 0.001795639 0.995486319 -0.092967883 -0.018992970
438.000000 -0.208105013 -0.045862392 -0.105846256 -0.000051298 0.995282590 -0.094818123 -0.020543549
439.000000 -0.207904428 -0.047059905 -0.107300088 -0.001453531 0.995058954 -0.096936487 -0.021421084
440.000000 -0.203706875 -0.046401776 -0.112176843 -0.002129261 0.994785011 -0.099299811 -0.023188855
441.000000 -0.202705905 -0.049968690 -0.112300538 -0.002656522 0.994575322 -0.101084188 -0.024390016
442.000000 -0.206194744 -0.045628820 -0.115493692 -0.002992333 0.994272888 -0.103878446 -0.024934832
443.000000 -0.201648012 -0.049807467 -0.120099202 -0.002908282 0.994179845 -0.104155973 -0.027378242
444.000000 -0.202666730 -0.042939376 -0.121921018 -0.002342637 0.994047523 -0.105263822 -0.027991366
445.000000 -0.201113403 -0.046732623 -0.125683427 -0.002562682 0.994140446 -0.104230210 -0.028534003
446.000000 -0.202636763 -0.046827052 -0.127369344 -0.002504259 0.994246364 -0.103284314 -0.028288541
447.000000 -0.206256971 -0.047326129 -0.129180476 -0.002718471 0.994193614 -0.103868067 -0.027983082
448.000000 -0.198907807 -0.046193033 -0.132446289 -0.003035692 0.994034469 -0.104903519 -0.029688990
449.000000 -0.206126064 -0.049754921 -0.136171073 -0.001948321 0.994134486 -0.104129910 -0.029151689
450.000000 -0.202870294 -0.046364404 -0.138229653 -0.000638996 0.993811548 -0.106939413 -0.030035686
451.000000 -0.202611461 -0.049762830 -0.141028583 0.000016930 0.993618190 -0.108518846 -0.030764610
452.000000 -0.207022727 -0.045145802 -0.140696973 0.000499320 0.993326902 -0.111024909 -0.031223303
453.000000 -0.210476696 -0.046269462 -0.142561093 0.000460099 0.993174434 -0.112238273 -0.031731702
454.000000 -0.204937294 -0.047298748 -0.148427725 0.001619116 0.993137956 -0.112077467 -0.033362057
455.000000 -0.210223183 -0.050121777 -0.149254054 0.001850889 0.993148446 -0.112134978 -0.032839511
456.000000 -0.209536880 -0.048418295 -0.151481986 0.001622117 0.992864847 -0.114417717 -0.033545934
457.000000 -0.207902506 -0.048446458 -0.155754298 0.002094426 0.992652297 -0.116025306 -0.034280594
458.000000 -0.215108365 -0.047926903 -0.157918274 0.001769365 0.992349267 -0.118980713 -0.032914683
459.000000 -0.212568909 -0.050669208 -0.159190148 0.001165547 0.992126226 -0.120796517 -0.033050273
460.000000 -0.215197414 -0.050761990 -0.164077014 0.000488699 0.991936088 -0.122487798 -0.032546151
461.000000 -0.212042511 -0.048700467 -0.167050496 0.000619237 0.991498768 -0.125763446 -0.033367384
462.000000 -0.217334464 -0.046997212 -0.170451194 -0.000405253 0.991177380 -0.128389239 -0.032915615
463.000000 -0.211905286 -0.043369420 -0.174079627 -0.001131080 0.990823209 -0.130733639 -0.034305185
464.000000 -0.211021632 -0.048709221 -0.175988466 -0.002168623 0.990673184 -0.131462708 -0.035770349
465.000000 -0.219087571 -0.049445175 -0.177030772 -0.003015490 0.990611255 -0.132032722 -0.035321012
466.000000 -0.217228487 -0.050494213 -0.180515230 -0.003708033 0.990586162 -0.131847933 -0.036625341
467.000000 -0.216421336 -0.051988054 -0.186004385 -0.003662467 0.990454853 -0.132411346 -0.038119387
468.000000 -0.219871446 -0.053039383 -0.188195989 -0.003838305 0.990213513 -0.133921728 -0.039081901
469.000000 -0.220941126 -0.055899303 -0.189521700 -0.003070362 0.990167081 -0.134254828 -0.039182957
470.000000 -0.216727227 -0.054003030 -0.194174439 -0.004063263 0.989522934 -0.138304725 -0.041226059
471.000000 -0.220711544 -0.052304249 -0.197915852 -0.005557116 0.988603354 -0.144368932 -0.042309273
472.000000 -0.222868532 -0.056273706 -0.199338362 -0.007504408 0.987872303 -0.148692816 -0.044073418
473.000000 -0.225011691 -0.055862710 -0.203719094 -0.008741836 0.987479210 -0.150784060 -0.045525663
474.000000 -0.225488722 -0.056169935 -0.205947056 -0.009546627 0.987182140 -0.152135983 -0.047274999
475.000000 -0.227302492 -0.059147689 -0.208658546 -0.010175607 0.986709476 -0.154874489 -0.048111390
476.000000 -0.229909450 -0.057918306 -0.212169498 -0.011320827 0.986279905 -0.157214373 -0.049065579
477.000000 -0.225353360 -0.061341930 -0.216093212 -0.010626632 0.986146450 -0.157619834 -0.050579354
478.000000 -0.228986457 -0.061093539 -0.218803614 -0.010779833 0.985875368 -0.159536794 -0.049814932
479.000000 -0.232718065 -0.065473877 -0.220059276 -0.011000891 0.985722005 -0.160854667 -0.048548069
480.000000 -0.235917687 -0.063752443 -0.220944554 -0.011681852 0.985487044 -0.162659422 -0.047124770
481.000000 -0.234446332 -0.065513447 -0.225101799 -0.011332626 0.985304177 -0.164102226 -0.046017490
482.000000 -0.235676542 -0.061041370 -0.226815298 -0.011434594 0.984724164 -0.167933926 -0.044561885
483.000000 -0.230590999 -0.064567529 -0.229078352 -0.011479517 0.984570444 -0.168897897 -0.044303175
484.000000 -0.235621855 -0.064791635 -0.230016157 -0.011686659 0.984493554 -0.169807181 -0.042442594
485.000000 -0.230610877 -0.068492785 -0.233794332 -0.011720866 0.984487712 -0.169908524 -0.042162061
486.000000 -0.232844919 -0.069027007 -0.233910307 -0.011290215 0.984427512 -0.170744345 -0.040265501
487.000000 -0.234353274 -0.068064079 -0.236667663 -0.011213331 0.984212518 -0.172469482 -0.038134731
488.000000 -0.235186562 -0.065601870 -0.239586726 -0.010591711 0.983899057 -0.174830064 -0.035565674
489.000000 -0.239559069 -0.067927815 -0.240732923 -0.010777154 0.983848333 -0.175713539 -0.032420553
490.000000 -0.239731714 -0.065290615 -0.242663294 -0.010086721 0.983782828 -0.176708832 -0.029044297
491.000000 -0.235182986 -0.066016875 -0.249116033 -0.008889956 0.983738601 -0.177448764 -0.026291780
492.000000 -0.234967828 -0.066853479 -0.248919487 -0.008630341 0.983744502 -0.178043231 -0.021744685
493.000000 -0.234051481 -0.064689934 -0.252057999 -0.008622697 0.983604133 -0.179229394 -0.018039076
494.000000 -0.249366865 -0.068204731 -0.251989931 -0.009255480 0.983559370 -0.180012867 -0.010982122
495.000000 -0.239896059 -0.069672346 -0.255022079 -0.007898974 0.983350635 -0.181370959 -0.007979050
496.000000 -0.238387585 -0.074087903 -0.252871364 -0.006650934 0.983318031 -0.181722075 -0.004294243
497.000000 -0.234674439 -0.063073941 -0.261036575 -0.006237548 0.982763767 -0.184749037 -0.002064956
498.000000 -0.233291209 -0.067974746 -0.259563565 -0.006269022 0.982940316 -0.183817908 -0.000032233
499.000000 -0.233365282 -0.066231787 -0.264801949 -0.006212380 0.982857287 -0.184250638 0.002165469
500.000000 -0.233200967 -0.067236245 -0.266615927 -0.005600604 0.982440591 -0.186421826 0.005101267
501.000000 -0.238347903 -0.063972697 -0.264314294 -0.005666823 0.981856108 -0.189336225 0.008847225
502.000000 -0.237680599 -0.070554927 -0.267165154 -0.006032463 0.981892228 -0.189007193 0.011293377
503.000000 -0.231349558 -0.068301551 -0.272419184 -0.005359032 0.981712580 -0.189853072 0.012942683
504.000000 -0.229658350 -0.066862136 -0.276100576 -0.004804239 0.981677473 -0.189846307 0.015642604
505.000000 -0.228272334 -0.068935812 -0.279856175 -0.003192989 0.981659293 -0.189671069 0.018964596
506.000000 -0.227203369 -0.066076905 -0.282675058 -0.001649762 0.981328368 -0.190981463 0.022759046
507.000000 -0.229043946 -0.068448871 -0.286344379 -0.000973880 0.981169760 -0.191316754 0.026510155
508.000000 -0.229046911 -0.066982925 -0.288631737 -0.000160372 0.980788887 -0.192763478 0.029922195
509.000000 -0.227961257 -0.067866176 -0.290420145 0.001432705 0.980360568 -0.194311500 0.033677023
510.000000 -0.228302345 -0.068864226 -0.294784307 0.002370202 0.980146468 -0.194683447 0.037491370
511.000000 -0.230543196 -0.069291174 -0.296123981 0.003577570 0.979957283 -0.194923714 0.040933911
512.000000 -0.224184945 -0.069995299 -0.300074577 0.005635924 0.979782104 -0.195683122 0.041272420
513.000000 -0.223001808 -0.070677549 -0.303129137 0.007312183 0.979497671 -0.196625218 0.043236431
514.000000 -0.222369567 -0.070331350 -0.306310982 0.008696269 0.979249835 -0.197438240 0.044858389
515.000000 -0.225160271 -0.070139751 -0.306742430 0.010463940 0.978947282 -0.198498547 0.046379350
516.000000 -0.219362184 -0.068431824 -0.310485959 0.012291147 0.978655040 -0.199681357 0.047017433
517.000000 -0.213445529 -0.066666231 -0.314174116 0.014186134 0.978288174 -0.201275185 0.047320690
518.000000 -0.214582458 -0.072079472 -0.317179143 0.015528165 0.978156805 -0.201478347 0.048730306
519.000000 -0.217208087 -0.071925849 -0.318563372 0.015538633 0.977840364 -0.202519014 0.050722837
520.000000 -0.212068617 -0.071775377 -0.320144981 0.017007865 0.977637887 -0.203169197 0.051547099
521.000000 -0.213694409 -0.073577166 -0.322588116 0.018247306 0.977417171 -0.203495920 0.053963438
522.000000 -0.211828411 -0.073492572 -0.324928522 0.018492721 0.977208436 -0.203896478 0.056106202
523.000000 -0.210362673 -0.072868958 -0.328510135 0.019013377 0.977146983 -0.203424707 0.058656748
524.000000 -0.213312641 -0.078565955 -0.326426029 0.019351205 0.977419853 -0.201152191 0.061755203
525.000000 -0.209933713 -0.076438874 -0.331643522 0.020906186 0.977317810 -0.200614795 0.064548209
526.000000 -0.211468682 -0.078083590 -0.331811666 0.022326415 0.977340579 -0.199091658 0.068332806
527.000000 -0.208041534 -0.075216070 -0.335727930 0.024553649 0.977307916 -0.197892785 0.071447410
528.000000 -0.207721174 -0.076257914 -0.336198449 0.027154757 0.977432072 -0.195608780 0.075009160
529.000000 -0.206509873 -0.075558789 -0.338559985 0.028846977 0.977445900 -0.193883404 0.078591377
530.000000 -0.208601102 -0.075644687 -0.339066088 0.029646358 0.977618992 -0.191284522 0.082415931
531.000000 -0.207123980 -0.075094827 -0.342194200 0.031182203 0.977823138 -0.188820809 0.085065790
532.000000 -0.208505005 -0.071036436 -0.345853359 0.032016646 0.977837920 -0.187073618 0.088382356
533.000000 -0.207111090 -0.069749445 -0.344379574 0.033534948 0.977707446 -0.185997352 0.091479085
534.000000 -0.205642000 -0.073988885 -0.346468180 0.034494992 0.977868259 -0.183659226 0.094090551
535.000000 -0.207231194 -0.071357399 -0.345425248 0.036165956 0.977706909 -0.182234824 0.097834744
536.000000 -0.205661952 -0.073781870 -0.348954916 0.036605559 0.977721155 -0.180404201 0.100874588
537.000000 -0.205486581 -0.070949912 -0.348743498 0.037302997 0.977806151 -0.178005859 0.104007185
538.000000 -0.207098067 -0.070806511 -0.349213034 0.037079394 0.977994323 -0.174832195 0.107637711
539.000000 -0.204728633 -0.072760366 -0.353172570 0.036612071 0.978235066 -0.172032356 0.110093445
540.000000 -0.205196559 -0.071481548 -0.352921218 0.037078422 0.978065073 -0.170212343 0.114200145
541.000000 -0.205619425 -0.072050817 -0.356808662 0.037535120 0.977870166 -0.168275073 0.118509911
542.000000 -0.205357820 -0.067758232 -0.357933640 0.037588164 0.977544606 -0.166932523 0.122992463
543.000000 -0.206352323 -0.067192070 -0.357577801 0.038044497 0.977124035 -0.165399343 0.128157392
544.000000 -0.210144788 -0.068905205 -0.357762396 0.038352035 0.976558089 -0.164030313 0.134005547
545.000000 -0.210307971 -0.064768150 -0.360225618 0.038610648 0.975970268 -0.162407681 0.140053630
546.000000 -0.210586205 -0.064413965 -0.360778809 0.038329598 0.975716293 -0.158824444 0.145888060
547.000000 -0.209555298 -0.060957871 -0.362926692 0.038041651 0.975196779 -0.156533912 0.151793286
548.000000 -0.209116071 -0.058347449 -0.364323467 0.040352862 0.974752426 -0.153725922 0.156836405
549.000000 -0.211201042 -0.057479940 -0.365549207 0.040626731 0.974157214 -0.151235700 0.162772551
550.000000 -0.209331214 -0.059696697 -0.366798103 0.041281000 0.973527312 -0.149664193 0.167752981
551.000000 -0.211859137 -0.058297772 -0.367592603 0.041365527 0.972780466 -0.148491323 0.173024222
552.000000 -0.211601198 -0.056816414 -0.367943555 0.043287702 0.972219586 -0.146579131 0.177284598
553.000000 -0.212361291 -0.055453241 -0.369668543 0.043001160 0.971651256 -0.144482896 0.182124719
554.000000 -0.211020261 -0.056212440 -0.369862616 0.042562403 0.971096337 -0.142514870 0.186681226
555.000000 -0.213362724 -0.057046227 -0.371141970 0.043519318 0.970293224 -0.141543686 0.191317871
556.000000 -0.215193987 -0.055294178 -0.371743679 0.043884967 0.969457269 -0.141051129 0.195783883
557.000000 -0.211537361 -0.055633500 -0.370923966 0.043742150 0.969046950 -0.139515355 0.198922232
558.000000 -0.213388890 -0.053897530 -0.373637140 0.042525519 0.968607068 -0.137861177 0.202450499
559.000000 -0.214243174 -0.054058451 -0.373264492 0.041902307 0.968186140 -0.136250600 0.205658987
560.000000 -0.211389154 -0.053209625 -0.373703897 0.041782182 0.967760146 -0.134907573 0.208553404
561.000000 -0.212599158 -0.056864426 -0.372940242 0.040938374 0.967411637 -0.132726833 0.211712971
562.000000 -0.214009941 -0.054132562 -0.375997365 0.040609352 0.966861844 -0.131779283 0.214856446
563.000000 -0.213454306 -0.052961461 -0.375451326 0.039200008 0.966470301 -0.130410179 0.217696354
564.000000 -0.214742392 -0.055900689 -0.374265313 0.038884930 0.966117144 -0.127641782 0.220936969
565.000000 -0.213742226 -0.054465577 -0.376669705 0.037880119 0.965617180 -0.126184508 0.224111676
566.000000 -0.212765053 -0.053407524 -0.376907885 0.038093034 0.965048015 -0.124731705 0.227317557
567.000000 -0.213914126 -0.054277997 -0.377121150 0.037647203 0.964546621 -0.122925520 0.230481595
568.000000 -0.214085549 -0.055928737 -0.376426697 0.037822619 0.964169979 -0.119924851 0.233588725
569.000000 -0.215357423 -0.053766791 -0.378759682 0.038032293 0.963515699 -0.118409567 0.237002641
570.000000 -0.210882992 -0.049971297 -0.376582921 0.040576700 0.962977648 -0.116488665 0.239703938
571.000000 -0.208936870 -0.050108202 -0.376641572 0.040868130 0.962348402 -0.113916844 0.243389070
572.000000 -0.210861459 -0.048283048 -0.376794010 0.042059731 0.961360931 -0.112219468 0.247836649
573.000000 -0.209738433 -0.048732843 -0.377897739 0.043254305 0.960435688 -0.110098571 0.252132237
574.000000 -0.210106462 -0.048633795 -0.378812313 0.043691680 0.959522069 -0.107812375 0.256485730
575.000000 -0.210888460 -0.047371455 -0.379771113 0.044832509 0.958505869 -0.105315037 0.261084884
576.000000 -0.208154768 -0.047823925 -0.379772961 0.045925044 0.957627833 -0.102596298 0.265167445
577.000000 -0.208077088 -0.048856638 -0.379372716 0.046090484 0.956809998 -0.099599600 0.269203037
578.000000 -0.208680719 -0.045279201 -0.380104184 0.046006795 0.955798268 -0.097747318 0.273456663
579.000000 -0.208675534 -0.047137480 -0.381195664 0.045151964 0.954960585 -0.094910838 0.277495086
580.000000 -0.207751364 -0.046350710 -0.380939364 0.043698765 0.954069257 -0.093000986 0.281412601
581.000000 -0.207038671 -0.045679353 -0.381745636 0.042274583 0.953048468 -0.091123983 0.285670966
582.000000 -0.206037045 -0.042571858 -0.382912964 0.041930005 0.951921225 -0.089285851 0.290027350
583.000000 -0.205923557 -0.044717096 -0.381048620 0.041603956 0.951032817 -0.086681731 0.293754965
584.000000 -0.202774972 -0.044459179 -0.381162286 0.040102527 0.950400591 -0.084113352 0.296741486
585.000000 -0.206160516 -0.041598897 -0.384125352 0.039469190 0.949152410 -0.081597485 0.301485926
586.000000 -0.205885321 -0.040499169 -0.384378970 0.039377593 0.948002577 -0.079507664 0.305645406
587.000000 -0.201003045 -0.043693323 -0.379205972 0.038821284 0.947434068 -0.076473795 0.308242381
588.000000 -0.201152384 -0.042015232 -0.380203784 0.038708728 0.946297169 -0.074245095 0.312267423
589.000000 -0.201427400 -0.042430554 -0.381916642 0.038466435 0.945149720 -0.071885310 0.316298604
590.000000 -0.204245582 -0.035314642 -0.384513736 0.038897466 0.943797767 -0.071149051 0.320422441
591.000000 -0.204861701 -0.041643240 -0.383150518 0.037798014 0.942893744 -0.067071259 0.324074388
592.000000 -0.200332567 -0.041148577 -0.381817281 0.037834976 0.942230642 -0.064898916 0.326432288
593.000000 -0.200842500 -0.040959936 -0.380696893 0.037515171 0.941268504 -0.063176692 0.329567730
594.000000 -0.202694327 -0.037106603 -0.383902222 0.037352197 0.940080166 -0.062063094 0.333169967
595.000000 -0.205359638 -0.038312893 -0.384331048 0.037176464 0.939043999 -0.059316706 0.336594433
596.000000 -0.204206467 -0.034316760 -0.386136323 0.037720986 0.938074052 -0.058344893 0.339396656
597.000000 -0.201385647 -0.037964500 -0.381120861 0.038266748 0.937415302 -0.055918321 0.341557175
598.000000 -0.200173736 -0.033411659 -0.382698715 0.038328819 0.936284006 -0.055802517 0.344658107
599.000000 -0.204453781 -0.031881381 -0.385465950 0.038111649 0.934798360 -0.054883797 0.348837048
600.000000 -0.205212027 -0.031177331 -0.387261361 0.038065474 0.933600664 -0.053715114 0.352215111
601.000000 -0.203940853 -0.030795194 -0.384243041 0.038417354 0.932717562 -0.051396105 0.354852796
602.000000 -0.200585246 -0.030072104 -0.382728070 0.038979907 0.931791842 -0.049034443 0.357547462
603.000000 -0.201600239 -0.035027154 -0.384897560 0.038243134 0.930546045 -0.045958105 0.361260831
604.000000 -0.199373648 -0.034705371 -0.381043136 0.038439978 0.929445744 -0.044388093 0.364256352
605.000000 -0.202288002 -0.033184074 -0.384879351 0.038392365 0.927733421 -0.043909546 0.368657976
606.000000 -0.200259745 -0.030029722 -0.382558495 0.038561005 0.926649153 -0.043526430 0.371402532
607.000000 -0.200342774 -0.032572560 -0.383521557 0.037764814 0.925445855 -0.042494755 0.374590397
608.000000 -0.201957360 -0.027996527 -0.381924659 0.037915342 0.924276590 -0.042331792 0.377469480
609.000000 -0.201724112 -0.027993916 -0.381544024 0.037728280 0.923121452 -0.040543213 0.380499125
610.000000 -0.200344965 -0.030467298 -0.381799191 0.037821162 0.921830416 -0.038974456 0.383769810
611.000000 -0.200789422 -0.028620936 -0.381546080 0.037869640 0.920328856 -0.037664436 0.387481660
612.000000 -0.200429186 -0.030771475 -0.381137460 0.037805922 0.919070065 -0.036470167 0.390577525
613.000000 -0.200906366 -0.027609210 -0.384386897 0.039595053 0.917169690 -0.037262615 0.394770175
614.000000 -0.200857520 -0.028650153 -0.383222073 0.041719195 0.915029645 -0.036382873 0.399570465
615.000000 -0.203508645 -0.022612695 -0.385978043 0.042877942 0.912548184 -0.035618290 0.405152559
616.000000 -0.201150402 -0.025895324 -0.384340227 0.042163379 0.911071122 -0.033250809 0.408737153
617.000000 -0.200536519 -0.028339051 -0.385474086 0.042014714 0.909479439 -0.030831605 0.412469864
618.000000 -0.199615866 -0.026427817 -0.385341972 0.041158080 0.907808006 -0.028183399 0.416408867
619.000000 -0.198346555 -0.029201485 -0.383919835 0.040003061 0.905967593 -0.025507426 0.420680255
620.000000 -0.197341681 -0.026654184 -0.382853955 0.039790407 0.904063106 -0.025389481 0.424784720
621.000000 -0.197847873 -0.024556972 -0.385968029 0.039276000 0.902053535 -0.025810674 0.429057777
622.000000 -0.199027985 -0.024500683 -0.387390196 0.038613059 0.900509775 -0.025484852 0.432367504
623.000000 -0.195615560 -0.028475767 -0.385155171 0.037615638 0.899119616 -0.024327587 0.435404539
624.000000 -0.194775149 -0.024739569 -0.386745632 0.036863782 0.897667885 -0.024072414 0.438467681
625.000000 -0.194461063 -0.027628757 -0.386935353 0.035960253 0.896020651 -0.023631899 0.441922426
626.000000 -0.195952803 -0.024901826 -0.389381558 0.036467489 0.893771648 -0.023839004 0.446401298
627.000000 -0.189970791 -0.026371716 -0.384203494 0.036874145 0.892744362 -0.022289421 0.448498636
628.000000 -0.189848199 -0.026402038 -0.386442453 0.036561284 0.890826046 -0.021862090 0.452343136
629.000000 -0.188571095 -0.026482118 -0.386470616 0.036874723 0.889252424 -0.023253774 0.455334634
630.000000 -0.188121080 -0.024878530 -0.388270646 0.036545847 0.887647212 -0.024155673 0.458435714
631.000000 -0.187267303 -0.030377699 -0.389270574 0.035371564 0.885948777 -0.023284679 0.461845696
632.000000 -0.184654638 -0.027344976 -0.389177710 0.034905344 0.884236157 -0.024055874 0.465112239
633.000000 -0.183291689 -0.029769385 -0.387051612 0.035058886 0.882504582 -0.024594415 0.468349963
634.000000 -0.180582821 -0.030807724 -0.391857207 0.035283089 0.880395889 -0.025583228 0.472232699
635.000000 -0.179098994 -0.027459390 -0.390381008 0.035689130 0.878339648 -0.026748559 0.475952029
636.000000 -0.178711638 -0.026947219 -0.392198384 0.035797235 0.876198709 -0.027787022 0.479814857
637.000000 -0.178045869 -0.028863598 -0.392593265 0.035861980 0.874398708 -0.028481754 0.483042061
638.000000 -0.174425662 -0.027520848 -0.390621275 0.035377283 0.872929037 -0.029096575 0.485692054
639.000000 -0.172808543 -0.022766095 -0.389441192 0.035953995 0.871245146 -0.030036703 0.488607258
640.000000 -0.168636218 -0.030343059 -0.387310803 0.035133395 0.870096803 -0.029514011 0.490740448
641.000000 -0.165330753 -0.026929369 -0.389226139 0.035562437 0.868351102 -0.031043546 0.493698269
642.000000 -0.165140793 -0.025677241 -0.390498012 0.035316404 0.866836488 -0.031241784 0.496357977
643.000000 -0.163534939 -0.025300208 -0.390086502 0.035860434 0.865510404 -0.031865980 0.498588324
644.000000 -0.161001816 -0.024838110 -0.391416520 0.036062684 0.864325285 -0.032212045 0.500603378
645.000000 -0.157386005 -0.025681086 -0.387558073 0.035682596 0.863482416 -0.031124225 0.502151608
646.000000 -0.152869597 -0.026926687 -0.386124611 0.035296049 0.862709284 -0.031170800 0.503502965
647.000000 -0.152096167 -0.026402682 -0.385600120 0.035805214 0.861570716 -0.031775083 0.505375326
648.000000 -0.150373608 -0.027860655 -0.387282789 0.035085518 0.860304534 -0.031646334 0.507586181
649.000000 -0.147302434 -0.026686629 -0.386335284 0.034398872 0.859606624 -0.031373572 0.508830845
650.000000 -0.145531878 -0.032022808 -0.389596641 0.033113047 0.858672917 -0.030617917 0.510535955
651.000000 -0.143654898 -0.032032162 -0.391808391 0.032039035 0.857585430 -0.031173864 0.512395322
652.000000 -0.142583117 -0.028038654 -0.389255583 0.032119852 0.857048392 -0.031924125 0.513241827
653.000000 -0.136149779 -0.026530862 -0.386376798 0.031699330 0.857446671 -0.031688746 0.512616992
654.000000 -0.132763311 -0.028747531 -0.382879078 0.031970251 0.857645154 -0.031181293 0.512299240
655.000000 -0.130569130 -0.031260990 -0.386869460 0.031045537 0.857399344 -0.030807663 0.512789845
656.000000 -0.125244677 -0.029044824 -0.379216194 0.031806536 0.858202100 -0.030778399 0.511400282
657.000000 -0.121724404 -0.027880576 -0.378049940 0.032235436 0.857852399 -0.030673049 0.511966228
658.000000 -0.122025751 -0.031323954 -0.380975187 0.031917132 0.856994212 -0.029548181 0.513487279
659.000000 -0.117541559 -0.033311710 -0.379442334 0.031971503 0.856909335 -0.029263964 0.513641834
660.000000 -0.114381902 -0.031837761 -0.377081335 0.032477956 0.857112646 -0.028915823 0.513290405
661.000000 -0.112215593 -0.029383808 -0.373858124 0.032240011 0.857237220 -0.028540250 0.513118327
662.000000 -0.112141654 -0.026377290 -0.379504919 0.031422134 0.856741309 -0.029329851 0.513952196
663.000000 -0.107638143 -0.029557897 -0.373600632 0.030749537 0.857991099 -0.028015085 0.511977375
664.000000 -0.104586013 -0.027342588 -0.375207365 0.029670913 0.858258903 -0.027187580 0.511636615
665.000000 -0.102949098 -0.023194373 -0.372225404 0.028834561 0.858658969 -0.025785362 0.511085451
666.000000 -0.100914031 -0.025885697 -0.371458203 0.027387034 0.858682215 -0.023812635 0.511221826
667.000000 -0.097723529 -0.024429003 -0.372159362 0.025129836 0.858641148 -0.023069512 0.511440814
668.000000 -0.095296040 -0.026498903 -0.372942150 0.023002287 0.858571529 -0.021489069 0.511726737
669.000000 -0.091126233 -0.026757320 -0.375647455 0.020238766 0.858504474 -0.019859524 0.512021542
670.000000 -0.091898099 -0.019102527 -0.374653786 0.017831359 0.858590126 -0.020008769 0.511961699
671.000000 -0.089080624 -0.026409199 -0.374881387 0.015916197 0.858728826 -0.018137312 0.511861742
672.000000 -0.087989420 -0.019711453 -0.375336140 0.014336658 0.858649969 -0.017366387 0.512067497
673.000000 -0.085417882 -0.018674375 -0.375836492 0.013263375 0.858552516 -0.015195932 0.512328804
674.000000 -0.081555806 -0.016480913 -0.375747293 0.013302479 0.858185470 -0.014448367 0.512963891
675.000000 -0.077050522 -0.019365558 -0.375478566 0.013120397 0.858199060 -0.013296434 0.512977064
676.000000 -0.073600024 -0.020019248 -0.375685811 0.012607642 0.857890069 -0.011706790 0.513545096
677.000000 -0.073367156 -0.012408683 -0.374737203 0.012114009 0.857407808 -0.012306157 0.514347851
678.000000 -0.072352640 -0.016229160 -0.378962278 0.011985899 0.856009185 -0.010309599 0.516718745
679.000000 -0.070444927 -0.014294737 -0.379916847 0.012892006 0.854795098 -0.009228882 0.518723369
680.000000 -0.067439660 -0.017453931 -0.382582098 0.014482144 0.853175342 -0.008122802 0.521359980
681.000000 -0.065080278 -0.008683257 -0.382152617 0.016723346 0.851354837 -0.008949799 0.524247229
682.000000 -0.062266268 -0.012613526 -0.385234833 0.017121920 0.849655867 -0.007733342 0.527002811
683.000000 -0.055803321 -0.018763175 -0.383555084 0.018928457 0.848960519 -0.006207027 0.528080583
684.000000 -0.056697257 -0.008663654 -0.384618342 0.020070393 0.848358154 -0.007882132 0.528983533
685.000000 -0.053926200 -0.010339917 -0.388943136 0.019465247 0.848134696 -0.005704565 0.529392242
686.000000 -0.049933359 -0.018648719 -0.388798475 0.017459605 0.848591149 -0.002543094 0.528755128
687.000000 -0.045012541 -0.013580505 -0.394306600 0.016436851 0.848861754 -0.002058922 0.528355360
688.000000 -0.045034207 -0.011948217 -0.395637214 0.015960392 0.849312842 -0.000203410 0.527648568
689.000000 -0.040588677 -0.012723831 -0.395448238 0.014749344 0.849969625 0.001930486 0.526621699
690.000000 -0.039661482 -0.017285949 -0.399792105 0.013896190 0.849941432 0.002884161 0.526686072
691.000000 -0.030862793 -0.017181212 -0.396437913 0.014040922 0.850941300 0.001982006 0.525069475
692.000000 -0.033271298 -0.012209193 -0.404308677 0.013041524 0.850710630 -0.000216285 0.525472522
693.000000 -0.028640330 -0.011836874 -0.404250175 0.012412895 0.851539612 -0.000007536 0.524143279
694.000000 -0.029406369 -0.009372787 -0.410596251 0.010875072 0.851332605 -0.000400755 0.524513423
695.000000 -0.021612033 -0.015162892 -0.409856975 0.009640463 0.852070153 0.001847137 0.523335695
696.000000 -0.015742525 -0.015208057 -0.412093222 0.008585908 0.852493107 0.002955425 0.522659481
697.000000 -0.012308121 -0.012310923 -0.413343310 0.009603094 0.853192925 0.002689827 0.521500051
698.000000 -0.011132315 -0.015767826 -0.419286788 0.007753226 0.854001403 0.006391310 0.520173609
699.000000 -0.008099928 -0.010841263 -0.423347205 0.007861060 0.854234457 0.006373344 0.519789517
700.000000 -0.003959820 -0.014681864 -0.424807668 0.006970507 0.854748189 0.008270644 0.518930137
701.000000 -0.004385635 -0.017477967 -0.426732868 0.005783390 0.854794264 0.010938736 0.518819630
702.000000 -0.001883641 -0.018970219 -0.430410802 0.004852488 0.854850173 0.014405166 0.518652260
703.000000 0.001917541 -0.017585948 -0.427979618 0.005091041 0.855775833 0.016496256 0.517058790
704.000000 0.002537608 -0.018434677 -0.429810017 0.004960112 0.856420100 0.018565604 0.515921891
705.000000 0.002487302 -0.015562415 -0.434944361 0.004386307 0.856682718 0.020622032 0.515412748
706.000000 0.005151212 -0.018298890 -0.434879035 0.002750124 0.857187748 0.022988996 0.514483392
707.000000 0.008088499 -0.017212994 -0.436800510 0.002491855 0.857519150 0.023100851 0.513927102
708.000000 0.010256305 -0.016152747 -0.438880473 0.002776716 0.857917726 0.022835201 0.513271987
709.000000 0.012305573 -0.018944297 -0.440792173 0.001990659 0.858624279 0.024640590 0.512009084
710.000000 0.013957709 -0.021388732 -0.443648905 0.001204760 0.859237194 0.026214154 0.510904014
711.000000 0.019747034 -0.016958475 -0.436640590 0.002475761 0.861167848 0.025999127 0.507649481
712.000000 0.017929584 -0.017272726 -0.446878225 0.000602415 0.861552596 0.026423512 0.506980002
713.000000 0.022993296 -0.021643993 -0.442713588 -0.001709990 0.863202333 0.028651066 0.504041791
714.000000 0.026325405 -0.017439079 -0.440775454 -0.002298140 0.864840508 0.028703943 0.501220465
715.000000 0.027471721 -0.015649099 -0.446781486 -0.002365415 0.866000354 0.027331369 0.499290317
716.000000 0.031160966 -0.021248655 -0.443852663 -0.002956479 0.868264914 0.027341923 0.495338023
717.000000 0.033524483 -0.017498309 -0.442307204 -0.002053494 0.870386302 0.026573058 0.491647571
718.000000 0.037232831 -0.019811399 -0.443252504 -0.002553557 0.872207344 0.026858101 0.488391757
719.000000 0.038737014 -0.021417663 -0.447015047 -0.003804516 0.873762727 0.027852358 0.485539347
720.000000 0.044921800 -0.017363843 -0.438364983 -0.003197765 0.876521528 0.029465893 0.480449349
721.000000 0.047985867 -0.023081120 -0.442182392 -0.003252801 0.878193974 0.030152727 0.477342218
722.000000 0.051254109 -0.017563168 -0.439179271 -0.001659291 0.880360007 0.029771168 0.473367900
723.000000 0.054621607 -0.019133491 -0.440046668 -0.001712373 0.882052898 0.030028412 0.470189393
724.000000 0.060846850 -0.015432853 -0.435184181 -0.001322657 0.884390891 0.029767970 0.465794891
725.000000 0.063022524 -0.015942959 -0.435396075 -0.001863146 0.885976136 0.030750521 0.462706417
726.000000 0.064719692 -0.016067632 -0.437399179 -0.002772812 0.887643158 0.032063607 0.459406078
727.000000 0.069534287 -0.024377048 -0.433531582 -0.002560128 0.889742196 0.034045797 0.455184817
728.000000 0.073717043 -0.019020168 -0.434701085 -0.000137032 0.891685724 0.033164356 0.451438397
729.000000 0.078610927 -0.023561550 -0.431301296 0.000402689 0.893849015 0.035855394 0.446931958
730.000000 0.083357096 -0.020303661 -0.428479552 0.001832532 0.896253228 0.037598547 0.441942453
731.000000 0.086962566 -0.021270180 -0.424800783 0.002554076 0.898746669 0.038979068 0.436724722
732.000000 0.090345263 -0.023467701 -0.424301207 0.002943314 0.900871038 0.040587489 0.432175130
733.000000 0.094328240 -0.019453520 -0.425534248 0.004041609 0.903099835 0.040808905 0.427468181
734.000000 0.097274318 -0.019592524 -0.423388928 0.004381366 0.905355513 0.041009221 0.422646910
735.000000 0.100226149 -0.018451449 -0.425367624 0.004441549 0.907226861 0.040975280 0.418617636
736.000000 0.102701217 -0.015933463 -0.422312319 0.004363012 0.909449697 0.041650876 0.413699657
737.000000 0.104674861 -0.018164558 -0.419696361 0.003926828 0.911659300 0.042859886 0.408686876
738.000000 0.106782332 -0.014774192 -0.423494101 0.004460380 0.913379192 0.042369604 0.404874593
739.000000 0.111529350 -0.017690904 -0.419037551 0.003851245 0.915456474 0.044488233 0.399931788
740.000000 0.113366693 -0.018392956 -0.417276114 0.001909947 0.917202055 0.046602704 0.395682871
741.000000 0.117137641 -0.010607410 -0.413609743 0.001638794 0.919184506 0.047637928 0.390931934
742.000000 0.116982758 -0.009481445 -0.414200187 -0.000087053 0.920575678 0.048466165 0.387545347
743.000000 0.120701447 -0.011662774 -0.413400590 -0.001898513 0.922053218 0.049520306 0.383877605
744.000000 0.123611271 -0.013206806 -0.411726415 -0.003931233 0.923236609 0.050543208 0.380872726
745.000000 0.124329224 -0.010665666 -0.411840349 -0.003983235 0.923866868 0.049167741 0.379521668
746.000000 0.124956504 -0.015299525 -0.412190497 -0.003919872 0.924352407 0.048535284 0.378419846
747.000000 0.128022552 -0.015264243 -0.411688924 -0.007029135 0.925609291 0.050948277 0.374969810
748.000000 0.132745802 -0.011959396 -0.409852803 -0.007572748 0.926606834 0.050379626 0.372564435
749.000000 0.131216854 -0.010538805 -0.412677854 -0.007710083 0.926997781 0.049842685 0.371660262
750.000000 0.135420963 -0.010452271 -0.408980936 -0.007879944 0.927905738 0.049629893 0.369412661
751.000000 0.134672210 -0.011660710 -0.410796553 -0.007614289 0.928520620 0.048588745 0.368008912
752.000000 0.136265963 -0.012068085 -0.410643488 -0.006063569 0.929711401 0.047691885 0.365137547
753.000000 0.138062015 -0.011501063 -0.411032915 -0.005093414 0.930944562 0.047434062 0.362030834
754.000000 0.140651286 -0.012247935 -0.409348667 -0.003905311 0.932506800 0.046994157 0.358060569
755.000000 0.142749548 -0.011890817 -0.409069061 -0.002684221 0.934087634 0.047244377 0.353894114
756.000000 0.145611674 -0.014483444 -0.406648040 -0.003700275 0.935883701 0.049234964 0.348832220
757.000000 0.143340081 -0.010790482 -0.409227997 -0.004421104 0.937373221 0.052036084 0.344389439
758.000000 0.149585068 -0.011313848 -0.406442642 -0.005251131 0.939584672 0.054745354 0.337869763
759.000000 0.150396019 -0.016365737 -0.404493511 -0.005140491 0.941278160 0.058193199 0.332539529
760.000000 0.156147972 -0.015115015 -0.399953723 -0.003496554 0.943119168 0.061017971 0.326788694
761.000000 0.160361454 -0.011462543 -0.397778332 -0.002207497 0.944993019 0.063465789 0.320866585
762.000000 0.164233297 -0.011571165 -0.397226006 -0.000903492 0.946807563 0.066157877 0.314925015
763.000000 0.163263768 -0.009185757 -0.400557071 0.000564852 0.948384047 0.067776546 0.309796244
764.000000 0.165045038 -0.015125267 -0.398227274 0.001360708 0.950002789 0.072443619 0.303718209
765.000000 0.165634394 -0.010545481 -0.398606926 0.001810879 0.951681912 0.074206620 0.297979295
766.000000 0.172329307 -0.019757405 -0.396522611 0.002976626 0.953433871 0.077734090 0.291397214
767.000000 0.179902822 -0.019167729 -0.393220961 0.004336552 0.955149293 0.078868389 0.285395861
768.000000 0.178628311 -0.023492299 -0.395728379 0.004752269 0.955925763 0.081851691 0.281928509
769.000000 0.178852081 -0.021178484 -0.396735311 0.006899360 0.956809044 0.082079060 0.278804362
770.000000 0.181723520 -0.022377931 -0.398587108 0.009712893 0.957423210 0.082375534 0.276515245
771.000000 0.173118547 -0.020195827 -0.403969496 0.011981920 0.957169354 0.084156625 0.276768595
772.000000 0.181819692 -0.017158598 -0.399496853 0.014549789 0.957612395 0.084878497 0.274886250
773.000000 0.189029008 -0.022567146 -0.396263987 0.015912458 0.957850218 0.086273275 0.273544580
774.000000 0.184756190 -0.025748193 -0.400498182 0.015588542 0.957326531 0.087225907 0.275089979
775.000000 0.186682105 -0.019871190 -0.399721175 0.015293396 0.957265615 0.084849775 0.276060015
776.000000 0.183666140 -0.018348441 -0.403140604 0.013355464 0.956851602 0.083695665 0.277941734
777.000000 0.188355774 -0.023339786 -0.403315932 0.010972805 0.956669867 0.084092259 0.278551370
778.000000 0.190851167 -0.024216697 -0.402153045 0.009621553 0.956442356 0.081148759 0.280250520
779.000000 0.192578584 -0.021117799 -0.402567178 0.008589558 0.956142128 0.076242454 0.282675624
780.000000 0.194656670 -0.021971181 -0.402917832 0.006830991 0.955598354 0.071991973 0.285661012
781.000000 0.195210472 -0.015523348 -0.401229709 0.004814260 0.955048025 0.066906579 0.288762093
782.000000 0.199904278 -0.022530939 -0.401107967 0.003275445 0.954893529 0.063863255 0.289981276
783.000000 0.201179475 -0.017254997 -0.400637567 0.003373702 0.954669714 0.060081303 0.291521162
784.000000 0.195784420 -0.017286237 -0.407180578 0.002690173 0.953839064 0.058448285 0.294563264
785.000000 0.196631193 -0.020568490 -0.407959610 0.001424911 0.953453362 0.058252871 0.295856833
786.000000 0.198997229 -0.022739917 -0.408453912 0.002150964 0.953116059 0.056856461 0.297207713
787.000000 0.199178085 -0.018562179 -0.406634063 0.003903870 0.952884793 0.054510169 0.298368752
788.000000 0.197089046 -0.021048266 -0.410456270 0.003446153 0.952539325 0.052315228 0.299866736
789.000000 0.201472312 -0.021816377 -0.408444196 0.004709200 0.952836812 0.048304822 0.299577266
790.000000 0.204723418 -0.020235490 -0.404229343 0.006687578 0.953183532 0.043788262 0.299130410
791.000000 0.206223667 -0.023386542 -0.405191779 0.008356868 0.953054786 0.041787133 0.299784213
792.000000 0.202332839 -0.020614550 -0.407159567 0.008994350 0.952478766 0.038103517 0.302078605
793.000000 0.204176992 -0.023386680 -0.406208813 0.010022891 0.952119827 0.034591887 0.303596377
794.000000 0.207915515 -0.022361049 -0.404555529 0.011348670 0.951972842 0.030228401 0.304475337
795.000000 0.204994887 -0.022395745 -0.406545222 0.011825131 0.951293647 0.025668040 0.306988060
796.000000 0.208787620 -0.025681788 -0.405626714 0.011882741 0.950779498 0.019493321 0.309026212
797.000000 0.204291224 -0.025038082 -0.408836067 0.012162351 0.949580312 0.012158919 0.313051999
798.000000 0.206331626 -0.026710562 -0.407169133 0.011323284 0.949079812 0.006762468 0.314759493
799.000000 0.208427683 -0.025774051 -0.405793309 0.011897109 0.948354721 0.003311296 0.316971242
800.000000 0.207831398 -0.026729878 -0.405381054 0.011774629 0.947342098 0.001068023 0.320005119
801.000000 0.206790090 -0.026700007 -0.405635774 0.012106165 0.946034610 -0.000993642 0.323837876
802.000000 0.209064871 -0.027693620 -0.405441821 0.013035303 0.944780588 -0.002431350 0.327435136
803.000000 0.205541372 -0.028877771 -0.406674951 0.013036112 0.943186820 -0.004106505 0.331981629
804.000000 0.211336672 -0.028615259 -0.403596997 0.014085159 0.942212403 -0.005869433 0.334668487
805.000000 0.211040080 -0.025158174 -0.403877765 0.015118768 0.940708816 -0.008041937 0.338782698
806.000000 0.210423589 -0.024629729 -0.404158235 0.014506404 0.939379156 -0.009250221 0.342448294
807.000000 0.211240232 -0.029542180 -0.403744221 0.013221068 0.938101768 -0.009084112 0.345988065
808.000000 0.214854509 -0.027656108 -0.402340204 0.013329783 0.936982453 -0.010255364 0.348971486
809.000000 0.211911708 -0.026626300 -0.404594064 0.012989603 0.935238123 -0.011704256 0.353587300
810.000000 0.214150012 -0.026112124 -0.400941938 0.012213750 0.933972418 -0.012106257 0.356931120
811.000000 0.216283500 -0.028377168 -0.400107145 0.011402391 0.932295859 -0.011375068 0.361337841
812.000000 0.218161315 -0.030301744 -0.398709238 0.010224758 0.930703282 -0.010597585 0.365478575
813.000000 0.216954872 -0.029157367 -0.399264902 0.009701876 0.928885460 -0.009398280 0.370120734
814.000000 0.217767254 -0.026916407 -0.399907976 0.008888281 0.927114666 -0.008167495 0.374583393
815.000000 0.218641698 -0.027299559 -0.399304062 0.008189658 0.925373554 -0.005898335 0.378922045
816.000000 0.219837606 -0.030214004 -0.397652686 0.007388518 0.923686147 -0.003428492 0.383063316
817.000000 0.219560713 -0.027232522 -0.397829711 0.007135837 0.921906531 -0.001713420 0.387342870
818.000000 0.219824106 -0.030577378 -0.395562291 0.005871644 0.920248747 0.000549860 0.391289502
819.000000 0.222425982 -0.027732424 -0.393363655 0.005452585 0.918617070 0.002210077 0.395105183
820.000000 0.220710993 -0.026337655 -0.395877510 0.004074673 0.916648984 0.004033228 0.399652123
821.000000 0.219909430 -0.027149582 -0.392778099 0.003833843 0.914989352 0.006578547 0.403406143
822.000000 0.222528726 -0.029320683 -0.392460197 0.003141746 0.913421154 0.009925413 0.406882584
823.000000 0.217931807 -0.026408445 -0.396258712 0.002406711 0.911271930 0.012158297 0.411618531
824.000000 0.221399531 -0.028920993 -0.393846631 0.000752191 0.910073578 0.015654538 0.414150268
825.000000 0.220156223 -0.027330630 -0.391857117 -0.000796493 0.908532023 0.018345483 0.417411447
826.000000 0.218590319 -0.027023751 -0.390904635 -0.002254551 0.907036901 0.020823542 0.420529872
827.000000 0.221666664 -0.032386795 -0.389930606 -0.004758682 0.905904472 0.024159983 0.422765583
828.000000 0.221621349 -0.026831856 -0.386215597 -0.005882628 0.904770434 0.026219282 0.425051063
829.000000 0.219385207 -0.029295586 -0.387118042 -0.007597530 0.903525054 0.028208464 0.427538335
830.000000 0.217662513 -0.026217364 -0.386572182 -0.009888044 0.900872707 0.029846512 0.432943255
831.000000 0.219281569 -0.025952024 -0.384184092 -0.010257444 0.900044918 0.030583445 0.434601605
832.000000 0.218757167 -0.022452917 -0.384009033 -0.011005710 0.898380697 0.030610958 0.438011348
833.000000 0.215275794 -0.025025474 -0.385530651 -0.012809977 0.896357894 0.031903289 0.441996127
834.000000 0.217190221 -0.024410205 -0.381192565 -0.012995614 0.894879401 0.032028958 0.444967568
835.000000 0.217971295 -0.023850478 -0.379661918 -0.013343367 0.892809451 0.032361183 0.449072331
836.000000 0.217536122 -0.022579677 -0.377287090 -0.014647135 0.890948057 0.032725684 0.452687591
837.000000 0.213360757 -0.021183770 -0.379333556 -0.016616344 0.888858855 0.033282500 0.456668437
838.000000 0.215216994 -0.026119933 -0.375816137 -0.019441970 0.887512982 0.034355417 0.459088653
839.000000 0.214101568 -0.024523832 -0.374786019 -0.020946840 0.886156261 0.034802239 0.461602777
840.000000 0.214990541 -0.023788922 -0.370964557 -0.023189947 0.885083318 0.036305398 0.463434696
841.000000 0.211930811 -0.027918626 -0.375483721 -0.027469361 0.882769406 0.038990799 0.467379272
842.000000 0.208047226 -0.019175857 -0.374953896 -0.028871747 0.880805969 0.039553218 0.470938176
843.000000 0.208912358 -0.020623613 -0.372654110 -0.030803528 0.878803909 0.040982824 0.474420965
844.000000 0.211056262 -0.018155016 -0.367109060 -0.031745356 0.876897991 0.042995486 0.477696121
845.000000 0.206097141 -0.022867154 -0.370563447 -0.034680877 0.873909891 0.044908013 0.482764930
846.000000 0.205316499 -0.022005357 -0.371933401 -0.035517704 0.871313393 0.045548428 0.487315953
847.000000 0.203566164 -0.026942771 -0.372852445 -0.036246963 0.868206561 0.046473343 0.492690325
848.000000 0.202819392 -0.025604010 -0.370577991 -0.035803065 0.865222692 0.046079278 0.497980416
849.000000 0.203946292 -0.027487211 -0.366454661 -0.035269577 0.862248003 0.045867108 0.503170609
850.000000 0.202006638 -0.023747735 -0.368792176 -0.034594934 0.857911646 0.044286601 0.510714889
851.000000 0.201055050 -0.030929886 -0.369078457 -0.036254924 0.853638232 0.044217985 0.517718375
852.000000 0.197654545 -0.026206318 -0.368760854 -0.037165895 0.849785209 0.042395439 0.524105489
853.000000 0.198307335 -0.019753810 -0.362694353 -0.037377547 0.846808553 0.040935293 0.529001355
854.000000 0.196039200 -0.023672108 -0.366007388 -0.039363734 0.842921078 0.040942810 0.535031080
855.000000 0.201397955 -0.030285314 -0.361327380 -0.042103905 0.840224922 0.043792959 0.538824081
856.000000 0.196852788 -0.023524228 -0.361154556 -0.043962181 0.837128341 0.044354361 0.543430030
857.000000 0.194652587 -0.020105593 -0.361332715 -0.044025719 0.834228039 0.044932291 0.547819614
858.000000 0.194078013 -0.018524941 -0.359328121 -0.044356532 0.831425071 0.045997035 0.551950276
859.000000 0.192494452 -0.022831105 -0.359581113 -0.045489248 0.828314424 0.047406971 0.556397855
860.000000 0.189439416 -0.020266503 -0.356356591 -0.045353591 0.825841129 0.046836138 0.560121298
861.000000 0.185844406 -0.023452904 -0.357948154 -0.045750197 0.823387980 0.047026228 0.563673496
862.000000 0.183258355 -0.017456044 -0.355834246 -0.045107499 0.821414769 0.046027523 0.566678464
863.000000 0.184243858 -0.020780426 -0.351468623 -0.044705018 0.819888651 0.046089638 0.568910956
864.000000 0.181094378 -0.020201229 -0.351064175 -0.043680824 0.817829311 0.044922970 0.572039425
865.000000 0.178706005 -0.018193759 -0.346375644 -0.043076538 0.815933883 0.044546500 0.574814737
866.000000 0.173720732 -0.023407169 -0.348033279 -0.043963563 0.813232243 0.045589183 0.578482628
867.000000 0.174912721 -0.018832758 -0.343428761 -0.042828690 0.811854064 0.043890610 0.580630958
868.000000 0.169886455 -0.021646783 -0.345433772 -0.042070195 0.809607923 0.043044556 0.583876848
869.000000 0.168547839 -0.018400798 -0.335385859 -0.040659335 0.808987975 0.040155239 0.585040808
870.000000 0.166066438 -0.017584143 -0.333750576 -0.039356712 0.807427943 0.037704404 0.587443173
871.000000 0.167973816 -0.023832029 -0.331993788 -0.039219026 0.806006074 0.039332412 0.589295387
872.000000 0.163976520 -0.024901487 -0.330394775 -0.040605500 0.804535091 0.040433392 0.591134131
873.000000 0.161719009 -0.024277566 -0.323966891 -0.038294051 0.803955078 0.039794270 0.592120051
874.000000 0.155282915 -0.021621684 -0.324306726 -0.035787534 0.802757323 0.036703330 0.594098330
875.000000 0.152449459 -0.021510608 -0.322355747 -0.033999406 0.802211344 0.034487344 0.595072746
876.000000 0.150346354 -0.024588337 -0.317404032 -0.032962933 0.801858366 0.033043135 0.595688462
877.000000 0.145689875 -0.021534629 -0.318727851 -0.031932101 0.800545037 0.030096909 0.597663939
878.000000 0.142557859 -0.022024779 -0.318122149 -0.032547027 0.799075842 0.028575944 0.599668145
879.000000 0.141952097 -0.022123791 -0.308148205 -0.032181174 0.798681557 0.025918536 0.600333631
880.000000 0.139452204 -0.022494182 -0.307155609 -0.030981412 0.796936631 0.022348078 0.602853835
881.000000 0.135267153 -0.019698657 -0.307035297 -0.030625300 0.795220673 0.020075465 0.605213284
882.000000 0.133063182 -0.023154881 -0.302173436 -0.031808779 0.793692470 0.019175041 0.607184231
883.000000 0.127241820 -0.021425270 -0.304425299 -0.032198641 0.791034043 0.018197613 0.610653043
884.000000 0.124958426 -0.026618905 -0.300969958 -0.033031143 0.789188027 0.017698465 0.613007307
885.000000 0.123659492 -0.022673404 -0.299958438 -0.032820299 0.787055016 0.016369659 0.615791559
886.000000 0.119082302 -0.021492258 -0.299979687 -0.032695163 0.784398139 0.015794728 0.619193971
887.000000 0.118034974 -0.022684848 -0.292894363 -0.032623578 0.782324314 0.016359998 0.621801138
888.000000 0.114070185 -0.023875374 -0.294096828 -0.032949917 0.778569102 0.017291797 0.626454651
889.000000 0.111929730 -0.027556542 -0.294062495 -0.033219106 0.774467647 0.018090876 0.631481647
890.000000 0.110224962 -0.027410362 -0.290488720 -0.032303486 0.770373285 0.018028470 0.636519015
891.000000 0.107580572 -0.026547834 -0.288801908 -0.030314894 0.765743375 0.018162046 0.642174602
892.000000 0.103598475 -0.029431578 -0.290139943 -0.028953189 0.760528147 0.018246600 0.648402393
893.000000 0.102942668 -0.031265587 -0.287422240 -0.027363488 0.755758047 0.017987592 0.654031694
894.000000 0.097765774 -0.023427818 -0.292116374 -0.024778510 0.750468850 0.016411176 0.660237193
895.000000 0.095164157 -0.028712614 -0.291079670 -0.024452789 0.746115625 0.016488174 0.665162861
896.000000 0.091076612 -0.025483761 -0.288402677 -0.023534728 0.741970122 0.015864907 0.669831872
897.000000 0.088240914 -0.022890905 -0.288592756 -0.022724951 0.737232447 0.014713637 0.675096571
898.000000 0.088403232 -0.030986249 -0.283863664 -0.022004943 0.732788324 0.015311868 0.679928422
899.000000 0.083358213 -0.026899975 -0.287204325 -0.019724680 0.727126420 0.014790424 0.686060786
900.000000 0.082247712 -0.026357131 -0.289355099 -0.019797478 0.722100735 0.015489200 0.691331089
901.000000 0.079433605 -0.022571649 -0.280703872 -0.018997053 0.718863964 0.015177799 0.694725394
902.000000 0.075160988 -0.025765441 -0.286506772 -0.019296765 0.713830531 0.015403437 0.699883103
903.000000 0.075133227 -0.029375685 -0.284608543 -0.020243810 0.710183203 0.015687834 0.703550935
904.000000 0.069893338 -0.022652378 -0.286696792 -0.019695083 0.705940306 0.014208013 0.707854807
905.000000 0.070874684 -0.024827812 -0.281184852 -0.020028632 0.702486932 0.013272583 0.711290896
906.000000 0.068147920 -0.030202609 -0.282043576 -0.020496117 0.698221147 0.013168627 0.715467453
907.000000 0.065762609 -0.026549906 -0.281160831 -0.020295475 0.694274247 0.012367516 0.719318032
908.000000 0.060994904 -0.024351092 -0.283719569 -0.020702634 0.690175951 0.011984857 0.723246098
909.000000 0.061842188 -0.032770012 -0.283887863 -0.021804025 0.687021255 0.012934402 0.726194859
910.000000 0.059657052 -0.028675044 -0.275859416 -0.020922897 0.684995592 0.011882866 0.728149712
911.000000 0.056548223 -0.028820010 -0.279060066 -0.020858789 0.681638777 0.012118401 0.731291115
912.000000 0.052266341 -0.023440955 -0.278128147 -0.020159204 0.678785801 0.010719915 0.733981252
913.000000 0.048207961 -0.024210397 -0.286429763 -0.020054808 0.674712479 0.009673829 0.737744689
914.000000 0.042661645 -0.017483402 -0.284753323 -0.018615259 0.671911538 0.007883659 0.740355432
915.000000 0.044327639 -0.023996703 -0.280703932 -0.019112471 0.669561863 0.008487009 0.742461860
916.000000 0.042337567 -0.018769238 -0.280647874 -0.018495491 0.666745365 0.007562099 0.745017648
917.000000 0.043433324 -0.033675693 -0.279153556 -0.020207390 0.664629817 0.010573029 0.746824682
918.000000 0.037621304 -0.026746873 -0.280806422 -0.019405087 0.662019432 0.009363784 0.749176919
919.000000 0.040067386 -0.036444817 -0.276412010 -0.019661030 0.660392404 0.010423836 0.750590861
920.000000 0.035773810 -0.027134139 -0.279400945 -0.017463464 0.657752275 0.008894601 0.752979338
921.000000 0.033968143 -0.025656320 -0.286376029 -0.016100435 0.655019999 0.007899966 0.755398691
922.000000 0.033730946 -0.032078430 -0.286974579 -0.014422306 0.653248668 0.007917630 0.756964684
923.000000 0.030903842 -0.026288101 -0.277717620 -0.011303399 0.652970076 0.005941062 0.757276058
924.000000 0.028418405 -0.022278637 -0.270985693 -0.009069392 0.652795672 0.004923696 0.757463753
925.000000 0.024046762 -0.030073578 -0.286209136 -0.010003525 0.649173319 0.005401032 0.760555565
926.000000 0.025781494 -0.028899550 -0.280675918 -0.008933278 0.648163617 0.004840962 0.761433303
927.000000 0.026179191 -0.036416974 -0.276994765 -0.008436076 0.647317410 0.005017430 0.762157381
928.000000 0.023654252 -0.032171160 -0.277364045 -0.006531940 0.645632565 0.002472840 0.763616264
929.000000 0.018656738 -0.016204834 -0.279030293 -0.003469312 0.643917143 -0.001554203 0.765085757
930.000000 0.024047075 -0.034602672 -0.273662239 -0.004816425 0.643900752 -0.000273848 0.765093803
931.000000 0.019112917 -0.022840796 -0.278300941 -0.002623104 0.642611265 -0.003448943 0.766180098
932.000000 0.019727044 -0.027402818 -0.274856478 -0.001605997 0.643047988 -0.003607891 0.765815735
933.000000 0.019004652 -0.028527230 -0.271400571 -0.000215228 0.643369853 -0.004866451 0.765540004
934.000000 0.019531434 -0.026481582 -0.268224001 0.002473206 0.643804014 -0.006920625 0.765155137
935.000000 0.018180426 -0.032735005 -0.274442554 0.003009702 0.642907798 -0.007616168 0.765899837
936.000000 0.017602490 -0.029843660 -0.273228258 0.004824793 0.643079817 -0.008972461 0.765731394
937.000000 0.016131248 -0.027726835 -0.273213089 0.005997459 0.643016756 -0.010402337 0.765757978
938.000000 0.013886195 -0.021668488 -0.278087825 0.007467474 0.642272949 -0.012033747 0.766345143
939.000000 0.014769997 -0.018657465 -0.278946310 0.007987910 0.642663956 -0.013221906 0.765992403
940.000000 0.023991924 -0.041686840 -0.258973986 0.006334461 0.646485507 -0.010634362 0.762825847
941.000000 0.017034417 -0.035503142 -0.284586936 0.007403557 0.643473387 -0.013066479 0.765321136
942.000000 0.020078383 -0.041632630 -0.282125235 0.008499221 0.644312561 -0.013435180 0.764596999
943.000000 0.019937331 -0.039961416 -0.278080493 0.009299007 0.645308197 -0.015180127 0.763714910
944.000000 0.020769773 -0.041513398 -0.281679839 0.010865164 0.645168245 -0.015988618 0.763795972
945.000000 0.019489825 -0.037996061 -0.274588287 0.012496663 0.646561265 -0.017858865 0.762550652
946.000000 0.016601751 -0.037278049 -0.284680784 0.013734248 0.645664871 -0.018966017 0.763261795
947.000000 0.023534657 -0.050067000 -0.281201988 0.013415666 0.647098422 -0.018177822 0.762071669
948.000000 0.018860215 -0.026376588 -0.276837111 0.017121723 0.648082793 -0.023169469 0.761024714
949.000000 0.021683060 -0.049559880 -0.281855971 0.015104639 0.647903740 -0.020680845 0.761291623
950.000000 0.018635152 -0.038305584 -0.289984673 0.016865009 0.646838725 -0.023280676 0.762084842
951.000000 0.018300891 -0.040294327 -0.277009070 0.018138049 0.649020493 -0.024090879 0.760173082
952.000000 0.022454929 -0.040189024 -0.279584855 0.018937547 0.648931503 -0.024650380 0.760211587
953.000000 0.022875438 -0.043415837 -0.280222654 0.019577613 0.649261951 -0.024263391 0.759925604
954.000000 0.021757253 -0.048261106 -0.285594821 0.019944549 0.648691773 -0.024193866 0.760405064
955.000000 0.021387964 -0.045125868 -0.283049226 0.021371718 0.649387836 -0.024906699 0.759748876
956.000000 0.023690891 -0.046181589 -0.277246475 0.022467190 0.650792718 -0.024835132 0.758516490
957.000000 0.020655420 -0.050852682 -0.282063901 0.023015587 0.650539577 -0.023875970 0.758747995
958.000000 0.024154237 -0.054825384 -0.278839946 0.023845809 0.651340902 -0.022805287 0.758067489
959.000000 0.020071523 -0.042605851 -0.276092827 0.025706686 0.652076244 -0.024476761 0.757321954
960.000000 0.025784884 -0.053510293 -0.276941895 0.024906175 0.652380168 -0.022347664 0.757152796
961.000000 0.017160464 -0.049804810 -0.313482881 0.026414281 0.647579134 -0.022493685 0.761207938
962.000000 0.021657472 -0.047723617 -0.287723511 0.028209386 0.651846707 -0.022246601 0.757499278
963.000000 0.023680998 -0.059304655 -0.289494216 0.027415551 0.652164757 -0.020546297 0.757302701
964.000000 0.023614716 -0.044489145 -0.284470439 0.029576430 0.653630853 -0.023372415 0.755874097
965.000000 0.023193356 -0.045241781 -0.286054522 0.030200547 0.654126823 -0.023513466 0.755415916
