0.000000 0.0000000 0.0000000 0.0000000 0.0000000 0.0000000 0.0000000 1.0000000
72.000000 0.0180144 0.0127460 0.0685834 -0.0041897 -0.0323265 -0.0538143 0.9980187
73.000000 0.0187529 0.0107243 0.0716403 -0.0052773 -0.0357325 -0.0554698 0.9978068
78.000000 0.0259031 0.0105287 0.0841495 -0.0050769 -0.0538886 -0.0701011 0.9960703
96.000000 0.0420037 0.0105857 0.1351425 -0.0136958 -0.1301110 -0.1170937 0.9844657
111.000000 0.0471793 0.0081038 0.1781172 0.0157892 -0.1996260 -0.1419486 0.9694074
124.000000 0.0492423 0.0069781 0.2155875 0.0361290 -0.2820115 -0.1489269 0.9470929
139.000000 0.0584227 0.0096779 0.2568094 0.0407406 -0.3795389 -0.1628851 0.9098126
150.000000 0.0522580 0.0099015 0.2792326 0.0348263 -0.4658640 -0.1562244 0.8702596
158.000000 0.0379431 0.0102257 0.2975798 0.0336234 -0.5189977 -0.1533203 0.8402403
170.000000 0.0197155 0.0102960 0.3202474 0.0285790 -0.5861073 -0.1580453 0.7941557
184.000000 0.0089480 0.0175050 0.3332868 0.0067763 -0.6779153 -0.1330868 0.7229611
287.000000 -0.0394636 -0.0305172 0.2541389 -0.0547985 0.9270208 -0.0533465 -0.3671289
331.000000 -0.1196149 -0.0095296 0.1979457 -0.0227827 0.9795740 -0.0210952 -0.1986724
397.000000 -0.1728863 -0.0092895 0.0262405 0.0058782 0.9985793 -0.0283819 -0.0447130
496.000000 -0.2170898 -0.0558538 -0.2310948 -0.0088738 0.9838521 -0.1787630 0.0003573
541.000000 -0.1919766 -0.0514253 -0.3297653 0.0362603 0.9777621 -0.1647248 0.1246284
565.000000 -0.1925002 -0.0363080 -0.3499428 0.0369328 0.9651120 -0.1222609 0.2285761
600.000000 -0.1871876 -0.0243837 -0.3575971 0.0362297 0.9324850 -0.0471373 0.3562826
669.000000 -0.0754496 -0.0101473 -0.3425693 0.0194184 0.8564349 -0.0148545 0.5156757
747.000000 0.1462579 -0.0080039 -0.3797854 -0.0101034 0.9235836 0.0577596 0.3788866
761.000000 0.1748892 -0.0059727 -0.3714509 -0.0065690 0.9428134 0.0700292 0.3258153
766.000000 0.1906417 -0.0106143 -0.3687997 -0.0012834 0.9516407 0.0834941 0.2956468
768.000000 0.1944127 -0.0061229 -0.3696943 0.0010589 0.9541822 0.0861570 0.2865523
780.000000 0.2118973 -0.0113180 -0.3754291 0.0029347 0.9538057 0.0776844 0.2901917
783.000000 0.2154588 -0.0098554 -0.3770184 -0.0014750 0.9526104 0.0659945 0.2969444
792.000000 0.2191826 -0.0141160 -0.3794105 0.0047446 0.9507977 0.0445123 0.3065615
822.000000 0.2400005 -0.0204771 -0.3631053 0.0006897 0.9113775 0.0167390 0.4112304
848.000000 0.2195529 -0.0127333 -0.3367893 -0.0376352 0.8628074 0.0519844 0.5014426
884.000000 0.1422986 -0.0186591 -0.2728051 -0.0336845 0.7858043 0.0246050 0.6170669
