1548340549.995450 0.0000000 0.0000000 0.0000000 0.0000000 0.0000000 0.0000000 1.0000000
1548340550.530080 0.0367067 -0.0180028 0.0624793 -0.0054255 -0.0270209 0.0138514 0.9995242
1548340550.562970 0.0372455 -0.0170196 0.0672742 -0.0057152 -0.0286057 0.0145982 0.9994678
1548340551.133080 0.0623796 -0.0451960 0.2069154 -0.0254912 -0.0537993 0.0082585 0.9981922
1548340551.803680 -0.0010651 -0.0968869 0.4639445 -0.0266688 -0.0518981 -0.0185977 0.9981230
1548340552.708110 -0.0165042 -0.1756152 0.8856162 -0.0627010 -0.0853623 -0.0303777 0.9939110
1548340553.613230 -0.1166873 -0.1889372 1.2529482 -0.0843619 -0.0581420 -0.0687528 0.9923586
1548340554.183410 -0.1380389 -0.1726190 1.4611160 -0.1132271 -0.0636899 -0.0863367 0.9877597
1548340554.350950 -0.1500381 -0.1663264 1.5008585 -0.1145570 -0.0619274 -0.0971886 0.9867097
1548340555.358340 -0.1545233 -0.1256207 1.6200169 -0.1440371 -0.0619076 -0.1154859 0.9808587
1548340555.992600 -0.1648513 -0.1138866 1.6231084 -0.1439605 -0.0810390 -0.1294866 0.9777225
1548340556.393320 -0.1484758 -0.1249032 1.5951949 -0.1385343 -0.0832435 -0.1156742 0.9800501
1548340556.866120 -0.1231453 -0.1440388 1.5225728 -0.1267437 -0.0820789 -0.0947295 0.9839845
1548340557.802670 -0.0733713 -0.1778153 1.1990798 -0.0652101 -0.0266915 -0.0599268 0.9957128
1548340558.807500 -0.0127745 -0.1194252 0.7702374 -0.0479761 -0.0080111 -0.0162813 0.9986836
1548340561.823930 -0.3518252 0.0549129 -0.0475831 -0.0127822 -0.0093811 -0.0474853 0.9987461
1548340564.873670 -0.4647269 0.2311166 -0.7636830 -0.0027438 0.0673823 0.0373298 0.9970249
1548340565.846200 -0.5087240 0.2835194 -1.0709518 -0.0076074 0.0768280 0.0288596 0.9965976
1548340576.805060 -0.2573560 0.2472593 -1.2848198 -0.0527329 0.0128245 0.0156598 0.9984035
1548340577.810330 -0.3205797 0.1399374 -0.8248761 -0.0218002 0.0315675 0.0426840 0.9983518
1548340578.816500 -0.3217178 0.0396285 -0.4185047 -0.0067282 0.0577381 0.0388403 0.9975532
1548340580.827150 -0.0743836 -0.2073002 0.4976313 -0.0379670 -0.0725924 -0.0298134 0.9961928
1548340581.832500 -0.0716862 -0.2398538 1.0166826 -0.0926233 -0.1096799 -0.0489126 0.9884325
1548340582.871750 -0.1192336 -0.1592606 1.3778026 -0.1052901 -0.0633465 -0.0751556 0.9895720
1548340583.709720 -0.1482456 -0.1282483 1.4988573 -0.1203628 -0.0564133 -0.1026079 0.9858001
1548340584.313990 -0.1874487 -0.0786978 1.5159518 -0.1413522 -0.0498386 -0.1542851 0.9765919
1548340584.381010 -0.1877181 -0.0790600 1.5016512 -0.1360877 -0.0537421 -0.1492879 0.9779085
1548340584.414520 -0.1869066 -0.0809262 1.4957185 -0.1348343 -0.0559317 -0.1453638 0.9785503
1548340584.448040 -0.1868601 -0.0833375 1.4879062 -0.1326189 -0.0572128 -0.1421738 0.9792475
1548340585.988540 -0.0861708 -0.1845196 0.8314032 -0.0113725 -0.0619781 -0.0710044 0.9954837
1548340587.027240 -0.0974337 -0.1616153 0.3409802 0.0360726 0.0018917 -0.0280592 0.9989534
1548340588.032600 -0.1577238 -0.1566015 -0.0143954 0.0082646 -0.0311280 -0.0097766 0.9994334
1548340589.037890 -0.2891008 -0.0939632 -0.2849154 0.0329319 0.0461894 0.0131508 0.9983031
1548340590.043360 -0.2752471 -0.0604119 -0.3542957 0.0295575 0.0767311 0.0401124 0.9958060
1548340591.049150 -0.4050280 0.0099335 -0.5654217 0.0356648 0.0826254 0.0093870 0.9958981
1548340592.088330 -0.4259198 0.0250997 -0.8231621 0.0482913 0.0159631 0.0307374 0.9982326
1548340593.093590 -0.3060449 0.0461848 -1.0969328 0.0130116 -0.0175766 0.0372965 0.9990649
1548340593.428760 -0.2706635 0.0879097 -1.2397349 0.0084021 -0.0022918 0.0446019 0.9989669
1548340593.562570 -0.2683133 0.1275898 -1.2863883 0.0040196 0.0269318 0.0497704 0.9983894
1548340593.662990 -0.2864679 0.1150776 -1.3271618 -0.0001806 0.0499568 0.0529639 0.9973460
1548340593.864410 -0.3254762 0.1425891 -1.3901092 0.0096518 0.0710295 0.0647069 0.9953264
1548340593.931440 -0.2899046 0.1573173 -1.4363257 0.0174199 0.0591273 0.0646672 0.9960013
1548340593.964950 -0.3080935 0.1626079 -1.4436270 0.0198867 0.0582310 0.0654344 0.9959579
1548340594.031990 -0.2731476 0.1884802 -1.4892159 0.0208694 0.0482381 0.0635342 0.9965947
1548340594.065210 -0.2744716 0.1941952 -1.5033137 0.0175608 0.0486826 0.0632332 0.9966560
1548340594.098730 -0.2759462 0.2027038 -1.5136291 0.0134386 0.0469531 0.0607771 0.9969559
1548340594.199300 -0.2672831 0.2048964 -1.5448966 -0.0028639 0.0458395 0.0549940 0.9974298
1548340594.601490 -0.3027399 0.2548136 -1.7241114 0.0144536 0.0477150 0.0614003 0.9968673
1548340594.970410 -0.3580375 0.3224402 -1.8623692 -0.0066089 0.0547768 0.0633399 0.9964657
1548340595.338530 -0.4094753 0.3742226 -2.0496142 0.0201900 0.0460186 0.0435967 0.9977846
1548340595.740590 -0.4137459 0.4099652 -2.2151792 0.0057899 0.0335634 0.0399856 0.9986196
1548340595.874660 -0.4516039 0.4259758 -2.2684159 0.0119731 0.0272346 0.0415330 0.9986941
1548340597.685030 -0.5447939 0.6170248 -2.9394872 0.0225009 0.0413978 0.0432473 0.9979527
1548340598.355250 -0.5339574 0.6630352 -3.0900013 0.0179131 0.0594369 0.0228234 0.9978104
1548340598.455870 -0.5355024 0.6630110 -3.0981107 0.0129304 0.0606164 0.0235200 0.9978002
1548340598.556360 -0.5295807 0.6681908 -3.1077769 0.0104470 0.0560145 0.0217964 0.9981374
1548340598.858000 -0.5093222 0.6770756 -3.1262841 0.0072595 0.0472951 0.0239792 0.9985667
1548340598.958570 -0.5053124 0.6747253 -3.1216974 0.0093562 0.0463193 0.0264473 0.9985327
1548340599.360720 -0.5173541 0.6734797 -3.0750914 0.0183050 0.0532173 0.0282971 0.9980141
1548340599.494780 -0.5157322 0.6708416 -3.0450740 0.0161505 0.0624858 0.0279287 0.9975243
1548340599.561860 -0.5190196 0.6674940 -3.0342784 0.0169503 0.0687580 0.0275831 0.9971079
1548340599.628930 -0.5276065 0.6664843 -3.0207722 0.0192381 0.0738073 0.0283772 0.9966831
1548340599.763050 -0.5207310 0.6713858 -2.9971693 0.0257057 0.0806833 0.0286067 0.9959975
1548340599.897130 -0.5058846 0.6844424 -2.9582717 0.0188331 0.0891504 0.0286757 0.9954271
1548340600.131710 -0.5082731 0.6529916 -2.8622038 0.0088783 0.0764799 0.0301706 0.9965750
1548340601.137560 -0.3735448 0.5615771 -2.4072526 -0.0293955 0.0545181 0.0091973 0.9980376
1548340601.438880 -0.3755505 0.5297170 -2.2554502 -0.0246384 0.0467686 0.0146881 0.9984938
1548340601.874550 -0.3406938 0.4548379 -1.9929221 -0.0238035 -0.0039417 0.0095391 0.9996634
1548340602.544290 -0.3493172 0.3213010 -1.6065823 -0.0099386 -0.0090363 0.0092165 0.9998673
1548340602.980420 -0.3785832 0.2480278 -1.3661269 0.0015777 0.0098696 0.0368842 0.9992695
1548340603.784660 -0.3595859 0.1350028 -0.8881965 0.0080720 0.0419933 0.0507228 0.9977969
1548340604.220470 -0.3368590 0.0817451 -0.6964982 0.0275364 0.1244743 0.0562542 0.9902441
1548340605.191940 -0.1684913 -0.0035429 -0.1992544 0.0212884 0.1117497 0.0580527 0.9918108
1548340606.197740 -0.0526951 -0.0928309 0.3553739 -0.0093906 -0.0099614 -0.0126506 0.9998263
1548340607.236520 0.0349784 -0.1677416 0.7077516 -0.0054588 -0.0410068 -0.0827387 0.9957123
1548340608.242380 0.0859087 -0.1876028 0.7929060 -0.0185209 -0.0612613 -0.0716940 0.9953713
