1548265363.585140 0.000000000 0.000000000 0.000000000 0.000000000 0.000000000 0.000000000 1.000000000
1548265363.618650 0.000562366 0.002348863 -0.002374167 0.002158652 0.003599818 -0.000827720 0.999990821
1548265363.652170 -0.003257720 0.005791474 -0.001289018 0.003258560 0.008127428 -0.000373796 0.999961615
1548265363.684590 -0.011940705 -0.002051173 -0.000705045 0.002430297 0.010968317 -0.000312040 0.999936819
1548265363.717130 -0.010276188 -0.002833293 -0.001387823 0.003058601 0.010862130 -0.001527344 0.999935150
1548265363.750510 -0.013167322 -0.000380669 -0.000720209 0.003779026 0.011498295 -0.002138556 0.999924481
1548265363.784020 -0.015963098 -0.005671330 -0.001323353 0.002801556 0.010811531 -0.002318846 0.999934912
1548265363.817540 -0.017756708 -0.008072531 -0.001273604 0.002204397 0.010245115 -0.002669395 0.999941528
1548265363.851060 -0.017419925 -0.008684147 -0.000120459 0.002070019 0.007743073 -0.002791152 0.999963999
1548265363.884520 -0.016073229 -0.009126548 -0.001444808 0.002095118 0.006010127 -0.004646048 0.999968946
1548265363.917970 -0.013165410 -0.014461590 -0.000600394 0.001691075 0.007234054 -0.004329620 0.999963045
1548265363.951480 -0.019429907 -0.023199268 -0.001105901 0.001394731 0.007422956 -0.002694483 0.999967873
1548265363.985070 -0.020141177 -0.017881859 0.001970443 0.003509138 0.005230007 -0.002664951 0.999976635
1548265364.018640 -0.019081030 -0.025711084 -0.000312599 0.003400764 0.002761059 -0.002102295 0.999988198
1548265364.052150 -0.015233677 -0.032233808 -0.001558943 0.003388370 0.000821434 -0.002824749 0.999989927
1548265364.085670 -0.013270116 -0.030734019 -0.001772821 0.005100035 0.001656992 -0.003152746 0.999980628
1548265364.119210 -0.016388943 -0.034257121 -0.002508197 0.006501394 0.003388834 -0.002998294 0.999968648
1548265364.152730 -0.020927964 -0.036058959 -0.002045852 0.008302599 0.004072584 -0.002477357 0.999954164
1548265364.186300 -0.020336214 -0.037135303 -0.003148041 0.010103795 0.002598463 -0.002948850 0.999941230
1548265364.219870 -0.016949305 -0.041253865 -0.006045735 0.011637903 0.002223313 -0.003608577 0.999923289
1548265364.253420 -0.024809994 -0.041895740 -0.006176760 0.013510077 0.003855012 -0.002796062 0.999897420
1548265364.287020 -0.030551104 -0.052080296 -0.008756551 0.013493744 0.001816684 -0.000854651 0.999906957
1548265364.320590 -0.023991033 -0.049992647 -0.008498508 0.016573414 -0.001373614 -0.002159868 0.999859393
1548265364.354090 -0.023528581 -0.051769301 -0.010647259 0.018849974 -0.000825659 -0.002134097 0.999819696
1548265364.387620 -0.024280652 -0.055384260 -0.011972962 0.020489030 0.000194445 -0.001344431 0.999789178
1548265364.421140 -0.024952408 -0.064095728 -0.012587259 0.021394493 0.000331809 -0.000537652 0.999770939
1548265364.454650 -0.019124866 -0.065291256 -0.015281382 0.023614835 -0.000373288 -0.001076861 0.999720454
1548265364.488170 -0.022278983 -0.069033280 -0.013874554 0.025447661 0.001287831 -0.000828998 0.999674976
1548265364.521680 -0.019811040 -0.078411691 -0.015508841 0.026540250 0.001933784 -0.000735888 0.999645591
1548265364.555200 -0.019112151 -0.068732411 -0.014514912 0.030512899 0.004871511 -0.000419832 0.999522388
1548265364.588730 -0.027013328 -0.089426339 -0.013252265 0.029301634 0.007609297 0.001529819 0.999540508
1548265364.622260 -0.030291824 -0.096309349 -0.016014308 0.030632297 0.004313565 0.000362034 0.999521315
1548265364.655760 -0.019700300 -0.086431563 -0.017189192 0.033006597 0.002296376 -0.002582656 0.999449134
1548265364.689280 -0.025116194 -0.090318054 -0.014147723 0.032550581 0.007870111 -0.002311440 0.999436438
1548265364.722790 -0.031862009 -0.098129682 -0.010416386 0.031285908 0.009473924 -0.002019476 0.999463558
1548265364.756310 -0.001863713 -0.094441414 -0.010757646 0.030174274 0.006632553 -0.004208244 0.999513805
1548265364.789820 -0.038091745 -0.091428526 0.000761761 0.027354829 0.021078747 -0.003034898 0.999398887
1548265364.823340 -0.046098612 -0.097256705 0.008660272 0.024030058 0.022302467 -0.001253725 0.999461651
1548265364.856850 -0.031176144 -0.100352533 0.014208431 0.022012753 0.018207680 -0.003127819 0.999586999
1548265364.890370 -0.019445684 -0.096878439 0.020195717 0.020894613 0.021440612 -0.004505310 0.999541581
1548265364.923850 -0.041727431 -0.096420124 0.025484312 0.018982980 0.028793145 -0.000839975 0.999404788
1548265364.957340 -0.028589251 -0.096375637 0.032750815 0.017038062 0.020476751 -0.001780836 0.999643564
1548265364.990840 0.005758593 -0.074392788 0.043292012 0.018518472 0.018617472 -0.003497216 0.999649048
1548265365.024360 -0.019480059 -0.092588954 0.040430695 0.012283975 0.028945124 0.001827582 0.999503851
1548265365.057890 -0.015524702 -0.086473070 0.052721865 0.010870321 0.024942625 0.002051888 0.999627709
1548265365.091390 -0.006493624 -0.072828248 0.056855764 0.010661785 0.023904787 0.000535678 0.999657273
1548265365.124870 -0.007357414 -0.059390314 0.064776078 0.009279605 0.024904562 0.001948934 0.999644876
1548265365.158360 -0.004129024 -0.054736100 0.069609500 0.006624539 0.022490989 0.001603010 0.999723852
1548265365.191870 0.006391379 -0.049446121 0.074481830 0.003613233 0.020360814 0.000933407 0.999785721
1548265365.225420 0.005746432 -0.042362854 0.081029102 -0.000301535 0.021100504 0.001033920 0.999776781
1548265365.258930 0.009083556 -0.044222929 0.086980566 -0.006442036 0.019202547 0.001440107 0.999793828
1548265365.292450 0.017047979 -0.031144904 0.095048301 -0.010452558 0.018137585 0.000533957 0.999780715
1548265365.325960 0.007401813 -0.020417033 0.100365601 -0.014265453 0.017883541 0.000019899 0.999738336
1548265365.359540 0.013071642 -0.014463273 0.102589510 -0.020386031 0.014698416 -0.005122694 0.999670982
1548265365.393060 0.006139903 -0.017310213 0.119388632 -0.027669299 0.017049020 -0.006420951 0.999451101
1548265365.426670 0.007644441 -0.013182133 0.127456591 -0.031780858 0.014270088 -0.008044475 0.999360621
1548265365.460340 0.002659047 -0.003625520 0.134702846 -0.034058031 0.012090355 -0.009294217 0.999303520
1548265365.493960 0.007186228 -0.002481007 0.138591275 -0.036917184 0.004482688 -0.009041014 0.999267399
1548265365.527540 -0.002194876 0.009263462 0.148635730 -0.037102561 -0.002250655 -0.012019577 0.999236643
1548265365.561110 0.019172696 0.003410973 0.152467251 -0.040491685 -0.008701203 -0.012221689 0.999067247
1548265365.594690 0.024023671 0.008472146 0.157866955 -0.041501783 -0.013987562 -0.012884963 0.998957396
1548265365.628220 0.030728288 0.013944664 0.164844409 -0.042834587 -0.017141540 -0.015079826 0.998821259
1548265365.661730 0.045623738 0.028233025 0.174653113 -0.042662770 -0.018881161 -0.014974955 0.998798847
1548265365.695250 0.041167829 0.033628557 0.178191587 -0.043927517 -0.016781401 -0.014995445 0.998781204
1548265365.728780 0.049405281 0.034621615 0.182811677 -0.045673106 -0.017603211 -0.016697371 0.998661757
1548265365.762300 0.053522360 0.044452015 0.188627616 -0.046357337 -0.012619158 -0.017476741 0.998692334
1548265365.795810 0.041324802 0.055416945 0.192373574 -0.047394857 -0.008490860 -0.015964285 0.998712540
1548265365.829310 0.055760849 0.060529809 0.192615822 -0.049296048 -0.008670654 -0.018354362 0.998577893
1548265365.862830 0.042273045 0.065647960 0.199275091 -0.052632466 -0.001994933 -0.015809951 0.998486817
1548265365.896350 0.048726339 0.081855133 0.208192334 -0.053737424 -0.005598878 -0.015224241 0.998423338
1548265365.929860 0.051461559 0.091871992 0.210669667 -0.054529592 -0.002654765 -0.016059151 0.998379469
1548265365.963380 0.037606653 0.103051826 0.216833264 -0.055822313 -0.000509119 -0.013523224 0.998349011
1548265365.996890 0.041909143 0.106233306 0.219668999 -0.059305243 -0.004037220 -0.013113585 0.998145580
1548265366.030410 0.055889029 0.111115791 0.224179924 -0.062315334 -0.008835605 -0.013885133 0.997920811
1548265366.063700 0.066416636 0.124080159 0.232111573 -0.064578526 -0.005633477 -0.015295031 0.997779489
1548265366.097220 0.050638020 0.134774610 0.233597651 -0.067634754 0.000254527 -0.013590966 0.997617543
1548265366.130740 0.050507288 0.145668805 0.238148183 -0.071235120 0.000424371 -0.012521490 0.997380853
1548265366.164250 0.063712910 0.143651024 0.242987707 -0.076441877 -0.001405975 -0.013500873 0.996981621
1548265366.197860 0.053299151 0.148984879 0.250110358 -0.078651123 0.004151931 -0.012679504 0.996812940
1548265366.231280 0.030196397 0.166477337 0.247368559 -0.077459745 0.004593178 -0.008189888 0.996951282
1548265366.264760 0.075819522 0.177735537 0.260055810 -0.075745121 -0.006370504 -0.012623218 0.997026920
1548265366.298280 0.070890486 0.178140581 0.262493968 -0.076342657 0.006410859 -0.008861913 0.997021675
1548265366.331800 0.070628814 0.180700332 0.265423149 -0.076090768 0.007628146 -0.007275900 0.997045159
1548265366.365310 0.070952751 0.182761118 0.267796278 -0.075424783 0.009905650 -0.007855844 0.997071326
1548265366.398830 0.070090294 0.189040422 0.268340677 -0.074052654 0.012579275 -0.005471455 0.997160017
1548265366.432340 0.057767361 0.195062771 0.265884817 -0.072946951 0.015367651 -0.003575020 0.997210979
1548265366.465860 0.067650408 0.204639778 0.271997780 -0.072150365 0.010881064 -0.003858729 0.997326970
1548265366.499320 0.068238817 0.203807920 0.275711030 -0.073935069 0.012389491 -0.004064018 0.997177839
1548265366.532840 0.051552061 0.195415348 0.274795085 -0.077032380 0.013907791 -0.001803113 0.996929944
1548265366.566350 0.074041784 0.193293497 0.286283940 -0.077913359 0.006914369 -0.004360021 0.996926606
1548265366.599660 0.064055935 0.195849523 0.291234225 -0.078129366 0.011083830 -0.004239134 0.996872604
1548265366.633180 0.054534636 0.192431241 0.294522703 -0.079711661 0.011615530 -0.003190940 0.996745169
1548265366.666690 0.060890485 0.188333184 0.299543917 -0.081257701 0.008386998 -0.004747963 0.996646523
1548265366.699900 0.058603626 0.178160772 0.302064210 -0.083613701 0.009069915 -0.004608831 0.996446311
1548265366.733360 0.056508049 0.165732503 0.306474298 -0.084664755 0.007963348 -0.003097891 0.996372879
1548265366.766880 0.057520144 0.159853384 0.306360096 -0.083860330 0.006665602 -0.003335617 0.996449649
1548265366.800400 0.057409957 0.149014205 0.306284130 -0.081810586 0.006487450 -0.002372882 0.996623993
1548265366.833970 0.058868062 0.136207730 0.300711811 -0.079929918 0.003699916 -0.000847662 0.996793270
1548265366.868010 0.067450926 0.124538399 0.305598170 -0.077446505 0.001134638 -0.001061464 0.996995270
1548265366.901520 0.063728869 0.117478289 0.303041041 -0.073008925 0.002118708 0.000590893 0.997328877
1548265366.934520 0.056774031 0.107953824 0.298474610 -0.069722869 0.001315165 0.001101606 0.997564912
1548265366.967980 0.056007199 0.103577815 0.296800226 -0.065923110 -0.000558940 0.000162822 0.997824490
1548265367.001490 0.051245857 0.099039868 0.293553859 -0.063285135 -0.002176626 0.002206140 0.997990668
1548265367.035370 0.063445054 0.095059484 0.293041855 -0.060226426 -0.006272711 0.002292441 0.998162389
1548265367.069000 0.063611478 0.092444465 0.288592011 -0.057613507 -0.005782652 0.001786905 0.998320639
1548265367.102510 0.053644657 0.080394007 0.288409561 -0.057355922 -0.004400460 0.001835373 0.998342395
1548265367.136030 0.061990537 0.076713689 0.286928147 -0.054950714 -0.006576927 0.001850720 0.998465717
1548265367.169530 0.063992821 0.068396777 0.285641670 -0.053034402 -0.003774348 0.002709076 0.998581886
1548265367.203040 0.059653331 0.060289189 0.281963676 -0.050347403 -0.000877923 0.003886453 0.998723805
1548265367.236560 0.066868164 0.049578268 0.276448637 -0.048814505 -0.000366598 0.004097892 0.998799384
1548265367.269980 0.058873195 0.040580686 0.274164617 -0.046349719 0.003557777 0.006548410 0.998897493
1548265367.303490 0.044354703 0.018554207 0.268205762 -0.045347851 0.004263124 0.009618696 0.998915851
1548265367.336980 0.063480906 0.003921466 0.266507626 -0.041865442 -0.003265939 0.008865102 0.999078572
1548265367.370480 0.066109985 0.024029689 0.266834646 -0.032354273 -0.001433661 0.008585085 0.999438584
1548265367.403990 0.056139383 -0.008625534 0.254004598 -0.033479910 0.001972575 0.010067876 0.999386728
1548265367.437520 0.057033531 -0.017909106 0.248222783 -0.029345021 0.000903010 0.010857766 0.999509990
1548265367.471070 0.061840791 -0.011454455 0.242237180 -0.023013372 0.001058377 0.009902418 0.999685585
1548265367.504560 0.061342146 -0.030445298 0.238519236 -0.022507796 0.003824794 0.010640787 0.999682724
1548265367.538060 0.052812997 -0.039448503 0.231381536 -0.019864388 0.005209672 0.011717599 0.999720454
1548265367.571530 0.058977209 -0.037543215 0.225608632 -0.016006861 0.003996136 0.010680381 0.999806881
1548265367.605040 0.059487630 -0.057402913 0.222989559 -0.016511194 0.005230361 0.010878103 0.999790847
1548265367.638540 0.051314898 -0.067619555 0.215367913 -0.014456281 0.005654451 0.010192814 0.999827564
1548265367.672050 0.053532284 -0.069924265 0.213372856 -0.010931549 0.004573601 0.008731233 0.999891639
1548265367.705540 0.071736440 -0.088465393 0.204887107 -0.010681481 0.005484152 0.006804298 0.999904752
1548265367.739050 0.060374636 -0.093476363 0.197397754 -0.008138640 0.015387994 0.006829206 0.999825120
1548265367.772560 0.049807865 -0.113108680 0.194405407 -0.007359521 0.020435857 0.008046111 0.999731660
1548265367.806040 0.087084770 -0.111186147 0.192080319 -0.002612200 0.018737579 0.006532917 0.999799669
1548265367.839550 0.124109723 -0.134787723 0.183627069 -0.003638629 0.028461659 0.007611568 0.999559283
1548265367.873030 0.058594726 -0.112326540 0.176835969 0.004539088 0.048803668 0.010290185 0.998745084
1548265367.906530 0.116030045 -0.147068471 0.165774494 0.003712747 0.044601884 0.009816826 0.998949707
1548265367.940050 0.117829777 -0.152730092 0.156832144 0.007017006 0.057400074 0.010136905 0.998275161
1548265367.973550 0.063356660 -0.145834371 0.154830560 0.012050360 0.076494850 0.012424282 0.996919751
1548265368.007080 0.101221010 -0.152127057 0.143935576 0.014523323 0.077453874 0.013749118 0.996795297
1548265368.040590 0.116839767 -0.156784341 0.142756164 0.017149767 0.086216450 0.016460260 0.995992839
1548265368.074100 0.082118727 -0.149563894 0.132945880 0.021840885 0.101398997 0.018229106 0.994439006
1548265368.107590 0.079246216 -0.157464251 0.126778439 0.023238916 0.108761847 0.020081297 0.993593276
1548265368.141010 0.141771093 -0.177422300 0.110645957 0.022079924 0.107977450 0.023554238 0.993628979
1548265368.174520 0.118408643 -0.168369025 0.110396095 0.025740989 0.123229094 0.027274581 0.991669357
1548265368.208040 0.098002084 -0.160218522 0.112381741 0.029108441 0.136353076 0.029892666 0.989781260
1548265368.241550 0.143373236 -0.171758637 0.097762197 0.028498242 0.138339251 0.033046477 0.989423096
1548265368.275070 0.133296728 -0.165206149 0.100654207 0.030187799 0.152464136 0.036512051 0.987172842
1548265368.308590 0.115783758 -0.167032152 0.097459614 0.030183725 0.165760115 0.038830075 0.984938979
1548265368.342100 0.107581437 -0.160746455 0.100414433 0.031614844 0.175914824 0.040614326 0.983058989
1548265368.375960 0.163729474 -0.179313138 0.080871515 0.027897598 0.176561877 0.044904809 0.982868850
1548265368.409520 0.128803030 -0.169540584 0.094471477 0.030031789 0.192804560 0.047901511 0.979607046
1548265368.443030 0.115601234 -0.179457337 0.096667096 0.028922440 0.201026663 0.049413335 0.977911115
1548265368.476550 0.116164155 -0.171751529 0.095480792 0.031574216 0.207796440 0.050657626 0.976349056
1548265368.510070 0.146631330 -0.185555473 0.075484604 0.030163826 0.210480645 0.054171868 0.975629747
1548265368.543590 0.132809803 -0.188069597 0.085584603 0.031505547 0.222072214 0.058233522 0.972779632
1548265368.577180 0.177375555 -0.210214764 0.058694176 0.030306675 0.220561162 0.060621087 0.973015606
1548265368.610700 0.195124820 -0.214055076 0.051811967 0.032268699 0.224129200 0.061910875 0.972055495
1548265368.644270 0.197547078 -0.216366500 0.045109320 0.034704249 0.231374249 0.065313019 0.970049381
1548265368.677780 0.209885448 -0.222867653 0.039574753 0.037216298 0.237913877 0.069055945 0.968113244
1548265368.711300 0.193664774 -0.217620283 0.039719976 0.041257434 0.248161554 0.072130539 0.965148091
1548265368.744810 0.200768366 -0.228268847 0.029042270 0.042765692 0.253247857 0.075149901 0.963529468
1548265368.778280 0.205015317 -0.224615976 0.022642603 0.046172835 0.260038584 0.077633359 0.961364150
1548265368.811730 0.190238833 -0.226834327 0.024991861 0.049145389 0.268707246 0.081588313 0.958501160
1548265368.845250 0.189430714 -0.229687288 0.019896796 0.052503780 0.273322701 0.084948108 0.956724584
1548265368.911690 0.223696724 -0.238052100 -0.011734287 0.055565186 0.280876040 0.088634051 0.954025805
1548265368.945160 0.248613477 -0.244596273 -0.028477551 0.056070819 0.281538397 0.091083951 0.953570068
1548265368.978680 0.243745133 -0.257769734 -0.029839570 0.055971716 0.287557274 0.092056572 0.951684594
1548265369.012190 0.232981592 -0.261349171 -0.022341790 0.057361070 0.297352254 0.092011087 0.948591232
1548265369.045690 0.255889475 -0.253457904 -0.040200297 0.061480671 0.299424082 0.094907485 0.947395325
1548265369.079210 0.248324215 -0.253292233 -0.044075571 0.065038174 0.303194970 0.094652273 0.945982993
1548265369.112720 0.253450751 -0.263174057 -0.048192661 0.066879332 0.307562083 0.094879508 0.944420755
1548265369.146240 0.257544041 -0.265713751 -0.057313703 0.070319638 0.312597662 0.095315419 0.942471623
1548265369.179740 0.253115118 -0.266242176 -0.062731251 0.074732818 0.316853046 0.096682586 0.940569818
1548265369.213270 0.248898923 -0.262020260 -0.067656666 0.079552747 0.319715232 0.095050909 0.939371526
1548265369.246790 0.242442966 -0.265218914 -0.070912220 0.082946338 0.324088901 0.094369009 0.937646389
1548265369.280310 0.245102540 -0.274333656 -0.079794027 0.084831074 0.326070458 0.095572121 0.936668396
1548265369.313830 0.247384489 -0.274592221 -0.085666157 0.087571017 0.326519430 0.094477162 0.936370909
1548265369.347350 0.236532807 -0.276687771 -0.084051289 0.089379817 0.331169009 0.092498928 0.934763193
1548265369.380870 0.237731561 -0.277987272 -0.088737629 0.091730677 0.335607976 0.092226513 0.932977498
1548265369.414480 0.277047843 -0.288520634 -0.132672369 0.091920473 0.329193085 0.093271114 0.935137987
1548265369.448020 0.274664015 -0.293783158 -0.138576567 0.093176253 0.328334212 0.091389045 0.935501397
1548265369.481510 0.252527475 -0.293131113 -0.117373742 0.094261564 0.334810048 0.088593669 0.933363914
1548265369.514940 0.264803559 -0.298839837 -0.131632641 0.093626060 0.336307079 0.089132957 0.932838142
1548265369.548540 0.259411544 -0.302380204 -0.142961130 0.093587138 0.336786568 0.090775028 0.932510674
1548265369.582080 0.254959494 -0.298799157 -0.138641030 0.092940569 0.337425649 0.089888081 0.932430208
1548265369.615640 0.261294633 -0.305173695 -0.137597904 0.090270989 0.339724869 0.090359248 0.931811869
1548265369.649170 0.255779654 -0.301193595 -0.136407599 0.089393228 0.343362778 0.090881206 0.930511355
1548265369.682700 0.255037516 -0.299020916 -0.142954201 0.087567464 0.344235003 0.091847494 0.930267811
1548265369.716280 0.248542354 -0.292438656 -0.140767500 0.085119903 0.345775187 0.091145456 0.929992795
1548265369.749800 0.226335153 -0.293734759 -0.116539009 0.079671763 0.353902608 0.088735856 0.927648246
1548265369.783310 0.240900815 -0.283432126 -0.126068830 0.074909262 0.357584804 0.089160018 0.926591694
1548265369.816830 0.243342489 -0.277614981 -0.129648596 0.071170487 0.359512091 0.089891098 0.926069856
1548265369.850350 0.236688524 -0.273280352 -0.109893829 0.066887222 0.365923405 0.089131996 0.923948944
1548265369.883860 0.244137660 -0.268804133 -0.124266200 0.064105891 0.367002368 0.090665095 0.923568904
1548265369.917380 0.245982379 -0.266158253 -0.126330510 0.061446395 0.366724283 0.090754494 0.923851311
1548265369.950890 0.259491652 -0.267647207 -0.126179054 0.058581293 0.366003543 0.090987444 0.924300253
1548265369.984450 0.265513211 -0.260387927 -0.125407144 0.058130208 0.367397428 0.090780579 0.923795938
1548265370.018000 0.258489281 -0.255608439 -0.121990241 0.057928503 0.370382369 0.091202058 0.922574282
1548265370.051550 0.257513016 -0.256723642 -0.123438373 0.056576923 0.371464401 0.092230514 0.922120810
1548265370.085070 0.257809520 -0.248915404 -0.122377142 0.056335837 0.372075438 0.091856405 0.921926558
1548265370.118580 0.256472945 -0.247856617 -0.125780076 0.054829355 0.372730315 0.092459433 0.921692491
1548265370.152100 0.260980994 -0.243376374 -0.128111243 0.053421758 0.372545063 0.092628784 0.921833098
1548265370.185610 0.257292449 -0.243892446 -0.126626983 0.051484130 0.373002648 0.093261600 0.921694458
1548265370.219130 0.261317700 -0.238603756 -0.127898529 0.050191719 0.372397006 0.093269341 0.922009826
1548265370.252500 0.253253549 -0.240995288 -0.127685800 0.047907721 0.373021454 0.094514534 0.921752036
1548265370.286000 0.254197210 -0.232960597 -0.129332528 0.046903934 0.371127963 0.094383389 0.922581077
1548265370.319480 0.249469414 -0.229141206 -0.122136340 0.044781163 0.370923489 0.093292587 0.922879636
1548265370.353050 0.259903938 -0.226720735 -0.120802939 0.041675851 0.371264637 0.091620743 0.923055410
1548265370.386490 0.249158472 -0.219060227 -0.122461647 0.039957892 0.373030365 0.092463613 0.922335207
1548265370.420010 0.246003851 -0.217830613 -0.119909443 0.036986068 0.372011781 0.092815340 0.922835112
1548265370.453520 0.250774443 -0.208141729 -0.112334006 0.034301337 0.372593313 0.090589672 0.922925293
1548265370.487030 0.254232466 -0.209112063 -0.114314884 0.030982422 0.373540014 0.091638170 0.922556460
1548265370.520530 0.247454002 -0.205786496 -0.106235445 0.028600274 0.375133216 0.091273785 0.922022879
1548265370.554030 0.240700394 -0.192616239 -0.097942293 0.027403513 0.376933217 0.090418585 0.921409190
1548265370.587530 0.256167591 -0.200604036 -0.106758259 0.021603830 0.374294102 0.090829656 0.922598064
1548265370.621040 0.264325857 -0.191964790 -0.106723242 0.018650919 0.373824120 0.089701302 0.922963321
1548265370.654560 0.243291035 -0.164822876 -0.086210169 0.019498041 0.378337979 0.089463130 0.921127856
1548265370.688050 0.248852134 -0.168239892 -0.085415065 0.014553749 0.378497899 0.091179356 0.920985222
1548265370.721570 0.242290691 -0.165376797 -0.075109221 0.011749752 0.379928201 0.092451081 0.920309365
1548265370.755090 0.248398781 -0.161665142 -0.078903332 0.009504061 0.377858967 0.092875078 0.921144128
1548265370.788620 0.253961265 -0.158667520 -0.076483443 0.006530585 0.377084106 0.093035176 0.921471298
1548265370.822140 0.254233330 -0.160285413 -0.073773615 0.003947568 0.377574235 0.094373219 0.921149194
1548265370.855650 0.258566201 -0.152378842 -0.074714534 0.003042046 0.375840813 0.094784297 0.921819031
1548265370.889400 0.258716345 -0.148154125 -0.072558612 0.000914281 0.375357032 0.094400056 0.922060132
1548265370.922920 0.252485216 -0.140971422 -0.067282170 -0.001475265 0.377031952 0.093465060 0.921471119
1548265370.956430 0.252957940 -0.141382739 -0.067029931 -0.004449345 0.377892196 0.094859265 0.920966566
1548265370.989950 0.257304907 -0.142592490 -0.065257438 -0.007189001 0.377024174 0.096025951 0.921184063
1548265371.023470 0.251743108 -0.126576871 -0.063710272 -0.008731458 0.377580374 0.093545981 0.921198130
1548265371.056980 0.250674695 -0.128620818 -0.058130197 -0.013424153 0.380022794 0.094806373 0.920007706
1548265371.090500 0.249240786 -0.130361095 -0.057080694 -0.017601267 0.379629135 0.096377164 0.919936597
1548265371.124050 0.257545680 -0.128853247 -0.056876481 -0.021967461 0.378450841 0.096192308 0.920347452
1548265371.157560 0.245380461 -0.123802893 -0.047265068 -0.025011545 0.380608499 0.096321270 0.919365942
1548265371.191080 0.243421853 -0.122385710 -0.044787277 -0.029059181 0.379309624 0.096821226 0.919731140
1548265371.224580 0.259400398 -0.104262881 -0.046936221 -0.029705975 0.376011312 0.097275235 0.921016037
1548265371.258090 0.257590979 -0.101917826 -0.040405005 -0.031482898 0.375352323 0.097558171 0.921195865
1548265371.291610 0.264162540 -0.105462894 -0.044127803 -0.033114702 0.371929467 0.098053314 0.922473550
1548265371.325120 0.268565327 -0.104619496 -0.044538222 -0.033301350 0.370333850 0.098445214 0.923066854
1548265371.358630 0.263074785 -0.103692047 -0.040690403 -0.032421742 0.369309008 0.098908573 0.923459172
1548265371.392130 0.262829810 -0.093297325 -0.040653221 -0.030299144 0.367140353 0.097802699 0.924513161
1548265371.425560 0.266336679 -0.091163449 -0.043210823 -0.030263081 0.366417021 0.096497454 0.924938381
1548265371.458930 0.260032505 -0.091578439 -0.038545746 -0.029910412 0.367840260 0.097227432 0.924308240
1548265371.492520 0.262505919 -0.089608952 -0.042481665 -0.030089794 0.366762996 0.096530549 0.924803436
1548265371.526110 0.262984663 -0.081243709 -0.041103221 -0.030224403 0.367443413 0.095195659 0.924667299
1548265371.559630 0.259020984 -0.082721837 -0.038553458 -0.031024307 0.369302630 0.095597371 0.923858345
1548265371.593150 0.260931432 -0.081315354 -0.039234333 -0.031548481 0.368727624 0.095819935 0.924047172
1548265371.626670 0.258488625 -0.076427862 -0.038453717 -0.032025870 0.370319545 0.095364548 0.923441052
1548265371.660180 0.259440929 -0.083064452 -0.034711804 -0.032717589 0.370637536 0.097867534 0.923027277
1548265371.693700 0.261618227 -0.079627037 -0.037637759 -0.031623889 0.368615985 0.098338865 0.923824489
1548265371.727220 0.264648527 -0.076643266 -0.041295145 -0.031448975 0.367970198 0.097629517 0.924163043
1548265371.760730 0.260156363 -0.083652489 -0.037280761 -0.032069024 0.369629890 0.099272974 0.923303962
1548265371.794250 0.266476333 -0.083389960 -0.040463217 -0.031075289 0.367955267 0.100300021 0.923895657
1548265371.827760 0.266706884 -0.085170940 -0.040564287 -0.030299999 0.367913097 0.100492902 0.923917234
1548265371.861280 0.266158760 -0.088787258 -0.041173514 -0.028665081 0.367840230 0.102410540 0.923787832
1548265371.894790 0.269863605 -0.091168210 -0.045717824 -0.027526148 0.366538465 0.102551959 0.924324036
1548265371.928310 0.275115579 -0.092336409 -0.051063318 -0.025822755 0.366026640 0.102972463 0.924529254
1548265371.961830 0.276275843 -0.095600270 -0.054863866 -0.023954360 0.365868777 0.104073204 0.924518824
1548265371.995340 0.272195905 -0.097689033 -0.054725815 -0.021695616 0.365888357 0.104233578 0.924548745
1548265372.028860 0.274745554 -0.096066751 -0.057934057 -0.019839818 0.365137726 0.102788441 0.925048888
1548265372.062370 0.268590629 -0.098401181 -0.055371523 -0.018594904 0.367098749 0.102552928 0.924324453
1548265372.095870 0.270183325 -0.099916771 -0.057842381 -0.017224927 0.367204905 0.103287354 0.924227059
1548265372.129380 0.269957632 -0.106310166 -0.062363233 -0.016474526 0.366911352 0.103679292 0.924313426
1548265372.162860 0.267066985 -0.101042077 -0.060761429 -0.014277771 0.367033750 0.103178993 0.924357295
1548265372.196380 0.261886328 -0.096939825 -0.061077531 -0.012910447 0.367637932 0.102563046 0.924205899
1548265372.229900 0.267918497 -0.103995658 -0.064220436 -0.012913863 0.367086291 0.103999145 0.924264610
1548265372.263410 0.262614310 -0.107493617 -0.062733062 -0.012225902 0.366635650 0.104375497 0.924410403
1548265372.296930 0.268666118 -0.107144438 -0.065731600 -0.011769638 0.365709037 0.103211343 0.924913943
1548265372.330440 0.266340852 -0.108585164 -0.066376552 -0.010960480 0.367280662 0.103457771 0.924273372
1548265372.363930 0.262854666 -0.117928654 -0.065284900 -0.010708541 0.367543310 0.104617395 0.924041390
1548265372.397440 0.262948453 -0.115765698 -0.064302824 -0.009968661 0.367284328 0.103249453 0.924306452
1548265372.430970 0.264379382 -0.117915690 -0.067990176 -0.009466421 0.367223948 0.103124052 0.924349725
1548265372.464510 0.261976153 -0.129679978 -0.065261252 -0.009290013 0.368292332 0.103918679 0.923837304
1548265372.498200 0.264418125 -0.127304509 -0.069895133 -0.006566189 0.367014170 0.103579201 0.924407303
1548265372.531720 0.270493180 -0.129005238 -0.074981585 -0.004712814 0.366558641 0.103731543 0.924582243
1548265372.565260 0.265584379 -0.134124145 -0.073358595 -0.003001221 0.368113250 0.103934482 0.923948765
1548265372.598790 0.263006985 -0.132079750 -0.074865527 -0.000098998 0.367842346 0.103944972 0.924060285
1548265372.632310 0.262061983 -0.150247768 -0.075136207 0.000351176 0.367941409 0.104190633 0.923993111
1548265372.665820 0.265724242 -0.138155192 -0.083536021 0.005135160 0.367720455 0.103048027 0.924194992
1548265372.699350 0.262546510 -0.143477157 -0.084901564 0.007588048 0.368741065 0.104738370 0.923581243
1548265372.732870 0.261068553 -0.156694353 -0.086665429 0.007996437 0.369012445 0.104458712 0.923501074
1548265372.766390 0.257931530 -0.156537086 -0.086378470 0.010084040 0.370351732 0.103874862 0.923010230
1548265372.799900 0.250722736 -0.161585838 -0.086544029 0.011279575 0.371231288 0.103760630 0.922655821
1548265372.833420 0.253634483 -0.161352262 -0.088033199 0.013529039 0.371425509 0.103054605 0.922626615
1548265372.866940 0.253169924 -0.163631320 -0.092601009 0.015838133 0.371937484 0.103075445 0.922381222
1548265372.900460 0.248978466 -0.167019740 -0.093252204 0.018499140 0.372957647 0.103634879 0.921856940
1548265372.933970 0.252714872 -0.167659223 -0.101007521 0.021389950 0.371857375 0.103353597 0.922270358
1548265372.967480 0.243066773 -0.170102358 -0.100456052 0.023815043 0.373189509 0.103299178 0.921678722
1548265373.001000 0.241588667 -0.176927656 -0.100590318 0.024981651 0.373470306 0.103962190 0.921459556
1548265373.034540 0.244213447 -0.183006242 -0.106389120 0.026103366 0.373100191 0.105192132 0.921438813
1548265373.068070 0.239868015 -0.184095755 -0.106778190 0.027078768 0.373660862 0.105334356 0.921167195
1548265373.101640 0.238581926 -0.185664847 -0.108812220 0.027026046 0.374136925 0.105438910 0.920963526
1548265373.135160 0.234818846 -0.190386638 -0.107784487 0.026316205 0.375179052 0.106595874 0.920426786
1548265373.168740 0.237458095 -0.195721224 -0.111970715 0.025124360 0.374185562 0.107245535 0.920788944
1548265373.202370 0.231050625 -0.194096237 -0.106266744 0.024201291 0.375565201 0.106857657 0.920296967
1548265373.235880 0.230537474 -0.191659018 -0.106037915 0.024061471 0.375359714 0.106908776 0.920378506
1548265373.269400 0.229940876 -0.198638409 -0.105343305 0.022118358 0.376614779 0.106200606 0.919996440
1548265373.302920 0.224067599 -0.200967088 -0.106005028 0.021606350 0.376830190 0.106902920 0.919839084
1548265373.336430 0.234423950 -0.200059846 -0.112964518 0.020354362 0.372505933 0.104415223 0.921912432
1548265373.369950 0.229166403 -0.209133521 -0.107357189 0.018531609 0.376048684 0.104204968 0.920535326
1548265373.403350 0.227311432 -0.208340049 -0.107088134 0.019678751 0.376425505 0.104347885 0.920341253
1548265373.436860 0.228465438 -0.209012046 -0.107452355 0.020699298 0.376274079 0.102690078 0.920567274
1548265373.470500 0.231735557 -0.215606928 -0.112967558 0.021912822 0.375788331 0.102345973 0.920775890
1548265373.504080 0.225437820 -0.217386022 -0.118353285 0.024197405 0.375285357 0.101059370 0.921065927
1548265373.537600 0.219756678 -0.217639759 -0.117888607 0.025952913 0.374428302 0.098696299 0.921622992
1548265373.570930 0.215665758 -0.215101644 -0.116141573 0.028139737 0.374396622 0.096881248 0.921764255
1548265373.604390 0.215193778 -0.219293267 -0.119504437 0.029112304 0.375128746 0.095519550 0.921578526
1548265373.637960 0.198792756 -0.222353935 -0.115616642 0.029503888 0.376882911 0.095553115 0.920846581
1548265373.671470 0.207302853 -0.225937769 -0.119674012 0.028501147 0.375858784 0.094560638 0.921398997
1548265373.704990 0.200554416 -0.227129772 -0.115259208 0.028472411 0.379022092 0.095035970 0.920054197
1548265373.738740 0.205259770 -0.230851248 -0.121498026 0.028220139 0.379214883 0.096385941 0.919842064
1548265373.772370 0.205826491 -0.231736407 -0.126224816 0.028960619 0.378910601 0.098379493 0.919733346
1548265373.805960 0.206653535 -0.235107586 -0.123739652 0.029022668 0.379564345 0.098539762 0.919444680
1548265373.839480 0.195456117 -0.238644719 -0.123288058 0.030069821 0.380704671 0.101302221 0.918639004
1548265373.872920 0.196387082 -0.247263387 -0.127053335 0.030786855 0.376957446 0.103553668 0.919908643
1548265373.906440 0.196521834 -0.238088951 -0.121624336 0.032330163 0.376116753 0.100977361 0.920486033
1548265373.939950 0.193026006 -0.240369201 -0.122666709 0.032910220 0.378296226 0.102579556 0.919394553
1548265373.973350 0.196688995 -0.244977251 -0.129731268 0.033550620 0.375444114 0.105098091 0.920255601
1548265374.006870 0.197840258 -0.245710954 -0.126464799 0.033103894 0.374535710 0.102890924 0.920891225
1548265374.040380 0.205668375 -0.245833755 -0.129768461 0.033025384 0.374659568 0.102427810 0.920895219
1548265374.073900 0.202560365 -0.249501765 -0.132622600 0.033859346 0.374683380 0.103598267 0.920724332
1548265374.107420 0.207333729 -0.248905271 -0.134767890 0.034933761 0.372309297 0.101045020 0.921930254
1548265374.140810 0.199672207 -0.244663507 -0.125272527 0.036269210 0.375611186 0.097626425 0.920907080
1548265374.174260 0.202337056 -0.252956182 -0.131885976 0.036498267 0.377095163 0.098153211 0.920235336
1548265374.207240 0.199128926 -0.253378361 -0.137778416 0.039428901 0.375782639 0.098023981 0.920665026
1548265374.240700 0.195201501 -0.251581788 -0.132653430 0.041792057 0.375131845 0.094288364 0.921216130
1548265374.274220 0.191747993 -0.253156215 -0.132434741 0.043574847 0.376554489 0.093154356 0.920668364
1548265374.307710 0.189392194 -0.261223435 -0.139267042 0.045447726 0.375765443 0.094009474 0.920813262
1548265374.341230 0.183880642 -0.259973705 -0.136546075 0.048069987 0.375545472 0.093074456 0.920864820
1548265374.374740 0.181452602 -0.266461849 -0.137414277 0.049444377 0.375412077 0.094135888 0.920738518
1548265374.408280 0.187878594 -0.261981815 -0.145977587 0.052583672 0.372457772 0.094598107 0.921716511
1548265374.441800 0.185650408 -0.268733442 -0.149401069 0.053599648 0.371346802 0.094861299 0.922079146
1548265374.475370 0.177170515 -0.269538820 -0.146894708 0.054768544 0.372216761 0.095948912 0.921546996
1548265374.508880 0.182077229 -0.273134172 -0.154519871 0.055959556 0.369488358 0.096749678 0.922489226
1548265374.542350 0.182621777 -0.265797108 -0.152116358 0.058175474 0.368605822 0.095427632 0.922842860
1548265374.575870 0.196048975 -0.285125852 -0.168501869 0.055648964 0.366909951 0.095567711 0.923659623
1548265374.609380 0.195586815 -0.291984200 -0.172526702 0.055633467 0.366267711 0.095768921 0.923894584
1548265374.642950 0.192127600 -0.285888821 -0.170249715 0.056311276 0.366154701 0.093669459 0.924113512
1548265374.676800 0.171787500 -0.267628998 -0.154864341 0.059201114 0.370231807 0.092452466 0.922429502
1548265374.710320 0.192083359 -0.290044010 -0.175664544 0.056007404 0.366900712 0.093345568 0.923868835
1548265374.743900 0.187652707 -0.292488366 -0.174355820 0.056311212 0.366839916 0.092249431 0.923984587
1548265374.777420 0.184363037 -0.290213943 -0.176346809 0.056239661 0.366720945 0.090877399 0.924172103
1548265374.811010 0.173306212 -0.294178486 -0.171461880 0.055262160 0.367953151 0.090817139 0.923747122
1548265374.844450 0.203781784 -0.258188337 -0.201090947 0.059205525 0.359956414 0.086339146 0.927076936
1548265374.877920 0.171688050 -0.290562719 -0.175005481 0.055403136 0.364922643 0.088985294 0.925118148
1548265374.911440 0.173062861 -0.294620693 -0.174852744 0.053728618 0.363962382 0.088775150 0.925615251
1548265374.944960 0.180200621 -0.298733771 -0.182465434 0.052263554 0.361937165 0.089234225 0.926448703
1548265374.978470 0.166164085 -0.289582044 -0.172597528 0.052935734 0.362469673 0.088294759 0.926292360
1548265375.011960 0.171456575 -0.292279780 -0.172484145 0.050850499 0.361287862 0.087668166 0.926930189
1548265375.045500 0.174241111 -0.291856468 -0.174448222 0.049681012 0.360844344 0.088695541 0.927068591
1548265375.079020 0.163597524 -0.287586987 -0.171287581 0.049167659 0.360652655 0.088977024 0.927143633
1548265375.112560 0.168919101 -0.288686961 -0.172413781 0.046640258 0.358783275 0.088345587 0.928059459
1548265375.146090 0.203065962 -0.260153234 -0.194610387 0.047384746 0.352835685 0.084826425 0.930626750
1548265375.179590 0.227507547 -0.236726120 -0.205576971 0.047429364 0.349168777 0.082029261 0.932256877
1548265375.213130 0.161822274 -0.278853655 -0.162934884 0.040559366 0.359597445 0.087146923 0.928143322
1548265375.246620 0.160377800 -0.276294172 -0.160538763 0.038795825 0.358443767 0.087267771 0.928653479
1548265375.280140 0.145759150 -0.277216643 -0.147198752 0.036773078 0.359884799 0.086941846 0.928208947
1548265375.313630 0.176064774 -0.261450976 -0.163190588 0.036371306 0.354573131 0.084058985 0.930531621
1548265375.347170 0.209910139 -0.239655420 -0.184429705 0.037627202 0.348237544 0.081997618 0.933054745
1548265375.380680 0.239530325 -0.223003954 -0.199674442 0.038338851 0.342212111 0.080059238 0.935420513
1548265375.414230 0.028405843 -0.269810289 -0.054240666 0.033920627 0.375451893 0.088506714 0.921982586
1548265375.447680 0.069390438 -0.251209646 -0.077972747 0.035728443 0.366925448 0.086333141 0.925546229
1548265375.481200 0.084129468 -0.241718501 -0.082891151 0.035460960 0.364794850 0.083522260 0.926655948
1548265375.514760 0.120886795 -0.247460902 -0.125169367 0.032746062 0.357099116 0.083902419 0.929714084
1548265375.548230 0.152364090 -0.248071522 -0.149247333 0.031241732 0.349282652 0.081935473 0.932905257
1548265375.581800 0.187972173 -0.252044410 -0.171589300 0.029188108 0.342127919 0.080522135 0.935741782
1548265375.615310 0.216098070 -0.260283321 -0.187950864 0.026141595 0.337696522 0.080046631 0.937480748
1548265375.648780 0.243990988 -0.281590462 -0.218606353 0.020922955 0.331175029 0.080904417 0.939861596
1548265375.682340 0.278393835 -0.300324410 -0.242828682 0.016144598 0.322585166 0.080974884 0.942932248
1548265375.715810 0.307026923 -0.324530542 -0.255527228 0.009925154 0.317596406 0.080252454 0.944771707
1548265375.749330 0.334813893 -0.352778941 -0.273158222 0.003521117 0.312119514 0.082854874 0.946416438
1548265375.782840 0.364048809 -0.376923501 -0.287736982 -0.002762400 0.305824161 0.082435958 0.948508441
1548265375.816290 0.392861873 -0.406271845 -0.298823535 -0.010254322 0.299369425 0.084616929 0.950322449
1548265375.849750 0.423408926 -0.440384984 -0.304231256 -0.019421602 0.294791698 0.086619206 0.951429307
1548265375.883260 0.437609583 -0.459414691 -0.306097597 -0.025477065 0.292997003 0.086956210 0.951810002
1548265375.916770 0.181950182 -0.269363761 -0.178639024 0.001032773 0.327724546 0.076755911 0.941649675
1548265375.950290 0.131097987 -0.220441103 -0.129381895 0.005245876 0.333654255 0.074005313 0.939771533
1548265375.983800 0.159036934 -0.253199488 -0.135428309 -0.003218082 0.329565644 0.076998606 0.940982103
1548265376.017320 0.179602802 -0.305691242 -0.147116408 -0.014006081 0.326602101 0.080146544 0.941653550
1548265376.050810 0.199985862 -0.359073907 -0.156121135 -0.024908772 0.322125494 0.081737161 0.942832828
1548265376.084060 0.212851465 -0.298991680 -0.163186371 -0.018903954 0.318954796 0.079304166 0.944257021
1548265376.117320 0.149901077 -0.219933346 -0.126043573 -0.009047292 0.328333348 0.076943621 0.941379309
1548265376.150840 0.147720546 -0.214148447 -0.125251740 -0.010096601 0.326845646 0.076820970 0.941896260
1548265376.184350 0.163583651 -0.224078462 -0.126228854 -0.013645886 0.325135291 0.077075608 0.942422509
1548265376.217860 0.171584874 -0.238820881 -0.124635033 -0.017334780 0.324998587 0.079561278 0.942202389
1548265376.251380 0.176951230 -0.240758523 -0.127787933 -0.018852558 0.322405308 0.080226161 0.943007529
1548265376.284900 0.187467411 -0.249004424 -0.132675424 -0.021641668 0.321164072 0.080443271 0.943352640
1548265376.318420 0.177409545 -0.228899002 -0.130452886 -0.019721605 0.323004872 0.080875494 0.942729056
1548265376.351990 0.181819364 -0.231410816 -0.137372211 -0.020568848 0.320224255 0.081903853 0.943570435
1548265376.385530 0.194348097 -0.223662838 -0.136984855 -0.020812955 0.318918139 0.080920339 0.944092155
1548265376.419050 0.183791116 -0.217388377 -0.133054852 -0.020729387 0.320852399 0.082011163 0.943344176
1548265376.452570 0.185335666 -0.224164918 -0.133902669 -0.022786099 0.319424719 0.082272619 0.943758368
1548265376.486080 0.188189879 -0.218499437 -0.133477300 -0.023046503 0.319373280 0.081636377 0.943824708
1548265376.519600 0.183032423 -0.214351356 -0.132643342 -0.023286264 0.319447190 0.082130775 0.943750918
1548265376.553110 0.184710205 -0.221122444 -0.131004661 -0.025242064 0.319027394 0.082037888 0.943850696
1548265376.586630 0.189846605 -0.222049743 -0.131166384 -0.025867647 0.318156302 0.083495863 0.943999946
1548265376.620150 0.180425718 -0.209826142 -0.126744583 -0.025525760 0.318487197 0.082813159 0.943957806
1548265376.653640 0.182460904 -0.215989560 -0.127158254 -0.028129932 0.318269581 0.083540194 0.943893135
1548265376.687150 0.181560442 -0.199206337 -0.125615969 -0.027092682 0.318041503 0.084184676 0.943943083
1548265376.720900 0.181619540 -0.194932461 -0.123075850 -0.028849801 0.317455530 0.084270716 0.944080591
1548265376.754430 0.185983106 -0.202272013 -0.124841608 -0.032488275 0.317489952 0.085078657 0.943878293
1548265376.787960 0.185322359 -0.204612151 -0.119344339 -0.035559312 0.318722814 0.086159147 0.943253875
1548265376.821470 0.184298173 -0.197772682 -0.118723013 -0.036622737 0.318274528 0.086501129 0.943333268
1548265376.854980 0.182216123 -0.187700152 -0.113319159 -0.036923241 0.318917215 0.086095393 0.943141580
1548265376.888480 0.174902111 -0.174204528 -0.108059391 -0.036213089 0.320541322 0.086949818 0.942539990
1548265376.922000 0.181319878 -0.174276009 -0.110645913 -0.037019920 0.318859577 0.088078529 0.942974150
1548265376.955510 0.176533058 -0.159937501 -0.104943529 -0.035924044 0.320013076 0.088647582 0.942572355
1548265376.989030 0.173132822 -0.177517742 -0.103422783 -0.039277960 0.319909602 0.091159485 0.942234099
1548265377.022540 0.168153271 -0.138779700 -0.097968124 -0.034457963 0.319812655 0.090258949 0.942542255
1548265377.056070 0.170250565 -0.139237687 -0.099183641 -0.035086822 0.320175380 0.090360530 0.942386150
1548265377.089600 0.165894851 -0.138827771 -0.095465668 -0.034825247 0.321357638 0.092038348 0.941830873
1548265377.123210 0.171885297 -0.132086530 -0.100358978 -0.034071747 0.319707096 0.092781469 0.942347109
1548265377.156960 0.174950436 -0.132480010 -0.101856798 -0.034256708 0.319314748 0.093459934 0.942406416
1548265377.190480 0.171789050 -0.131376982 -0.099218160 -0.034054410 0.319776058 0.094356231 0.942167997
1548265377.223990 0.175943047 -0.128109425 -0.102687038 -0.033950105 0.318148673 0.094586723 0.942699432
1548265377.257510 0.179991558 -0.130807713 -0.101612955 -0.034988955 0.317868561 0.094638512 0.942750692
1548265377.291020 0.177490503 -0.137135342 -0.104261488 -0.036488980 0.318319321 0.094871312 0.942518294
1548265377.324540 0.180730373 -0.133208290 -0.105134197 -0.036502711 0.317375034 0.095114671 0.942811668
1548265377.358070 0.165708944 -0.124574743 -0.089790970 -0.035957247 0.320451051 0.095610127 0.941741407
1548265377.391610 0.173688516 -0.126383290 -0.096757308 -0.037072405 0.318702251 0.096832894 0.942166567
1548265377.425110 0.169097081 -0.115228958 -0.088293456 -0.036588684 0.319050074 0.095103048 0.942243993
1548265377.458620 0.177102029 -0.124637127 -0.092962921 -0.038752079 0.317410558 0.097137108 0.942503691
1548265377.492120 0.180608243 -0.120024830 -0.094755538 -0.037851542 0.316056550 0.097540557 0.942953527
1548265377.525590 0.180046037 -0.127703518 -0.096111335 -0.038505960 0.314498544 0.098681264 0.943329215
1548265377.559070 0.183135271 -0.125678673 -0.096254505 -0.038224850 0.312202275 0.097312778 0.944245100
1548265377.592590 0.189581662 -0.127491578 -0.097308636 -0.038573101 0.310832202 0.097164370 0.944698155
1548265377.626110 0.188727349 -0.121973813 -0.093338229 -0.037559029 0.310258865 0.095863305 0.945060313
1548265377.659620 0.181751981 -0.120883547 -0.092943370 -0.037509128 0.309525788 0.095835410 0.945305467
1548265377.693140 0.190920576 -0.114023559 -0.094824292 -0.037553340 0.307198346 0.094196662 0.946227193
1548265377.726650 0.178216174 -0.122653581 -0.086784825 -0.038949441 0.309705228 0.095087260 0.945263982
1548265377.760170 0.177998871 -0.118267670 -0.088706858 -0.039050169 0.307224542 0.095049806 0.946072757
1548265377.793690 0.184564993 -0.113075048 -0.087899365 -0.039399080 0.305195779 0.094059370 0.946813643
1548265377.827200 0.181336015 -0.111661270 -0.082916901 -0.040305123 0.306136668 0.093844853 0.946492970
1548265377.860720 0.175794169 -0.116791010 -0.076026514 -0.041400757 0.306413919 0.095102966 0.946230352
1548265377.894220 0.176160052 -0.117700562 -0.074308805 -0.042162031 0.304447204 0.094677500 0.946874022
1548265377.927660 0.183630452 -0.114187509 -0.079994798 -0.041986130 0.302444696 0.094367757 0.947554290
1548265377.961070 0.176655397 -0.119817361 -0.074241340 -0.042782672 0.302841216 0.094512276 0.947377563
1548265377.994590 0.179472297 -0.121585831 -0.074034773 -0.042677041 0.301056892 0.094032846 0.947998524
1548265378.028100 0.177738473 -0.116854802 -0.077961706 -0.041495301 0.300390899 0.093071505 0.948357105
1548265378.061620 0.177900150 -0.121363208 -0.077287927 -0.041698277 0.299445361 0.094377317 0.948518157
1548265378.095080 0.179926559 -0.118698642 -0.080175146 -0.040750191 0.297024876 0.093173012 0.949438989
1548265378.128590 0.173061430 -0.115215108 -0.076417603 -0.039802615 0.297100931 0.091475502 0.949620485
1548265378.162080 0.174005985 -0.116114996 -0.078215234 -0.039817058 0.295497000 0.090752043 0.950189531
1548265378.195630 0.172067717 -0.115776278 -0.077998862 -0.039381023 0.294390976 0.090477332 0.950577140
1548265378.229190 0.166655406 -0.117364548 -0.078497976 -0.039051682 0.293056458 0.090038165 0.951044679
1548265378.262700 0.165886164 -0.119741261 -0.075056717 -0.039248660 0.291607410 0.088842146 0.951594293
1548265378.296220 0.166155979 -0.122818083 -0.076239534 -0.039391819 0.290424466 0.088788219 0.951955140
1548265378.329730 0.162342921 -0.125348285 -0.076317288 -0.039459806 0.289284766 0.088808030 0.952297449
1548265378.363250 0.162841305 -0.122157574 -0.075307012 -0.038796563 0.287398458 0.089179270 0.952860951
1548265378.396770 0.161591500 -0.123802893 -0.075547323 -0.038782481 0.286166936 0.088577256 0.953288257
1548265378.430280 0.157845497 -0.122505598 -0.075219564 -0.037976380 0.285069823 0.089109935 0.953599691
1548265378.463800 0.151506156 -0.127546713 -0.077584125 -0.038459361 0.284562737 0.088041835 0.953831017
1548265378.497290 0.158532247 -0.126892000 -0.080860600 -0.038480666 0.282256514 0.088551968 0.954467952
1548265378.530830 0.145844370 -0.134703368 -0.075782441 -0.038903046 0.282093823 0.089334898 0.954425931
1548265378.564320 0.153068125 -0.130784079 -0.080456369 -0.037417755 0.278363079 0.087126017 0.955783963
1548265378.597840 0.146237269 -0.135523602 -0.076858714 -0.037085995 0.278539360 0.086565889 0.955796421
1548265378.631350 0.139367282 -0.135349154 -0.077842988 -0.035565581 0.276991397 0.087078951 0.956257343
1548265378.664870 0.142602786 -0.140792966 -0.082299165 -0.035084251 0.273889869 0.085398205 0.957319498
1548265378.698300 0.151920199 -0.136652678 -0.086653478 -0.033255253 0.271570385 0.084975034 0.958082914
1548265378.731820 0.143831462 -0.135742322 -0.084061138 -0.031648006 0.272093415 0.085163511 0.957972169
1548265378.765320 0.141779736 -0.138146862 -0.084893398 -0.030651664 0.270095170 0.084571756 0.958622277
1548265378.798800 0.144724622 -0.133407429 -0.086103931 -0.028680716 0.268311054 0.083726652 0.959258258
1548265378.832320 0.138156846 -0.136002615 -0.085392177 -0.027421104 0.268946797 0.084207945 0.959074914
1548265378.865830 0.133780867 -0.137623146 -0.089340381 -0.026245749 0.267670244 0.085421443 0.959357560
1548265378.899340 0.146253422 -0.130108044 -0.094833925 -0.024715595 0.264976680 0.085173152 0.960167706
1548265378.932850 0.154360458 -0.151418418 -0.103812747 -0.027934523 0.264880925 0.087287731 0.959915936
1548265378.966360 0.159580961 -0.152686939 -0.107869089 -0.028009061 0.262771934 0.088403337 0.960391164
1548265378.999850 0.160318837 -0.158698022 -0.109785780 -0.029460892 0.263368070 0.088690221 0.960157990
1548265379.033310 0.159934103 -0.157221794 -0.105275810 -0.029645959 0.264484942 0.090223156 0.959702373
1548265379.066830 0.164421201 -0.153198704 -0.106239505 -0.028986312 0.263979018 0.090189584 0.959864914
1548265379.100400 0.159103811 -0.157311842 -0.105106629 -0.029718550 0.266461551 0.090669490 0.959111094
1548265379.133910 0.152922392 -0.162757784 -0.105454713 -0.030164892 0.266415238 0.092738576 0.958912194
1548265379.167440 0.159883469 -0.159520075 -0.106377378 -0.029812813 0.264598340 0.092280969 0.959470272
1548265379.200960 0.159541786 -0.163355023 -0.106892385 -0.030271349 0.264752775 0.092658035 0.959376931
1548265379.234460 0.156439707 -0.163544983 -0.103232421 -0.030440940 0.265490651 0.092490084 0.959183872
1548265379.267990 0.159428626 -0.166149676 -0.106188811 -0.030938182 0.265203178 0.092964195 0.959201634
1548265379.301520 0.169327468 -0.163572580 -0.111510500 -0.031398222 0.265356272 0.092393175 0.959199488
1548265379.335020 0.159100637 -0.159163624 -0.107415020 -0.031778034 0.269905001 0.093296111 0.957829475
1548265379.368490 0.158880427 -0.163924128 -0.105393827 -0.033693057 0.269984603 0.094512329 0.957622349
1548265379.402010 0.147739008 -0.147240266 -0.095032975 -0.032504749 0.272646159 0.093085021 0.957048953
1548265379.435540 0.156421050 -0.164358139 -0.103208154 -0.035785701 0.272636235 0.095532224 0.956693530
1548265379.469050 0.160023719 -0.165992618 -0.099101424 -0.036499832 0.271584421 0.097215630 0.956796110
1548265379.502570 0.166805372 -0.168585494 -0.103280231 -0.037865661 0.270261049 0.096813574 0.957158446
1548265379.536100 0.159351826 -0.165769711 -0.099030741 -0.038339697 0.272173762 0.096909657 0.956587672
1548265379.569630 0.141489923 -0.151007906 -0.084930189 -0.036952548 0.274664432 0.097446270 0.955875576
1548265379.603150 0.160348833 -0.172704592 -0.095521934 -0.041178174 0.270833313 0.097816065 0.956757903
1548265379.636660 0.164397269 -0.175089955 -0.097849607 -0.041619848 0.269865870 0.098514803 0.956940472
1548265379.670160 0.163810685 -0.171132565 -0.095749363 -0.041326310 0.270023316 0.098669477 0.956892848
1548265379.703680 0.166289896 -0.173576236 -0.097155921 -0.041632671 0.269513011 0.099239171 0.956964493
1548265379.737190 0.160717398 -0.178140521 -0.092667967 -0.041837581 0.270603031 0.100465328 0.956519902
1548265379.770710 0.162918359 -0.173043236 -0.094681442 -0.040640794 0.268854231 0.100958034 0.957012653
1548265379.804220 0.164824635 -0.172954068 -0.094484158 -0.040812336 0.267837584 0.100646645 0.957323134
1548265379.837770 0.149351150 -0.156969637 -0.084489070 -0.038476516 0.270062596 0.099908069 0.956872046
1548265379.871290 0.155105904 -0.160789713 -0.086443715 -0.039975587 0.270354748 0.100004129 0.956718028
1548265379.904870 0.153373867 -0.159745395 -0.082008481 -0.040470719 0.272750258 0.100412033 0.955974281
1548265379.938390 0.151873901 -0.161735833 -0.081627794 -0.041419432 0.274555624 0.100854121 0.955370128
1548265379.971910 0.160882026 -0.163203716 -0.083881177 -0.042214233 0.273773253 0.101121001 0.955531657
1548265380.005420 0.163179621 -0.169044986 -0.084575966 -0.043236483 0.275535136 0.101247877 0.954965889
1548265380.038940 0.160491154 -0.169735819 -0.080156974 -0.043220703 0.278625160 0.100612983 0.954136789
1548265380.072450 0.157393351 -0.173034236 -0.077970296 -0.043105401 0.280525863 0.101051062 0.953538597
1548265380.105970 0.160676733 -0.174528793 -0.078690007 -0.042667937 0.280824840 0.100826740 0.953494012
1548265380.139490 0.159897238 -0.176225007 -0.079862058 -0.041568898 0.282359928 0.101725690 0.952993572
1548265380.173000 0.159531206 -0.180656716 -0.077684134 -0.040728275 0.283530205 0.102831863 0.952563584
1548265380.206520 0.162840948 -0.190969139 -0.077401303 -0.040335406 0.284120709 0.103731155 0.952306867
1548265380.240030 0.159500808 -0.184525192 -0.076672383 -0.036809579 0.285555273 0.104536921 0.951932430
1548265380.273550 0.162795365 -0.182450756 -0.081380039 -0.033711780 0.284813434 0.105582148 0.952153981
1548265380.307070 0.186690375 -0.206432462 -0.100617349 -0.035329863 0.281771004 0.106688976 0.952876925
1548265380.340620 0.162577868 -0.188852981 -0.088351250 -0.030474501 0.287000060 0.105867684 0.951574624
1548265380.374130 0.163844958 -0.187380806 -0.089544527 -0.028553845 0.287396789 0.106039241 0.951495349
1548265380.407650 0.168044776 -0.192018047 -0.096603952 -0.027765494 0.287040502 0.105277807 0.951710761
1548265380.441290 0.188875109 -0.211266682 -0.109477058 -0.029620467 0.285812855 0.105340898 0.952017307
1548265380.474800 0.184156567 -0.213286847 -0.107878722 -0.028282860 0.287957937 0.104966417 0.951452792
1548265380.508360 0.165839061 -0.194769129 -0.097961619 -0.023550136 0.291276097 0.103645340 0.950716197
1548265380.541870 0.176525101 -0.214517698 -0.106569909 -0.025179459 0.290076166 0.104082048 0.950993538
1548265380.575390 0.163616240 -0.199671999 -0.099512108 -0.020488257 0.291602522 0.102878630 0.950770319
1548265380.608870 0.184696332 -0.223293290 -0.110825762 -0.021461716 0.289086640 0.103525154 0.951446712
1548265380.642390 0.181731060 -0.221729115 -0.112935886 -0.018308457 0.289656162 0.102140091 0.951489091
1548265380.675900 0.173263878 -0.221467033 -0.110156693 -0.015504751 0.290851325 0.102166921 0.951171398
1548265380.709450 0.180100992 -0.231212854 -0.111597948 -0.013911997 0.288124979 0.101339519 0.952113867
1548265380.742980 0.189968988 -0.220563665 -0.119463421 -0.010038767 0.285410315 0.097723305 0.953357399
1548265380.776500 0.192293391 -0.213234201 -0.118094370 -0.008818444 0.290246457 0.094650581 0.952218711
1548265380.810010 0.183687866 -0.204803944 -0.105393752 -0.007210916 0.295491993 0.095067270 0.950576007
1548265380.843520 0.172840700 -0.198456526 -0.099947587 -0.006756305 0.295945227 0.094432287 0.950501621
1548265380.877040 0.181396142 -0.193291709 -0.093449786 -0.008666690 0.293295324 0.091994502 0.951546013
1548265380.910560 0.196420223 -0.185883299 -0.093089037 -0.010704411 0.292468131 0.090522401 0.951920986
1548265380.944070 0.169847757 -0.161178976 -0.068209186 -0.010073353 0.298974067 0.091211893 0.949838638
1548265380.977590 0.190381601 -0.165291265 -0.073714405 -0.014789139 0.293347985 0.091749012 0.951478004
1548265381.011100 0.205944717 -0.163310871 -0.070479646 -0.018883877 0.291028857 0.090583183 0.952229083
1548265381.044620 0.191433012 -0.171720862 -0.055084549 -0.023273448 0.293914825 0.092869766 0.951024532
1548265381.078130 0.208139867 -0.155206174 -0.049396422 -0.023577765 0.287592381 0.092545636 0.952979565
1548265381.111660 0.204496741 -0.130788252 -0.038911879 -0.023489816 0.288462847 0.091741152 0.952796400
1548265381.145270 0.191231161 -0.131612316 -0.022809111 -0.027532704 0.291132450 0.093412131 0.951713204
1548265381.178790 0.207716018 -0.161481097 -0.036329832 -0.034983296 0.282050371 0.097546510 0.953786373
1548265381.212200 0.227358654 -0.127301633 -0.025725368 -0.032127298 0.277394980 0.094516680 0.955555558
1548265381.245650 0.217574090 -0.113155827 -0.008294277 -0.032249831 0.281478345 0.095313922 0.954277277
1548265381.279130 0.220510408 -0.113917567 0.000284625 -0.033945598 0.278140724 0.095313773 0.955196679
1548265381.312580 0.239883870 -0.099162839 -0.004210272 -0.034450538 0.274527460 0.091640495 0.956582367
1548265381.346070 0.238304794 -0.091323398 0.004393292 -0.036268059 0.277301401 0.091495000 0.955728650
1548265381.379580 0.250316620 -0.082367308 0.004216886 -0.038085315 0.277372628 0.090190895 0.955761254
1548265381.413070 0.249173805 -0.076402552 0.012902522 -0.041183677 0.280454427 0.090621389 0.954692066
1548265381.446590 0.252681613 -0.072743766 0.017003514 -0.044836540 0.281292260 0.089940228 0.954345345
1548265381.480100 0.259077936 -0.068402573 0.027203770 -0.047714509 0.283571839 0.089986764 0.953526437
1548265381.513620 0.246130645 -0.061670687 0.040486939 -0.048603069 0.286410928 0.092240699 0.952417016
1548265381.547160 0.259906203 -0.059524737 0.043257758 -0.050982986 0.281161427 0.093211144 0.953761339
1548265381.580680 0.267350227 -0.052619558 0.047540545 -0.052167259 0.280278116 0.093256734 0.953952789
1548265381.614190 0.257766187 -0.041530240 0.059811175 -0.051418524 0.280890793 0.096437164 0.953496933
1548265381.647710 0.276805878 -0.037767220 0.060156893 -0.053450882 0.274357438 0.096570991 0.955272198
1548265381.681350 0.282154530 -0.037648778 0.064249627 -0.055694811 0.274117380 0.097680151 0.955100179
1548265381.714870 0.279681563 -0.029828379 0.067604028 -0.055462640 0.272347331 0.100762971 0.955299795
1548265381.748390 0.291531414 -0.022647612 0.068188407 -0.057087671 0.267485678 0.100747764 0.956578434
1548265381.781950 0.303863019 -0.013722372 0.075965710 -0.058829531 0.265412956 0.102465540 0.956867754
1548265381.815470 0.301233560 -0.009150855 0.083311282 -0.059159201 0.265535235 0.105638988 0.956468284
1548265381.849000 0.309857458 -0.006505439 0.085149102 -0.060550798 0.261011779 0.106669843 0.957511365
1548265381.882600 0.322913349 0.006484294 0.088582806 -0.060763601 0.258582622 0.106057301 0.958224714
1548265381.916130 0.325461894 0.015070649 0.088727325 -0.061730996 0.258560687 0.108518325 0.957893193
1548265381.949640 0.326552629 0.019514376 0.097602248 -0.063612945 0.258174032 0.109093823 0.957809031
1548265381.983160 0.328601092 0.024321368 0.102533609 -0.065126345 0.257294446 0.109107450 0.957942426
1548265382.016680 0.335855395 0.042870279 0.104218662 -0.066135414 0.256442964 0.108121686 0.958213329
1548265382.050190 0.343070120 0.036965147 0.104750894 -0.073929876 0.256513208 0.110950284 0.957301080
1548265382.083720 0.345615447 0.044622745 0.116871931 -0.075436383 0.255886734 0.112552166 0.957164228
1548265382.117240 0.352542758 0.038586747 0.117597759 -0.079284430 0.252663493 0.113172174 0.957636237
1548265382.150740 0.365795434 0.069684424 0.119517900 -0.077104568 0.250507593 0.112994879 0.958401263
1548265382.184250 0.360074192 0.068005614 0.125819981 -0.079058588 0.250448346 0.115127131 0.958003700
1548265382.217730 0.371043891 0.074032597 0.125170127 -0.080267727 0.245721877 0.114281751 0.959227562
1548265382.251240 0.359253943 0.080944560 0.138315096 -0.082401171 0.247186810 0.115783900 0.958489835
1548265382.284760 0.369706422 0.061431803 0.134859160 -0.086078145 0.236679047 0.117062122 0.960661232
1548265382.318280 0.384931952 0.083310045 0.136488989 -0.082296759 0.233585924 0.114389382 0.962070644
1548265382.351760 0.369312763 0.076796636 0.142325416 -0.081928536 0.235937193 0.116136894 0.961318672
1548265382.385270 0.390179455 0.095120072 0.136517972 -0.078255609 0.228789598 0.114100643 0.963593483
1548265382.418720 0.373857349 0.095329694 0.149902612 -0.077522367 0.230676055 0.115279227 0.963062584
1548265382.452230 0.393469840 0.091088451 0.143808067 -0.076449148 0.220108315 0.113189951 0.965865374
1548265382.485740 0.383212954 0.095629953 0.147937939 -0.072736651 0.221603975 0.112227678 0.965922356
1548265382.519250 0.384993285 0.105984174 0.146178693 -0.068731643 0.214721054 0.111440480 0.967859447
1548265382.552680 0.396957606 0.119001232 0.144481778 -0.068737172 0.211543709 0.107905552 0.968958676
1548265382.586200 0.403966069 0.121665224 0.149287209 -0.068784736 0.212111399 0.105734989 0.969070435
1548265382.619670 0.405038506 0.114872038 0.151637882 -0.067856140 0.217848644 0.105108485 0.967930615
1548265382.653230 0.404827327 0.117418699 0.153527156 -0.062486909 0.212313041 0.098478839 0.970216691
1548265382.686750 0.455070287 0.093605913 0.126725614 -0.063308425 0.209525377 0.093188159 0.971291482
1548265382.720200 0.427660346 0.135607153 0.153838411 -0.049666531 0.222266629 0.087571606 0.969774187
1548265382.753620 0.421763897 0.127028644 0.143098086 -0.044677664 0.221412838 0.080885068 0.970792353
1548265382.787120 0.435440570 0.141978279 0.142080158 -0.036388941 0.230317011 0.072865568 0.969701290
1548265382.820610 0.408504426 0.155988172 0.165321261 -0.027208012 0.239629418 0.071047053 0.967878997
1548265382.854150 0.431136727 0.152618915 0.135991722 -0.023203684 0.231376395 0.062463257 0.970579684
1548265382.887660 0.415905029 0.163136482 0.140575245 -0.017747585 0.243122384 0.056107506 0.968208909
1548265382.921200 0.412511081 0.174430028 0.146813661 -0.013901771 0.248050779 0.051092569 0.967298865
1548265382.954820 0.418174714 0.186672196 0.150531858 -0.013151482 0.252969533 0.046203788 0.966280818
1548265382.988330 0.404986322 0.192534178 0.158858448 -0.013246790 0.258248180 0.046577562 0.964864194
1548265383.022210 0.409676850 0.195840210 0.155954838 -0.014879392 0.255125642 0.044562981 0.965765834
1548265383.055750 0.406722397 0.202264607 0.160750464 -0.016061038 0.256447405 0.043543633 0.965443254
1548265383.089270 0.384298712 0.203050151 0.175839931 -0.017898655 0.257461369 0.045388438 0.965056062
1548265383.122790 0.416081876 0.207903504 0.159294352 -0.018518835 0.249769494 0.040929779 0.967262626
1548265383.156270 0.418035537 0.215696961 0.172534600 -0.017834051 0.252141654 0.043874521 0.966530681
1548265383.189710 0.416538000 0.216850579 0.172394529 -0.018680023 0.251299381 0.044591304 0.966701269
1548265383.223220 0.419756889 0.219279647 0.167990774 -0.019294359 0.251810938 0.042977992 0.966629148
1548265383.256740 0.411138475 0.224348709 0.173177943 -0.018614665 0.253105789 0.045921758 0.966168821
1548265383.290260 0.389039040 0.240913928 0.173987746 -0.016529964 0.246913716 0.044414584 0.967877924
1548265383.323770 0.433368087 0.260211080 0.178016096 -0.015188251 0.238257185 0.040661380 0.970231652
1548265383.357210 0.421405137 0.260415256 0.170327276 -0.015353786 0.239895210 0.044732463 0.969646096
1548265383.390640 0.406827599 0.256204218 0.179646969 -0.017642155 0.238582522 0.045769673 0.969882607
1548265383.424130 0.427122235 0.254875720 0.178581282 -0.019981518 0.231213540 0.044883862 0.971661687
1548265383.457630 0.426528186 0.255856693 0.184117183 -0.020491771 0.232212603 0.044696588 0.971421421
1548265383.491090 0.421385288 0.257489711 0.185699388 -0.019065903 0.230344579 0.047243595 0.971774638
1548265383.524610 0.431428909 0.255930334 0.178977296 -0.019072918 0.223861590 0.045074314 0.973391235
1548265383.558020 0.433968276 0.260437638 0.182173863 -0.018069161 0.227065220 0.044216834 0.972707450
1548265383.591540 0.430934340 0.266434550 0.185804874 -0.016015410 0.228123799 0.047050960 0.972362697
1548265383.625060 0.434111208 0.268067867 0.180220589 -0.015292340 0.224196374 0.047009949 0.973289371
1548265383.658670 0.440207094 0.268958271 0.182408884 -0.015579433 0.222783536 0.045555204 0.973678291
1548265383.692190 0.434162438 0.269910574 0.180115283 -0.015351419 0.223307312 0.046807025 0.973502576
1548265383.725760 0.430549592 0.272154272 0.180125937 -0.015185829 0.220133156 0.045075655 0.974309504
1548265383.759300 0.438128591 0.276690781 0.183915198 -0.014673795 0.217287436 0.042422965 0.975074947
1548265383.792820 0.434014350 0.274086684 0.187626317 -0.014534276 0.217619970 0.042611353 0.974994659
1548265383.826330 0.432486355 0.259617448 0.181486890 -0.015563871 0.215723813 0.043007296 0.975382686
1548265383.859820 0.439625621 0.262761295 0.174145535 -0.012724880 0.212827802 0.039560005 0.976205587
1548265383.893180 0.428687841 0.252946317 0.178753287 -0.010428371 0.217494026 0.041755628 0.975112319
1548265383.926690 0.419843167 0.242499977 0.169067949 -0.007212785 0.214336067 0.043501496 0.975764096
1548265383.960400 0.425371826 0.232571170 0.161092207 -0.004831907 0.210019588 0.040281918 0.976855040
1548265383.993920 0.421101898 0.235475153 0.160420433 0.000737188 0.213621169 0.040896140 0.976059914
1548265384.027250 0.403958738 0.227870852 0.158401966 0.004387180 0.211811721 0.040502477 0.976460993
1548265384.060770 0.423199654 0.229001403 0.147454083 0.007624850 0.205925867 0.036437247 0.977859259
1548265384.094280 0.419521332 0.228905886 0.144261345 0.011883746 0.213631794 0.036627516 0.976155043
1548265384.127800 0.396649092 0.211218327 0.138796613 0.012527638 0.214013398 0.037464336 0.976031661
1548265384.161320 0.413723409 0.219536290 0.134446755 0.016168242 0.208331823 0.033231769 0.977359772
1548265384.194830 0.410561055 0.215796307 0.131107882 0.018346392 0.214836091 0.033254653 0.975911319
1548265384.228320 0.380176246 0.202187270 0.132097796 0.018699910 0.216250226 0.033602875 0.975580335
1548265384.261840 0.404020518 0.213734686 0.129609525 0.022383280 0.207929313 0.029970009 0.977428317
1548265384.295350 0.404470921 0.212300718 0.119491898 0.023218047 0.211369842 0.028560514 0.976712823
1548265384.328870 0.389927983 0.214633301 0.129921407 0.024372684 0.215011641 0.030903487 0.975818098
1548265384.362380 0.394342721 0.211887419 0.121250525 0.023631576 0.210127905 0.029164581 0.976953030
1548265384.395930 0.401393384 0.201438203 0.113742188 0.021248689 0.210545450 0.028095195 0.976949215
1548265384.429520 0.392418474 0.208767071 0.117649592 0.022816490 0.213521913 0.030221626 0.976204097
1548265384.462960 0.396759957 0.201599330 0.108679093 0.021282250 0.210838005 0.030708762 0.976806700
1548265384.496450 0.401298195 0.196812481 0.110429510 0.020103039 0.211655959 0.030110208 0.976673424
1548265384.529960 0.396507651 0.197323367 0.110438429 0.021277901 0.214514136 0.032925747 0.975933790
1548265384.563480 0.400987089 0.191883937 0.104050398 0.020721294 0.212978750 0.033857066 0.976250172
1548265384.596980 0.405136913 0.197445467 0.106731072 0.022010714 0.215628996 0.033737831 0.975644112
1548265384.630500 0.394271076 0.199994743 0.112760894 0.023542158 0.219228417 0.035193175 0.974754393
1548265384.664010 0.400964588 0.200531229 0.111147396 0.024287561 0.217822060 0.035513502 0.975039721
1548265384.697530 0.406476617 0.197741434 0.102395721 0.024146101 0.218824118 0.035610028 0.974815309
1548265384.731040 0.402899206 0.205089167 0.105358161 0.025759341 0.221945956 0.036346886 0.974040747
1548265384.764510 0.400841475 0.197203875 0.098906077 0.024168871 0.222527966 0.036507122 0.973942697
1548265384.798080 0.402002454 0.201969221 0.100480162 0.023841089 0.224155948 0.035956077 0.973597884
1548265384.831670 0.414658099 0.199211717 0.096591525 0.022336109 0.225682303 0.035455175 0.973299325
1548265384.865180 0.405410439 0.192704067 0.099044532 0.020830097 0.231914490 0.038396515 0.971754849
1548265384.898090 0.401889592 0.191402480 0.103523284 0.020798787 0.233311266 0.038771994 0.971406162
1548265384.931430 0.410071760 0.179834172 0.090925686 0.019058259 0.234829336 0.038540650 0.971085250
1548265384.965120 0.401265740 0.175372437 0.092717156 0.019835681 0.240277380 0.042354614 0.969576895
1548265384.999250 0.394870818 0.167063117 0.091174945 0.020238813 0.239302620 0.044364985 0.969719768
1548265385.033030 0.410270542 0.155526489 0.073926486 0.019195821 0.237405479 0.043022182 0.970267594
1548265385.066620 0.401845127 0.161249042 0.086205937 0.022837861 0.243432686 0.047252972 0.968496799
1548265385.100300 0.402228475 0.159316942 0.083474509 0.024081532 0.243801236 0.048172995 0.968328655
1548265385.133930 0.405100405 0.152983427 0.076406397 0.024050165 0.246312499 0.048881240 0.967658162
1548265385.167330 0.396748394 0.151950806 0.077046737 0.025328407 0.250859022 0.053376921 0.966219008
1548265385.200680 0.391583204 0.153423116 0.078436241 0.026617896 0.250748247 0.055170164 0.966112316
1548265385.234200 0.403252810 0.155468717 0.074044406 0.027173240 0.248453021 0.056297347 0.966624677
1548265385.267990 0.393366963 0.154556543 0.075248726 0.026828794 0.251585007 0.059056226 0.965659142
1548265385.301540 0.381146103 0.146116957 0.066021778 0.024969243 0.250129074 0.062384859 0.965877891
1548265385.335020 0.396172494 0.154295519 0.066228844 0.024796138 0.245405048 0.061483186 0.967151105
1548265385.368540 0.398019910 0.154745147 0.066889912 0.022738712 0.248222321 0.062484168 0.966418326
1548265385.402050 0.385257661 0.151664123 0.067725681 0.020329420 0.250218064 0.064645797 0.965814948
1548265385.435570 0.380591303 0.154682040 0.067871660 0.018490741 0.246939704 0.064049445 0.966734946
1548265385.468870 0.392096907 0.146290019 0.057343692 0.013743035 0.244539455 0.062039483 0.967554986
1548265385.501860 0.386436135 0.150973246 0.061527722 0.011766289 0.247017220 0.062416010 0.966927230
1548265385.535280 0.375806123 0.152221635 0.063349351 0.009410009 0.245739758 0.061774779 0.967319608
1548265385.568700 0.391275376 0.151709124 0.059272204 0.006550905 0.241820857 0.058784831 0.968516409
1548265385.602150 0.383181155 0.148247793 0.060998447 0.004112672 0.244911417 0.058597740 0.967764318
1548265385.635670 0.376068264 0.152274117 0.064701542 0.003636549 0.245106280 0.058720879 0.967709422
1548265385.669230 0.382195026 0.147100478 0.060324132 0.001432757 0.242370054 0.056533486 0.968534291
1548265385.702770 0.380769968 0.140358463 0.054087214 -0.000575463 0.244872615 0.056102760 0.967930555
1548265385.736280 0.373784095 0.149477258 0.061797109 0.000394778 0.247043267 0.057111342 0.967319846
