1548265363.585140 0.000000000 0.000000000 0.000000000 0.000000000 0.000000000 0.000000000 1.000000000
1548265363.618650 0.000705966 0.001220406 -0.001885707 0.001958678 0.003570233 -0.000799448 0.999991417
1548265363.652170 -0.003106475 0.005781580 -0.001078731 0.003241858 0.008097151 -0.000379903 0.999961913
1548265363.684590 -0.011782817 -0.002658048 -0.000733785 0.002318532 0.010932514 -0.000306232 0.999937475
1548265363.717130 -0.009738184 -0.001660885 -0.000803251 0.003318059 0.010841128 -0.001638870 0.999934375
1548265363.750510 -0.011056461 0.000298700 -0.000254096 0.003908832 0.011216957 -0.002225573 0.999926984
1548265363.784020 -0.016011681 -0.005906670 -0.001213549 0.002786353 0.010817610 -0.002305742 0.999934971
1548265363.817540 -0.017440718 -0.007600426 -0.001290049 0.002320769 0.010248250 -0.002810362 0.999940813
1548265363.851060 -0.020222889 -0.005900840 -0.000051323 0.002598650 0.008287314 -0.003121742 0.999957383
1548265363.884520 -0.014340374 -0.010207797 -0.001168542 0.001926913 0.005771179 -0.004597914 0.999970913
1548265363.917970 -0.012631649 -0.013370458 -0.000666265 0.001852874 0.007187753 -0.004405780 0.999962747
1548265363.951480 -0.019393507 -0.022735264 -0.000931923 0.001502769 0.007483154 -0.002861517 0.999966741
1548265363.985070 -0.021412238 -0.016245224 0.002283825 0.003847357 0.005528818 -0.002927969 0.999973059
1548265364.018640 -0.018620452 -0.025644166 -0.000371371 0.003440157 0.002730571 -0.002174468 0.999987960
1548265364.052150 -0.014167122 -0.032722790 -0.001362640 0.003306801 0.000672165 -0.002806012 0.999990344
1548265364.085670 -0.012818021 -0.031222092 -0.001757458 0.004992687 0.001602681 -0.003069756 0.999981523
1548265364.119210 -0.015832044 -0.034957550 -0.002232143 0.006361502 0.003355915 -0.003067577 0.999969423
1548265364.152730 -0.020915240 -0.036578536 -0.001629442 0.008189810 0.004056756 -0.002572190 0.999954939
1548265364.186300 -0.019877367 -0.037842754 -0.003236041 0.009956541 0.002527142 -0.002961677 0.999942839
1548265364.219870 -0.014125689 -0.042764004 -0.005775383 0.011343020 0.001799312 -0.003477267 0.999927998
1548265364.253420 -0.023792848 -0.042314313 -0.005957413 0.013398185 0.003750153 -0.002950765 0.999898851
1548265364.287020 -0.030216383 -0.052773137 -0.008529576 0.013358091 0.001825517 -0.001253095 0.999908328
1548265364.320590 -0.022456907 -0.049515247 -0.008176274 0.016599264 -0.001551922 -0.002321280 0.999858320
1548265364.354090 -0.021556390 -0.053637475 -0.010902751 0.018512748 -0.001095444 -0.002211248 0.999825597
1548265364.387620 -0.022887576 -0.056686848 -0.012230949 0.020231929 -0.000016423 -0.001339531 0.999794424
1548265364.421140 -0.023609256 -0.064802594 -0.012577775 0.021208322 0.000139526 -0.000577239 0.999774873
1548265364.454650 -0.019048668 -0.065528929 -0.015535326 0.023503358 -0.000355497 -0.001073781 0.999723136
1548265364.488170 -0.022040347 -0.069743581 -0.014002117 0.025269464 0.001274399 -0.000839516 0.999679506
1548265364.521680 -0.024158698 -0.072739564 -0.016369037 0.027405431 0.002555603 -0.000726063 0.999620855
1548265364.555200 -0.018015282 -0.070746019 -0.014749497 0.030106211 0.004723596 -0.000373412 0.999535501
1548265364.588730 -0.027680945 -0.084177509 -0.013084090 0.030123159 0.007672940 0.001341605 0.999515831
1548265364.622260 -0.025839468 -0.089971513 -0.014142613 0.031615518 0.003583351 -0.000043138 0.999493659
1548265364.655760 -0.018536549 -0.089479975 -0.016787473 0.032505430 0.002084505 -0.002564376 0.999466121
1548265364.689280 -0.025685247 -0.091756180 -0.013809749 0.032353532 0.007918613 -0.002380031 0.999442279
1548265364.722790 -0.033075672 -0.095465057 -0.010098379 0.031746667 0.009625432 -0.002175733 0.999447227
1548265364.756310 -0.005166551 -0.092284590 -0.004361989 0.030530034 0.006689819 -0.003996267 0.999503493
1548265364.789820 -0.032783937 -0.096359000 -0.001080313 0.026315486 0.020513399 -0.001588413 0.999441922
1548265364.823340 -0.031863376 -0.102874853 0.009248011 0.022876922 0.020258931 -0.000498652 0.999532878
1548265364.856850 -0.020961436 -0.098199584 0.013739851 0.022268355 0.016863778 -0.002348014 0.999607027
1548265364.890370 -0.007809659 -0.093747288 0.007582047 0.021316176 0.019753650 -0.003944376 0.999569833
1548265364.923850 -0.043614384 -0.093363196 0.026940465 0.019490607 0.028990410 -0.000710103 0.999389410
1548265364.957340 -0.024605038 -0.095550314 0.035516728 0.017235197 0.019974917 -0.001676571 0.999650538
1548265364.990840 0.017978650 -0.058185536 0.036659312 0.021242160 0.017261440 -0.003189702 0.999620259
1548265365.024360 -0.021166163 -0.077296071 0.047104191 0.014432266 0.029046725 0.001995910 0.999471903
1548265365.057890 -0.020307604 -0.075528473 0.054107495 0.012744197 0.025728505 0.001522265 0.999586582
1548265365.091390 -0.011497559 -0.058226839 0.057218261 0.013026776 0.024644395 0.000450891 0.999611318
1548265365.124870 -0.006212429 -0.051835082 0.067598797 0.010642734 0.024653051 0.001442689 0.999638379
1548265365.158360 -0.013280166 -0.042949207 0.071262754 0.008582745 0.023921587 0.001287719 0.999676168
1548265365.191870 0.001472920 -0.036980938 0.075377524 0.005573258 0.021014102 0.000548253 0.999763489
1548265365.225420 -0.002033485 -0.024288340 0.081619322 0.002658908 0.022179604 0.000728410 0.999750197
1548265365.258930 -0.000477080 -0.020835409 0.087196462 -0.002694522 0.020456366 0.000827343 0.999786735
1548265365.292450 0.021311561 -0.017607654 0.096101582 -0.008322652 0.017240820 0.001811788 0.999815106
1548265365.325960 0.006231365 -0.012851811 0.105219394 -0.012662015 0.018061748 -0.000204543 0.999756694
1548265365.359540 0.021274496 -0.000477118 0.113893516 -0.017807811 0.013076942 -0.005028333 0.999743223
1548265365.393060 0.003084877 0.000488469 0.123444207 -0.024636764 0.017299024 -0.007549622 0.999518275
1548265365.426670 0.013512750 0.005515582 0.135003284 -0.028473718 0.013258195 -0.008562260 0.999469936
1548265365.460340 0.017218512 0.005770133 0.144427612 -0.032327227 0.009736644 -0.009554385 0.999384224
1548265365.493960 0.022153178 -0.016788073 0.139854923 -0.039387539 0.001629311 -0.010279454 0.999169767
1548265365.527540 0.024686405 -0.000154485 0.148563012 -0.038863946 -0.006823060 -0.012017917 0.999148965
1548265365.561110 0.027268566 0.008681352 0.160098404 -0.039531212 -0.009851170 -0.012842585 0.999087214
1548265365.594690 0.023018425 0.000219872 0.159335360 -0.043032594 -0.013777383 -0.012883073 0.998895586
1548265365.628220 0.037442502 0.024058407 0.167423636 -0.041305147 -0.018484142 -0.014359697 0.998872340
1548265365.661730 0.040557567 0.027136341 0.172593340 -0.042911507 -0.018072924 -0.015414243 0.998796463
1548265365.695250 0.041025285 0.036202777 0.177261263 -0.043325506 -0.016854459 -0.015279835 0.998801947
1548265365.728780 0.046240125 0.038506985 0.180150270 -0.044845074 -0.017123362 -0.016801640 0.998705864
1548265365.762300 0.056711409 0.040839441 0.182699054 -0.047091328 -0.012955304 -0.016895348 0.998663664
1548265365.795810 0.036228705 0.053010035 0.191391215 -0.047714174 -0.007701550 -0.016675116 0.998692155
1548265365.829310 0.048402771 0.066146508 0.186340243 -0.048385289 -0.007392206 -0.018752059 0.998625338
1548265365.862830 0.039217982 0.072180852 0.202217251 -0.051565778 -0.001436987 -0.016616959 0.998530328
1548265365.896350 0.049933143 0.071015149 0.206026673 -0.055634640 -0.005744412 -0.015179390 0.998319268
1548265365.929860 0.053462896 0.084087096 0.208557159 -0.055888809 -0.003114207 -0.016385200 0.998297691
1548265365.963380 0.035740945 0.097295523 0.213914618 -0.056721270 -0.000141980 -0.014433409 0.998285711
1548265365.996890 0.040387992 0.097875908 0.219137534 -0.060753226 -0.003799806 -0.014070777 0.998046398
1548265366.030410 0.051716346 0.097464561 0.224906698 -0.064640932 -0.008316158 -0.014128988 0.997773945
1548265366.063700 0.074856825 0.118477210 0.227990329 -0.064727157 -0.007298810 -0.015822690 0.997750878
1548265366.097220 0.056826066 0.134070233 0.232395425 -0.067303210 -0.000811018 -0.014398664 0.997628331
1548265366.130740 0.052785560 0.133386075 0.237027228 -0.073179342 -0.000119044 -0.013413295 0.997228563
1548265366.164250 0.073083244 0.134320632 0.245280430 -0.077737242 -0.003029381 -0.014185010 0.996868372
1548265366.197860 0.054938227 0.138511196 0.250882536 -0.080243193 0.003799243 -0.013022937 0.996683002
1548265366.231280 0.024812749 0.155823901 0.252118051 -0.078759849 0.005654329 -0.010240579 0.996824980
1548265366.264760 0.085859917 0.144156337 0.258362353 -0.081709854 -0.008144681 -0.012018968 0.996550381
1548265366.298280 0.071716160 0.156330168 0.259817928 -0.079956733 0.006383601 -0.009860870 0.996729136
1548265366.331800 0.065372482 0.160272211 0.261707038 -0.079354696 0.008927471 -0.008384041 0.996771216
1548265366.365310 0.069297686 0.163338199 0.266534597 -0.078613415 0.010527178 -0.008596631 0.996812522
1548265366.398830 0.064156435 0.172012374 0.267732769 -0.076866783 0.013929050 -0.006798839 0.996920884
1548265366.432340 0.051251788 0.178213850 0.266014487 -0.075555444 0.016817270 -0.004936938 0.996987581
1548265366.465860 0.057931252 0.182771608 0.271861494 -0.075793624 0.013010152 -0.005562243 0.997023165
1548265366.499320 0.064197414 0.185867190 0.272772759 -0.077020369 0.013442390 -0.004795311 0.996927381
1548265366.532840 0.050873719 0.179223031 0.274471998 -0.079527810 0.014354534 -0.002760367 0.996725440
1548265366.566350 0.067541964 0.176739991 0.284531474 -0.080634490 0.008425783 -0.005291584 0.996694088
1548265366.599660 0.062018435 0.179223925 0.288153857 -0.080780797 0.011690744 -0.005235154 0.996649563
1548265366.633180 0.055528093 0.176655412 0.290863305 -0.082074940 0.011735963 -0.004103814 0.996548593
1548265366.666690 0.055723321 0.173251823 0.296860188 -0.083561301 0.009825053 -0.005983125 0.996436238
1548265366.699900 0.056066021 0.159390956 0.299127936 -0.086631797 0.009755494 -0.005565837 0.996177077
1548265366.733360 0.055829160 0.152625218 0.303711891 -0.086492352 0.008180966 -0.003998190 0.996210933
1548265366.766880 0.061662417 0.140322432 0.305572152 -0.087057799 0.005935307 -0.004095353 0.996177137
1548265366.800400 0.061133873 0.132624432 0.305489004 -0.084194981 0.005674618 -0.003140569 0.996428192
1548265366.833970 0.063455760 0.121053010 0.301852763 -0.082319409 0.002894165 -0.001573342 0.996600568
1548265366.868010 0.065008111 0.106529556 0.307078451 -0.080237173 0.001791641 -0.002208555 0.996771753
1548265366.901520 0.060384952 0.100163348 0.304829866 -0.075620115 0.002862690 -0.000523013 0.997132480
1548265366.934520 0.060658041 0.087821297 0.298548669 -0.072918296 0.000758301 0.000591732 0.997337461
1548265366.967980 0.056368537 0.084211402 0.297005951 -0.069051743 -0.000447702 -0.000867090 0.997612596
1548265367.001490 0.053029440 0.081858687 0.291725606 -0.066077314 -0.002252405 0.001279428 0.997811139
1548265367.035370 0.064616144 0.079586208 0.293502837 -0.062798716 -0.006198195 0.002019411 0.998004913
1548265367.069000 0.063225254 0.074858531 0.290477842 -0.060545843 -0.005493459 0.001266079 0.998149514
1548265367.102510 0.054632548 0.065929458 0.288224399 -0.059718773 -0.004386394 0.001507988 0.998204470
1548265367.136030 0.068029940 0.056744639 0.286951005 -0.058266334 -0.007560649 0.001828923 0.998270750
1548265367.169530 0.068680942 0.052326486 0.283088177 -0.055813454 -0.004420890 0.002792357 0.998427510
1548265367.203040 0.065468781 0.041107811 0.281659633 -0.053562231 -0.001803204 0.004139203 0.998554289
1548265367.236560 0.061558910 0.037488833 0.278826654 -0.050890252 0.000860681 0.003472883 0.998697817
1548265367.269980 0.054696068 0.025012599 0.276304752 -0.049099471 0.004494873 0.006086392 0.998765230
1548265367.303490 0.044631891 -0.004814858 0.266050786 -0.049582649 0.004223868 0.009644666 0.998714507
1548265367.336980 0.053290874 0.002391902 0.264188617 -0.042171322 -0.001550542 0.008446960 0.999073505
1548265367.370480 0.061743490 0.000021214 0.260016352 -0.036862269 -0.000623762 0.007549393 0.999291658
1548265367.403990 0.055323638 -0.013062242 0.252089918 -0.034474943 0.002032939 0.009904067 0.999354422
1548265367.437520 0.060834575 -0.020197902 0.247833148 -0.029756609 0.000185773 0.010613202 0.999500811
1548265367.471070 0.060733758 -0.012928300 0.244626462 -0.023411727 0.001350984 0.010009021 0.999674857
1548265367.504560 0.058293987 -0.030130316 0.239696681 -0.022754634 0.004499399 0.010783580 0.999672771
1548265367.538060 0.052493975 -0.041816581 0.229508236 -0.020409003 0.005275159 0.011966634 0.999706209
1548265367.571530 0.055646926 -0.040210303 0.223732725 -0.016636532 0.004474421 0.010812963 0.999793112
1548265367.605040 0.054990042 -0.048288103 0.220709726 -0.015043089 0.005932802 0.011402695 0.999804258
1548265367.638540 0.048222791 -0.067249358 0.215255797 -0.014597689 0.006131387 0.010997818 0.999814153
1548265367.672050 0.051102322 -0.068917207 0.209765106 -0.011017918 0.004906550 0.009740551 0.999879837
1548265367.705540 0.067950040 -0.058244467 0.208258793 -0.005598714 0.006052250 0.007149525 0.999940455
1548265367.739050 0.064820252 -0.066391930 0.202939868 -0.003685889 0.014738883 0.007002871 0.999860048
1548265367.772560 0.049215354 -0.078813508 0.196702778 -0.001578178 0.020748388 0.007915402 0.999752164
1548265367.806040 0.080086157 -0.093465373 0.189291686 0.000305740 0.019693704 0.006700597 0.999783516
1548265367.839550 0.115512878 -0.121401452 0.166770756 -0.001042752 0.029629856 0.007801145 0.999529958
1548265367.873030 0.053102598 -0.112557434 0.181834981 0.004626278 0.049849700 0.010523707 0.998690546
1548265367.906530 0.084936492 -0.120422393 0.173363030 0.008104688 0.049311187 0.009984188 0.998700678
1548265367.940050 0.120868705 -0.121492580 0.156812713 0.011784748 0.056844942 0.011206646 0.998250544
1548265367.973550 0.080726840 -0.132000089 0.160811216 0.014193741 0.074258164 0.013580696 0.997045577
1548265368.007080 0.110531844 -0.147004843 0.145790398 0.014984816 0.076005057 0.014073110 0.996895492
1548265368.040590 0.095987156 -0.133435026 0.139963597 0.020831162 0.089670949 0.016076609 0.995623767
1548265368.074100 0.062021658 -0.134315610 0.133835137 0.024184536 0.104582034 0.017855400 0.994061828
1548265368.107590 0.027203066 -0.120912492 0.132949486 0.029299477 0.117119566 0.019658450 0.992490828
1548265368.141010 0.139497921 -0.142009288 0.115239955 0.027550772 0.108277433 0.023602361 0.993458509
1548265368.174520 0.130918160 -0.140367135 0.111196183 0.029735964 0.121089391 0.027208786 0.991822958
1548265368.208040 0.122878872 -0.154605180 0.103167832 0.029234229 0.132146135 0.030666383 0.990324378
1548265368.241550 0.150174066 -0.152346000 0.095646717 0.031333044 0.137039244 0.033804305 0.989492655
1548265368.275070 0.136087924 -0.134363681 0.098457001 0.034736354 0.151634574 0.037029218 0.987131774
1548265368.308590 0.097080544 -0.136819676 0.110765785 0.034933131 0.169227600 0.039261065 0.984174907
1548265368.342100 0.084204033 -0.151839137 0.097580500 0.032678686 0.179324850 0.041296694 0.982379436
1548265368.375960 0.187905401 -0.163930550 0.067090459 0.029565159 0.172032624 0.045830220 0.983580351
1548265368.409520 0.140128151 -0.168046594 0.077718221 0.029180050 0.190166607 0.049286764 0.980079591
1548265368.443030 0.141109407 -0.173174173 0.077627838 0.028966565 0.196240216 0.050872020 0.978806794
1548265368.476550 0.130525336 -0.148039475 0.090726189 0.034618396 0.205091491 0.053578999 0.976661861
1548265368.510070 0.153876469 -0.149574593 0.076260954 0.035299640 0.208841428 0.056234099 0.975693047
1548265368.543590 0.171065226 -0.185388714 0.058196515 0.030660050 0.214613765 0.059030402 0.974431276
1548265368.577180 0.199066937 -0.189164594 0.066454113 0.032864563 0.216628239 0.062326785 0.973708093
1548265368.610700 0.230491936 -0.196594805 0.044413507 0.034030728 0.217793956 0.064080149 0.973294139
1548265368.644270 0.200965032 -0.198559761 0.052737698 0.036884196 0.230397239 0.067354240 0.970061898
1548265368.677780 0.197915778 -0.189986378 0.054332174 0.041958407 0.239139304 0.069693923 0.967571497
1548265368.711300 0.199382082 -0.195024103 0.047097463 0.044523761 0.246850014 0.073399432 0.965243638
1548265368.744810 0.219490722 -0.208179995 0.034097776 0.045036122 0.249638870 0.076914422 0.964228392
1548265368.778280 0.217964128 -0.194172472 0.029969919 0.050352488 0.257100672 0.079011828 0.961832106
1548265368.811730 0.209251583 -0.199767113 0.031894341 0.052649800 0.265003115 0.083629131 0.959170222
1548265368.845250 0.204458222 -0.212620750 0.028063126 0.054503422 0.270322800 0.087119073 0.957269669
1548265368.911690 0.248068228 -0.214591444 -0.013615629 0.058205631 0.276247889 0.090809703 0.955014586
1548265368.945160 0.233596295 -0.215462670 -0.008734031 0.060383406 0.283121794 0.093121663 0.952640653
1548265368.978680 0.233188942 -0.220696226 -0.018650835 0.061059397 0.287791014 0.092938595 0.951215267
1548265369.012190 0.245116487 -0.225341201 -0.026839884 0.062162779 0.293906987 0.093572617 0.949209511
1548265369.045690 0.241163179 -0.225737333 -0.027648672 0.065485492 0.300276011 0.096371487 0.946709335
1548265369.079210 0.230561748 -0.226637900 -0.021318490 0.068918355 0.305347085 0.096004710 0.944879115
1548265369.112720 0.244099796 -0.231917307 -0.038744017 0.071228139 0.307759434 0.095516436 0.943974197
1548265369.146240 0.244238481 -0.239648104 -0.044784680 0.074049264 0.313659042 0.096799947 0.941681743
1548265369.179740 0.310712278 -0.238364369 -0.097028576 0.077015646 0.305534691 0.098072067 0.943980396
1548265369.213270 0.323543549 -0.241736829 -0.108245164 0.080457449 0.306392342 0.096948735 0.943531275
1548265369.246790 0.309560597 -0.242315605 -0.107378758 0.084511325 0.311771482 0.096518204 0.941456676
1548265369.280310 0.282772362 -0.242064804 -0.099673435 0.088067912 0.318415344 0.096863404 0.938868046
1548265369.313830 0.281275332 -0.244498432 -0.109221973 0.090817742 0.318947136 0.096985713 0.938412845
1548265369.347350 0.279035628 -0.253242970 -0.104364604 0.091309324 0.323285639 0.094477013 0.937135577
1548265369.380870 0.278961152 -0.257843733 -0.110743970 0.092913784 0.327603102 0.093975179 0.935527623
1548265369.414480 0.273015797 -0.238769457 -0.118159823 0.098781876 0.328470349 0.093887947 0.934630632
1548265369.448020 0.273379028 -0.256002903 -0.127326071 0.097892500 0.327440113 0.092372127 0.935236573
1548265369.481510 0.266460806 -0.264059961 -0.117805779 0.097720236 0.331528455 0.090010352 0.934043765
1548265369.514940 0.276438236 -0.275213212 -0.133713216 0.096261553 0.333123237 0.090774663 0.933553755
1548265369.548540 0.291504443 -0.285409153 -0.152707607 0.094614208 0.330902308 0.093186915 0.934274077
1548265369.582080 0.293550581 -0.286610484 -0.155540437 0.093142964 0.330308497 0.092477545 0.934702396
1548265369.615640 0.295218974 -0.290968060 -0.151646063 0.090797998 0.333270788 0.093034379 0.933825970
1548265369.649170 0.282631636 -0.284204423 -0.146445706 0.090422437 0.338138610 0.093320176 0.932082295
1548265369.682700 0.274516076 -0.283914357 -0.149266466 0.088866457 0.340110600 0.094942011 0.931350410
1548265369.716280 0.272425234 -0.273012131 -0.146008894 0.086690590 0.341242462 0.093665220 0.931270719
1548265369.749800 0.258986324 -0.269486904 -0.127423808 0.081737548 0.347990632 0.090565883 0.929526389
1548265369.783310 0.267490208 -0.265433520 -0.131930500 0.076324277 0.352823585 0.091899894 0.928032577
1548265369.816830 0.269604743 -0.252652228 -0.135691017 0.073859699 0.354458451 0.092221245 0.927577019
1548265369.850350 0.259961158 -0.258553594 -0.117013983 0.067947172 0.361286700 0.091917783 0.925422192
1548265369.883860 0.277895451 -0.253654450 -0.134652287 0.065258808 0.360986978 0.093372814 0.925586939
1548265369.917380 0.277801692 -0.251285344 -0.135549933 0.062645398 0.360864460 0.093746036 0.925777555
1548265369.950890 0.281501383 -0.247290656 -0.132708386 0.060632296 0.361336052 0.093484849 0.925754011
1548265369.984450 0.295236379 -0.246626183 -0.137209237 0.058881864 0.361627221 0.093660846 0.925735593
1548265370.018000 0.283852756 -0.237400100 -0.128780678 0.059305776 0.365559697 0.093138449 0.924215436
1548265370.051550 0.281249344 -0.235423133 -0.132550985 0.058614526 0.366431981 0.094453782 0.923780501
1548265370.085070 0.288760453 -0.231908098 -0.132835269 0.057523627 0.366360098 0.094260745 0.923897326
1548265370.118580 0.278209567 -0.223061204 -0.133086547 0.057457332 0.367999732 0.094759077 0.923198521
1548265370.152100 0.280596763 -0.225418806 -0.134900987 0.054989256 0.368191689 0.095150426 0.923232079
1548265370.185610 0.274860442 -0.225855932 -0.132589325 0.052955054 0.368910789 0.095522203 0.923025548
1548265370.219130 0.272282422 -0.218808889 -0.131043673 0.052071434 0.369205266 0.095700867 0.922939539
1548265370.252500 0.274246961 -0.219845042 -0.133178562 0.050178230 0.368522972 0.097069047 0.923174202
1548265370.286000 0.280240655 -0.213519126 -0.136420086 0.048550330 0.366183609 0.096475147 0.924253762
1548265370.319480 0.275547028 -0.202117160 -0.131555408 0.047585070 0.365563422 0.094894916 0.924712956
1548265370.353050 0.276340067 -0.199253231 -0.123375528 0.044761289 0.367518038 0.093409196 0.924230337
1548265370.386490 0.278047502 -0.211148635 -0.132054910 0.040143039 0.367586493 0.095675632 0.924183369
1548265370.420010 0.268707216 -0.195349216 -0.126924843 0.039382175 0.367137551 0.095341794 0.924428999
1548265370.453520 0.278404504 -0.189180195 -0.120232470 0.036062475 0.367251277 0.093084387 0.924749315
1548265370.487030 0.276443034 -0.190575331 -0.117535256 0.032676753 0.369181395 0.093744583 0.924039662
1548265370.520530 0.278516382 -0.188600644 -0.115903594 0.030078718 0.369063586 0.093915075 0.924157619
1548265370.554030 0.277731508 -0.189194173 -0.114202231 0.026736293 0.369774729 0.094337426 0.923933029
1548265370.587530 0.284881473 -0.171769649 -0.114338227 0.024943778 0.368671536 0.093025438 0.924556851
1548265370.621040 0.286568999 -0.158109903 -0.110116363 0.022552028 0.369158328 0.091517009 0.924574614
1548265370.654560 0.283254504 -0.156458870 -0.106093392 0.019274836 0.370733052 0.091806799 0.923989713
1548265370.688050 0.282137901 -0.162349015 -0.101937056 0.014025424 0.371968359 0.093647920 0.923402905
1548265370.721570 0.285316914 -0.156953216 -0.098061636 0.011427593 0.371581167 0.094810784 0.923475921
1548265370.755090 0.286804318 -0.155032068 -0.099113800 0.009267799 0.370255053 0.095362961 0.923975766
1548265370.788620 0.291896492 -0.142692596 -0.096593611 0.007238731 0.369491726 0.094291031 0.924409389
1548265370.822140 0.297908694 -0.140428647 -0.095357068 0.005102897 0.369162709 0.095303483 0.924451232
1548265370.855650 0.295661062 -0.136743903 -0.090312444 0.003807111 0.368843526 0.096281283 0.924483597
1548265370.889400 0.294465423 -0.138704926 -0.090872541 0.000849789 0.368253112 0.096326627 0.924721658
1548265370.922920 0.293318719 -0.126559511 -0.090304047 -0.000890162 0.368819624 0.094977386 0.924635410
1548265370.956430 0.295024365 -0.128004566 -0.087202333 -0.003811413 0.369899035 0.096679054 0.924020231
1548265370.989950 0.299747974 -0.128356874 -0.088306002 -0.006581002 0.368724436 0.097697988 0.924366832
1548265371.023470 0.293601096 -0.114388242 -0.083662264 -0.008455735 0.369546741 0.095695794 0.924232662
1548265371.056980 0.287000477 -0.117537811 -0.078029066 -0.013211243 0.372574329 0.096971750 0.922827363
1548265371.090500 0.288670480 -0.119183227 -0.074548140 -0.017043926 0.372252703 0.098788999 0.922701597
1548265371.124050 0.292721331 -0.114634618 -0.073780432 -0.021276832 0.371512413 0.097640879 0.923034191
1548265371.157560 0.295072347 -0.112448409 -0.071253605 -0.024494506 0.371417284 0.098970525 0.922851026
1548265371.191080 0.290096611 -0.104897670 -0.064569362 -0.027706400 0.370894253 0.098939635 0.922973871
1548265371.224580 0.296517223 -0.103382647 -0.066464953 -0.030977570 0.368773073 0.099280477 0.923682928
1548265371.258090 0.297138453 -0.101646498 -0.058341451 -0.032828826 0.368007571 0.098982222 0.923956275
1548265371.291610 0.290591180 -0.100185081 -0.059476294 -0.033785507 0.366138726 0.099311955 0.924628615
1548265371.325120 0.297649473 -0.093518034 -0.061741095 -0.033430677 0.364088178 0.098698087 0.925516546
1548265371.358630 0.304930866 -0.099415705 -0.065887906 -0.033768933 0.360817581 0.100167982 0.926626503
1548265371.392130 0.289475262 -0.084304400 -0.057535280 -0.030925535 0.361153990 0.098114580 0.926814437
1548265371.425560 0.294975966 -0.085191399 -0.059555855 -0.031097539 0.360172123 0.097203434 0.927286625
1548265371.458930 0.300554007 -0.075806282 -0.058035795 -0.029754119 0.360139072 0.097312525 0.927332103
1548265371.492520 0.297103882 -0.076570861 -0.059683993 -0.029847736 0.359783351 0.096840821 0.927516520
1548265371.526110 0.300928921 -0.073037751 -0.059393987 -0.030516988 0.360063374 0.096215807 0.927451134
1548265371.559630 0.303529263 -0.073609173 -0.062826484 -0.031486616 0.360547066 0.096791446 0.927170873
1548265371.593150 0.295173168 -0.062149271 -0.058501150 -0.030000422 0.361356080 0.097217776 0.926860511
1548265371.626670 0.290772974 -0.057530269 -0.056100447 -0.030492814 0.363304019 0.096837349 0.926122487
1548265371.660180 0.293070942 -0.066002905 -0.053863686 -0.031358413 0.363309711 0.099887259 0.925767362
1548265371.693700 0.292657733 -0.061829008 -0.055646356 -0.030274926 0.361756712 0.099634245 0.926438630
1548265371.727220 0.298633307 -0.061400667 -0.058630314 -0.030515106 0.360838950 0.099380836 0.926815808
1548265371.760730 0.292996973 -0.065118074 -0.054396734 -0.030615171 0.362591505 0.100614160 0.925995052
1548265371.794250 0.298730612 -0.065223314 -0.057894804 -0.029799175 0.360928982 0.101398684 0.926585436
1548265371.827760 0.303270787 -0.071945585 -0.060550146 -0.029756796 0.360212535 0.102239586 0.926773190
1548265371.861280 0.300596535 -0.075529002 -0.060344838 -0.028084321 0.360503137 0.104166336 0.926497757
1548265371.894790 0.307719499 -0.079476342 -0.068294719 -0.027198331 0.358481914 0.104615748 0.927257538
1548265371.928310 0.307345897 -0.078118525 -0.066183478 -0.025210019 0.359359115 0.104483716 0.926989019
1548265371.961830 0.303258628 -0.079231620 -0.067009374 -0.022926040 0.360141426 0.104884706 0.926699400
1548265371.995340 0.300962806 -0.088025257 -0.069391690 -0.021909162 0.359729230 0.105565310 0.926806808
1548265372.028860 0.308753133 -0.085155278 -0.076456867 -0.019718690 0.357852250 0.104450822 0.927708447
1548265372.062370 0.302591711 -0.084334515 -0.073694743 -0.017976370 0.359899402 0.104075849 0.926993787
1548265372.095870 0.301951289 -0.087143838 -0.075422823 -0.016911929 0.360306650 0.104819976 0.926771760
1548265372.129380 0.305917829 -0.090858020 -0.078647390 -0.015751580 0.359611988 0.105259761 0.927012146
1548265372.162860 0.297438443 -0.086546570 -0.076998822 -0.013599885 0.360434860 0.104669325 0.926793456
1548265372.196380 0.294356585 -0.088690072 -0.075938247 -0.013073924 0.360975116 0.104586072 0.926600099
1548265372.229900 0.296874136 -0.095720850 -0.078796804 -0.013118624 0.360896766 0.105815038 0.926490486
1548265372.263410 0.296307415 -0.095611811 -0.081837669 -0.011824220 0.359462649 0.106381200 0.927000463
1548265372.296930 0.301887214 -0.094094589 -0.083478868 -0.011379698 0.358544320 0.104847938 0.927536190
1548265372.330440 0.297604620 -0.097557656 -0.081808932 -0.010858874 0.360666692 0.105156042 0.926684320
1548265372.363930 0.298654467 -0.105592638 -0.081958748 -0.010520467 0.360332817 0.106472313 0.926667809
1548265372.397440 0.296156466 -0.100615293 -0.081230745 -0.009076377 0.360447913 0.104972713 0.926809371
1548265372.430970 0.302909046 -0.103997514 -0.086840220 -0.008920622 0.359445512 0.105126187 0.927182734
1548265372.464510 0.302331001 -0.112366043 -0.087494135 -0.008070063 0.359880656 0.106272325 0.926891029
1548265372.498200 0.300274074 -0.117259294 -0.087062001 -0.006560308 0.359794647 0.105683148 0.927003682
1548265372.531720 0.305476457 -0.115105398 -0.092845157 -0.004065042 0.359282911 0.105477363 0.927239895
1548265372.565260 0.296843439 -0.120280698 -0.089250095 -0.002369322 0.361444503 0.105589211 0.926392555
1548265372.598790 0.296386302 -0.125310943 -0.091014653 -0.000417441 0.361149251 0.106247097 0.926435411
1548265372.632310 0.298625767 -0.125091359 -0.095990710 0.002568279 0.360177845 0.105565794 0.926887929
1548265372.665820 0.298795551 -0.132444471 -0.100276142 0.004611319 0.361001015 0.105434828 0.926574588
1548265372.699350 0.296468616 -0.134781271 -0.103446394 0.007370419 0.361746907 0.106631175 0.926128864
1548265372.732870 0.294593334 -0.139499351 -0.102688342 0.009014252 0.362425297 0.105706252 0.925955117
1548265372.766390 0.291375428 -0.142646149 -0.105877906 0.010623108 0.363459855 0.105558962 0.925549269
1548265372.799900 0.296942085 -0.148232043 -0.111604668 0.011631551 0.362461746 0.105827466 0.925897777
1548265372.833420 0.294224977 -0.148689345 -0.110160314 0.013778255 0.363487065 0.105132982 0.925545454
1548265372.866940 0.293004274 -0.149430066 -0.113452800 0.016298680 0.364281774 0.104841374 0.925225079
1548265372.900460 0.285399020 -0.153237998 -0.114000782 0.018816778 0.365642697 0.105188534 0.924600840
1548265372.933970 0.291094929 -0.159452170 -0.120559961 0.021060519 0.364580601 0.105444528 0.924942672
1548265372.967480 0.281506240 -0.157754093 -0.119417123 0.024146784 0.366047412 0.104970612 0.924341559
1548265373.001000 0.283293992 -0.165646344 -0.123276062 0.025067007 0.365539819 0.105982311 0.924402535
1548265373.034540 0.278288513 -0.170010254 -0.124273874 0.026412593 0.366331220 0.106830895 0.923954010
1548265373.068070 0.275631934 -0.171820626 -0.123724386 0.027447367 0.366876751 0.107566796 0.923621953
1548265373.101640 0.276659191 -0.176877171 -0.128006920 0.026743652 0.366887778 0.107756868 0.923616052
1548265373.135160 0.272399843 -0.177211270 -0.127339274 0.026661590 0.367817670 0.108401060 0.923173070
1548265373.168740 0.279702693 -0.184871420 -0.132926524 0.024934467 0.366390496 0.109153576 0.923700035
1548265373.202370 0.269992471 -0.181329772 -0.128327683 0.024556052 0.368040144 0.108752958 0.923101425
1548265373.235880 0.273045093 -0.186334684 -0.127668858 0.023195168 0.367588758 0.109119132 0.923273265
1548265373.269400 0.269153982 -0.187144965 -0.124905221 0.022296781 0.369330764 0.108175211 0.922711134
1548265373.302920 0.267659992 -0.191034690 -0.129170880 0.021350814 0.368591964 0.108812809 0.922953904
1548265373.336430 0.271849543 -0.191280827 -0.133695900 0.020087408 0.365295231 0.106474280 0.924564302
1548265373.369950 0.268896878 -0.198122978 -0.128825828 0.018528067 0.368461490 0.106133282 0.923378885
1548265373.403350 0.268356949 -0.196436286 -0.128809690 0.019814013 0.368581802 0.106190689 0.923297584
1548265373.436860 0.274900496 -0.201742560 -0.133378625 0.020118874 0.367568195 0.105136506 0.923815548
1548265373.470500 0.274931967 -0.205430597 -0.135801449 0.021716075 0.367729068 0.104209669 0.923820376
1548265373.504080 0.274587870 -0.209894657 -0.142664209 0.023808699 0.366492927 0.103530556 0.924336255
1548265373.537600 0.260019958 -0.205802307 -0.136078417 0.026283240 0.367098540 0.100963376 0.924312890
1548265373.570930 0.263161570 -0.202134505 -0.139250517 0.028405139 0.365880698 0.098671965 0.924980164
1548265373.604390 0.255260468 -0.211477205 -0.140206069 0.028741822 0.367690921 0.097850785 0.924338996
1548265373.637960 0.240522712 -0.205800533 -0.136189133 0.030249691 0.369228572 0.097088143 0.923758149
1548265373.671470 0.238892674 -0.209264815 -0.133885562 0.029420622 0.369867086 0.096298061 0.923612177
1548265373.704990 0.239553452 -0.217353091 -0.137222275 0.028331090 0.371508032 0.097337820 0.922878385
1548265373.738740 0.240712911 -0.219710231 -0.139741614 0.028261395 0.372470856 0.098527178 0.922366083
1548265373.772370 0.240948632 -0.225251704 -0.142561972 0.028510187 0.372449458 0.100498706 0.922154307
1548265373.805960 0.249344140 -0.224448577 -0.145353198 0.028785719 0.371753097 0.100649394 0.922410309
1548265373.839480 0.243151873 -0.224053264 -0.145857856 0.030320177 0.372401476 0.102710031 0.921872318
1548265373.872920 0.240662530 -0.226415932 -0.147709265 0.031961624 0.369181573 0.104589663 0.922900021
1548265373.906440 0.240545332 -0.227156132 -0.143914148 0.032252438 0.368226439 0.103024080 0.923447430
1548265373.939950 0.237943664 -0.228479341 -0.144297197 0.032987475 0.370366275 0.105010636 0.922341287
1548265373.973350 0.235002235 -0.230999172 -0.151569679 0.033933140 0.368074387 0.106922373 0.923004568
1548265374.006870 0.243371591 -0.234036192 -0.150880143 0.033244099 0.366286069 0.105304778 0.923926532
1548265374.040380 0.243252859 -0.235108897 -0.147185534 0.033006363 0.367891639 0.104384713 0.923401415
1548265374.073900 0.241891801 -0.238748014 -0.154472187 0.033735890 0.367166519 0.105654150 0.923519254
1548265374.107420 0.246910900 -0.235804826 -0.154413208 0.035292290 0.365010619 0.102940686 0.924621522
1548265374.140810 0.235767812 -0.236859918 -0.142180353 0.035971206 0.369056910 0.100159697 0.923293650
1548265374.174260 0.244825259 -0.241934597 -0.153700978 0.036643397 0.369407028 0.100540712 0.923085749
1548265374.207240 0.247648790 -0.241637737 -0.162137613 0.039398257 0.367241532 0.099809147 0.923915386
1548265374.240700 0.245644271 -0.244233668 -0.156448841 0.041185852 0.366550744 0.096497498 0.924463391
1548265374.274220 0.240873009 -0.246088460 -0.156834364 0.042939644 0.368127555 0.095546842 0.923855543
1548265374.307710 0.236932948 -0.246103600 -0.159444124 0.045921143 0.367655307 0.095556110 0.923899293
1548265374.341230 0.232266575 -0.250468254 -0.158465415 0.047815692 0.367288142 0.095263079 0.923979461
1548265374.374740 0.231869012 -0.254930228 -0.163573623 0.049251959 0.366548538 0.096071973 0.924113989
1548265374.408280 0.229726389 -0.250669599 -0.166304663 0.052553579 0.364988029 0.096491724 0.924505949
1548265374.441800 0.222927839 -0.254647434 -0.166506812 0.053952958 0.364595830 0.096684009 0.924560010
1548265374.475370 0.219211191 -0.253615975 -0.166642427 0.055310272 0.364757121 0.097419567 0.924338937
1548265374.508880 0.227021679 -0.257784843 -0.175722957 0.056458622 0.361570656 0.098557562 0.925400198
1548265374.542350 0.222669438 -0.257772088 -0.173516363 0.057797588 0.361184418 0.097889215 0.925539255
1548265374.575870 0.223173425 -0.255213648 -0.175228536 0.058768250 0.361862004 0.097044058 0.925302446
1548265374.609380 0.234647021 -0.268112421 -0.187419519 0.057852678 0.359082073 0.097606272 0.926383376
1548265374.642950 0.229421914 -0.268879354 -0.184622049 0.057641279 0.359269798 0.096039578 0.926487505
1548265374.676800 0.226401106 -0.271719635 -0.182766393 0.056895465 0.360868067 0.095449522 0.925973296
1548265374.710320 0.215914264 -0.261983752 -0.180676565 0.059092119 0.362460613 0.095386773 0.925219893
1548265374.743900 0.205382451 -0.267480791 -0.178784668 0.058689117 0.362954855 0.093935050 0.925200284
1548265374.777420 0.226464659 -0.265621424 -0.191442356 0.058198452 0.359261513 0.092033610 0.926862419
1548265374.811010 0.221905679 -0.276939511 -0.191058531 0.056116104 0.359532148 0.092907667 0.926798701
1548265374.844450 0.223279774 -0.273020625 -0.194940418 0.056729969 0.357389688 0.092140272 0.927666187
1548265374.877920 0.208049044 -0.264948636 -0.187275231 0.057850152 0.358304858 0.090975098 0.927358925
1548265374.911440 0.235805154 -0.232557923 -0.217515022 0.060244795 0.351389527 0.087533295 0.930179477
1548265374.944960 0.268423855 -0.196240664 -0.242920086 0.062471248 0.344223469 0.082111672 0.933201611
1548265374.978470 0.290382117 -0.165838346 -0.276803762 0.064233132 0.336394876 0.078767277 0.936220229
1548265375.011960 0.206179008 -0.261002451 -0.184106424 0.054068226 0.354804844 0.089205489 0.929103076
1548265375.045500 0.235500947 -0.230459675 -0.210427165 0.055843420 0.348724484 0.086454220 0.931557000
1548265375.079020 0.253660977 -0.210502177 -0.235299483 0.055619873 0.342818141 0.083094813 0.934064984
1548265375.112560 0.180792630 -0.272151321 -0.167874038 0.048395347 0.356261611 0.091550142 0.928630233
1548265375.146090 0.209349737 -0.248470277 -0.173113152 0.047726624 0.353544921 0.087354943 0.930106044
1548265375.179590 0.238694265 -0.228650376 -0.199719340 0.047869015 0.347078115 0.085733354 0.932681680
1548265375.213130 0.269033194 -0.193475962 -0.218918160 0.049554572 0.341265649 0.081635505 0.935103118
1548265375.246620 0.298757613 -0.165783644 -0.235680223 0.051753961 0.334284663 0.079340100 0.937699556
1548265375.280140 0.335398257 -0.148898602 -0.253113180 0.052278768 0.326585412 0.078987420 0.940409422
1548265375.313630 0.205909580 -0.245414644 -0.172964767 0.037576534 0.349063575 0.086881615 0.932305872
1548265375.347170 0.234390408 -0.223888502 -0.184113160 0.038464077 0.344830185 0.083837606 0.934121966
1548265375.380680 0.260226458 -0.201955974 -0.202361941 0.040729746 0.338384211 0.082591102 0.936491311
1548265375.414230 0.288011402 -0.187010884 -0.210300669 0.041442424 0.332735687 0.081052326 0.938615978
1548265375.447680 0.318975568 -0.178112745 -0.219795808 0.041422758 0.326759398 0.078874826 0.940899134
1548265375.481200 0.168467030 -0.236121416 -0.146450967 0.034191824 0.349472553 0.086299509 0.932336986
1548265375.514760 0.199234322 -0.235236406 -0.168299213 0.032628000 0.343851209 0.085956767 0.934512258
1548265375.548230 0.231923297 -0.231844991 -0.189499646 0.032338962 0.335563272 0.085787572 0.937545717
1548265375.581800 0.261088431 -0.230790779 -0.197842166 0.030798877 0.330477178 0.081833608 0.939755023
1548265375.615310 0.272302240 -0.243663192 -0.211723089 0.027001532 0.328297764 0.081774868 0.940640390
1548265375.648780 0.304728717 -0.261338323 -0.232504085 0.023113258 0.321713686 0.083724059 0.942844808
1548265375.682340 0.332939476 -0.291125000 -0.261473477 0.015750099 0.313621640 0.082687907 0.945809782
1548265375.715810 0.356252849 -0.300065458 -0.266520709 0.012292173 0.309293956 0.081700705 0.947370648
1548265375.749330 0.342836797 -0.288593739 -0.258282691 0.011845243 0.310518861 0.080056481 0.947116017
1548265375.782840 0.191565916 -0.218571991 -0.167873457 0.021611759 0.330901891 0.078778937 0.940122724
1548265375.816290 0.224267229 -0.256164014 -0.185856402 0.012563809 0.323835582 0.080877282 0.942566454
1548265375.849750 0.251723230 -0.295766145 -0.199756920 0.003014621 0.319242716 0.082911834 0.944034219
1548265375.883260 0.280579984 -0.338576913 -0.206451878 -0.007220284 0.315510273 0.087526917 0.944849312
1548265375.916770 0.303205162 -0.381572574 -0.221003532 -0.016531149 0.310583770 0.092179328 0.945921421
1548265375.950290 0.180835381 -0.203972518 -0.152421176 0.006472938 0.324927330 0.075797811 0.942674398
1548265375.983800 0.210105911 -0.240868181 -0.158728570 -0.002657865 0.320845991 0.079901956 0.943751276
1548265376.017320 0.210291386 -0.247355774 -0.157758296 -0.006646451 0.320744723 0.080205441 0.943740308
1548265376.050810 0.115374379 -0.092853606 -0.101827025 0.012293683 0.332478881 0.068323791 0.940552235
1548265376.084060 -0.041972663 -0.035997506 0.017798781 0.020173492 0.357480586 0.068233997 0.931206107
1548265376.117320 0.182917044 -0.200717866 -0.137260556 -0.007223330 0.322144657 0.078472897 0.943404794
1548265376.150840 0.201193169 -0.221965238 -0.142554685 -0.012053212 0.318364531 0.080588043 0.944459796
1548265376.184350 0.215144560 -0.227721587 -0.148509040 -0.015062912 0.316585362 0.080224015 0.945045471
1548265376.217860 0.197895080 -0.208937198 -0.141119242 -0.014321693 0.319409460 0.079929084 0.944131255
1548265376.251380 0.191679597 -0.198471561 -0.137081206 -0.014021556 0.318562657 0.079569422 0.944452226
1548265376.284900 0.193574712 -0.186886713 -0.136290625 -0.014014246 0.318503737 0.078278251 0.944580078
1548265376.318420 0.184964076 -0.179790705 -0.131005093 -0.013648996 0.320580572 0.079646960 0.943768084
1548265376.351990 0.185915545 -0.180100128 -0.133497670 -0.014158001 0.318355054 0.080917791 0.944405615
1548265376.385530 0.186453849 -0.175807580 -0.133135527 -0.014715481 0.318529010 0.080027588 0.944414258
1548265376.419050 0.184454381 -0.173193425 -0.130512998 -0.015452052 0.319494456 0.080960318 0.943996787
1548265376.452570 0.195067763 -0.170044959 -0.138297245 -0.016148245 0.316467971 0.080958754 0.945004225
1548265376.486080 0.190534294 -0.169713661 -0.133258849 -0.017165896 0.317524463 0.080544807 0.944667220
1548265376.519600 0.193913370 -0.170929089 -0.135882452 -0.018214453 0.316411346 0.081374280 0.944949865
1548265376.553110 0.192186385 -0.167945087 -0.133925915 -0.018662352 0.316295922 0.081268430 0.944988906
1548265376.586630 0.200767204 -0.162262499 -0.137465820 -0.018441703 0.314791709 0.082131803 0.945420802
1548265376.620150 0.194157556 -0.161797643 -0.135814965 -0.019677000 0.314656943 0.081909716 0.945460021
1548265376.653640 0.200335875 -0.159745693 -0.136788964 -0.021102110 0.313886762 0.082592122 0.945625901
1548265376.687150 0.201714367 -0.156738982 -0.136875838 -0.022296714 0.313344806 0.083407000 0.945706666
1548265376.720900 0.207489729 -0.163728997 -0.138249353 -0.025509225 0.312081605 0.084138878 0.945978343
1548265376.754430 0.202796683 -0.157526672 -0.132889971 -0.027078955 0.313327730 0.084390931 0.945500195
1548265376.787960 0.192801654 -0.151419684 -0.126700029 -0.029184647 0.315752178 0.084785014 0.944595337
1548265376.821470 0.204438850 -0.148321375 -0.129250422 -0.030648133 0.313417882 0.085670672 0.945246279
1548265376.854980 0.204307467 -0.148893595 -0.128456905 -0.032611873 0.313782722 0.085720502 0.945054948
1548265376.888480 0.206201166 -0.142539009 -0.124218151 -0.032801725 0.314299911 0.087383442 0.944724202
1548265376.922000 0.199644744 -0.137287542 -0.117758274 -0.032994483 0.314708918 0.087818883 0.944540918
1548265376.955510 0.205223620 -0.136958048 -0.121033438 -0.033932913 0.314039022 0.088981621 0.944621801
1548265376.989030 0.207396910 -0.136379361 -0.122612841 -0.034718402 0.312970489 0.090438046 0.944809556
1548265377.022540 0.212503269 -0.134450048 -0.120448589 -0.035355527 0.311688870 0.091546007 0.945102811
1548265377.056070 0.219145015 -0.139643013 -0.124233201 -0.036329202 0.311301589 0.092271492 0.945123017
1548265377.089600 0.211883411 -0.129457042 -0.121104769 -0.034751702 0.312677056 0.093389556 0.944618344
1548265377.123210 0.212555483 -0.137278661 -0.120828465 -0.036371063 0.312158108 0.094048604 0.944663644
1548265377.156960 0.222708911 -0.135315865 -0.127737567 -0.036074869 0.310551167 0.095149368 0.945094287
1548265377.190480 0.210641518 -0.129842833 -0.120978378 -0.035272114 0.312272251 0.096126638 0.944458365
1548265377.223990 0.214267001 -0.123909444 -0.124185830 -0.034817018 0.310770333 0.096151717 0.944967926
1548265377.257510 0.221053541 -0.125837818 -0.126194075 -0.035819851 0.310041368 0.096045084 0.945180714
1548265377.291020 0.211652011 -0.127493963 -0.121374510 -0.036310624 0.311803311 0.096144587 0.944572091
1548265377.324540 0.215033054 -0.121154457 -0.120817602 -0.036117911 0.310899884 0.096582718 0.944832563
1548265377.358070 0.216081992 -0.122912303 -0.120112851 -0.037416216 0.311097741 0.097078882 0.944666028
1548265377.391610 0.212648362 -0.116021879 -0.115820013 -0.037030578 0.311311632 0.097805381 0.944535792
1548265377.425110 0.215194762 -0.118063733 -0.118089505 -0.038327109 0.310042590 0.098236330 0.944856763
1548265377.458620 0.216190130 -0.118592687 -0.114080548 -0.039186817 0.309877485 0.098504841 0.944847703
1548265377.492120 0.223563448 -0.117329545 -0.117896155 -0.038886696 0.307818174 0.099403985 0.945438862
1548265377.525590 0.217612147 -0.125511333 -0.112683527 -0.039642960 0.307575375 0.099744424 0.945450604
1548265377.559070 0.223800793 -0.118124671 -0.115680888 -0.038657043 0.304611206 0.098550253 0.946575642
1548265377.592590 0.224657699 -0.117118768 -0.114874549 -0.038376179 0.304060936 0.097947508 0.946826518
1548265377.626110 0.222856402 -0.112276129 -0.112606190 -0.037575532 0.303312957 0.096723668 0.947224319
1548265377.659620 0.222063228 -0.117402047 -0.112392768 -0.038577735 0.301841438 0.096833266 0.947642744
1548265377.693140 0.230298936 -0.108203381 -0.114214368 -0.038262833 0.299832821 0.094888389 0.948489547
1548265377.726650 0.216868162 -0.114151433 -0.103818789 -0.039340943 0.302443296 0.095590606 0.947545648
1548265377.760170 0.215171099 -0.111369051 -0.103346705 -0.039600763 0.300446361 0.095594980 0.948169470
1548265377.793690 0.218364611 -0.104841523 -0.103921212 -0.039670479 0.298764139 0.094596490 0.948798060
1548265377.827200 0.221116215 -0.109339245 -0.103443079 -0.041398279 0.298602849 0.094949916 0.948739707
1548265377.860720 0.213244885 -0.113779821 -0.098636799 -0.042359337 0.298992127 0.096427716 0.948425591
1548265377.894220 0.220667243 -0.112578869 -0.098999828 -0.042741548 0.295980990 0.096094079 0.949386299
1548265377.927660 0.221130267 -0.108541504 -0.099216014 -0.042564325 0.295317352 0.095179610 0.949692965
1548265377.961070 0.220723882 -0.120635889 -0.096342400 -0.044495042 0.294662625 0.096259750 0.949699044
1548265377.994590 0.229533568 -0.124849766 -0.099205062 -0.044723868 0.291927636 0.096661448 0.950491786
1548265378.028100 0.225808173 -0.115527831 -0.102290705 -0.042730886 0.291571975 0.095008783 0.950859189
1548265378.061620 0.220172569 -0.113799684 -0.098994084 -0.042008981 0.291600913 0.095770784 0.950806022
1548265378.095080 0.219743654 -0.118991300 -0.099667512 -0.042352736 0.289644331 0.094368078 0.951528788
1548265378.128590 0.219970018 -0.115775980 -0.102178663 -0.041175555 0.288287431 0.093840607 0.952044606
1548265378.162080 0.213834777 -0.117600799 -0.098102860 -0.041400284 0.288247377 0.092516527 0.952176511
1548265378.195630 0.216720849 -0.119239688 -0.099427894 -0.041237682 0.286260962 0.092409335 0.952793062
1548265378.229190 0.213584229 -0.122548521 -0.100599930 -0.041306075 0.284505576 0.091932572 0.953361809
1548265378.262700 0.210441872 -0.118907027 -0.100053072 -0.040585846 0.283054829 0.090302862 0.953980148
1548265378.296220 0.211747512 -0.120470740 -0.100653298 -0.040325582 0.281681180 0.090538055 0.954375446
1548265378.329730 0.209028840 -0.122115664 -0.098191291 -0.040375806 0.280696332 0.090949938 0.954624236
1548265378.363250 0.208370209 -0.123162918 -0.099634357 -0.040203869 0.278748125 0.091166064 0.955181599
1548265378.396770 0.211888462 -0.117822893 -0.096791282 -0.039245222 0.276906937 0.090674438 0.955803573
1548265378.430280 0.201297984 -0.122143917 -0.098525889 -0.039196488 0.276802123 0.090647995 0.955838442
1548265378.463800 0.204671577 -0.115392454 -0.101594336 -0.037807614 0.274664044 0.090588421 0.956516564
1548265378.497290 0.201890230 -0.119926840 -0.099029869 -0.038893823 0.274344504 0.090184972 0.956602871
1548265378.530830 0.190307856 -0.118246302 -0.100859441 -0.037623789 0.273449123 0.091560453 0.956779361
1548265378.564320 0.201117411 -0.114381179 -0.103190593 -0.036254402 0.269182920 0.089985803 0.958190322
1548265378.597840 0.196614251 -0.112589255 -0.103810802 -0.034784876 0.268708766 0.089498073 0.958423555
1548265378.631350 0.193302616 -0.115766853 -0.104886442 -0.033705153 0.266688555 0.089957699 0.958983183
1548265378.664870 0.198157907 -0.115752734 -0.111823976 -0.032211885 0.263072699 0.089058943 0.960116446
1548265378.698300 0.197228298 -0.102677688 -0.104298167 -0.029233163 0.262977839 0.087173469 0.960410774
1548265378.731820 0.194915563 -0.104781322 -0.108680047 -0.027914083 0.262212485 0.087958895 0.960587680
1548265378.765320 0.190780491 -0.113676913 -0.109685905 -0.028045528 0.260570079 0.087397449 0.961081862
1548265378.798800 0.193567410 -0.112537779 -0.108978599 -0.026581237 0.259105891 0.086588055 0.961592495
1548265378.832320 0.191872001 -0.106055260 -0.109856941 -0.023903299 0.258744657 0.087521397 0.961675525
1548265378.865830 0.185626283 -0.111838855 -0.116595231 -0.023348359 0.257785529 0.088322207 0.961873531
1548265378.899340 0.194395736 -0.104026549 -0.116599903 -0.021809457 0.255740106 0.087467074 0.962533534
1548265378.932850 0.186421573 -0.107793078 -0.112933159 -0.022266939 0.258374542 0.089162923 0.961663544
1548265378.966360 0.192264050 -0.109005086 -0.119588800 -0.022296485 0.255997211 0.090387277 0.962184191
1548265378.999850 0.190307096 -0.112269878 -0.116858870 -0.023407396 0.257330924 0.090286992 0.961811364
1548265379.033310 0.190793470 -0.111985691 -0.117548786 -0.023627713 0.257854611 0.091950178 0.961508155
1548265379.066830 0.197514012 -0.110798351 -0.115796447 -0.023538347 0.257314742 0.092240974 0.961627126
1548265379.100400 0.194819108 -0.113938630 -0.118117899 -0.024126189 0.259161174 0.092834957 0.961059332
1548265379.133910 0.187341541 -0.118285038 -0.118760593 -0.024489174 0.259323359 0.094485730 0.960845530
1548265379.167440 0.192196250 -0.119302616 -0.119870208 -0.024652908 0.257809192 0.094244026 0.961272478
1548265379.200960 0.190791354 -0.120240487 -0.120187677 -0.024748662 0.257990301 0.094120197 0.961233556
1548265379.234460 0.191796854 -0.120874755 -0.119248703 -0.024895160 0.258065820 0.094541423 0.961168170
1548265379.267990 0.192091122 -0.120370716 -0.119619325 -0.024930598 0.258400232 0.095001578 0.961031973
1548265379.301520 0.199422076 -0.124343626 -0.123109214 -0.026370788 0.259109318 0.094009124 0.960900247
1548265379.335020 0.189097598 -0.123884678 -0.117738426 -0.027687743 0.263749778 0.094570071 0.959544659
1548265379.368490 0.189085901 -0.129977360 -0.119299166 -0.029603235 0.263455093 0.096193232 0.959407091
1548265379.402010 0.196728632 -0.125279829 -0.115136296 -0.030448128 0.263490885 0.095312268 0.959458709
1548265379.435540 0.188245505 -0.130523607 -0.113367483 -0.031770810 0.266186923 0.096996464 0.958502412
1548265379.469050 0.190397248 -0.136843771 -0.112667076 -0.033333678 0.265063554 0.098759048 0.958580613
1548265379.502570 0.196544677 -0.129948989 -0.115489669 -0.033082705 0.263854682 0.098150186 0.958985329
1548265379.536100 0.190485775 -0.126479939 -0.110350333 -0.033475932 0.265634775 0.098511457 0.958443046
1548265379.569630 0.189732343 -0.133340374 -0.108483881 -0.035693876 0.265366614 0.099582918 0.958326578
1548265379.603150 0.193636179 -0.133718699 -0.108396173 -0.036416449 0.263999730 0.099663697 0.958668411
1548265379.636660 0.200467572 -0.132738933 -0.113399491 -0.036322758 0.262386829 0.100214861 0.959057271
1548265379.670160 0.199456722 -0.130272895 -0.110521860 -0.036239278 0.262681484 0.100269251 0.958974063
1548265379.703680 0.196357608 -0.133151218 -0.108524270 -0.036669970 0.263204992 0.100306205 0.958810270
1548265379.737190 0.189699963 -0.139003381 -0.103254221 -0.037071370 0.264464855 0.101669319 0.958304405
1548265379.770710 0.190351203 -0.136072248 -0.104758576 -0.036302835 0.263037950 0.102113388 0.958679318
1548265379.804220 0.194267914 -0.137464866 -0.106807940 -0.036618151 0.261582494 0.102293193 0.959046304
1548265379.837770 0.198121130 -0.131848902 -0.106435724 -0.036106553 0.260681659 0.101852350 0.959357858
1548265379.871290 0.205048040 -0.130526721 -0.106118627 -0.036718022 0.260969758 0.102341399 0.959204257
1548265379.904870 0.201720119 -0.137214020 -0.104106881 -0.038454842 0.263609141 0.102402128 0.958407640
1548265379.938390 0.202662289 -0.142302945 -0.106033653 -0.039894253 0.264856219 0.103138268 0.957925975
1548265379.971910 0.207709268 -0.144240141 -0.103853688 -0.040663540 0.265024006 0.103381023 0.957821012
1548265380.005420 0.209222034 -0.146443442 -0.102287330 -0.041333437 0.266998678 0.103080504 0.957276165
1548265380.038940 0.203051582 -0.146478787 -0.097970076 -0.041116402 0.270585686 0.102321781 0.956359327
1548265380.072450 0.204426929 -0.153011277 -0.099861108 -0.041643627 0.271670759 0.102949627 0.955961406
1548265380.105970 0.211022153 -0.153968662 -0.101535670 -0.040986076 0.271354944 0.103246041 0.956047535
1548265380.139490 0.210087806 -0.155658022 -0.102626517 -0.040081400 0.272964329 0.103629485 0.955586135
1548265380.173000 0.211171269 -0.158226505 -0.103237979 -0.038883857 0.273623049 0.105032757 0.955294013
1548265380.206520 0.217001244 -0.163229123 -0.105587631 -0.037514899 0.273594141 0.106086932 0.955240548
1548265380.240030 0.213372201 -0.164926693 -0.106254570 -0.035178103 0.275054455 0.107433423 0.954759479
1548265380.273550 0.213742241 -0.167729095 -0.106515169 -0.033024561 0.275089115 0.108302481 0.954728246
1548265380.307070 0.220732987 -0.168235928 -0.112996154 -0.030853080 0.274856269 0.108337812 0.954863906
1548265380.340620 0.214172781 -0.164572418 -0.111410953 -0.028359869 0.277311325 0.108305320 0.954234838
1548265380.374130 0.213835731 -0.166663542 -0.113263138 -0.026918061 0.278007120 0.108415298 0.954061627
1548265380.407650 0.217726901 -0.162147909 -0.115410723 -0.024764623 0.278014690 0.107294314 0.954244435
1548265380.441290 0.221198440 -0.163993180 -0.120206498 -0.023735348 0.279226094 0.106343441 0.954023302
1548265380.474800 0.212794110 -0.173474982 -0.120485887 -0.023477904 0.281638473 0.105991356 0.953359544
1548265380.508360 0.214385077 -0.171598494 -0.120876230 -0.021587318 0.282043636 0.105529658 0.953335643
1548265380.541870 0.209602341 -0.176050261 -0.120054074 -0.020571213 0.283234537 0.105745696 0.952981055
1548265380.575390 0.211128607 -0.178263754 -0.122351728 -0.018691242 0.282453865 0.104943305 0.953340113
1548265380.608870 0.227627188 -0.205958635 -0.132119864 -0.019933483 0.280988365 0.105037048 0.953737617
1548265380.642390 0.202523604 -0.207479641 -0.122407340 -0.017012350 0.285036594 0.103860222 0.952721238
1548265380.675900 0.219436914 -0.202495620 -0.133964881 -0.013763875 0.282124728 0.103740305 0.953653038
1548265380.709450 0.204737827 -0.185783029 -0.121864699 -0.008368292 0.282525569 0.102174401 0.953766048
1548265380.742980 0.231368065 -0.199556917 -0.136632040 -0.008259508 0.277780205 0.098640747 0.955531240
1548265380.776500 0.231455624 -0.195049450 -0.129652947 -0.007463248 0.283482939 0.096018597 0.954128981
1548265380.810010 0.227159411 -0.190772057 -0.128402099 -0.006407651 0.287232250 0.096484840 0.952967584
1548265380.843520 0.219952077 -0.189499661 -0.125842586 -0.006631749 0.287206769 0.096458875 0.952976406
1548265380.877040 0.234559998 -0.184686601 -0.122984089 -0.008585171 0.283570915 0.094450422 0.954249918
1548265380.910560 0.238250554 -0.167510763 -0.112039521 -0.009165273 0.284930259 0.091790177 0.954099238
1548265380.944070 0.234733388 -0.168158755 -0.102031857 -0.012628467 0.287610352 0.093548454 0.953084230
1548265380.977590 0.225559235 -0.125380173 -0.088773131 -0.009925590 0.286062926 0.093927860 0.953544438
1548265381.011100 0.262498319 -0.159661144 -0.097255617 -0.019760733 0.280930191 0.092289932 0.955076039
1548265381.044620 0.218887851 -0.155045941 -0.064568676 -0.021787869 0.288330078 0.094269693 0.952630222
1548265381.078130 0.248989090 -0.141287908 -0.071892269 -0.022553818 0.279649198 0.093909577 0.955232263
1548265381.111660 0.253232032 -0.113952368 -0.061912023 -0.022388736 0.279046357 0.093605854 0.955442250
1548265381.145270 0.239600986 -0.132876322 -0.047284722 -0.028776614 0.281695247 0.096589930 0.954196036
1548265381.178790 0.244662583 -0.140171796 -0.053590793 -0.032394566 0.275107920 0.098774441 0.955777049
1548265381.212200 0.268613070 -0.102804303 -0.044850994 -0.029703245 0.269221961 0.096411638 0.957779765
1548265381.245650 0.264262378 -0.099446595 -0.033017095 -0.031500041 0.271991730 0.097533539 0.956825733
1548265381.279130 0.260722518 -0.093799956 -0.022888599 -0.031910893 0.269897133 0.097536325 0.957404792
1548265381.312580 0.288317710 -0.084902801 -0.029544735 -0.033572827 0.264849931 0.094440266 0.959066451
1548265381.346070 0.285445213 -0.072457045 -0.017778797 -0.034794621 0.267960936 0.094004057 0.958201170
1548265381.379580 0.294145077 -0.070907138 -0.016004113 -0.037780076 0.268568695 0.092293143 0.958084285
1548265381.413070 0.293576270 -0.056671035 -0.008772497 -0.039563213 0.271361232 0.092310362 0.957223415
1548265381.446590 0.303125381 -0.057816319 -0.007328062 -0.044040505 0.271061540 0.092283137 0.957115471
1548265381.480100 0.306447178 -0.052231334 0.004532038 -0.046516635 0.274099320 0.092700772 0.956092238
1548265381.513620 0.292420983 -0.046804085 0.018005451 -0.047668979 0.276918113 0.094745383 0.955022156
1548265381.547160 0.305867523 -0.037999224 0.020683652 -0.048900094 0.271697760 0.095247947 0.956408381
1548265381.580680 0.317658842 -0.033902872 0.024497742 -0.050509356 0.270064086 0.095652200 0.956747055
1548265381.614190 0.304519445 -0.028594278 0.034485586 -0.050595790 0.270928800 0.099055193 0.956151545
1548265381.647710 0.320107013 -0.017703105 0.038596358 -0.051566366 0.265082479 0.098562278 0.957787931
1548265381.681350 0.333555281 -0.014475273 0.040137365 -0.053067688 0.263500720 0.100586213 0.957931936
1548265381.714870 0.324469328 -0.006739080 0.048087507 -0.053220615 0.262839526 0.102795690 0.957870543
1548265381.748390 0.344907314 0.002970516 0.047564737 -0.054469306 0.256723940 0.103329949 0.959400237
1548265381.781950 0.357892960 0.009416015 0.053586610 -0.056585409 0.254292309 0.105143160 0.959728301
1548265381.815470 0.348141998 0.013055248 0.061860222 -0.057074748 0.255625874 0.108003169 0.959027231
1548265381.849000 0.359167129 0.020332489 0.057976928 -0.057374582 0.250181586 0.108967014 0.960335135
1548265381.882600 0.367443472 0.030144215 0.063579105 -0.058153853 0.248670280 0.107748985 0.960818052
1548265381.916130 0.369342089 0.045727998 0.067570508 -0.057955202 0.248960853 0.110061623 0.960492671
1548265381.949640 0.371430188 0.046251848 0.078422993 -0.060576327 0.248678714 0.111551501 0.960232079
1548265381.983160 0.379494190 0.051375024 0.077390358 -0.061980963 0.246348724 0.111833341 0.960710168
1548265382.016680 0.380805612 0.078550562 0.086096220 -0.061653920 0.246673837 0.109387808 0.960929334
1548265382.050190 0.386951655 0.062422615 0.087533712 -0.071366288 0.247184590 0.112394050 0.959778190
1548265382.083720 0.392412364 0.063176528 0.094166793 -0.073923059 0.245630160 0.114601120 0.959722757
1548265382.117240 0.403822243 0.068387538 0.093426146 -0.075748667 0.241239518 0.115302257 0.960609734
1548265382.150740 0.405512899 0.077234797 0.098874643 -0.077239715 0.241696194 0.114115827 0.960517883
1548265382.184250 0.395410836 0.082181558 0.111091785 -0.078171179 0.242591664 0.115919657 0.960000634
1548265382.217730 0.411337316 0.083390802 0.108604088 -0.080366321 0.237157166 0.115012124 0.961285591
1548265382.251240 0.405204952 0.113405257 0.103185542 -0.077963762 0.236010239 0.118637741 0.961325049
1548265382.284760 0.414786756 0.106612615 0.112827286 -0.079905778 0.226807177 0.118603714 0.963382959
1548265382.318280 0.427344054 0.123648338 0.105126642 -0.076464973 0.223092884 0.116192169 0.964822292
1548265382.351760 0.411937207 0.105987512 0.113816001 -0.078293383 0.226098418 0.118837468 0.963653088
1548265382.385270 0.429312319 0.137255028 0.114244342 -0.072528586 0.219528183 0.115863904 0.965982676
1548265382.418720 0.418869078 0.120183393 0.119069748 -0.074482292 0.220247135 0.117611453 0.965459049
1548265382.452230 0.435463578 0.133956969 0.115601465 -0.069788031 0.210099503 0.116303973 0.968225777
1548265382.485740 0.423128635 0.131387204 0.121932589 -0.067747675 0.211972341 0.113408573 0.968305945
1548265382.519250 0.420685500 0.142144635 0.113814078 -0.063286796 0.205480248 0.111981608 0.970171511
1548265382.552680 0.439076662 0.158175945 0.115959942 -0.062958084 0.201150879 0.109565660 0.971375287
1548265382.586200 0.454698056 0.152226627 0.111804344 -0.064866282 0.200388551 0.107558906 0.971631587
1548265382.619670 0.446995527 0.152096465 0.122486785 -0.062505983 0.207676828 0.106322408 0.970391095
1548265382.653230 0.442354977 0.151218891 0.134053856 -0.058297321 0.203839362 0.099782407 0.972159684
1548265382.686750 0.458591908 0.139474258 0.111872241 -0.056282565 0.207477793 0.091918640 0.972284019
1548265382.720200 0.449386984 0.159718871 0.130837262 -0.046407238 0.216093406 0.089419611 0.971161246
1548265382.753620 0.443657160 0.157877684 0.124813959 -0.040040128 0.215934694 0.082103200 0.972125530
1548265382.787120 0.457963377 0.166742176 0.124610938 -0.033113733 0.224693850 0.074752085 0.970993459
1548265382.820610 0.433793843 0.182906955 0.133946091 -0.023487629 0.232031941 0.069910899 0.969908237
1548265382.854150 0.448523283 0.174556553 0.111191913 -0.020438118 0.225597486 0.063037828 0.971964180
1548265382.887660 0.453046262 0.187817961 0.113946907 -0.014508180 0.234336257 0.058081161 0.970310569
1548265382.921200 0.444707513 0.203594297 0.115917765 -0.009679678 0.239681363 0.053345498 0.969336569
1548265382.954820 0.454222441 0.220249996 0.126266867 -0.008047231 0.244737983 0.049163204 0.968308628
1548265382.988330 0.438556761 0.238987848 0.135352984 -0.005459538 0.250045359 0.048488241 0.967003822
1548265383.022210 0.442100614 0.240489364 0.133361831 -0.007264682 0.247190416 0.047550585 0.967772186
1548265383.055750 0.441398650 0.240519106 0.138289407 -0.009779257 0.248128399 0.046217311 0.967574596
1548265383.089270 0.417944223 0.248836488 0.145580500 -0.009716864 0.248763353 0.047236603 0.967362940
1548265383.122790 0.457413286 0.256286800 0.143044889 -0.010686859 0.240769207 0.043739315 0.969537437
1548265383.156270 0.446326733 0.254273236 0.148443654 -0.011778222 0.244656727 0.045285027 0.968480051
1548265383.189710 0.454590768 0.272281498 0.146627679 -0.009210266 0.242125496 0.046435460 0.969089329
1548265383.223220 0.455296218 0.265433311 0.150878057 -0.011731116 0.243707061 0.044889815 0.968738437
1548265383.256740 0.445008337 0.267410934 0.152091980 -0.011605496 0.245053589 0.047300410 0.968285441
1548265383.290260 0.441239148 0.298764229 0.141136050 -0.006310232 0.235327587 0.049445279 0.970637083
1548265383.323770 0.485398978 0.310301960 0.140380204 -0.006674080 0.226104036 0.047036093 0.972944021
1548265383.357210 0.477520853 0.312930524 0.146927476 -0.007128062 0.228030950 0.050637539 0.972310126
1548265383.390640 0.460865706 0.311789304 0.145186946 -0.008265012 0.226045638 0.050754521 0.972758472
1548265383.424130 0.483731002 0.326646298 0.152335435 -0.007166226 0.218602240 0.048869014 0.974563241
1548265383.457630 0.480844229 0.305737823 0.144536704 -0.011706731 0.219070777 0.048253555 0.974444747
1548265383.491090 0.466233194 0.302889466 0.154654697 -0.011805651 0.219664559 0.050617773 0.974189937
1548265383.524610 0.485249549 0.313927889 0.154052794 -0.009824076 0.212106228 0.047177851 0.976057768
1548265383.558020 0.487572223 0.313499212 0.148753762 -0.008961502 0.214751586 0.048498388 0.975422680
1548265383.591540 0.478051215 0.313990057 0.153937310 -0.008162344 0.216835141 0.049943224 0.974895656
1548265383.625060 0.485726088 0.320580274 0.144347593 -0.006222375 0.212025344 0.050880454 0.975918889
1548265383.658670 0.494641989 0.322577357 0.146464527 -0.006581008 0.209941134 0.048988361 0.976463795
1548265383.692190 0.479882419 0.328622907 0.149196848 -0.005249923 0.212103546 0.049361587 0.975985646
1548265383.725760 0.480435282 0.330059201 0.149134308 -0.005008506 0.208486706 0.048712973 0.976798475
1548265383.759300 0.487798899 0.330973595 0.155530438 -0.005276546 0.205894053 0.045516297 0.977500975
1548265383.792820 0.480691999 0.330608755 0.159248143 -0.004892671 0.206536844 0.045164362 0.977383614
1548265383.826330 0.477876514 0.317895293 0.152567163 -0.005554058 0.205033362 0.045634538 0.977674782
1548265383.859820 0.488067210 0.313187480 0.145733252 -0.004473833 0.201755390 0.042815447 0.978489459
1548265383.893180 0.473998636 0.302379459 0.144257531 -0.002048759 0.206175178 0.045048330 0.977475464
1548265383.926690 0.462377369 0.296544284 0.142644197 0.001689228 0.204357818 0.045636289 0.977830470
1548265383.960400 0.478284240 0.283702046 0.131880194 0.003791978 0.197966501 0.043597449 0.979231417
1548265383.993920 0.465702742 0.275604904 0.131650612 0.006849803 0.203216001 0.042908821 0.978169322
1548265384.027250 0.460551053 0.296927154 0.123427026 0.016602723 0.198991895 0.044711854 0.978839815
1548265384.060770 0.477886558 0.278946280 0.105822347 0.015883610 0.193125010 0.040337153 0.980215967
1548265384.094280 0.469035447 0.273308724 0.109347910 0.018648963 0.202316523 0.040864319 0.978289485
1548265384.127800 0.451575875 0.274776876 0.107583910 0.023185976 0.202168152 0.041902903 0.978179216
1548265384.161320 0.464653790 0.273039639 0.101435505 0.024524763 0.196844846 0.035531890 0.979483604
1548265384.194830 0.462218583 0.273067266 0.098118827 0.028523218 0.203334957 0.037275415 0.977983594
1548265384.228320 0.435458630 0.269519359 0.097483605 0.030882128 0.204209477 0.038061850 0.977699399
1548265384.261840 0.459886998 0.269351929 0.092241749 0.032088991 0.195372552 0.034622855 0.979592323
1548265384.295350 0.456091434 0.265417248 0.086255170 0.032635394 0.199987382 0.033437330 0.978683770
1548265384.328870 0.441689491 0.259207517 0.089228548 0.031881917 0.202626422 0.034644727 0.978123605
1548265384.362380 0.452525228 0.260672778 0.084821418 0.031954143 0.197319716 0.033622596 0.979241192
1548265384.395930 0.457529217 0.262539238 0.079429120 0.032027356 0.198374867 0.033155546 0.979041517
1548265384.429520 0.444612503 0.255988836 0.080606312 0.030546295 0.201587915 0.033566196 0.978418350
1548265384.462960 0.448851585 0.252010614 0.078078061 0.029729096 0.199380159 0.034670930 0.978857338
1548265384.496450 0.452067167 0.253131509 0.075824521 0.029848639 0.200464725 0.034362406 0.978643060
1548265384.529960 0.446842760 0.252784669 0.075688139 0.030514140 0.203127831 0.036354452 0.978001177
1548265384.563480 0.451283187 0.252737731 0.081776880 0.030732680 0.202477306 0.036975857 0.978105962
1548265384.596980 0.456960082 0.256621003 0.073523954 0.032451656 0.204531252 0.038559280 0.977561772
1548265384.630500 0.449550152 0.253705144 0.074232645 0.032676611 0.206671387 0.039420426 0.977069736
1548265384.664010 0.454433292 0.252566218 0.072058506 0.032884188 0.205545634 0.039010134 0.977316618
1548265384.697530 0.454495728 0.251433372 0.066998281 0.032970760 0.208050877 0.039624114 0.976758778
1548265384.731040 0.459234297 0.259071290 0.067053325 0.034705039 0.209410220 0.040663388 0.976365387
1548265384.764510 0.457207203 0.258179873 0.065133683 0.034188908 0.210205585 0.040324990 0.976226747
1548265384.798080 0.460780144 0.254575789 0.062380601 0.032379225 0.211181477 0.040185444 0.976083577
1548265384.831670 0.468704313 0.256016225 0.059827194 0.031680848 0.213469401 0.039732594 0.975627244
1548265384.865180 0.450142503 0.240172237 0.071883924 0.028327877 0.222262517 0.041781142 0.973679245
1548265384.898090 0.452506691 0.233026117 0.068495966 0.027132666 0.222085267 0.042573974 0.973719358
1548265384.931430 0.466478556 0.226492912 0.055130906 0.026712159 0.222553715 0.043884359 0.973565876
1548265384.965120 0.450881988 0.222308338 0.059851307 0.027156917 0.229361624 0.045431037 0.971901119
1548265384.999250 0.448176742 0.221772045 0.057183575 0.028650863 0.227413028 0.047136504 0.972234845
1548265385.033030 0.458023995 0.201009631 0.042896122 0.025939789 0.226981685 0.046216626 0.972455919
1548265385.066620 0.447744936 0.198928565 0.052197408 0.028128741 0.233096600 0.049895559 0.970765233
1548265385.100300 0.455642760 0.205355540 0.049690865 0.031324044 0.232154831 0.052209962 0.970771372
1548265385.133930 0.451801986 0.194269285 0.039384257 0.030184971 0.235701486 0.052571077 0.969932973
1548265385.167330 0.445565104 0.193970978 0.044251435 0.031519860 0.239956617 0.056445967 0.968628526
1548265385.200680 0.440255970 0.195803002 0.045998260 0.032941610 0.239794105 0.058651853 0.968490362
1548265385.234200 0.451493889 0.200708851 0.037945256 0.034039691 0.237387329 0.060002584 0.968962431
1548265385.267990 0.442750752 0.197214842 0.037805837 0.033121124 0.240303442 0.062696710 0.968104541
1548265385.301540 0.430275828 0.194963932 0.036384854 0.032351252 0.239234269 0.065209247 0.968229353
1548265385.335020 0.445397377 0.195922628 0.026891893 0.030891860 0.233938441 0.063810937 0.969663143
1548265385.368540 0.445838124 0.201169670 0.026408192 0.029781420 0.236830637 0.065115817 0.968908787
1548265385.402050 0.431366473 0.197471991 0.035588071 0.027078839 0.239808530 0.067487359 0.968093038
1548265385.435570 0.429086745 0.198819220 0.028639812 0.024752427 0.235653117 0.066643998 0.969233513
1548265385.468870 0.440889508 0.190054804 0.026345752 0.020034028 0.233657405 0.064122684 0.969995439
1548265385.501860 0.432144314 0.194500372 0.031763036 0.018108789 0.236726016 0.065446950 0.969200492
1548265385.535280 0.421362430 0.194431126 0.031527225 0.015742216 0.235467851 0.064015441 0.969643831
1548265385.568700 0.437856793 0.200704664 0.029676078 0.013953350 0.231521219 0.061146129 0.970806062
1548265385.602150 0.434936136 0.194463924 0.031480338 0.010960369 0.233867928 0.062000472 0.970227599
1548265385.635670 0.422855467 0.197960019 0.030135257 0.010524364 0.234328359 0.061835714 0.970131874
1548265385.669230 0.433650702 0.193474457 0.027733505 0.008189478 0.231107220 0.059607409 0.971066117
1548265385.702770 0.432376534 0.186993852 0.024690880 0.005921087 0.233932570 0.058897100 0.970449209
1548265385.736280 0.421366096 0.189159036 0.032089103 0.005991891 0.236680567 0.059600081 0.969739258
