1548265363.585140 0.0000000 0.0000000 0.0000000 0.0000000 0.0000000 0.0000000 1.0000000
1548265364.923850 -0.0428017 -0.0962764 0.0239363 0.0189478 0.0289388 -0.0002467 0.9994016
1548265365.493960 0.0290358 -0.0242507 0.1362555 -0.0406683 0.0005111 -0.0095303 0.9991271
1548265365.628220 0.0302802 0.0206796 0.1676774 -0.0419019 -0.0172757 -0.0141414 0.9988723
1548265366.063700 0.0697137 0.1168193 0.2289804 -0.0652670 -0.0065054 -0.0152736 0.9977297
1548265367.806040 0.0752392 -0.1024636 0.1841181 -0.0014061 0.0205644 0.0077762 0.9997573
1548265367.940050 0.1276321 -0.1335174 0.1581262 0.0096624 0.0556019 0.0125184 0.9983278
1548265368.141010 0.1556603 -0.1557437 0.1137254 0.0252774 0.1054855 0.0240455 0.9938087
1548265368.241550 0.1776251 -0.1654426 0.0868022 0.0288233 0.1322497 0.0347308 0.9901884
1548265368.409520 0.1614662 -0.1810043 0.0659761 0.0270990 0.1864425 0.0506761 0.9807838
1548265368.610700 0.1867685 -0.2105609 0.0432217 0.0322396 0.2251908 0.0644415 0.9716465
1548265368.711300 0.2092705 -0.2265087 0.0231121 0.0388346 0.2450756 0.0740070 0.9658948
1548265368.845250 0.2213200 -0.2294801 0.0014080 0.0511770 0.2676028 0.0879515 0.9581410
1548265370.420010 0.2550678 -0.2048199 -0.1233933 0.0376347 0.3703749 0.0949669 0.9232483
1548265371.191080 0.2499531 -0.1273751 -0.0561709 -0.0307379 0.3774248 0.0999744 0.9201146
1548265374.609380 0.1910493 -0.2800997 -0.1732314 0.0566083 0.3663437 0.0978017 0.9235922
1548265374.978470 0.1695174 -0.2770793 -0.1761319 0.0535510 0.3615050 0.0902677 0.9264438
1548265375.146090 0.1612340 -0.2711651 -0.1633844 0.0458599 0.3598992 0.0897814 0.9275283
1548265375.313630 0.1402054 -0.2709653 -0.1417661 0.0346929 0.3601038 0.0885272 0.9280542
1548265375.481200 0.2692725 -0.2255940 -0.2149648 0.0343604 0.3337605 0.0820906 0.9384478
1548265375.682340 0.1584134 -0.2540663 -0.1614566 0.0235416 0.3413562 0.0824044 0.9360188
1548265376.017320 0.1461407 -0.2147689 -0.1336667 -0.0021131 0.3300664 0.0769978 0.9408098
1548265377.223990 0.1740129 -0.1434029 -0.1112043 -0.0372575 0.3176068 0.0970416 0.9425077
1548265378.664870 0.1505175 -0.1486499 -0.0910721 -0.0370692 0.2717445 0.0884836 0.9575758
1548265382.050190 0.3515849 0.0403429 0.0849769 -0.0739105 0.2530480 0.1144472 0.9578130
1548265382.686750 0.4358764 0.0916623 0.1161838 -0.0640060 0.2121428 0.0930021 0.9706953
1548265383.290260 0.3836275 0.2447221 0.1644519 -0.0156380 0.2474250 0.0484849 0.9675668
