1548265363.585140 0.0000000 0.0000000 0.0000000 0.0000000 0.0000000 0.0000000 1.0000000
1548265364.890370 -0.0136132 -0.0964553 0.0101942 0.0209335 0.0208110 -0.0040298 0.9995561
1548265365.493960 0.0204778 -0.0201659 0.1272407 -0.0400812 0.0024741 -0.0098284 0.9991450
1548265365.628220 0.0353178 0.0307363 0.1694340 -0.0401224 -0.0180243 -0.0144207 0.9989281
1548265366.063700 0.0683955 0.1318675 0.2289547 -0.0625155 -0.0062743 -0.0162336 0.9978922
1548265367.806040 0.0777390 -0.0923935 0.1839284 0.0005447 0.0203753 0.0069903 0.9997678
1548265367.940050 0.1234960 -0.1199607 0.1591132 0.0120212 0.0565677 0.0118970 0.9982555
1548265368.275070 0.1451378 -0.1667721 0.0761293 0.0294397 0.1506491 0.0373225 0.9874437
1548265368.409520 0.1398041 -0.1578932 0.0745651 0.0310798 0.1901223 0.0493596 0.9800261
1548265368.577180 0.1506213 -0.1909592 0.0656255 0.0330544 0.2242026 0.0610889 0.9720641
1548265368.677780 0.1496366 -0.1879058 0.0529522 0.0427233 0.2466027 0.0681131 0.9657755
1548265368.811730 0.1807868 -0.2090471 0.0198092 0.0512657 0.2688991 0.0821276 0.9582902
1548265368.978680 0.2102629 -0.2385726 -0.0253430 0.0585552 0.2915618 0.0919057 0.9503244
1548265369.682700 0.2245176 -0.2751464 -0.1431108 0.0906225 0.3471193 0.0917524 0.9289119
1548265370.654560 0.2115214 -0.1572884 -0.0846831 0.0200857 0.3818952 0.0899290 0.9196007
1548265371.291610 0.2285646 -0.1003049 -0.0436428 -0.0328868 0.3759003 0.0981951 0.9208557
1548265374.743900 0.1485854 -0.2657573 -0.1640325 0.0598653 0.3714863 0.0917684 0.9219505
1548265375.079020 0.1366006 -0.2655208 -0.1692690 0.0518801 0.3635198 0.0888098 0.9258912
1548265375.213130 0.1010178 -0.2712253 -0.1355374 0.0419598 0.3683869 0.0891728 0.9244342
1548265375.347170 0.2091116 -0.2017955 -0.2000002 0.0424343 0.3467177 0.0807859 0.9335201
1548265375.514760 0.1180870 -0.2263651 -0.1406391 0.0349081 0.3561001 0.0834875 0.9300559
1548265375.682340 0.1835421 -0.2411035 -0.1917086 0.0251942 0.3363963 0.0791665 0.9380488
1548265375.849750 0.1406592 -0.2324971 -0.1563832 0.0133053 0.3356629 0.0762244 0.9387988
1548265376.017320 0.1345429 -0.2193261 -0.1383460 -0.0021882 0.3313495 0.0766214 0.9403892
1548265376.184350 0.1386998 -0.1950407 -0.1357023 -0.0100431 0.3272455 0.0759216 0.9418309
1548265377.223990 0.1539987 -0.1339613 -0.1083681 -0.0352994 0.3203086 0.0956643 0.9418093
1548265378.664870 0.1293665 -0.1375812 -0.0900111 -0.0348855 0.2744255 0.0872437 0.9570069
1548265382.251240 0.3479562 0.0736636 0.1158432 -0.0836822 0.2469326 0.1177423 0.9582058
1548265383.290260 0.3779876 0.2417744 0.1517583 -0.0160817 0.2471160 0.0484602 0.9676397
1548265384.094280 0.4067066 0.2295507 0.1252484 0.0116153 0.2140160 0.0389319 0.9759849
