1548339959.129720 0.000000000 0.000000000 0.000000000 0.000000000 0.000000000 0.000000000 1.000000000
1548339959.163130 -0.004082819 0.000956253 -0.003529980 0.000941440 0.000175442 -0.001226841 0.999998808
1548339959.195850 -0.009109489 0.002431842 -0.005248391 0.002061046 0.000731533 -0.003334278 0.999992073
1548339959.229360 -0.010291637 0.000250590 -0.002882664 0.002512209 0.001444842 -0.005161635 0.999982476
1548339959.263210 -0.010245279 0.001846175 -0.004200176 0.003754480 0.002045587 -0.006012728 0.999972761
1548339959.330250 -0.014648078 -0.002187859 -0.006025465 0.004427703 0.001718871 -0.006995863 0.999964237
1548339959.363520 -0.014157156 -0.003156976 -0.007102109 0.004265851 0.000486323 -0.005374013 0.999976337
1548339959.430550 -0.019933671 0.002803626 -0.011621549 0.003020085 -0.001970492 -0.004552136 0.999983132
1548339959.464010 -0.021340035 -0.001909717 -0.013800867 0.000948404 -0.002098132 -0.002445504 0.999994338
1548339959.497580 -0.022150610 -0.001593373 -0.011468956 -0.000794551 -0.003741077 -0.002537250 0.999989450
1548339959.531100 -0.022734433 -0.003614428 -0.011290424 -0.002782004 -0.005191535 -0.003824150 0.999975324
1548339959.564660 -0.018164197 -0.002759629 -0.009385866 -0.003632278 -0.005760871 -0.004100197 0.999968410
1548339959.598180 -0.018169900 -0.007883115 -0.013370069 -0.004917236 -0.006703784 -0.003191106 0.999960363
1548339959.631780 -0.019920859 -0.006921329 -0.011435594 -0.004745075 -0.009280530 -0.005882960 0.999928355
1548339959.665330 -0.018088218 -0.004306300 -0.008791898 -0.004009695 -0.008421769 -0.008647939 0.999919116
1548339959.698850 -0.019811116 -0.013322121 -0.018220657 -0.004819410 -0.009083088 -0.005733062 0.999930680
1548339959.732370 -0.014249685 -0.017847707 -0.013679753 -0.004514289 -0.015100643 -0.005565103 0.999860287
1548339959.765890 -0.014671604 -0.009406001 -0.018747283 -0.003105362 -0.016202144 -0.010298032 0.999810874
1548339959.799400 -0.013830871 -0.014279384 -0.019286918 -0.003710238 -0.015724085 -0.008264963 0.999835312
1548339959.832910 -0.013186843 -0.011816628 -0.024412472 -0.003528779 -0.017786415 -0.008962962 0.999795437
1548339959.866430 -0.009837250 -0.004247653 -0.022245955 -0.003561435 -0.016358573 -0.010842664 0.999801040
1548339959.899950 -0.013674351 -0.008596602 -0.024294809 -0.005193212 -0.015587755 -0.007791573 0.999834657
1548339959.933480 -0.005972576 -0.009029454 -0.022005800 -0.006563700 -0.019392814 -0.009713395 0.999743223
1548339959.966990 -0.009071990 -0.006085503 -0.023330649 -0.007679063 -0.017883163 -0.012777499 0.999728978
1548339960.000510 -0.009394592 -0.013176538 -0.029508693 -0.009938530 -0.016665304 -0.011734564 0.999742866
1548339960.034040 -0.010492879 -0.001682371 -0.029144123 -0.009607374 -0.015516501 -0.013252189 0.999745667
1548339960.067560 -0.010445964 -0.002064403 -0.025444528 -0.011158660 -0.014587834 -0.013613996 0.999738634
1548339960.101080 -0.012310025 -0.000666991 -0.029340668 -0.011882382 -0.014137820 -0.013086657 0.999743819
1548339960.134600 -0.007869241 0.005177821 -0.032568116 -0.011141809 -0.015334059 -0.013734842 0.999725997
1548339960.168120 -0.007017768 0.000412424 -0.030914677 -0.012283929 -0.014486736 -0.012274518 0.999744236
1548339960.201680 0.004956346 0.000002311 -0.026808813 -0.012883374 -0.015458530 -0.010611883 0.999741197
1548339960.235260 -0.007929140 -0.003148912 -0.029383449 -0.013558716 -0.012337886 -0.011585422 0.999764800
1548339960.269020 -0.009066972 0.012186575 -0.024905371 -0.011435057 -0.010505111 -0.010708074 0.999822080
1548339960.302680 -0.008994275 0.015299055 -0.035722315 -0.011140428 -0.010387342 -0.011222550 0.999821007
1548339960.336260 -0.006381422 0.019266697 -0.030390019 -0.011393774 -0.009236225 -0.011118762 0.999830604
1548339960.369790 -0.023904668 0.019709840 -0.032865044 -0.012480552 -0.005402716 -0.011283041 0.999843836
1548339960.403300 -0.017671647 0.020891625 -0.033301014 -0.013875714 -0.006012990 -0.011227187 0.999822617
1548339960.436820 -0.005970032 0.033775687 -0.034030903 -0.014254007 -0.005940672 -0.012281789 0.999805331
1548339960.470350 -0.010307745 0.019209981 -0.032525118 -0.019090297 -0.003713858 -0.010385342 0.999756932
1548339960.503900 -0.014388065 0.026510544 -0.034966834 -0.020029571 -0.002537672 -0.011079756 0.999734759
1548339960.537460 -0.015092746 0.033808216 -0.030253127 -0.021100836 -0.000922188 -0.011292534 0.999713182
1548339960.570980 -0.017767031 0.032036752 -0.028949058 -0.022374837 -0.000272226 -0.010068247 0.999698937
1548339960.604500 0.016202621 0.026149411 -0.024152113 -0.023150370 -0.005801615 -0.007479726 0.999687195
1548339960.638160 -0.015088109 0.016644267 -0.023942975 -0.023814481 -0.001002331 -0.008829432 0.999676883
1548339960.671730 -0.036307801 0.011884314 -0.025879698 -0.022922751 0.001198285 -0.008095969 0.999703765
1548339960.705240 -0.014328633 0.005522872 -0.020070251 -0.021109518 -0.005320519 -0.006950088 0.999738872
1548339960.738760 0.081911869 0.021191204 -0.027938778 -0.015879044 -0.021438247 -0.001786207 0.999642491
1548339960.772280 0.110516310 0.014029744 -0.031090332 -0.014021900 -0.026731675 0.001361928 0.999543428
1548339960.805820 0.145745695 0.022800731 -0.021253707 -0.008679257 -0.034090478 -0.000800745 0.999380767
1548339960.839340 -0.008890382 -0.027433045 -0.013799902 -0.013199101 -0.011788041 -0.009210166 0.999800980
1548339960.872820 0.008943740 -0.025797388 -0.023828296 -0.010009998 -0.015386282 -0.008883460 0.999792039
1548339960.906340 0.000972231 -0.029984171 -0.020541061 -0.007821258 -0.015457163 -0.007775203 0.999819696
1548339960.939860 -0.027888311 -0.038478803 -0.016149711 -0.007044209 -0.011870627 -0.009656671 0.999858081
1548339960.973170 -0.057320289 -0.046575043 -0.002436412 -0.005970848 -0.008553064 -0.008770540 0.999907136
1548339961.006680 -0.060117662 -0.060278140 -0.009412082 -0.005516548 -0.010357467 -0.009188745 0.999888957
1548339961.040040 -0.085974157 -0.060555540 -0.008932650 -0.004167038 -0.006435235 -0.008514627 0.999934375
1548339961.073430 -0.098633550 -0.062236816 -0.012190126 -0.003164587 -0.003915234 -0.008865899 0.999948025
1548339961.106930 -0.096329086 -0.053754173 -0.013027299 -0.000792161 -0.004780602 -0.008786546 0.999949694
1548339961.140440 0.036704306 -0.019099161 -0.002853420 0.005647058 -0.023770163 -0.002691789 0.999697864
1548339961.173940 0.030671433 -0.016995663 -0.002733433 0.006663903 -0.021993382 -0.002281237 0.999733329
1548339961.207460 0.029681163 -0.013355999 -0.008511687 0.007955818 -0.021202162 -0.003156918 0.999738574
1548339961.240980 0.025611214 -0.009528266 -0.009852964 0.008739278 -0.019935425 -0.004541019 0.999752760
1548339961.274490 0.028566336 -0.016962072 -0.012557631 0.007469302 -0.019896600 -0.003825044 0.999766827
1548339961.308010 0.008016026 -0.005001410 -0.006791750 0.008475277 -0.016984675 -0.004517664 0.999809623
1548339961.341520 0.112839974 0.018476600 -0.004894668 0.010715612 -0.031498902 -0.004014867 0.999438286
1548339961.375040 -0.012874200 0.034010254 -0.008173479 0.010906321 -0.011111789 -0.007211962 0.999852777
1548339961.408540 0.014154989 0.029037621 -0.005718290 0.007997826 -0.014667664 -0.005220398 0.999846816
1548339961.441980 -0.013399956 0.053438384 -0.005501986 0.008722106 -0.008863546 -0.009238305 0.999880016
1548339961.474800 0.003461188 0.045766212 -0.002705836 0.005139362 -0.008492927 -0.008300816 0.999916255
1548339961.508300 -0.280956179 -0.013322541 0.002514757 -0.006437360 0.035309326 -0.014285269 0.999253571
1548339961.541820 -0.263195217 -0.003398158 0.001162713 -0.007415691 0.034286395 -0.014930323 0.999273002
1548339961.575330 -0.050161537 0.048382778 0.003138968 -0.001357201 0.004827648 -0.009514129 0.999942183
1548339961.608850 -0.036227394 0.043367136 0.005178244 -0.003522527 0.003762189 -0.007852680 0.999955893
1548339961.642370 -0.036398616 0.051695377 0.003728566 -0.003251668 0.004179756 -0.008087416 0.999953270
1548339961.676120 0.009493656 0.006649189 -0.000440150 -0.010574409 -0.001823146 -0.003964819 0.999934554
1548339961.709650 -0.007067539 0.006019217 0.002208658 -0.011649380 0.001430367 -0.004631586 0.999920368
1548339961.743160 0.019968675 0.009367958 -0.000586165 -0.011463804 -0.003348080 -0.003891553 0.999921083
1548339961.776660 0.029364718 0.010474526 -0.002143719 -0.011810755 -0.005127674 -0.004300764 0.999907851
1548339961.810140 -0.029201940 0.012959023 0.001885056 -0.012402655 0.003825154 -0.008313011 0.999881208
1548339961.843660 -0.041272219 0.012129216 0.002289107 -0.012422525 0.005106084 -0.008997050 0.999869287
1548339961.877210 -0.046790589 0.014021447 -0.001330479 -0.011811117 0.005332111 -0.009779595 0.999868214
1548339961.910740 -0.044726077 0.006938088 -0.004468546 -0.013229837 0.005269875 -0.009757235 0.999850988
1548339961.944260 -0.030483309 0.019543154 -0.011272169 -0.011094700 0.002523369 -0.008639433 0.999897957
1548339961.977780 -0.022756567 0.016885391 -0.015561169 -0.011072997 -0.001398511 -0.007955234 0.999906063
1548339962.011290 -0.035131555 0.009625860 -0.016209971 -0.012537685 -0.000595561 -0.009361776 0.999877393
1548339962.044810 -0.030345410 0.013188412 -0.019077418 -0.011952062 -0.001918975 -0.006569345 0.999905169
1548339962.078310 -0.014966970 0.015691740 -0.019008804 -0.012132912 -0.006857178 -0.007677211 0.999873400
1548339962.111790 -0.004854545 0.017627152 -0.019865591 -0.011851167 -0.009537422 -0.007279112 0.999857783
1548339962.145300 0.005022632 0.015537278 -0.019486140 -0.012578879 -0.012577445 -0.007508274 0.999813616
1548339962.178800 -0.010593097 0.010321327 -0.013838413 -0.014547520 -0.012899128 -0.010193524 0.999759018
1548339962.212320 -0.012781030 0.003290640 -0.010229141 -0.016698333 -0.013951533 -0.011066385 0.999701977
1548339962.245850 0.009345349 0.012523160 -0.018576588 -0.015230050 -0.018716015 -0.011656745 0.999640882
1548339962.279380 -0.016320972 0.006536459 -0.019145764 -0.016463120 -0.019528659 -0.010073858 0.999623001
1548339962.313060 -0.013037535 0.024460508 -0.019547496 -0.014731433 -0.024166722 -0.013464194 0.999508739
1548339962.346410 -0.005496060 0.023474297 -0.018049343 -0.015929261 -0.027594458 -0.013807027 0.999396861
1548339962.379890 -0.016217263 0.038711891 -0.021328738 -0.014432859 -0.029948382 -0.013866490 0.999351025
1548339962.413390 -0.013152087 0.026899830 -0.015522585 -0.018047575 -0.033649772 -0.016423050 0.999135733
1548339962.446900 0.002626240 0.035014622 -0.016136771 -0.017725678 -0.038376372 -0.016215431 0.998974502
1548339962.480470 -0.001412220 0.034308635 -0.015866017 -0.019412111 -0.041992314 -0.018161526 0.998764217
1548339962.514300 -0.006019745 0.040652487 -0.011511644 -0.020408180 -0.041954238 -0.020723039 0.998696089
1548339962.547820 -0.045016449 0.024024246 -0.017455846 -0.024612425 -0.037616193 -0.021632703 0.998754859
1548339962.581370 -0.043044254 0.021593809 -0.015116813 -0.025841454 -0.039410636 -0.022859743 0.998627305
1548339962.615000 -0.028171619 0.024902880 -0.014309889 -0.025445310 -0.042870086 -0.022396080 0.998505414
1548339962.648510 -0.031237477 0.037420865 -0.018757908 -0.023072353 -0.045243092 -0.022286747 0.998460829
1548339962.682030 -0.078896843 0.029739363 -0.022734072 -0.024500631 -0.041285828 -0.025707530 0.998516083
1548339962.715510 -0.041961491 0.034309648 -0.024618775 -0.022502514 -0.048083082 -0.023432713 0.998314857
1548339962.749020 -0.047947116 0.031427976 -0.028338883 -0.022313356 -0.050787352 -0.022824585 0.998199284
1548339962.782540 -0.021406999 0.034469962 -0.019928619 -0.020982604 -0.058720216 -0.021786246 0.997816145
1548339962.816020 -0.045216512 0.034919266 -0.021708950 -0.020308567 -0.057191119 -0.021468725 0.997925758
1548339962.849530 -0.017861778 0.043210313 -0.018724285 -0.018027961 -0.063721709 -0.019330459 0.997617602
1548339962.883050 -0.020946760 0.037569236 -0.018455315 -0.018037563 -0.065484382 -0.017662697 0.997534215
1548339962.916560 -0.009668658 0.048863173 -0.016039865 -0.015798358 -0.067483135 -0.017233403 0.997446477
1548339962.950080 -0.021233927 0.039092038 -0.018723361 -0.017047806 -0.066629238 -0.016335240 0.997498393
1548339962.983520 -0.020649964 0.045409426 -0.017312832 -0.015696611 -0.067908220 -0.017080670 0.997421861
1548339963.017030 -0.013101871 0.043805905 -0.014904900 -0.015471891 -0.069173761 -0.018021047 0.997321844
1548339963.050510 -0.009735973 0.048808500 -0.018228501 -0.014554579 -0.070894331 -0.018880140 0.997198939
1548339963.084020 -0.014729906 0.043376874 -0.011777625 -0.015675185 -0.071631014 -0.021164708 0.997083426
1548339963.117540 -0.010167897 0.036035042 -0.011099709 -0.016766420 -0.072311543 -0.022893876 0.996978343
1548339963.151060 -0.027937248 0.033278920 -0.012897416 -0.016960882 -0.070933111 -0.023581492 0.997058034
1548339963.184570 -0.038435660 -0.002117574 -0.003178064 -0.022227796 -0.070958383 -0.024940085 0.996919632
1548339963.218090 -0.051545415 0.000348827 -0.003289971 -0.020213721 -0.070342317 -0.026662055 0.996961653
1548339963.251600 -0.058266293 -0.002898188 -0.006650054 -0.018919490 -0.071061917 -0.027062314 0.996925175
1548339963.285120 -0.040941048 -0.004243599 -0.002086611 -0.017277755 -0.077247918 -0.026360404 0.996513605
1548339963.319010 -0.040324826 -0.018922120 -0.000988179 -0.017211614 -0.079478316 -0.027818833 0.996299684
1548339963.352530 -0.054012090 -0.003113426 -0.003316400 -0.012791166 -0.079011135 -0.027439265 0.996413946
1548339963.386040 -0.046191964 -0.019339629 -0.002004394 -0.013963077 -0.083532766 -0.027876606 0.996017158
1548339963.419690 -0.045531143 0.004093810 -0.001692661 -0.009111034 -0.083753332 -0.028623229 0.996033669
1548339963.453200 -0.068701953 -0.004886541 -0.005918434 -0.009647699 -0.080692418 -0.028407576 0.996287405
1548339963.486720 -0.088164859 0.012162038 -0.009966496 -0.005802506 -0.081657127 -0.029985968 0.996192396
1548339963.520230 -0.093055628 0.003369163 -0.006002574 -0.007174393 -0.085886329 -0.031157780 0.995791793
1548339963.553750 -0.097911373 0.003025841 -0.012964976 -0.007276607 -0.091422342 -0.032033905 0.995270193
1548339963.587140 -0.110127605 0.003900763 -0.007152037 -0.007112207 -0.094584875 -0.036396775 0.994825780
1548339963.620650 -0.118464209 0.000517057 -0.025869032 -0.008702325 -0.099139512 -0.036811627 0.994354367
1548339963.654020 -0.135239497 0.011474547 -0.013741526 -0.007691471 -0.102657564 -0.041918766 0.993803322
1548339963.687540 -0.143248558 0.008802276 -0.010699556 -0.009054881 -0.103524573 -0.044644292 0.993583202
1548339963.720980 -0.135955751 0.026864242 -0.039209198 -0.007069830 -0.111881219 -0.046463516 0.992609560
1548339963.754230 -0.151863292 0.031966623 -0.026048539 -0.007903445 -0.115480743 -0.050173279 0.992010236
1548339963.787730 -0.189905256 0.044533093 -0.050592564 -0.007312359 -0.110151775 -0.051542651 0.992550492
1548339963.821130 -0.197325528 0.051225420 -0.057912834 -0.007190512 -0.111994870 -0.053399820 0.992246866
1548339963.854640 -0.188631043 0.021196399 -0.000983912 -0.012032820 -0.118212648 -0.056288194 0.991318643
1548339963.887990 -0.190850481 0.022281356 -0.001888601 -0.011330050 -0.118722856 -0.055658132 0.991301477
1548339963.921480 -0.186998725 0.017308556 -0.001356969 -0.010869786 -0.122830637 -0.053513762 0.990924180
1548339963.954990 -0.189516008 0.006784804 0.013693174 -0.010325450 -0.126650527 -0.053727113 0.990437508
1548339963.988510 -0.173707902 0.008899135 0.017502721 -0.006995650 -0.129282132 -0.051361445 0.990252078
1548339964.021990 -0.158324927 0.006560188 0.010379151 -0.004136932 -0.133953527 -0.047863904 0.989822388
1548339964.055500 -0.145115465 0.016390866 0.010929743 0.001120468 -0.140681058 -0.045760322 0.988996267
1548339964.089010 -0.135916635 0.025052775 0.014886170 0.004818312 -0.141951755 -0.044431772 0.988864124
1548339964.122520 -0.120058417 0.032284796 0.013035476 0.007486632 -0.143651068 -0.041531932 0.988728166
1548339964.156040 -0.107698299 0.016784640 0.021510316 0.005380613 -0.147399843 -0.043067545 0.988124251
1548339964.189560 -0.113760963 0.003949366 0.022768330 0.003189815 -0.146502092 -0.046065405 0.988132060
1548339964.223070 -0.099974126 0.004755712 0.013895655 0.002883206 -0.147557229 -0.046310969 0.987964511
1548339964.256590 -0.095639765 -0.000203245 0.014486812 0.001487156 -0.149351522 -0.047685660 0.987632513
1548339964.290150 -0.082454257 -0.004952789 0.020396423 0.000365359 -0.151901811 -0.049834978 0.987138391
1548339964.323770 -0.124234490 0.001524776 0.018215654 -0.000093529 -0.144165799 -0.053681973 0.988096356
1548339964.357520 -0.123614065 -0.001207346 0.021552816 -0.001485858 -0.143710196 -0.055148076 0.988080919
1548339964.391180 -0.122514173 -0.018690567 0.024741938 -0.005236504 -0.142886370 -0.058294162 0.988007009
1548339964.424710 -0.119839542 -0.044576753 0.030069765 -0.010406036 -0.141191408 -0.061158109 0.988036633
1548339964.458240 -0.105769344 -0.040636640 0.028062200 -0.010470274 -0.141188100 -0.060491271 0.988077462
1548339964.491750 -0.112432674 -0.046020266 0.031435847 -0.012706108 -0.138277099 -0.061014984 0.988430619
1548339964.525270 -0.109930828 -0.047819566 0.029006515 -0.013936927 -0.135849088 -0.061395258 0.988727212
1548339964.558790 -0.100704633 -0.036615722 0.034375489 -0.012916011 -0.134861022 -0.059447061 0.988995314
1548339964.592320 -0.123584755 -0.050891053 0.036285847 -0.015863795 -0.128099069 -0.062219135 0.989680648
1548339964.625840 -0.106770709 -0.055133834 0.040974669 -0.016882980 -0.125669733 -0.060964599 0.990053236
1548339964.659360 -0.126261383 -0.032031108 0.032143831 -0.013848529 -0.118520103 -0.059326284 0.991080999
1548339964.692880 -0.134883910 -0.028709514 0.027761227 -0.014352137 -0.113706619 -0.059081651 0.991652250
1548339964.726440 -0.136416242 -0.029717663 0.031613097 -0.016267469 -0.109651737 -0.059096288 0.992078364
1548339964.759950 -0.224082097 -0.034299150 0.030744631 -0.020700542 -0.092988998 -0.065111108 0.993320227
1548339964.793430 -0.124297336 -0.026470484 0.038955804 -0.020989796 -0.104756221 -0.059629705 0.992486715
1548339964.826950 -0.135007024 -0.029156800 0.033562258 -0.025219826 -0.099621139 -0.060147546 0.992885649
1548339964.860500 -0.134529948 -0.029047122 0.032957427 -0.028678244 -0.095880516 -0.061221376 0.993094325
1548339964.893980 -0.130894229 -0.017249305 0.035556115 -0.030247616 -0.092596069 -0.059734255 0.993449986
1548339964.927480 -0.141201839 -0.019466776 0.036932159 -0.033359051 -0.086969912 -0.059591241 0.993867338
1548339964.960790 -0.077645831 0.003892187 0.037472289 -0.031134510 -0.091844276 -0.057065442 0.993649244
1548339964.994120 -0.139692947 -0.014971392 0.038611326 -0.036357120 -0.077701412 -0.058649614 0.994585812
1548339965.027630 -0.133975446 -0.010693906 0.033168513 -0.036060419 -0.074251756 -0.058124490 0.994890869
1548339965.061220 -0.121699154 -0.008486712 0.037697297 -0.035726622 -0.072701335 -0.058413327 0.995000541
1548339965.094740 -0.128596470 -0.011840879 0.036221657 -0.037159853 -0.067651674 -0.058926582 0.995273888
1548339965.128180 -0.197841436 0.000960230 0.025867816 -0.036538657 -0.052628577 -0.061473530 0.996050298
1548339965.161520 -0.139844269 -0.006742976 0.030223140 -0.038135599 -0.057710711 -0.058910180 0.995863795
1548339965.195040 -0.140523031 -0.011762713 0.027684122 -0.039713230 -0.053142291 -0.058452971 0.996083319
1548339965.228560 -0.140761241 0.005281672 0.026988577 -0.037887696 -0.048886921 -0.058569655 0.996365488
1548339965.262060 -0.139225245 -0.000792133 0.027939836 -0.040960159 -0.045297027 -0.058628306 0.996410131
1548339965.295390 -0.138955861 -0.001848867 0.027558928 -0.043077111 -0.040841814 -0.058303613 0.996532500
1548339965.328790 -0.137005314 0.004662608 0.025275193 -0.043791700 -0.036940150 -0.058031600 0.996669471
1548339965.362300 -0.139369756 0.003152231 0.028422641 -0.046629768 -0.031173939 -0.058583964 0.996705472
1548339965.395820 -0.144112647 -0.001677620 0.030826475 -0.049389545 -0.025027327 -0.058640573 0.996742487
1548339965.429900 -0.152895898 0.001617921 0.025236435 -0.048729818 -0.019394539 -0.057167094 0.996986032
1548339965.463410 -0.177350283 -0.027049942 0.046768479 -0.055059850 -0.008798698 -0.057601262 0.996781349
1548339965.496930 -0.180382207 -0.005959580 0.044603821 -0.049418576 -0.002578947 -0.055938158 0.997207165
1548339965.530070 -0.243547589 -0.034560040 0.053804867 -0.054600455 0.014123512 -0.054227687 0.996934652
1548339965.563590 -0.254602790 0.033185840 0.030525899 -0.040526550 0.023311963 -0.051698487 0.997567773
1548339965.597100 -0.261357427 -0.006008201 0.054897010 -0.045225374 0.031378191 -0.051792961 0.997139692
1548339965.631060 -0.227732658 0.003177677 0.038657252 -0.039606396 0.033282891 -0.046523403 0.997576654
1548339965.664580 -0.232230380 0.027297588 0.030551143 -0.031785142 0.041922979 -0.044069961 0.997642219
1548339965.698090 -0.237517431 0.005064026 0.034336526 -0.032199487 0.048064690 -0.040267061 0.997512639
1548339965.731590 -0.236609280 -0.009815705 0.038343936 -0.032100320 0.053479560 -0.037770282 0.997337878
1548339965.765110 -0.226085499 -0.030319408 0.039562248 -0.034470920 0.057989966 -0.036164228 0.997066200
1548339965.798640 -0.261239111 -0.007194371 0.028942531 -0.028849222 0.067527153 -0.032293741 0.996777236
1548339965.832160 -0.083075382 0.048684228 -0.006149434 -0.018431900 0.047264349 -0.030349553 0.998251081
1548339965.865680 0.021167742 0.072748132 -0.006652348 -0.014708568 0.036605872 -0.026879830 0.998859882
1548339965.899190 0.036580421 0.068078846 -0.007355003 -0.015905574 0.039403204 -0.025680520 0.998766661
1548339965.932710 -0.011274885 0.037132312 -0.006509433 -0.021033710 0.052586246 -0.026609438 0.998040199
1548339965.966340 0.023089826 0.056922704 -0.007172766 -0.017566593 0.050521355 -0.024453240 0.998269022
1548339965.999970 0.062176671 0.034253027 -0.006691166 -0.019966768 0.048648018 -0.023279704 0.998345017
1548339966.033490 0.054284297 0.073347516 -0.005571310 -0.012773152 0.055664603 -0.022486536 0.998114526
1548339966.067000 0.036934428 0.051594764 -0.006095073 -0.014984306 0.063062817 -0.020665811 0.997683048
1548339966.100520 0.035440452 0.055191658 -0.006976889 -0.013282076 0.067589544 -0.019186992 0.997440279
1548339966.134210 0.032691658 0.062340155 -0.010383824 -0.010778501 0.073656783 -0.018586345 0.997052193
1548339966.167730 0.034454346 0.046437688 -0.008428467 -0.012222947 0.076811045 -0.015907176 0.996843815
1548339966.201240 0.038784601 0.055124756 -0.008878512 -0.009498575 0.079186447 -0.014858853 0.996703804
1548339966.234810 0.068505906 0.056738496 -0.006868219 -0.008001092 0.079079367 -0.013335549 0.996747017
1548339966.268320 0.055198461 0.047992345 -0.007078007 -0.008186218 0.084750235 -0.012521394 0.996289909
1548339966.335310 0.060842160 0.055261709 -0.007354065 -0.004850092 0.090608731 -0.013419574 0.995784342
1548339966.368820 0.050040260 0.041168176 -0.007801147 -0.006764791 0.095573947 -0.012701645 0.995318294
1548339966.401730 0.057450186 0.050602686 -0.004475399 -0.005001638 0.097067542 -0.013082241 0.995179236
1548339966.435240 0.086701773 0.059153475 -0.007052182 -0.003503256 0.097420044 -0.012198168 0.995162427
1548339966.468740 0.008966744 0.038759153 -0.006786486 -0.006221977 0.114463642 -0.014399859 0.993303597
1548339966.502260 -0.013666660 0.032556087 -0.009208717 -0.006523145 0.120659754 -0.014736837 0.992563069
1548339966.535790 0.020823419 0.018087462 0.000317259 -0.007713779 0.118706264 -0.012754967 0.992817521
1548339966.569300 0.022629891 -0.015171860 -0.006742763 -0.010839467 0.122007847 -0.012843730 0.992386818
1548339966.602820 0.059607107 0.051207222 0.000334178 0.000841980 0.119521163 -0.010261150 0.992778242
1548339966.636330 0.060897246 0.031724207 -0.007536809 -0.000589700 0.123289905 -0.008311618 0.992335737
1548339966.669840 0.015760893 -0.009568250 -0.005333338 -0.004983720 0.133830562 -0.008546201 0.990954876
1548339966.703340 -0.022233216 -0.004770570 0.001522438 -0.002530230 0.143141016 -0.009608569 0.989652455
1548339966.736860 -0.082004622 -0.013392206 0.010694661 -0.002230853 0.156748027 -0.010550706 0.987579763
1548339966.770380 -0.120242082 -0.018660659 0.021793321 -0.002341555 0.167664915 -0.010548146 0.985784829
1548339966.803890 -0.172437817 -0.005408836 0.026438318 0.000498333 0.181638047 -0.012611244 0.983284473
1548339966.837410 -0.062925234 0.034235984 0.004384390 0.006815050 0.171192154 -0.007746177 0.985183656
1548339966.870920 0.017021138 0.000116325 -0.003484875 0.001663850 0.163521558 -0.001855146 0.986536622
1548339966.904430 0.003541256 -0.024796458 -0.021059209 -0.001461333 0.169145674 0.000229446 0.985589921
1548339966.937940 0.011195108 0.006810755 -0.005140845 0.003331481 0.175906152 0.001103248 0.984400690
1548339966.971440 0.044165675 -0.003465168 -0.006287966 0.002155519 0.175621629 0.003966432 0.984447420
1548339967.004960 -0.013077782 -0.010980985 -0.003430713 0.002655227 0.188280880 0.004511196 0.982101262
1548339967.071990 0.059020825 -0.011642475 -0.013571983 0.004683999 0.187446520 0.010211546 0.982210577
1548339967.105450 0.047947958 0.011399762 -0.017034717 0.009371546 0.192444712 0.010880292 0.981202722
1548339967.138910 0.015892057 0.015835397 -0.010985803 0.010107571 0.202257797 0.010611350 0.979222655
1548339967.172360 -0.002714650 0.013062895 -0.004572760 0.009436389 0.209156573 0.011637216 0.977767408
1548339967.205870 0.055996522 0.002004601 -0.023974959 0.007184653 0.202598974 0.015559728 0.979111791
1548339967.239360 0.070295818 0.003547949 -0.026052332 0.006709104 0.203945935 0.016536374 0.978819489
1548339967.272880 0.083272561 -0.009919329 -0.026125407 0.003689725 0.204307884 0.019250998 0.978710413
1548339967.306380 0.093565822 -0.005871985 -0.027754251 0.003001892 0.204985455 0.018927770 0.978577375
1548339967.339900 0.080937378 0.000384465 -0.026358822 0.002883291 0.210512355 0.018831257 0.977405548
1548339967.373410 0.087683626 -0.018187517 -0.029835925 -0.001458757 0.211287215 0.021257684 0.977191746
1548339967.406930 0.093607880 -0.014590125 -0.029475562 -0.002090316 0.211610496 0.021132855 0.977123320
1548339967.440450 0.065373287 0.004642492 -0.028345723 0.000264274 0.217144057 0.018765319 0.975959122
1548339967.473970 0.079803154 0.001610926 -0.028978243 -0.001296233 0.215649620 0.019714532 0.976270914
1548339967.507520 0.075477980 -0.008784469 -0.030570136 -0.003907814 0.216622442 0.019712746 0.976048589
1548339967.541030 0.048778389 0.016418204 -0.026801417 -0.000574644 0.221380726 0.018114293 0.975019038
1548339967.574740 0.060862631 0.004441830 -0.029230542 -0.003341103 0.219889089 0.018674955 0.975340366
1548339967.608330 0.041758135 0.028953645 -0.025023213 0.000050215 0.222778276 0.017143736 0.974718392
1548339967.641840 0.057400286 0.012815229 -0.030791018 -0.003039867 0.219720975 0.019012550 0.975372732
1548339967.675360 0.044260144 0.039795268 -0.026861232 0.000623316 0.221283957 0.017365845 0.975054562
1548339967.708900 0.063445248 0.014810973 -0.032338999 -0.003982646 0.217780784 0.019971240 0.975785196
1548339967.742460 0.068826020 0.011112572 -0.030403273 -0.005560466 0.216692761 0.019642070 0.976026416
1548339967.776100 0.060697109 0.023545351 -0.033106241 -0.004194420 0.216628060 0.019898985 0.976042390
1548339967.809610 0.072795428 0.011842923 -0.033628233 -0.007010629 0.214425787 0.020144328 0.976507366
1548339967.843010 0.066763341 0.029234286 -0.034322456 -0.005106611 0.214723721 0.018936431 0.976477861
1548339967.876520 0.070307851 0.023109375 -0.033368248 -0.007020661 0.212779075 0.018571010 0.976898611
1548339967.910040 0.075199604 0.014055181 -0.033701867 -0.009234034 0.211066276 0.018828079 0.977246761
1548339967.943690 0.060688246 0.039014835 -0.032495659 -0.005855764 0.212858319 0.017849214 0.976902485
1548339967.977250 0.076587595 0.014617673 -0.032662723 -0.010711947 0.209433809 0.019368593 0.977572322
1548339968.010790 0.067800432 0.025555758 -0.033459313 -0.010111597 0.210693762 0.018926606 0.977316558
1548339968.044330 0.072226539 0.029849034 -0.032162238 -0.010787060 0.210112065 0.020463614 0.977403581
1548339968.077850 0.067048579 0.020386018 -0.029637229 -0.013956350 0.208030909 0.022460504 0.977764726
1548339968.111370 0.057851117 0.048902728 -0.031933177 -0.010645911 0.207265571 0.020429524 0.978013456
1548339968.144900 0.058294255 0.028447721 -0.027872276 -0.015925692 0.205529556 0.022446876 0.978263795
1548339968.178440 0.062988333 0.021131154 -0.032507416 -0.019145232 0.200969860 0.024573173 0.979102015
1548339968.211930 0.048648324 0.041990954 -0.030942582 -0.017887836 0.196450397 0.021051392 0.980124533
1548339968.245450 0.072212294 0.022140747 -0.028342327 -0.022940803 0.189485684 0.023023825 0.981345415
1548339968.278950 0.014009662 0.051018968 -0.032950643 -0.019028664 0.189867467 0.019429127 0.981433034
1548339968.312480 0.011167444 0.052885618 -0.030856539 -0.019119583 0.180301502 0.017890656 0.983262837
1548339968.346020 0.037973084 0.052002855 -0.037716709 -0.019556975 0.166516513 0.016127348 0.985712767
1548339968.379600 0.093298338 0.060681194 -0.045616936 -0.017808910 0.146459982 0.012597019 0.988976061
1548339968.413210 0.127510831 0.052637156 -0.038780682 -0.018702880 0.131491765 0.011167826 0.991077900
1548339968.446730 0.054444805 0.041102339 -0.036422599 -0.019818075 0.132827535 0.007688674 0.990911186
1548339968.480250 0.089967787 0.048370220 -0.038571477 -0.019591831 0.119029947 0.005783080 0.992680490
1548339968.513760 0.106427170 0.046025541 -0.038591314 -0.020719940 0.109231181 0.003514515 0.993794203
1548339968.547280 0.127975807 0.052892905 -0.033691928 -0.020812694 0.099871628 0.001680779 0.994781196
1548339968.580790 -0.008342487 0.015721409 -0.011714385 -0.027638080 0.113157302 -0.003127504 0.993187666
1548339968.614220 0.020522248 0.009624865 -0.014947175 -0.029692870 0.102698959 -0.003676034 0.994262397
1548339968.647730 0.039262827 0.009355374 -0.017693836 -0.030592242 0.092806660 -0.004690133 0.995203018
1548339968.681180 0.068446152 0.012372951 -0.012179707 -0.030464988 0.082763389 -0.006203386 0.996084154
1548339968.714760 0.083678007 0.003215893 -0.018640714 -0.031487871 0.075243898 -0.004397271 0.996658206
1548339968.748210 0.113149144 0.000949639 -0.012267823 -0.030943939 0.065239556 -0.004169184 0.997381032
1548339968.781730 0.142348453 0.000194447 -0.014053362 -0.029828731 0.055670109 -0.005395741 0.997988939
1548339968.815240 0.162521660 -0.000973752 -0.014653443 -0.028809763 0.047946718 -0.004728172 0.998423159
1548339968.848740 0.166854978 -0.005291531 -0.012352513 -0.028216125 0.041412964 -0.005904049 0.998726130
1548339968.882090 0.180502921 -0.007444298 -0.010410270 -0.026868161 0.035408624 -0.007383679 0.998984396
1548339968.915590 0.198136181 -0.007935797 -0.019736424 -0.025792673 0.027801538 -0.007694097 0.999251008
1548339968.949100 0.198315129 -0.001168413 -0.005611257 -0.023723660 0.022840336 -0.009850328 0.999409080
1548339968.982610 0.181305707 -0.030205220 -0.007470214 -0.026493460 0.020425010 -0.011880957 0.999369681
1548339969.016130 0.209335878 -0.033173874 -0.006958285 -0.025611198 0.011716858 -0.011693889 0.999534905
1548339969.049650 0.220564097 -0.033664633 0.008847342 -0.024953049 0.003443620 -0.014148193 0.999582589
1548339969.083170 0.249541193 -0.004363516 -0.002979029 -0.019202709 -0.006017718 -0.014823477 0.999687612
1548339969.116700 0.268053204 -0.003940306 -0.018451396 -0.017393934 -0.013364828 -0.016129714 0.999629259
1548339969.150220 0.294417411 -0.000843855 -0.020853469 -0.015877975 -0.026656268 -0.019943798 0.999319553
1548339969.183740 0.303339809 0.001419199 -0.023178689 -0.012858271 -0.040519442 -0.014546826 0.998990119
1548339969.217260 0.306594968 0.004920910 -0.037334595 -0.013192051 -0.045568917 -0.020077780 0.998672247
1548339969.250780 0.315919280 -0.001498464 -0.027514037 -0.013939288 -0.049862575 -0.017756391 0.998500943
1548339969.284300 0.340043783 -0.004077991 -0.020413412 -0.012838203 -0.062807061 -0.014359369 0.997839808
1548339969.317810 0.372682840 -0.007943436 -0.009157004 -0.014762294 -0.073745072 -0.022460524 0.996914864
1548339969.351340 0.367773116 0.000364473 -0.000447236 -0.013643051 -0.075886667 -0.021236831 0.996796906
1548339969.384860 0.383801818 0.000549633 0.002188075 -0.011713021 -0.085611254 -0.017966380 0.996097744
1548339969.418380 0.339754939 -0.011349799 -0.040026288 -0.015069607 -0.083175547 -0.030428378 0.995956242
1548339969.451910 0.356095433 -0.016211603 -0.025698422 -0.014037010 -0.089092113 -0.026128858 0.995581686
1548339969.485450 0.383049279 -0.016390000 -0.001586454 -0.012651628 -0.102017015 -0.024858478 0.994391561
1548339969.518960 0.482950330 0.003727597 -0.008826254 -0.008361100 -0.120017357 -0.030888500 0.992255926
1548339969.552460 0.509853065 0.000543053 0.001677635 -0.006547264 -0.124721766 -0.029620986 0.991727889
1548339969.585970 0.515200496 0.003385296 -0.008847803 -0.002597828 -0.128728732 -0.027697755 0.991289556
1548339969.619490 0.403717339 -0.030827418 -0.025983406 -0.005757865 -0.113925412 -0.032452557 0.992942393
1548339969.653010 0.420847058 -0.023744889 -0.029461810 -0.003134915 -0.115273699 -0.034523793 0.992728710
1548339969.686520 0.409498662 -0.015371599 -0.051096387 0.002251962 -0.115706004 -0.031492982 0.992781579
1548339969.719970 0.367213577 -0.043027196 -0.048260808 -0.001110733 -0.111672558 -0.034320574 0.993151605
1548339969.753140 0.355070412 -0.058862012 -0.040564638 -0.002209530 -0.108655564 -0.034687299 0.993471622
1548339969.785830 0.398592353 -0.038002640 -0.032835428 0.002244836 -0.114811100 -0.030701110 0.992910266
1548339969.819220 0.398793697 -0.055668503 -0.022488268 -0.000256561 -0.115722254 -0.030883815 0.992801368
1548339969.852730 0.450429738 -0.053276423 -0.011309190 0.000153910 -0.122298598 -0.031511940 0.991992950
1548339969.886200 0.507255793 -0.015200694 0.001061786 0.007444210 -0.128990978 -0.027848043 0.991226733
1548339969.919710 0.458070695 -0.060964394 0.017909257 -0.001038823 -0.120742008 -0.026907519 0.992318630
1548339969.953230 0.489472985 -0.049117967 0.038242962 0.000176379 -0.125439882 -0.029667085 0.991657555
1548339969.986750 0.453579366 -0.047278572 0.060203306 -0.001767904 -0.117542438 -0.035115495 0.992445230
1548339970.020310 0.266684502 -0.034368161 -0.003689873 -0.000612864 -0.087540150 -0.040445901 0.995339394
1548339970.053830 0.221944481 -0.037891034 0.006482501 -0.002958313 -0.079108924 -0.040838577 0.996024728
1548339970.087640 0.193048060 -0.037377145 0.004793224 -0.004462895 -0.071620986 -0.044509303 0.996428311
1548339970.121160 0.161040217 -0.028376881 -0.008865279 -0.004628961 -0.066881560 -0.045754358 0.996700525
1548339970.154680 0.132868379 -0.000884075 -0.035101991 -0.002022520 -0.061046734 -0.050457995 0.996856630
1548339970.188260 0.102177754 -0.004274676 -0.045663640 -0.006353660 -0.051765505 -0.052692164 0.997247934
1548339970.222570 0.052966002 0.023790838 -0.048296612 -0.005079927 -0.039645061 -0.052545719 0.997818351
1548339970.256080 0.057795323 0.024100477 -0.042073663 -0.006586561 -0.040323146 -0.049652617 0.997930527
1548339970.289640 0.041230474 0.018283596 -0.036693592 -0.009243696 -0.034344103 -0.049411636 0.998145044
1548339970.323190 0.031695958 0.011192878 -0.033216387 -0.011885257 -0.028425172 -0.047853518 0.998379052
1548339970.356740 0.042170316 0.008457192 -0.039432146 -0.012747686 -0.025444685 -0.046213984 0.998526096
1548339970.390250 0.022240251 0.016957665 -0.050772578 -0.010777192 -0.020641873 -0.044255942 0.998748779
1548339970.423770 -0.243207604 -0.009852975 -0.048421621 -0.015748842 0.020051884 -0.047374353 0.998551726
1548339970.457250 -0.250265837 -0.001770478 -0.052926168 -0.014104598 0.021778766 -0.045874357 0.998610139
1548339970.490740 -0.247143328 -0.000774058 -0.051777471 -0.014224972 0.020359343 -0.045055971 0.998675704
1548339970.524250 -0.220154971 0.017690958 -0.061371498 -0.011542429 0.018409919 -0.045742732 0.998716891
1548339970.557800 -0.232331246 0.013763948 -0.054576896 -0.013672840 0.022468599 -0.044023804 0.998684168
1548339970.591290 -0.222634748 0.011966282 -0.056411836 -0.015552353 0.020390337 -0.043562442 0.998721540
1548339970.624800 -0.239276588 0.030190917 -0.056213446 -0.015009791 0.023996873 -0.044502798 0.998608232
1548339970.658300 -0.001710397 0.048638374 -0.058593176 -0.013960751 -0.009863650 -0.036301274 0.999194682
1548339970.691810 -0.013616513 0.038946398 -0.057943683 -0.019610183 -0.009450480 -0.034645792 0.999162555
1548339970.725330 -0.006192231 0.042064231 -0.054194126 -0.023533775 -0.013271112 -0.036676120 0.998961926
1548339970.758900 0.017572271 0.069113560 -0.061147269 -0.023855243 -0.013359020 -0.037939064 0.998905957
1548339970.792360 0.020813990 0.058406103 -0.051352624 -0.029871367 -0.010458593 -0.039451774 0.998720109
1548339970.825790 0.003709017 0.053607002 -0.049269404 -0.033553891 -0.004594662 -0.040422339 0.998608589
1548339970.859290 0.004169391 0.058050193 -0.040506702 -0.034338307 -0.001529487 -0.039167643 0.998641312
1548339970.892820 0.004633116 0.057190843 -0.042029295 -0.035606861 0.001146817 -0.038233727 0.998633564
1548339970.926430 0.001362487 0.051380455 -0.035814539 -0.037551943 0.004146919 -0.038455207 0.998545885
1548339970.960070 0.000260173 0.062554054 -0.029558498 -0.035999782 0.009346071 -0.039091222 0.998543203
1548339970.993760 0.026021607 0.052168675 -0.032364931 -0.036774639 0.010018039 -0.036052037 0.998622835
1548339971.027110 0.029735673 0.051901277 -0.023446925 -0.035316803 0.012910030 -0.035102747 0.998676062
1548339971.060400 0.047351092 0.029825486 -0.021082122 -0.036929213 0.014062662 -0.034168575 0.998634577
1548339971.093920 0.042712089 0.050536282 -0.023781829 -0.032040942 0.019970877 -0.033268292 0.998733103
1548339971.127540 0.009039677 0.038703710 -0.025610832 -0.031830054 0.028629247 -0.032813553 0.998544157
1548339971.161340 -0.006812140 0.048840012 -0.023030857 -0.027615886 0.034633238 -0.033725288 0.998449028
1548339971.194850 0.008420712 0.032606844 -0.023056228 -0.027501883 0.036686186 -0.032091316 0.998432696
1548339971.228280 0.008897751 0.036054019 -0.025373718 -0.024451600 0.040584300 -0.031103970 0.998392463
1548339971.261600 0.037394330 0.029673409 -0.023663864 -0.023263922 0.041219976 -0.031206418 0.998391628
1548339971.295120 0.019744556 0.029133210 -0.018587893 -0.021696528 0.050338387 -0.030641042 0.998026252
1548339971.328630 0.007187182 0.025410524 -0.018622881 -0.020320170 0.057405788 -0.029331461 0.997713089
1548339971.362150 -0.020653110 0.033764850 -0.014034850 -0.016777916 0.067559622 -0.028601062 0.997164071
1548339971.395250 -0.015146047 0.031107571 -0.010057751 -0.014526044 0.071368329 -0.027325636 0.996969819
1548339971.428670 -0.014025722 0.029402476 -0.010318150 -0.012065505 0.075005777 -0.026533531 0.996757030
1548339971.462140 -0.017010007 0.020828035 -0.007822202 -0.010493952 0.079364039 -0.025701685 0.996459067
1548339971.495450 -0.006677995 0.011420982 -0.013555792 -0.009214874 0.082823098 -0.024115471 0.996229827
1548339971.528970 -0.005360257 0.017527441 -0.009921555 -0.005067045 0.087259665 -0.022245605 0.995924294
1548339971.562480 -0.004273719 0.003297294 -0.009523120 -0.003977786 0.090523332 -0.021224260 0.995660186
1548339971.596000 -0.001031674 0.021972306 -0.016694847 0.001943871 0.094331414 -0.019733435 0.995343328
1548339971.629510 0.003282010 0.027520286 -0.014989409 0.005829574 0.098249026 -0.017811812 0.994985342
1548339971.663030 0.029362585 0.039012596 -0.018537102 0.010373470 0.098272853 -0.015292278 0.994987965
1548339971.696550 0.000302046 0.033574805 -0.017786611 0.012304254 0.106175706 -0.015241885 0.994154394
1548339971.730060 -0.003076416 0.011211074 -0.013502307 0.011013800 0.111703321 -0.013390950 0.993590295
1548339971.763580 -0.010174238 0.021243617 -0.012599079 0.014664939 0.116554901 -0.012540185 0.992996812
1548339971.797440 0.014359297 0.009512329 -0.012448478 0.015556882 0.116784237 -0.011112224 0.992973268
1548339971.831070 -0.002396715 0.014876079 -0.013122184 0.019116271 0.123709753 -0.010145299 0.992082417
1548339971.864880 -0.005646046 0.000936771 -0.015853729 0.020128757 0.127553776 -0.007669507 0.991597712
1548339971.898480 0.030352131 -0.012176199 -0.022285322 0.021321325 0.125680506 -0.004554394 0.991831183
1548339971.932050 0.050701335 0.000716661 -0.023704344 0.026645303 0.127561674 -0.002252297 0.991470098
1548339971.965570 0.035405856 -0.003264007 -0.018339515 0.028908830 0.133638948 -0.000127993 0.990608335
1548339971.999100 0.031142469 -0.015675068 -0.017650073 0.029505292 0.136707947 0.000934207 0.990171432
1548339972.032610 -0.010279591 0.003186422 -0.010023381 0.035043418 0.146275684 0.001567956 0.988621712
1548339972.066130 0.030907892 -0.007870874 -0.021305572 0.035187308 0.142822549 0.004520154 0.989112318
1548339972.099640 0.047602262 -0.012281474 -0.025682248 0.036117490 0.141608521 0.006779421 0.989240408
1548339972.133150 0.039433084 -0.000083104 -0.034444448 0.039653152 0.144601971 0.007695656 0.988665104
1548339972.166630 0.041343328 0.012884848 -0.035802677 0.042350419 0.147784308 0.008868587 0.988072634
1548339972.200140 0.051797777 -0.008166065 -0.037385359 0.039506327 0.150146410 0.011892325 0.987802565
1548339972.233650 0.050780129 -0.001557558 -0.047251638 0.040758356 0.153816029 0.013577744 0.987165153
1548339972.267160 0.064224921 0.013116697 -0.042152353 0.042730242 0.157265887 0.014203372 0.986529171
1548339972.300670 0.055464681 0.002686666 -0.031464469 0.040375065 0.164438501 0.017037952 0.985413432
1548339972.334190 0.043668009 -0.005150001 -0.029934002 0.038538560 0.169597611 0.019651771 0.984563470
1548339972.367680 0.011844780 0.009429685 -0.038476352 0.040420774 0.177540824 0.019821143 0.983083189
1548339972.401180 0.008784503 -0.016366804 -0.025112147 0.036006909 0.183993667 0.021346267 0.982035697
1548339972.434690 0.057113487 -0.001349076 -0.032778326 0.037336316 0.180614293 0.024455857 0.982540786
1548339972.468210 0.073318243 -0.004832138 -0.037536994 0.036925856 0.179684669 0.025186293 0.982708275
1548339972.501730 0.079237647 -0.007868360 -0.042094816 0.037017465 0.181402832 0.025241368 0.982387722
1548339972.535240 0.060100678 0.013141042 -0.038171958 0.040857326 0.187167659 0.022929525 0.981210053
1548339972.568760 0.095006801 0.006303799 -0.052349932 0.039371423 0.186076596 0.023339039 0.981468618
1548339972.602290 0.077463560 0.001279622 -0.041956123 0.038626794 0.192550808 0.022773035 0.980261981
1548339972.635830 0.085348099 -0.007608595 -0.045013469 0.037552249 0.193483919 0.022696355 0.980121791
1548339972.669860 0.092384771 0.026525771 -0.053070609 0.043131612 0.196971193 0.018567091 0.979284048
1548339972.703380 0.113949992 -0.013086644 -0.053844530 0.037518989 0.200272515 0.021833733 0.978778064
1548339972.736970 0.111996517 -0.019391878 -0.042286467 0.038040441 0.204158410 0.022764502 0.977933526
1548339972.770480 0.105310768 -0.015835078 -0.027072795 0.041205700 0.209850565 0.019192103 0.976676226
1548339972.804000 0.113037340 -0.012735351 -0.058156010 0.044511192 0.215223864 0.024842264 0.975233436
1548339972.837520 0.104745172 -0.018291008 -0.059244230 0.046998758 0.220265388 0.027921600 0.973906875
1548339972.871030 0.086271152 -0.003851094 -0.061930131 0.052491300 0.225900859 0.027495150 0.972346365
1548339972.904550 0.109787486 -0.005553245 -0.066245608 0.054200511 0.227268428 0.026860017 0.971951604
1548339972.937990 0.100216962 -0.014436151 -0.070226751 0.054235432 0.233434379 0.028507588 0.970440209
1548339972.971470 0.103629991 -0.029771565 -0.073527433 0.052947864 0.235200554 0.028941222 0.970071971
1548339973.004270 0.098949715 -0.021666531 -0.068214968 0.054994460 0.239585489 0.025058039 0.968992531
1548339973.037760 0.086196460 -0.009869597 -0.062249817 0.058006182 0.247623473 0.022177409 0.966864049
1548339973.071280 0.119598754 -0.027793085 -0.077248201 0.056878343 0.247628197 0.022384513 0.966925085
1548339973.104790 0.113206469 -0.032663289 -0.078896567 0.057509836 0.253301084 0.022390483 0.965416908
1548339973.138310 0.095600821 -0.025976380 -0.079731062 0.059876967 0.262248993 0.023413554 0.962856174
1548339973.171820 0.102171995 -0.027448958 -0.086073518 0.059799541 0.265197366 0.023902111 0.962041080
1548339973.205340 0.095130533 -0.042267520 -0.084034123 0.057832059 0.270290494 0.025955761 0.960689723
1548339973.238860 0.067596100 -0.040098891 -0.083534911 0.058449667 0.276607931 0.027429828 0.958811402
1548339973.272370 0.042275172 -0.037593964 -0.078714766 0.058547508 0.282113582 0.028611314 0.957165360
1548339973.305890 0.086034425 -0.046758153 -0.085503817 0.055576887 0.277799428 0.027406627 0.958638430
1548339973.339400 0.090398267 -0.040991832 -0.091507994 0.054644916 0.280112118 0.027046654 0.958029032
1548339973.373100 0.080590874 -0.033137497 -0.089338124 0.054382730 0.284693390 0.028113071 0.956661820
1548339973.406640 0.089232646 -0.044978216 -0.090031579 0.050749972 0.284814328 0.028791575 0.956805229
1548339973.440170 0.085584767 -0.041417472 -0.083040118 0.050005272 0.290524811 0.027540118 0.955163002
1548339973.473900 0.111026078 -0.062108949 -0.104894936 0.047176745 0.285202354 0.030809425 0.956809640
1548339973.507420 0.111116923 -0.046095509 -0.114276983 0.049655881 0.277818918 0.026816824 0.958974361
1548339973.540930 0.082520835 -0.058653519 -0.076467350 0.046250068 0.279197425 0.022239419 0.958861351
1548339973.574240 0.070753388 -0.050821371 -0.064334087 0.046321083 0.274044126 0.019310417 0.960406840
1548339973.607740 0.051364727 -0.027047837 -0.066926457 0.047920290 0.268268108 0.009760305 0.962102175
1548339973.641230 0.035783991 -0.033488195 -0.058727041 0.043210350 0.265785277 0.006238719 0.963043153
1548339973.674570 0.047497675 -0.038498871 -0.060673408 0.038706165 0.259575695 0.003390369 0.964940846
1548339973.707870 0.030615021 0.023192896 -0.071364112 0.044532467 0.259142041 0.002079025 0.964809775
1548339973.741390 0.021751458 0.026526853 -0.055901460 0.041061565 0.257947832 0.001682840 0.965284467
1548339973.774910 0.013921573 -0.019967671 -0.041739132 0.031200094 0.256884962 0.004834059 0.965926111
1548339973.808420 0.002400363 -0.013828658 -0.034534741 0.029708067 0.255876750 0.005515982 0.966237068
1548339973.841940 0.054195873 0.010677040 -0.068654142 0.033105478 0.246950880 0.007872163 0.968430340
1548339973.875450 0.030872477 0.006840913 -0.056293871 0.033095267 0.248971909 0.011378038 0.967878222
1548339973.908930 0.045673314 -0.001163396 -0.062394146 0.031457052 0.245027348 0.011402003 0.968938589
1548339973.942420 0.071830504 0.047266796 -0.081764244 0.038368717 0.239968687 0.012676967 0.969939291
1548339973.975940 0.067568697 -0.014050850 -0.068732150 0.027797971 0.239722908 0.013419734 0.970350504
1548339974.009450 0.071797252 -0.013200844 -0.068683237 0.027510852 0.236732557 0.014096024 0.971082985
1548339974.042990 0.069507368 -0.013286635 -0.071857460 0.027026458 0.233861506 0.015643770 0.971768320
1548339974.076480 0.055307139 -0.026162552 -0.063473314 0.024146197 0.232156277 0.016814770 0.972233355
1548339974.110000 0.067822807 0.003804476 -0.063812584 0.027498869 0.226535812 0.014489125 0.973506749
1548339974.143480 0.067955442 0.005970992 -0.064735018 0.026627311 0.226850331 0.014059178 0.973464072
1548339974.176950 0.039245971 0.023156416 -0.054734588 0.028094256 0.228990659 0.014795370 0.972910583
1548339974.210550 0.052724719 -0.018122980 -0.051601209 0.019791380 0.223606288 0.014219340 0.974374831
1548339974.244100 0.038766719 0.023966746 -0.053281240 0.025156330 0.222540185 0.012184097 0.974522710
1548339974.311300 0.042333055 0.034762196 -0.050166503 0.022655191 0.215844661 0.009534316 0.976118267
1548339974.344820 0.040409841 0.025695194 -0.044715308 0.019534774 0.213327289 0.009450496 0.976739764
1548339974.378360 0.052897196 0.026208516 -0.048011154 0.017832845 0.205313578 0.007598662 0.978504241
1548339974.412110 0.043973599 0.041630819 -0.045622259 0.018404007 0.203844547 0.004970813 0.978817642
1548339974.445630 0.029314067 0.045142815 -0.040171012 0.017063770 0.204057142 0.004009742 0.978802025
1548339974.478910 0.034608979 0.046004605 -0.042438786 0.015209348 0.198484123 0.002613192 0.979982615
1548339974.512400 0.034561872 0.044080500 -0.037567586 0.013056242 0.197129548 0.001863784 0.980288744
1548339974.545750 0.024979299 0.020827724 -0.030658009 0.008627782 0.195220143 0.003741267 0.980714381
1548339974.579260 0.020256486 0.024485994 -0.031771354 0.008744187 0.189711988 0.002244085 0.981798291
1548339974.612660 0.023914246 0.029685978 -0.031967886 0.009075705 0.185981199 0.001348357 0.982510448
1548339974.646300 0.007769233 0.021147149 -0.025298761 0.007123636 0.183681980 0.001562496 0.982958674
1548339974.679810 0.011438305 0.026705913 -0.029550681 0.007685756 0.174647391 -0.000549579 0.984600902
1548339974.713210 0.031659100 0.037971225 -0.030880002 0.009170623 0.169559002 -0.001935629 0.985475481
1548339974.746720 0.002036606 0.028543008 -0.030609515 0.007536876 0.169474334 -0.003287247 0.985500276
1548339974.780240 0.010974181 0.019436657 -0.025979459 0.006172649 0.160092443 -0.006229960 0.987063050
1548339974.813760 0.011140526 0.011486749 -0.024359742 0.005530323 0.157470241 -0.008128873 0.987474799
1548339974.847270 -0.016304454 -0.006065521 -0.027801564 0.004303662 0.156044975 -0.008332235 0.987705410
1548339974.880790 0.013015673 0.011585182 -0.028236629 0.009509366 0.144673899 -0.010727781 0.989375532
1548339974.914200 0.019728433 0.001671618 -0.026939858 0.009947707 0.140355855 -0.010657896 0.989993751
1548339974.947710 -0.052780777 -0.012960200 -0.018029561 0.010405532 0.144420490 -0.011173093 0.989398599
1548339974.981230 -0.026120862 -0.013351784 -0.031017290 0.012406972 0.130296513 -0.010600393 0.991340756
1548339975.014740 -0.019326216 -0.000961855 -0.028070103 0.015967762 0.123767994 -0.010445396 0.992127717
1548339975.048370 -0.023567542 -0.003488373 -0.036916126 0.017534254 0.115574285 -0.009982891 0.993093908
1548339975.082010 0.011188478 -0.008133328 -0.034230057 0.018058740 0.101349361 -0.010330291 0.994633317
1548339975.115530 0.015605991 -0.003842592 -0.032532796 0.019103842 0.096796468 -0.011621701 0.995052993
1548339975.149070 0.021042706 -0.001837796 -0.034423582 0.019652463 0.089515202 -0.013193083 0.995704114
1548339975.182680 -0.030134505 0.013172901 -0.019450800 0.022237781 0.090968363 -0.018430505 0.995434821
1548339975.216200 -0.030375669 0.016444925 -0.021492084 0.022681165 0.087578535 -0.020423109 0.995689929
1548339975.249710 -0.026666427 -0.003038987 -0.028712912 0.019508874 0.081216335 -0.020935835 0.996285617
1548339975.283130 -0.035801001 0.007089817 -0.019953655 0.021245094 0.076355919 -0.023469862 0.996577919
1548339975.316650 -0.041413669 0.005054208 -0.020930968 0.021028401 0.073277868 -0.024291242 0.996793926
1548339975.350170 -0.031782880 -0.005165549 -0.022056328 0.019658100 0.066903755 -0.023189040 0.997296214
1548339975.383680 -0.052610982 0.010790786 -0.018426333 0.022291195 0.064021952 -0.025253151 0.997379839
1548339975.417230 -0.047783691 0.012363527 -0.017473070 0.022763457 0.059751507 -0.025455642 0.997628987
1548339975.450780 -0.040302631 0.008933902 -0.018431935 0.022591373 0.055198081 -0.024788821 0.997911930
1548339975.484320 -0.052869815 0.007050416 -0.015828524 0.022365501 0.052736614 -0.025967894 0.998020172
1548339975.517960 -0.047982763 0.009428325 -0.017391194 0.022522004 0.049173731 -0.027280465 0.998163521
1548339975.551450 -0.045219075 0.014424841 -0.017135751 0.023356833 0.046846036 -0.027736161 0.998243749
1548339975.584870 -0.046230819 0.017083414 -0.012474949 0.023716999 0.044206347 -0.029421780 0.998307407
1548339975.618480 -0.043895356 0.005698288 -0.014979551 0.021921428 0.041577693 -0.031803604 0.998388350
1548339975.652030 -0.064519450 0.011675439 -0.015353893 0.021983771 0.042079974 -0.033211596 0.998320043
1548339975.685540 -0.063329913 0.012746230 -0.015068855 0.021514202 0.038766529 -0.035204809 0.998396158
1548339975.719090 -0.067840233 0.010846063 -0.015947269 0.021140860 0.036998719 -0.037115224 0.998402059
1548339975.752610 -0.071696475 0.000208691 -0.013539805 0.019242238 0.034282409 -0.037174709 0.998535156
1548339975.786120 -0.073899083 0.016458318 -0.013282076 0.021056565 0.031515133 -0.038425677 0.998542368
1548339975.819640 -0.069612332 0.019505167 -0.013359617 0.020160414 0.028027199 -0.038731795 0.998652995
1548339975.853120 -0.074153475 0.018912876 -0.010834036 0.018227804 0.025616519 -0.038729835 0.998754978
1548339975.886640 -0.076321252 0.024268860 -0.008286050 0.016968071 0.022397634 -0.038954925 0.998845816
1548339975.920140 -0.082831748 0.020627366 -0.005280924 0.014348509 0.018836536 -0.040420663 0.998902142
1548339975.953720 -0.071309574 0.021281466 -0.018432491 0.012370285 0.013138697 -0.041051153 0.998994052
1548339975.987180 -0.070918985 0.021075228 -0.017478772 0.010046778 0.009082677 -0.041929618 0.999028802
1548339976.020680 -0.095644444 0.029258149 -0.004610138 0.008989074 0.008731510 -0.044680580 0.998922706
1548339976.054200 -0.095553637 0.036521215 -0.006329808 0.007970328 0.006026857 -0.047585510 0.998817205
1548339976.087720 -0.097576693 0.036547445 -0.004214952 0.005842819 0.003906813 -0.048849467 0.998781383
1548339976.121220 -0.099044502 0.036490008 -0.000815726 0.003766901 -0.000374793 -0.050233394 0.998730302
1548339976.154720 -0.103746891 0.041630246 -0.003750983 0.002675341 -0.002890032 -0.053229157 0.998574555
1548339976.188100 -0.080739304 0.030391680 -0.011762911 -0.001363600 -0.007737652 -0.053267047 0.998549402
1548339976.221580 -0.082497850 0.030962849 -0.007541713 -0.003879240 -0.010332840 -0.052855901 0.998541176
1548339976.255100 -0.078203864 0.039176349 -0.007512596 -0.005355829 -0.013129715 -0.053751096 0.998453677
1548339976.288610 -0.092716038 0.040405039 -0.007031158 -0.008042481 -0.011919003 -0.054207839 0.998426139
1548339976.322130 -0.090770066 0.033145651 0.002087007 -0.011318560 -0.015127858 -0.053992856 0.998362601
1548339976.355650 -0.098430194 0.046889190 0.001900818 -0.011174476 -0.017428340 -0.055650875 0.998235643
1548339976.389160 -0.099096559 0.047231518 0.005382891 -0.012902573 -0.020880133 -0.057229932 0.998059273
1548339976.422680 -0.096809894 0.054417826 0.007868795 -0.013385525 -0.025128881 -0.058078103 0.997905970
1548339976.456190 -0.104173675 0.057259038 0.010376039 -0.014222599 -0.026240386 -0.060078498 0.997747362
1548339976.489910 -0.106206596 0.046550166 0.012696467 -0.016886659 -0.028897587 -0.059657220 0.997657657
1548339976.523440 -0.113414221 0.040379167 0.014148396 -0.018189643 -0.031731226 -0.059084069 0.997582734
1548339976.556970 -0.113364540 0.042389017 0.015756646 -0.018015463 -0.035055261 -0.058607996 0.997502744
1548339976.590520 -0.117777586 0.047635920 0.019226739 -0.018075615 -0.037513923 -0.057610814 0.997470319
1548339976.624120 -0.120210104 0.048071135 0.021308973 -0.018552616 -0.040682208 -0.056413531 0.997405767
1548339976.657640 -0.105603471 0.040001959 0.027937446 -0.019723928 -0.045846082 -0.055731658 0.997197628
1548339976.691150 -0.102552064 0.034301039 0.030076748 -0.020267168 -0.047691151 -0.055848680 0.997093678
1548339976.724670 -0.102315217 0.027933892 0.033895843 -0.019951304 -0.048283417 -0.055969782 0.997064710
1548339976.758140 -0.103829101 0.018794378 0.035782900 -0.019569851 -0.048679609 -0.055966701 0.997053206
1548339976.791660 -0.119092450 0.014325736 0.032740127 -0.018053437 -0.049334057 -0.056002777 0.997047603
1548339976.825200 -0.112304747 0.020330973 0.033856668 -0.014486874 -0.054991003 -0.056186568 0.996799469
1548339976.858720 -0.121418610 0.023650454 0.029862521 -0.012090745 -0.057986945 -0.058065172 0.996553957
1548339976.892230 -0.122052528 0.032035004 0.035363805 -0.009845410 -0.060501240 -0.059713528 0.996331751
1548339976.925740 -0.136502311 0.028328264 0.030557863 -0.010092718 -0.061253991 -0.059262715 0.996310234
1548339976.959270 -0.134294137 0.039308537 0.033939745 -0.008078275 -0.066683099 -0.060325190 0.995916128
1548339976.992770 -0.121966779 0.039430201 0.038165223 -0.008027039 -0.070806727 -0.060016021 0.995650589
1548339977.026290 -0.131282270 0.019257631 0.028626904 -0.011152280 -0.072752371 -0.057698697 0.995617211
1548339977.059810 -0.130853042 0.016713364 0.031094221 -0.011156554 -0.080129914 -0.056572430 0.995115221
1548339977.093320 -0.110182486 0.022385605 0.039878979 -0.009394670 -0.088611327 -0.055652265 0.994466007
1548339977.126840 -0.117937930 0.017046759 0.031758443 -0.009306183 -0.092906058 -0.054441504 0.994141817
1548339977.160350 -0.108946793 0.023412589 0.038501084 -0.007435970 -0.100638859 -0.055329759 0.993355513
1548339977.193870 -0.106752656 0.010519298 0.046228468 -0.009156196 -0.101553693 -0.056696076 0.993170977
1548339977.227390 -0.125206113 0.011281566 0.038856179 -0.009018266 -0.098951533 -0.057004537 0.993417203
1548339977.260920 -0.111382157 0.002398934 0.044020016 -0.009994223 -0.102512985 -0.056884918 0.993053555
1548339977.294430 -0.113305941 0.003144003 0.044799548 -0.009140958 -0.102655768 -0.056869674 0.993047833
1548339977.327950 -0.119635120 0.013389179 0.035068702 -0.006769279 -0.104334056 -0.056071591 0.992937326
1548339977.361450 -0.129274234 0.019169081 0.034651693 -0.005477705 -0.108607709 -0.058462542 0.992348969
1548339977.394990 -0.120231740 0.014915612 0.036676742 -0.006225135 -0.113777161 -0.060680628 0.991631925
1548339977.428510 -0.129289225 0.014149799 0.021681739 -0.007141304 -0.118499011 -0.062539712 0.990957022
1548339977.462030 -0.124530770 0.001666681 0.030597314 -0.010408584 -0.131309062 -0.068573259 0.988912165
1548339977.495540 -0.132826522 0.015280602 0.032026634 -0.010200985 -0.133996665 -0.072544277 0.988270283
1548339977.529060 -0.107013613 0.034578979 0.019205837 -0.008439974 -0.143010646 -0.072814047 0.987002969
1548339977.562570 -0.118190624 0.031803109 0.039718069 -0.010678471 -0.152933806 -0.079390489 0.984984457
1548339977.596280 -0.139134854 0.022408132 0.032685466 -0.014040541 -0.154486164 -0.085319892 0.984203935
1548339977.629790 -0.154593647 0.035258871 0.011929918 -0.014231398 -0.157924712 -0.087885395 0.983429432
1548339977.663650 -0.132685617 0.029184343 0.017081520 -0.016493015 -0.170502082 -0.089498080 0.981145799
1548339977.697170 -0.157421499 0.028402584 0.028670762 -0.019096917 -0.175428525 -0.093461193 0.979859710
1548339977.730560 -0.152715176 0.030080868 0.016143827 -0.020702962 -0.182902396 -0.095247984 0.978287220
1548339977.764080 -0.197656870 0.051961757 0.014780480 -0.020472229 -0.187651262 -0.098724827 0.977047265
1548339977.797590 -0.157453418 0.033496700 0.039731719 -0.024130659 -0.200479731 -0.099386625 0.974344850
1548339977.831110 -0.151331961 0.032867938 0.033002704 -0.025643554 -0.203703165 -0.101039931 0.973467171
1548339977.864620 -0.139061794 0.040731363 0.028481655 -0.025671436 -0.210822627 -0.100905046 0.971963465
1548339977.897920 -0.154847950 0.037821058 0.036257990 -0.027883513 -0.212846726 -0.103776626 0.971158683
1548339977.931440 -0.183803245 0.059357069 0.037584849 -0.026295027 -0.211090922 -0.104384005 0.971521020
1548339977.964950 -0.164830878 0.051923957 0.035954095 -0.028541397 -0.217757761 -0.104185946 0.970006347
1548339977.998470 -0.163687319 0.052336413 0.038212512 -0.029651260 -0.220019430 -0.104703806 0.969406724
1548339978.031930 -0.163649455 0.046480283 0.045095064 -0.032158144 -0.219882235 -0.105523296 0.969269037
1548339978.065450 -0.159603700 0.052948717 0.046703067 -0.032704275 -0.220017895 -0.104842238 0.969293892
1548339978.098960 -0.158857197 0.054021191 0.049656954 -0.034375839 -0.219712555 -0.104732282 0.969317198
1548339978.132480 -0.156417876 0.053027850 0.054769393 -0.036579579 -0.218650937 -0.104229070 0.969530821
1548339978.166000 -0.159524754 0.051167883 0.057593413 -0.038730443 -0.216548845 -0.105128907 0.969821870
1548339978.199510 -0.163665965 0.051642571 0.062388249 -0.040330034 -0.212508276 -0.106303506 0.970522165
1548339978.232940 -0.161110535 0.056499604 0.068764433 -0.040573563 -0.208859935 -0.105492033 0.971392155
1548339978.266450 -0.167560086 0.059340533 0.068963408 -0.040444583 -0.203190699 -0.104854159 0.972668171
1548339978.300040 -0.165688440 0.054754630 0.071636952 -0.040442143 -0.198475167 -0.105381139 0.973584533
1548339978.333550 -0.163106397 0.044449873 0.064770252 -0.039876968 -0.192559510 -0.105150335 0.974820018
1548339978.367090 -0.161012545 0.041320477 0.068571649 -0.037410248 -0.188931584 -0.105577953 0.975581169
1548339978.400600 -0.161356181 0.055527397 0.074984469 -0.032861035 -0.185619101 -0.101902857 0.976770937
1548339978.434100 -0.156531498 0.050244510 0.073551901 -0.029609773 -0.183237106 -0.101083823 0.977409601
1548339978.467620 -0.154392704 0.051298823 0.074015245 -0.024893781 -0.179912180 -0.100506179 0.978218019
1548339978.501130 -0.161257610 0.048980378 0.081314571 -0.022617511 -0.175751597 -0.098281965 0.979255080
1548339978.534650 -0.154849097 0.046441171 0.075080283 -0.019516496 -0.172013983 -0.096425846 0.980169535
1548339978.568170 -0.150736630 0.038876981 0.077704400 -0.018453812 -0.168881744 -0.094939366 0.980879664
1548339978.601680 -0.151934981 0.036156528 0.079768889 -0.017333291 -0.164810956 -0.093120538 0.981766522
1548339978.635200 -0.172796801 0.030756339 0.080859460 -0.017115399 -0.157066464 -0.092226461 0.983123302
1548339978.668720 -0.171396077 0.019006949 0.084173605 -0.017602528 -0.152754501 -0.091647558 0.983848035
1548339978.702260 -0.124487124 0.010423743 0.086864807 -0.016577553 -0.155801043 -0.088409692 0.983684361
1548339978.735800 -0.172414333 0.003930936 0.089324236 -0.018060850 -0.142723739 -0.091087088 0.985396802
1548339978.769340 -0.156407520 0.013719372 0.086667597 -0.014972458 -0.140293956 -0.088516667 0.986031532
1548339978.802860 -0.158777714 0.011881479 0.094424479 -0.015065835 -0.135962367 -0.088634096 0.986626208
1548339978.836370 -0.130499646 -0.000251167 0.089242473 -0.016671868 -0.134641677 -0.086759083 0.986948073
1548339978.869870 -0.139730155 0.001773519 0.092677556 -0.016935604 -0.128430918 -0.086716644 0.987774730
1548339978.903380 -0.159725234 -0.000368638 0.097430401 -0.018101363 -0.120188832 -0.086174652 0.988838196
1548339978.936900 -0.129791677 -0.003024498 0.098334916 -0.018527744 -0.118745930 -0.084957972 0.989109874
1548339978.970440 -0.111789845 -0.012930340 0.090621501 -0.019715140 -0.115985915 -0.083087243 0.989573181
1548339979.003980 -0.139372572 -0.013589086 0.093092926 -0.020222628 -0.107565887 -0.082764238 0.990540624
1548339979.037500 -0.136034817 -0.018326163 0.098242201 -0.020607039 -0.102500953 -0.081536330 0.991171420
1548339979.071010 -0.130384341 -0.016331328 0.099027708 -0.019808168 -0.098402098 -0.079374701 0.991778374
1548339979.104220 -0.108360477 -0.028376948 0.097329460 -0.020914251 -0.097587712 -0.078034453 0.991942465
1548339979.137660 -0.133599028 -0.019152602 0.101722397 -0.019417545 -0.087455750 -0.077765606 0.992938519
1548339979.171070 -0.098887384 -0.024461769 0.117105909 -0.020311059 -0.085079804 -0.072984755 0.993489861
1548339979.204580 -0.017168393 -0.045340471 0.095442913 -0.021792723 -0.091633178 -0.068838283 0.993171573
1548339979.238020 -0.067994624 -0.008057263 0.077578247 -0.016183300 -0.079108186 -0.069757074 0.994290650
1548339979.271530 -0.039383188 -0.011101037 0.090678781 -0.016515458 -0.077778995 -0.068600424 0.994470537
1548339979.305050 -0.015790535 -0.015682936 0.079626314 -0.017363291 -0.077537954 -0.064909771 0.994722605
1548339979.338560 -0.083415247 -0.012371839 0.073619924 -0.017686237 -0.063022554 -0.066080861 0.995664954
1548339979.372080 -0.095369138 -0.009388270 0.073382489 -0.017377106 -0.056608260 -0.066679120 0.996015787
1548339979.405600 -0.107047841 -0.007691185 0.077165104 -0.017879654 -0.048863228 -0.062867992 0.996664584
1548339979.439110 -0.093500674 -0.019524503 0.071737722 -0.020019943 -0.047483288 -0.062246401 0.996729612
1548339979.472630 -0.070858359 -0.001012430 0.095399335 -0.017916920 -0.048348177 -0.059625521 0.996888280
1548339979.506130 -0.097264193 -0.002561297 0.100113779 -0.018736711 -0.040427998 -0.058646508 0.997283876
1548339979.539560 -0.085533157 0.005299078 0.109699793 -0.018242843 -0.040465467 -0.056735661 0.997402072
1548339979.573080 -0.075349115 0.026238132 0.108435571 -0.015331158 -0.040522389 -0.056273881 0.997474909
1548339979.606680 -0.066298589 0.027680637 0.100175112 -0.015989255 -0.038024984 -0.055765778 0.997591376
1548339979.640210 -0.086916320 0.037411273 0.080336794 -0.015323360 -0.030297037 -0.057030987 0.997794926
1548339979.673730 -0.129861832 0.043916289 0.068786956 -0.015234334 -0.021482825 -0.059202649 0.997898519
1548339979.707250 -0.185237601 0.007696699 0.072440378 -0.022281840 -0.010778561 -0.067945883 0.997381926
1548339979.741250 -0.215341866 0.042474639 0.056290008 -0.017276794 -0.002514789 -0.065553896 0.997696280
1548339979.775270 -0.195094213 0.071283095 0.038674094 -0.009699639 -0.006489588 -0.072079152 0.997330606
1548339979.808800 -0.240702763 0.098736748 0.021648083 -0.004897394 0.003950581 -0.076342404 0.997061849
1548339979.842380 -0.265819222 0.114328787 0.005212269 -0.003102460 0.010776521 -0.078970268 0.996813893
1548339979.875910 -0.247295454 0.124277048 -0.009284750 -0.000822214 0.008263133 -0.086049788 0.996256232
1548339979.909430 -0.234044224 0.144378647 -0.020826736 0.000791544 0.013153824 -0.077949412 0.996870220
1548339979.942930 -0.230572447 0.124692239 0.024815628 -0.012901338 0.018296473 -0.058400381 0.998042166
1548339979.976440 -0.202197120 0.115757197 -0.003206721 -0.016537553 0.014287269 -0.063660130 0.997732282
1548339980.009960 -0.165076017 0.099292666 -0.039088257 -0.022259207 0.006900151 -0.068339244 0.997389913
1548339980.043490 -0.112417020 0.056291331 0.019472461 -0.026298366 0.008307056 -0.051111970 0.998312056
1548339980.076990 -0.080300942 0.048023425 -0.010447625 -0.029977113 0.004918242 -0.055630494 0.997989178
1548339980.110510 -0.056223243 0.062222518 -0.032618146 -0.028190957 0.002580008 -0.058369987 0.997893572
1548339980.144020 -0.084945977 0.137787491 -0.031084454 -0.014605176 0.012465507 -0.056045976 0.998243511
1548339980.176770 -0.159403563 0.105013542 0.034333672 -0.021724688 0.032397870 -0.051059589 0.997933507
1548339980.210280 -0.153182909 0.106826521 0.028852575 -0.020897225 0.033760875 -0.049368646 0.997991085
1548339980.243790 -0.114873774 0.102814838 0.023826813 -0.020726189 0.029509883 -0.047338981 0.998227715
1548339980.277180 -0.097567730 0.106786132 0.032557938 -0.019778689 0.031594478 -0.046945933 0.998201728
1548339980.310690 -0.072136603 0.109028347 0.025549607 -0.017728560 0.031265520 -0.043250605 0.998417497
1548339980.344200 -0.128633529 0.109210469 0.045609087 -0.016660066 0.043711051 -0.042811774 0.997987449
1548339980.377710 -0.160494551 0.104963720 0.047632057 -0.016792413 0.051435951 -0.044236656 0.997554719
1548339980.411230 -0.149653554 0.103083886 0.035762042 -0.015399125 0.053708013 -0.042631488 0.997527361
1548339980.444740 -0.168852612 0.124033041 0.044418268 -0.010340593 0.061075285 -0.040890250 0.997241616
1548339980.478260 -0.165950790 0.107510187 0.044662710 -0.011252940 0.061576389 -0.038957126 0.997278333
1548339980.511780 -0.191878051 0.067142449 0.088720106 -0.019995935 0.068247229 -0.042332895 0.996569335
1548339980.545290 -0.192344263 0.100864314 0.062417801 -0.009337297 0.069884554 -0.039173871 0.996741891
1548339980.578810 -0.145770162 0.124463111 0.051074877 -0.002065190 0.063583009 -0.039583500 0.997189105
1548339980.612320 -0.147433981 0.108526222 0.045239553 -0.002773447 0.066372246 -0.038301162 0.997055709
1548339980.645840 -0.174579844 0.081783265 0.056153715 -0.005901155 0.072820470 -0.038304780 0.996591747
1548339980.679350 -0.182426795 0.104650781 0.046284098 0.001116042 0.076300658 -0.037552178 0.996376812
1548339980.712870 -0.162474602 0.118841790 0.038333986 0.005455074 0.075158805 -0.038118035 0.996427834
1548339980.746330 -0.163071439 0.120741352 0.044124547 0.007481881 0.078547545 -0.036952432 0.996197164
1548339980.779820 -0.144099519 0.086879268 0.040713966 0.004227488 0.077015914 -0.032994673 0.996474802
1548339980.813340 -0.139120370 0.094261453 0.053098042 0.006115475 0.079070963 -0.034544863 0.996251464
1548339980.846850 -0.156883404 0.119912557 0.042706504 0.011790118 0.084131993 -0.035123073 0.995765626
1548339980.880420 -0.159313977 0.138524875 0.042228263 0.016668525 0.086991839 -0.034855057 0.995459557
1548339980.913950 -0.177961037 0.093109846 0.055809986 0.010451199 0.091714278 -0.033085827 0.995180666
1548339980.947480 -0.216163978 0.084670693 0.067925803 0.009325800 0.099179126 -0.035488952 0.994392812
1548339980.981030 -0.272753328 0.089573920 0.078388691 0.010159736 0.112104595 -0.033813763 0.993068993
1548339981.014540 -0.190191463 0.093997568 0.055268418 0.011166449 0.100684106 -0.032169264 0.994335532
1548339981.048060 -0.178404942 0.060597464 0.054151155 0.005151832 0.101398550 -0.029656982 0.994390368
1548339981.081530 -0.176440328 0.043078408 0.061004877 0.001886880 0.104179062 -0.028319554 0.994153500
1548339981.115040 -0.161381155 0.043684427 0.060402218 0.001222286 0.105683565 -0.027299242 0.994024277
1548339981.148610 -0.187698781 0.076262839 0.060093898 0.006969200 0.114660650 -0.026421459 0.993028820
1548339981.182120 -0.206655443 0.089676693 0.065115213 0.008503105 0.120814234 -0.026430760 0.992286742
1548339981.215640 -0.199166775 0.024596512 0.090043142 -0.004546685 0.125504643 -0.023983711 0.991792679
1548339981.249160 -0.162551031 0.043947093 0.059647255 -0.000624147 0.121987849 -0.022176221 0.992283642
1548339981.282670 -0.159976348 0.053373016 0.070748858 0.001002843 0.125518471 -0.020544533 0.991878033
1548339981.316170 -0.163373679 0.015071861 0.089182988 -0.005675117 0.130281314 -0.018139990 0.991294861
1548339981.349690 -0.170422375 0.044934414 0.107609294 -0.001486392 0.135742173 -0.020053228 0.990540087
1548339981.383200 -0.184543923 0.000863899 0.115030423 -0.008062032 0.140232190 -0.017914554 0.989923716
1548339981.416710 -0.166995913 0.016149651 0.070798248 -0.001877121 0.137159050 -0.014213519 0.990445256
1548339981.450230 -0.155633211 0.025730249 0.066964082 -0.000667801 0.137333795 -0.015387151 0.990405083
1548339981.483750 -0.158546358 0.028155059 0.077868521 -0.001068161 0.142563358 -0.015683729 0.989660859
1548339981.517240 -0.143910676 0.025493927 0.081718154 -0.001049411 0.141439065 -0.012257122 0.989870548
1548339981.550760 -0.186365619 0.037660319 0.096832708 -0.001377885 0.149444133 -0.016610356 0.988629699
1548339981.584280 -0.172790200 0.056850217 0.088778317 -0.000152669 0.148530871 -0.018136270 0.988741457
1548339981.617740 -0.157133743 0.059416234 0.098266944 -0.002413591 0.147878051 -0.016518936 0.988864720
1548339981.650780 -0.168712273 0.039034653 0.121264413 -0.008683195 0.151539013 -0.016310535 0.988278568
1548339981.684220 -0.192211822 0.003855399 0.131207526 -0.017957335 0.158554316 -0.016738037 0.987045050
1548339981.717740 -0.177333623 0.052602369 0.105973557 -0.007238308 0.154191464 -0.017769799 0.987854660
1548339981.751220 -0.115257248 0.111382425 0.044100031 0.002139950 0.140113696 -0.017651036 0.989975750
1548339981.784770 -0.133737743 0.112166077 0.050492335 0.000722916 0.143336549 -0.018397043 0.989502728
1548339981.818360 -0.156003714 0.105281085 0.065138772 -0.001729863 0.145586357 -0.019542506 0.989151001
1548339981.851890 -0.180542603 0.116966844 0.068643779 -0.000442785 0.147966594 -0.019639635 0.988797247
1548339981.885770 -0.200674519 0.107721545 0.082811482 -0.002611466 0.149866030 -0.021335481 0.988472641
1548339981.919290 -0.146227688 0.100498199 0.057774916 -0.002490771 0.139104307 -0.018563159 0.990100563
1548339981.952570 -0.163294330 0.120142736 0.059556428 0.001259155 0.139564574 -0.016958643 0.990066946
1548339981.986080 -0.173235372 0.091092959 0.059642982 -0.002182411 0.136591375 -0.017776079 0.990465581
1548339982.019600 -0.162792623 0.106137447 0.056005206 0.002434295 0.132050574 -0.017987372 0.991076767
1548339982.053110 -0.208320349 0.081243411 0.061363045 0.000203087 0.134528294 -0.017775221 0.990750313
1548339982.086770 -0.180110559 0.113378294 0.051179666 0.008012004 0.124665156 -0.018860878 0.991987228
1548339982.120360 -0.205143526 0.067486145 0.064177118 0.002138050 0.125593305 -0.019729009 0.991883337
1548339982.153870 -0.177984387 0.065966442 0.052639481 0.003381774 0.118852317 -0.020057198 0.992703557
1548339982.187390 -0.190232381 0.042329449 0.066595837 -0.001219415 0.116700619 -0.014432963 0.993061543
1548339982.220920 -0.212749705 -0.012197391 0.120488927 -0.013721164 0.119911745 -0.000367411 0.992689669
1548339982.254450 0.026034622 -0.105652504 0.239658996 -0.041659690 0.089635327 0.038816817 0.994345605
1548339982.287960 -0.012608112 -0.019146008 0.078004777 -0.007805698 0.079058170 -0.012595296 0.996759892
1548339982.321450 0.004861669 -0.007954824 0.080365032 -0.005223297 0.073233463 -0.013155148 0.997214377
1548339982.354970 0.004667642 -0.016196469 0.081912242 -0.005596837 0.071111128 -0.014767669 0.997343361
1548339982.388440 -0.006374744 -0.017946372 0.079068698 -0.005479096 0.070745163 -0.015584251 0.997357607
1548339982.421930 -0.010385257 -0.022852052 0.083591871 -0.005931910 0.069687031 -0.016845984 0.997408986
1548339982.488890 -0.006507833 -0.016558599 0.079355717 -0.005129503 0.066952772 -0.017592743 0.997587860
1548339982.522380 -0.014833484 -0.027085565 0.083018862 -0.006701277 0.067464456 -0.019596361 0.997506678
1548339982.555900 -0.023790158 -0.022454055 0.086845249 -0.005774298 0.070419654 -0.019874705 0.997302771
1548339982.589420 -0.001648723 -0.017568171 0.081520148 -0.005405828 0.067753024 -0.015894804 0.997560859
1548339982.622930 -0.012389542 -0.015942231 0.079742134 -0.005754125 0.065733336 -0.014778293 0.997711182
1548339982.656400 -0.002792397 0.001322227 0.081574380 -0.003703593 0.063601851 -0.014991153 0.997855902
1548339982.689860 -0.005245640 0.017270150 0.080747284 -0.003140818 0.061870873 -0.013403371 0.997989237
1548339982.723330 -0.028056419 0.010894323 0.081973836 -0.006889797 0.063640468 -0.013997479 0.997850955
1548339982.756790 -0.010879190 0.016291203 0.082714967 -0.008766163 0.058825616 -0.013915939 0.998132825
1548339982.790240 -0.011061245 0.003736351 0.087234728 -0.013454474 0.055761352 -0.014839141 0.998243213
1548339982.823750 -0.011545064 -0.006716492 0.088035181 -0.017239243 0.054233804 -0.015057048 0.998265922
1548339982.857270 -0.028741101 -0.012113333 0.094018213 -0.019690080 0.053179972 -0.014802076 0.998281062
1548339982.890720 -0.018298429 -0.018534083 0.091187455 -0.021798182 0.047828216 -0.016135378 0.998487353
1548339982.924230 -0.027367191 -0.026039386 0.097846851 -0.023676705 0.046394661 -0.016374942 0.998508275
1548339982.957750 -0.022588953 -0.043481912 0.099188350 -0.026369181 0.040997144 -0.016676227 0.998672009
1548339982.991330 -0.021071084 -0.025672853 0.100407206 -0.023114707 0.034260277 -0.019203365 0.998961031
1548339983.024850 -0.029091930 -0.020977082 0.103251010 -0.021669770 0.031431839 -0.021085367 0.999048471
1548339983.058370 -0.037369125 -0.024018511 0.098777458 -0.021508124 0.027163632 -0.022999488 0.999134898
1548339983.091880 -0.042096332 -0.019047162 0.099308163 -0.020242997 0.023203073 -0.027565578 0.999145627
1548339983.125400 -0.025681356 -0.020954372 0.098431349 -0.019930674 0.018120227 -0.029022021 0.999215782
1548339983.159580 -0.027736776 -0.013593582 0.098074101 -0.018018266 0.015226362 -0.030843040 0.999245822
1548339983.193090 -0.032898489 -0.032271888 0.098445699 -0.020032115 0.012406413 -0.032630075 0.999189675
1548339983.226660 -0.026866686 -0.022781789 0.102403425 -0.017393347 0.009631862 -0.034987006 0.999189973
1548339983.260180 -0.026595155 -0.013336665 0.106912926 -0.014868069 0.008990187 -0.034127310 0.999266446
1548339983.293700 -0.039120123 -0.017758172 0.110523522 -0.014504832 0.009524576 -0.033145837 0.999299884
1548339983.327210 -0.027570326 -0.010085734 0.107570924 -0.012301772 0.007408457 -0.031830400 0.999390125
1548339983.360720 -0.020976741 -0.005267718 0.104983628 -0.011045927 0.005928355 -0.029157994 0.999496222
1548339983.394240 -0.026618451 -0.005564026 0.106055334 -0.011359842 0.004850791 -0.028851479 0.999507368
1548339983.427760 -0.033685707 0.003030204 0.098966353 -0.011371179 0.005819209 -0.030851657 0.999442339
1548339983.461370 -0.032424416 0.006330023 0.104952641 -0.012511238 0.006167185 -0.030974735 0.999422848
1548339983.494880 -0.021626642 0.014044324 0.106987506 -0.013162872 0.003884196 -0.031162294 0.999420106
1548339983.528310 -0.033258472 -0.004975664 0.109476872 -0.018075824 0.003376945 -0.032669045 0.999297023
1548339983.561820 -0.024691725 0.005896892 0.111613169 -0.018225815 0.001061793 -0.034882404 0.999224663
1548339983.595190 -0.044673033 -0.001757341 0.113615364 -0.020918420 0.002525469 -0.035780586 0.999137521
1548339983.628400 -0.035441041 -0.000232169 0.113496222 -0.021640567 -0.000848961 -0.036998954 0.999080598
1548339983.661800 -0.031700764 -0.001524307 0.112520628 -0.022643322 -0.002057086 -0.037705410 0.999030173
1548339983.695320 -0.026450651 0.014769228 0.116354190 -0.020765929 -0.002818235 -0.037636578 0.999071717
1548339983.728830 -0.033079218 0.003246745 0.112863958 -0.023387710 -0.002872685 -0.037163578 0.999031365
1548339983.762350 -0.032798465 -0.000475636 0.116836980 -0.024509698 -0.004533701 -0.037117004 0.999000013
1548339983.795980 -0.033657387 0.010827777 0.116298072 -0.023437671 -0.005866253 -0.037950817 0.998987496
1548339983.829580 -0.034091912 0.013375551 0.112500422 -0.024014495 -0.006751258 -0.039176732 0.998920858
1548339983.863160 -0.031281039 0.015530550 0.113956645 -0.024832256 -0.007396504 -0.039436802 0.998886049
1548339983.896690 -0.030919904 0.007544667 0.113877848 -0.027271984 -0.008717819 -0.040405899 0.998773038
1548339983.930210 -0.026442729 0.016980931 0.111741945 -0.026811127 -0.009616692 -0.041588631 0.998728752
1548339983.963720 -0.027379636 0.018433884 0.114127062 -0.027850397 -0.008744886 -0.042054992 0.998688757
1548339983.997220 -0.028627206 0.024252187 0.108877249 -0.028282104 -0.008301072 -0.042402554 0.998665750
1548339984.030740 -0.021252025 0.015848543 0.110232487 -0.030395176 -0.008655711 -0.042421505 0.998599827
1548339984.064270 -0.024418807 0.015423481 0.110035539 -0.031070407 -0.006234046 -0.042509835 0.998593390
1548339984.097790 -0.010070411 0.011786929 0.113214403 -0.031654522 -0.007048022 -0.041495662 0.998612225
1548339984.131340 -0.009027932 0.006417209 0.115643054 -0.032254167 -0.006024042 -0.040910434 0.998623908
1548339984.165010 -0.009709780 0.003616845 0.113038279 -0.032021619 -0.004642627 -0.040625695 0.998650372
1548339984.198370 -0.015146174 0.003176748 0.112596303 -0.031331055 -0.002256343 -0.040433027 0.998688340
1548339984.232040 -0.015052212 0.000304063 0.113071539 -0.030866975 -0.001763076 -0.040277705 0.998710096
1548339984.265410 -0.000699779 -0.002007582 0.114694677 -0.030202342 -0.002739296 -0.040106624 0.998735070
1548339984.298920 -0.008820988 0.004398121 0.113066681 -0.028121402 -0.000303198 -0.039908890 0.998807490
1548339984.332410 -0.003670947 0.001648142 0.112499058 -0.027593426 -0.000581116 -0.039780498 0.998827219
1548339984.365920 0.000602594 -0.001775893 0.112496361 -0.027415628 0.000141109 -0.039765716 0.998832822
1548339984.399460 -0.007025290 0.003924546 0.111680850 -0.025694745 0.002743211 -0.039708618 0.998877108
1548339984.432980 -0.014829847 0.001199860 0.108756751 -0.025613027 0.004702410 -0.039356887 0.998885810
1548339984.466500 -0.008316526 -0.003062527 0.109459870 -0.025746491 0.004225134 -0.039052710 0.998896480
1548339984.500090 -0.002371063 -0.003198972 0.108718902 -0.025389396 0.003991571 -0.038331006 0.998934507
1548339984.533610 -0.002313825 -0.002716903 0.108751826 -0.025248827 0.004903179 -0.037981205 0.998947382
1548339984.567130 -0.001646429 -0.003213149 0.108547933 -0.025247868 0.005491871 -0.037168171 0.998974919
1548339984.600640 0.001182674 0.008252797 0.110503979 -0.023460126 0.005741107 -0.037016578 0.999022722
1548339984.634150 -0.002403150 0.004361160 0.108930945 -0.024468808 0.007273624 -0.036692042 0.999000549
1548339984.667670 0.001620679 0.004618304 0.108375832 -0.024790639 0.008232490 -0.036207873 0.999002814
1548339984.701180 -0.003962584 0.000274393 0.108832970 -0.025786946 0.009907464 -0.036153469 0.998964369
1548339984.734700 -0.006614698 -0.001972239 0.110837191 -0.026151503 0.010428391 -0.036010232 0.998954773
1548339984.768220 0.005205183 0.000299543 0.111339256 -0.025220219 0.008995952 -0.035645977 0.999005675
1548339984.801770 -0.001028771 -0.000585580 0.111259066 -0.024634792 0.010813520 -0.035598103 0.999004006
1548339984.835290 -0.004958755 -0.007504927 0.113146178 -0.025187733 0.012102350 -0.035218656 0.998988867
1548339984.868810 -0.005405728 -0.008729518 0.111930884 -0.024431488 0.012708720 -0.034560449 0.999023080
1548339984.902320 -0.001078196 -0.006322767 0.112203248 -0.023238294 0.012551174 -0.034525983 0.999054730
1548339984.935840 -0.007557585 -0.002699356 0.111040421 -0.021982718 0.013434687 -0.035274290 0.999045491
1548339984.969350 0.001787279 -0.008811627 0.109768346 -0.022237506 0.011809045 -0.036095276 0.999031126
1548339985.002870 -0.015678944 0.002298890 0.109577358 -0.019897325 0.014129398 -0.037766624 0.998988569
1548339985.036390 -0.015314741 0.001331961 0.109672531 -0.019631641 0.013773271 -0.039080251 0.998948276
1548339985.069900 -0.004614657 -0.015427352 0.111761436 -0.022077816 0.011990297 -0.040155947 0.998877525
1548339985.103370 -0.011970785 -0.008851777 0.111952595 -0.020567719 0.012702358 -0.041875731 0.998830318
1548339985.136890 -0.010149499 -0.008276712 0.112437122 -0.019993085 0.012249454 -0.043362435 0.998784244
1548339985.170400 -0.010460143 -0.005795304 0.111235105 -0.019198183 0.012570327 -0.044722568 0.998735845
1548339985.203930 -0.021041395 0.005297242 0.110544026 -0.017081603 0.014595212 -0.046438426 0.998668432
1548339985.237380 -0.014537477 -0.004504011 0.114025690 -0.018405633 0.013885651 -0.046632368 0.998646021
1548339985.270870 -0.013232281 -0.005727506 0.115280598 -0.018239761 0.014403978 -0.047133781 0.998618186
1548339985.304390 -0.017412461 -0.013782982 0.113872811 -0.019543733 0.015067269 -0.046996854 0.998590171
1548339985.337910 -0.012350527 -0.007348395 0.116831146 -0.018498192 0.014289811 -0.046610747 0.998639584
1548339985.371410 -0.015014296 -0.003900913 0.117691249 -0.018159216 0.014072177 -0.046597339 0.998649538
1548339985.404930 -0.024325918 0.002808997 0.115005657 -0.017642347 0.014133290 -0.047317088 0.998624086
1548339985.438440 -0.020847037 -0.001553787 0.116017610 -0.019559411 0.012611060 -0.047693178 0.998590887
1548339985.471960 -0.026387786 -0.001890865 0.117358170 -0.021299373 0.013336963 -0.048174113 0.998522758
1548339985.505470 -0.027914353 0.011635670 0.113012940 -0.020788327 0.013136359 -0.048820294 0.998504817
1548339985.538950 -0.031949051 0.001876953 0.123870812 -0.023985507 0.012004905 -0.047757596 0.998498797
1548339985.572460 -0.052610505 -0.005226634 0.123534158 -0.026702721 0.009490592 -0.048969869 0.998398125
1548339985.605980 -0.178058878 -0.017763488 0.147637069 -0.030129841 0.016048471 -0.046073288 0.998354614
1548339985.639480 -0.043809004 -0.015597136 0.122825056 -0.030713106 -0.021544337 -0.050875340 0.998000145
1548339985.672980 -0.047446191 -0.002758801 0.120236568 -0.029805070 -0.024568329 -0.051787794 0.997910857
1548339985.706490 -0.061936639 0.004524930 0.117549121 -0.030019660 -0.030283386 -0.052563641 0.997706771
1548339985.740010 -0.044873785 0.009666656 0.121590063 -0.030750819 -0.041633297 -0.054734100 0.997158587
1548339985.773530 -0.044637598 0.001071609 0.121370211 -0.033387717 -0.044739816 -0.056853965 0.996820569
1548339985.807040 -0.051974200 -0.000902053 0.120682545 -0.035033330 -0.045818470 -0.057576470 0.996673644
1548339985.840560 -0.036903996 -0.010437616 0.128606811 -0.037483461 -0.049733270 -0.057332721 0.996410847
1548339985.874070 -0.045152634 -0.003852453 0.125277311 -0.037019249 -0.049653560 -0.057936180 0.996397257
1548339985.907560 -0.058736581 -0.004857955 0.124842748 -0.037262131 -0.047643203 -0.057462517 0.996513784
1548339985.941000 -0.042327285 -0.008638435 0.129390493 -0.037400160 -0.050773006 -0.055990785 0.996437848
1548339985.974500 -0.042404752 -0.017397135 0.124736294 -0.038311511 -0.051712062 -0.055871855 0.996361613
1548339986.008020 -0.047099452 -0.014341149 0.127585307 -0.037065145 -0.049107946 -0.055903286 0.996538699
1548339986.041540 -0.047489673 -0.015935389 0.127347454 -0.036339600 -0.048912715 -0.054905951 0.996630490
1548339986.075050 -0.028539591 -0.025868561 0.129500538 -0.036675751 -0.050273843 -0.054733545 0.996559918
1548339986.108570 -0.038269408 -0.009283625 0.131737247 -0.032721274 -0.045625813 -0.053652920 0.996979952
1548339986.142080 -0.030975237 -0.018538274 0.129237771 -0.032319319 -0.045621518 -0.052447990 0.997057319
1548339986.175600 -0.012178500 0.005827037 0.126693010 -0.026873788 -0.044288121 -0.052375708 0.997282863
1548339986.209150 -0.018303959 0.003716643 0.128576607 -0.026113879 -0.039254781 -0.049997024 0.997635901
1548339986.242670 -0.012733138 0.000757635 0.131484926 -0.025964089 -0.038097315 -0.049000755 0.997734129
1548339986.276180 -0.021041663 0.009927547 0.130684480 -0.024016989 -0.033448983 -0.048970647 0.997951031
1548339986.309730 -0.027365252 0.002094098 0.127621576 -0.025383621 -0.030741483 -0.048695099 0.998017728
1548339986.343250 -0.021281101 0.002599944 0.129281804 -0.026022715 -0.029692147 -0.049309030 0.998002946
1548339986.376760 -0.028863793 0.008314039 0.127867013 -0.026038788 -0.026573291 -0.048527461 0.998128712
1548339986.410280 -0.036278516 -0.005423966 0.130842730 -0.029137768 -0.025603395 -0.049807981 0.998005331
1548339986.443800 -0.024348693 0.011470461 0.131635293 -0.027082102 -0.026518587 -0.051507279 0.997953057
1548339986.477310 -0.025829706 0.015181403 0.128872663 -0.027308691 -0.022593979 -0.053715933 0.997927010
1548339986.510830 -0.030188518 0.014205646 0.135200605 -0.028085720 -0.019145800 -0.054080427 0.997957885
1548339986.544310 -0.023027610 0.006222692 0.134581253 -0.029098671 -0.018173739 -0.055385876 0.997875452
1548339986.577790 -0.019132925 0.002548113 0.138780281 -0.028914697 -0.015099840 -0.056049667 0.997894943
1548339986.611310 -0.028268918 -0.002170891 0.137558967 -0.028692368 -0.011428470 -0.056301765 0.997935951
1548339986.644790 -0.028516443 -0.003852763 0.137550056 -0.027863266 -0.009932389 -0.056795947 0.997947514
1548339986.678260 -0.018329130 0.000679186 0.135943979 -0.025638066 -0.009327351 -0.057396580 0.997978628
1548339986.711740 -0.017893624 -0.004031808 0.137337431 -0.025513489 -0.005519323 -0.057726771 0.997991085
1548339986.745260 -0.026018482 0.003349721 0.137192324 -0.023794431 -0.001799198 -0.058061313 0.998027802
1548339986.778760 -0.017087677 0.000147535 0.138637662 -0.023838490 -0.001040900 -0.058650240 0.997993350
1548339986.812250 -0.015141119 0.008304892 0.139254570 -0.021911304 0.001648219 -0.059844159 0.997965872
1548339986.845760 -0.025213612 0.004139483 0.135378987 -0.022568645 0.005364919 -0.060176603 0.997918189
1548339986.879280 -0.027419418 0.005987263 0.137335017 -0.022355553 0.007151716 -0.060883254 0.997868896
1548339986.912790 -0.019920710 0.010589704 0.139224172 -0.021955302 0.007961502 -0.061146665 0.997855484
1548339986.946310 -0.017365322 0.011403789 0.141483426 -0.022350807 0.009646345 -0.060918894 0.997845829
1548339986.979830 -0.029229388 0.014750768 0.138879716 -0.022068296 0.012790740 -0.060985830 0.997812629
1548339987.013340 -0.015795710 0.011162638 0.142481610 -0.022778912 0.012292786 -0.059691336 0.997881234
1548339987.046860 -0.020687839 0.013626888 0.141540393 -0.022692729 0.014601041 -0.058627646 0.997915149
1548339987.080370 -0.015627073 0.006182945 0.141892999 -0.024264904 0.014709138 -0.057591684 0.997936904
1548339987.113890 -0.010676717 0.009143910 0.140566051 -0.024246708 0.015067260 -0.057196479 0.997954726
1548339987.147410 -0.014787777 0.019153802 0.142542481 -0.023394117 0.017108742 -0.056382123 0.997988522
1548339987.180950 -0.014295748 0.016274847 0.141062200 -0.024585538 0.017212508 -0.055680219 0.997997463
1548339987.214490 -0.007318915 0.021675453 0.143689007 -0.024387313 0.017065274 -0.055436909 0.998018384
1548339987.247950 -0.015695218 0.018257618 0.143477172 -0.025587829 0.019254737 -0.054669864 0.997990847
1548339987.281470 -0.016042491 0.010058335 0.145172283 -0.027590621 0.019082149 -0.053633027 0.997997046
1548339987.315040 -0.014582525 0.014345048 0.145335689 -0.027082441 0.018726297 -0.052988794 0.998052120
1548339987.348580 -0.013903121 0.011558481 0.143453941 -0.027717914 0.018766172 -0.052053280 0.998083174
1548339987.382320 -0.012740329 0.017616643 0.143046901 -0.027064539 0.018753389 -0.051490717 0.998130500
1548339987.415920 -0.014519686 0.016438367 0.143382475 -0.027743842 0.019108601 -0.051437654 0.998107851
1548339987.449450 -0.007309590 0.007393221 0.142698258 -0.029493356 0.018034089 -0.050798353 0.998110414
1548339987.482990 -0.011439838 0.013136051 0.142070189 -0.028776439 0.018747898 -0.051504612 0.998082042
1548339987.516480 -0.010846519 0.006762285 0.141298860 -0.029833339 0.018759964 -0.051574986 0.998047113
1548339987.550000 -0.001477327 0.016978126 0.141164705 -0.027970042 0.017267518 -0.051705949 0.998121262
1548339987.583510 -0.008949679 0.007485339 0.141848505 -0.029373962 0.018616449 -0.052372687 0.998021901
1548339987.617030 -0.010964743 0.002872058 0.141336784 -0.029268462 0.019580429 -0.052221622 0.998014450
1548339987.650540 -0.011901394 0.002445629 0.141537935 -0.028407644 0.020027298 -0.052475773 0.998017132
1548339987.684040 -0.008766953 0.005711891 0.139685795 -0.026769901 0.019840071 -0.052535936 0.998062968
