1548339959.129720 0.0000000 0.0000000 0.0000000 0.0000000 0.0000000 0.0000000 1.0000000
1548339959.665330 -0.0185070 -0.0021996 -0.0134315 -0.0035105 -0.0084032 -0.0086659 0.9999210
1548339959.698850 -0.0177829 -0.0101095 -0.0199049 -0.0042913 -0.0093202 -0.0055464 0.9999320
1548339960.067560 -0.0135039 -0.0042720 -0.0308247 -0.0114063 -0.0141636 -0.0137056 0.9997407
1548339960.503900 -0.0246194 0.0203323 -0.0346838 -0.0210932 -0.0011737 -0.0110598 0.9997156
1548339960.939860 -0.0140776 -0.0233696 -0.0163883 -0.0045240 -0.0141427 -0.0083341 0.9998550
1548339961.308010 -0.0196078 -0.0219950 -0.0147945 0.0059147 -0.0133159 -0.0039919 0.9998859
1548339961.776660 -0.0047992 -0.0040264 -0.0093760 -0.0143270 0.0000072 -0.0056417 0.9998814
1548339962.178800 -0.0209178 0.0179200 -0.0205368 -0.0133321 -0.0115009 -0.0105666 0.9997891
1548339962.547820 -0.0477603 0.0228725 -0.0214561 -0.0247170 -0.0372893 -0.0222665 0.9987506
1548339962.682030 -0.0738884 0.0291321 -0.0247859 -0.0246939 -0.0422655 -0.0260484 0.9984615
1548339963.117540 -0.0458546 0.0259890 -0.0130654 -0.0189902 -0.0664305 -0.0240607 0.9973201
1548339963.453200 -0.1162078 0.0189756 -0.0201551 -0.0060279 -0.0743260 -0.0305664 0.9967472
1548339963.620650 -0.1534033 0.0202135 -0.0322274 -0.0053242 -0.0942922 -0.0387802 0.9947747
1548339963.687540 -0.1635010 0.0215056 -0.0245415 -0.0064962 -0.1007815 -0.0472982 0.9937624
1548339963.921480 -0.1624069 0.0174677 0.0142236 -0.0107577 -0.1273578 -0.0535478 0.9903519
1548339964.055500 -0.1280424 0.0032280 0.0162055 -0.0014158 -0.1434517 -0.0472309 0.9885286
1548339964.625840 -0.0810761 -0.0182323 0.0444550 -0.0107428 -0.1291403 -0.0580468 0.9898676
1548339965.061220 -0.0801318 0.0058487 0.0307615 -0.0334395 -0.0783106 -0.0571580 0.9947272
1548339965.362300 -0.1079215 0.0327998 0.0157973 -0.0413757 -0.0352055 -0.0558681 0.9969591
1548339965.832160 -0.1764288 -0.0082474 0.0153942 -0.0283642 0.0616939 -0.0317260 0.9971874
1548339966.803890 -0.0189236 0.0247996 -0.0048194 0.0050112 0.1584439 -0.0073855 0.9873276
1548339966.904430 0.0536237 0.0229064 -0.0321149 0.0055550 0.1618739 -0.0007513 0.9867955
1548339967.239360 0.0674772 0.0212434 -0.0313512 0.0096978 0.2041550 0.0159511 0.9787606
1548339968.178440 0.0615569 0.0457745 -0.0390816 -0.0150797 0.2008547 0.0223385 0.9792503
1548339968.346020 0.0387483 0.0517802 -0.0367019 -0.0196730 0.1671080 0.0163334 0.9856070
1548339968.413210 -0.0387956 0.0253682 -0.0088883 -0.0225370 0.1558019 0.0087272 0.9874926
1548339968.681180 0.1090584 -0.0020928 -0.0240556 -0.0326085 0.0769216 -0.0030223 0.9964992
1548339968.781730 0.2013848 -0.0098138 -0.0068280 -0.0319694 0.0465893 -0.0036010 0.9983959
1548339968.982610 0.0635519 0.0030353 -0.0187673 -0.0208447 0.0372811 -0.0173598 0.9989365
1548339969.083170 0.1713934 -0.0874105 0.0059730 -0.0334774 0.0057706 -0.0145152 0.9993174
1548339969.250780 0.3275902 -0.0552312 -0.0428463 -0.0204970 -0.0533006 -0.0101217 0.9983168
1548339969.317810 0.0013448 0.0073928 -0.0308823 -0.0142065 -0.0169925 -0.0344350 0.9991615
1548339969.451910 0.0255536 -0.0191994 -0.0240776 -0.0171569 -0.0382943 -0.0355655 0.9984860
1548339969.518960 0.0345671 0.0209817 -0.0302635 -0.0095579 -0.0511607 -0.0446197 0.9976474
1548339969.552460 0.0652184 0.0187437 -0.0177692 -0.0071728 -0.0561307 -0.0424248 0.9974959
1548339969.653010 -0.0264838 -0.0105758 -0.0356472 -0.0053465 -0.0471449 -0.0478731 0.9977259
1548339969.719970 -0.0886921 -0.0339893 -0.0389688 -0.0044238 -0.0427166 -0.0481540 0.9979163
1548339969.919710 0.0463407 -0.0153920 -0.0449743 0.0030508 -0.0588202 -0.0428070 0.9973457
1548339970.792360 -0.0179667 0.0460734 -0.0535091 -0.0321405 -0.0047398 -0.0397311 0.9986821
1548339971.027110 -0.0066451 0.0540933 -0.0292692 -0.0352887 0.0184096 -0.0359932 0.9985591
1548339971.965570 0.0499090 -0.0048614 -0.0198482 0.0285595 0.1314239 0.0001340 0.9909148
1548339972.401180 0.0731803 0.0001389 -0.0528082 0.0383791 0.1743818 0.0228202 0.9836652
1548339972.770480 0.1216753 -0.0040432 -0.0581618 0.0431674 0.2068784 0.0230453 0.9771422
1548339972.904550 0.0985191 -0.0046306 -0.0624718 0.0541340 0.2292302 0.0280432 0.9714611
1548339973.104790 0.0831230 -0.0097347 -0.0731749 0.0615590 0.2582493 0.0229667 0.9638414
1548339973.305890 0.0849064 -0.0269888 -0.0884068 0.0585549 0.2778541 0.0266594 0.9584664
1548339973.540930 0.0870715 -0.0248146 -0.0986534 0.0516573 0.2773891 0.0217994 0.9591202
1548339973.641230 0.0492173 -0.0126732 -0.0824035 0.0468826 0.2626631 0.0068926 0.9637233
1548339973.707870 0.0145705 0.0034802 -0.0647035 0.0415049 0.2615628 0.0018064 0.9642920
1548339973.808420 0.0373279 0.0128391 -0.0670461 0.0340597 0.2494226 0.0062505 0.9677754
1548339973.875450 0.0417444 -0.0050096 -0.0632433 0.0312894 0.2471506 0.0116085 0.9684022
1548339975.652030 -0.0409204 -0.0045602 -0.0278468 0.0195747 0.0381538 -0.0323767 0.9985554
1548339976.791660 -0.1220535 0.0163276 0.0279206 -0.0176247 -0.0491699 -0.0569419 0.9970102
1548339977.797590 -0.1480839 0.0442128 0.0378067 -0.0226037 -0.2016698 -0.1002495 0.9740474
1548339978.903380 -0.1067497 0.0056373 0.0954869 -0.0160992 -0.1284605 -0.0853932 0.9879001
1548339979.137660 -0.0849248 -0.0113645 0.1005513 -0.0175053 -0.0948198 -0.0769029 0.9923652
1548339979.204580 -0.0214899 -0.0114070 0.1040972 -0.0169498 -0.0910322 -0.0682706 0.9933605
1548339979.439110 -0.0629987 -0.0065955 0.0912601 -0.0183041 -0.0526009 -0.0601160 0.9966365
1548339979.606680 -0.1918475 0.0223821 0.0331021 -0.0150559 -0.0172643 -0.0649000 0.9976288
1548339979.673730 -0.1890638 0.0828418 -0.0490937 -0.0051547 -0.0106055 -0.0665326 0.9977146
1548339979.741250 -0.2424387 0.1161225 -0.0837448 0.0009695 0.0036432 -0.0746204 0.9972049
1548339979.808800 -0.2821839 0.1598422 -0.1278839 0.0081218 0.0138655 -0.0819348 0.9965081
1548339979.875910 -0.3448808 0.1832376 -0.1501053 0.0112138 0.0300212 -0.0902056 0.9954074
1548339979.942930 -0.4112681 0.2065555 -0.1702426 0.0129903 0.0464509 -0.0942110 0.9943832
1548339980.043490 -0.5425780 0.1523709 -0.1747511 0.0000576 0.0732913 -0.0910962 0.9931414
1548339980.210280 -0.5018355 0.1457071 -0.1774368 -0.0031594 0.0840565 -0.0860172 0.9927364
1548339980.444740 -0.5226014 0.1638658 -0.1661546 0.0082866 0.1111201 -0.0785875 0.9906602
1548339981.450230 -0.5002260 0.1059631 -0.1654720 0.0302051 0.1818285 -0.0586785 0.9811131
1548339981.751220 -0.5146548 0.1095576 -0.1448132 0.0166141 0.1966470 -0.0564898 0.9787047
1548339982.488890 0.0005199 -0.0179584 0.0788198 -0.0053361 0.0658398 -0.0173843 0.9976645
1548339983.159580 -0.0269626 -0.0311879 0.0976180 -0.0205409 0.0149773 -0.0305710 0.9992093
1548339984.165010 -0.0141872 0.0014915 0.1125287 -0.0323055 -0.0039540 -0.0412037 0.9986205
1548339985.605980 -0.1113528 -0.0229659 0.1332386 -0.0310692 0.0051969 -0.0495213 0.9982762
