1548265208.042000 0.039755620 -0.012094147 -0.031617090 -0.032900353 -0.034807925 0.028814819 0.998436619
1548265208.075470 0.021216913 -0.004392376 -0.035129824 -0.030853315 -0.029485719 0.023683933 0.998808158
1548265208.108770 0.027331315 0.008376874 -0.031197678 -0.025924838 -0.028112391 0.019063416 0.999086674
1548265208.408630 0.009266326 -0.014463868 -0.029094089 -0.045704064 -0.036476702 0.020111518 0.998086227
1548265208.677520 0.002963741 0.065428569 -0.037796702 -0.033569755 -0.056258580 0.003443211 0.997845774
1548265208.744630 -0.006026960 0.077029655 -0.032220633 -0.044529221 -0.056389907 0.000307412 0.997415276
1548265209.113270 -0.028703691 0.132582247 -0.030921419 -0.060358147 -0.050867834 -0.006129312 0.996860968
1548265209.279330 -0.025067645 0.174062702 -0.008894024 -0.064935924 -0.052476411 -0.012236679 0.996433548
1548265209.380570 -0.020390179 0.205251754 0.001557621 -0.075263672 -0.036950397 -0.027170880 0.996108323
1548265209.447730 -0.031509152 0.215206084 0.024387341 -0.082633135 -0.032659532 -0.035657203 0.995406291
1548265209.514910 -0.018408354 0.214874083 0.041763558 -0.089083223 -0.030555303 -0.044404505 0.994564625
1548265209.648820 -0.014939271 0.202463017 0.081544234 -0.092281371 -0.002231299 -0.048394017 0.994553764
1548265209.850040 -0.008487887 0.128281992 0.105853627 -0.072070553 0.018524797 -0.013473665 0.997136464
1548265209.917070 0.027381604 0.095516722 0.114310223 -0.054052750 0.002160634 -0.001803143 0.998534116
1548265209.984110 -0.008457214 0.063347700 0.119364384 -0.037827537 0.009672901 0.010312909 0.999184245
1548265210.118170 0.020186002 -0.011137172 0.119329976 -0.024203462 0.011094641 0.016303462 0.999512530
1548265210.218820 0.018652047 -0.042232710 0.110043481 0.004269547 0.014066961 0.016826997 0.999750341
1548265210.386660 0.039189561 -0.068633133 0.095617181 0.025341197 0.040909332 0.008185488 0.998807913
1548265210.487210 0.046844234 -0.112964112 0.085775899 0.030501663 0.059970413 0.019471597 0.997544012
1548265210.587780 0.060465347 -0.129823847 0.079819880 0.038697662 0.078054304 0.025519279 0.995870867
1548265210.755360 0.091082997 -0.157822658 0.062945557 0.044413420 0.099971275 0.040992480 0.993152964
1548265210.956380 0.126322417 -0.163150469 0.050414560 0.034033762 0.128607241 0.043118617 0.990173048
1548265211.157150 0.145941804 -0.208695331 0.054791421 0.045807842 0.154369946 0.056083944 0.985355851
1548265211.291210 0.167875502 -0.214375418 0.042670277 0.063538953 0.166867678 0.061510575 0.982005310
1548265211.425230 0.204068020 -0.203754254 0.033974434 0.056677351 0.204458307 0.064321571 0.975113949
1548265211.559340 0.212209264 -0.170979159 0.034895825 0.039709121 0.225470077 0.060183944 0.971578264
1548265211.827320 0.227354726 -0.118687639 0.039697971 -0.012637158 0.231822769 0.057544842 0.970972243
1548265211.995180 0.231880922 -0.101302809 0.033489793 -0.031797315 0.250287807 0.065556646 0.965425953
1548265212.297060 0.222226625 -0.054065270 0.027172604 -0.040238328 0.276276810 0.069456293 0.957720118
1548265212.431120 0.231540589 -0.022684432 0.018163658 -0.051490570 0.279872684 0.070292880 0.956074742
1548265212.899840 0.217872268 0.051434048 0.010919051 -0.071576237 0.284726304 0.055311276 0.954331408
1548265213.067420 0.225540407 0.041764332 -0.005232812 -0.068089689 0.304234676 0.054578706 0.948591704
1548265213.235400 0.218226765 0.037650330 -0.031774620 -0.054069610 0.307509691 0.061305807 0.948027355
1548265213.805030 0.217691092 -0.000418601 -0.119020180 -0.032118229 0.348462580 0.082522368 0.933130381
1548265214.440890 0.200703110 -0.034605696 -0.186878076 -0.021241511 0.362023893 0.103522406 0.926159064
1548265214.641840 0.194944916 -0.054149491 -0.198423994 -0.007248607 0.358228156 0.102569995 0.927954439
1548265214.843470 0.199119061 -0.080846984 -0.199853026 0.006986064 0.343101991 0.104624685 0.933426962
1548265215.212310 0.233086993 -0.116637441 -0.214624290 0.009534050 0.342581994 0.111288696 0.932824477
1548265215.413340 0.255233361 -0.147322574 -0.230360899 0.028763376 0.351025378 0.110782521 0.929344439
1548265215.580780 0.236527315 -0.155320028 -0.231460075 0.030530454 0.374047071 0.105521019 0.920881097
1548265215.882420 0.232755432 -0.154388556 -0.239667155 0.012338119 0.393311766 0.110708959 0.912631992
1548265216.519540 0.198339134 -0.138418052 -0.248879096 0.010687750 0.402516546 0.100521242 0.909814092
1548265216.720560 0.191118237 -0.124164718 -0.239650692 0.011601009 0.403165577 0.091928446 0.910424129
1548265216.854620 0.188646855 -0.120905288 -0.237933469 0.008395346 0.398958463 0.092960477 0.912206124
1548265217.022200 0.190242684 -0.101771370 -0.227476474 -0.000562510 0.406185510 0.091528274 0.909195023
1548265217.190030 0.192705982 -0.111813267 -0.223706483 -0.001469368 0.409473817 0.090418553 0.907829014
1548265217.357370 0.207198294 -0.102671203 -0.233834134 -0.010019424 0.413682786 0.095245278 0.905369814
1548265217.591940 0.190171619 -0.074885887 -0.225698127 -0.015773387 0.408898062 0.094941412 0.907490884
1548265217.759560 0.179405321 -0.065334833 -0.223398749 -0.022969571 0.410270259 0.093263963 0.906891695
1548265217.927140 0.163050229 -0.049743737 -0.210492995 -0.028068261 0.399025276 0.095087966 0.911564195
1548265218.128260 0.173876897 -0.024480138 -0.205394554 -0.041404655 0.388162963 0.091783415 0.916073673
1548265218.463820 0.162952554 -0.009302616 -0.197037132 -0.050924761 0.380042233 0.076176810 0.920419287
1548265218.665020 0.158826699 0.021605704 -0.195891246 -0.064119091 0.365452137 0.077905193 0.925345480
1548265218.899550 0.158336275 0.034107820 -0.187793930 -0.079156534 0.356144213 0.063149979 0.928928212
1548265219.133890 0.144883670 0.062074932 -0.171581806 -0.085754248 0.335913848 0.067414309 0.935555133
1548265219.401920 0.149409093 0.056847455 -0.164845009 -0.082018878 0.326835507 0.067620534 0.939084085
1548265219.670150 0.165473814 0.042173268 -0.162237830 -0.075243181 0.316776250 0.073708324 0.942633733
1548265220.005150 0.161190902 0.006954025 -0.153875429 -0.068250340 0.324333202 0.080200110 0.940062662
1548265220.574590 0.163702375 -0.068561853 -0.149576050 -0.055816546 0.299283355 0.085542530 0.948681433
1548265221.479930 0.151886800 -0.082895566 -0.203834429 -0.035104125 0.304003671 0.086018678 0.948129873
1548265221.747220 0.138234348 -0.047873882 -0.202278416 -0.048458455 0.313032782 0.085327308 0.944659466
1548265222.518670 0.125101597 0.062365040 -0.181130298 -0.062399089 0.303475373 0.084965372 0.946989935
1548265222.786680 0.137041751 0.091852629 -0.167550858 -0.071174909 0.300947910 0.089172851 0.946790732
1548265223.389730 0.136311157 0.158003709 -0.153755079 -0.084596989 0.308355216 0.097060032 0.942517777
1548265223.691350 0.122328182 0.109331622 -0.177171489 -0.038589890 0.368085066 0.084822409 0.925110460
1548265223.993030 0.126717638 0.063928424 -0.197969468 -0.024636394 0.400037597 0.093480648 0.911385943
1548265224.261180 0.135004678 0.015531846 -0.212963086 -0.020526640 0.411608992 0.087761135 0.906892870
1548265224.529310 0.132783443 -0.013857098 -0.217340285 -0.001132847 0.449923656 0.091022553 0.888415621
1548265225.098750 0.148312964 -0.083098086 -0.242412950 0.015792554 0.458212025 0.091654622 0.883963667
1548265225.366840 0.141058974 -0.136795068 -0.271862155 0.040912901 0.435197024 0.093325385 0.894550199
1548265225.634970 0.165122328 -0.172350917 -0.293959644 0.048379347 0.390817594 0.098773522 0.913873535
1548265225.937110 0.113797146 -0.172813652 -0.255482975 0.043672056 0.317829233 0.078139905 0.943912859
1548265226.305910 0.135769412 -0.163054379 -0.254985928 0.015881670 0.237140461 0.074245441 0.968503892
1548265226.674670 0.125749865 -0.123201139 -0.261893711 -0.005373846 0.223856691 0.069651008 0.972115241
1548265227.042890 0.124449325 -0.088068203 -0.237436405 -0.028750508 0.190491129 0.075147855 0.978386088
1548265228.182560 0.157225638 0.018183191 -0.216945846 -0.035278646 0.210792901 0.088068388 0.972916096
1548265228.584650 0.136522461 0.088367668 -0.207913597 -0.002166891 0.233614120 0.077126343 0.969263264
1548265228.953290 0.147790113 0.104855735 -0.203272056 -0.020974903 0.231677216 0.100165533 0.967394742
1548265229.355380 0.134812582 0.090355416 -0.218596939 -0.013639793 0.238062347 0.096591699 0.966338615
