1.000000 0.000000 0.000000 0.000000 0.000000 1.000000 0.000000 0.000000 0.000000 0.000000 1.000000 0.000000
0.999998 -0.001679 -0.001079 -0.011653 0.001678 0.999998 -0.001067 -0.008532 0.001080 0.001065 0.999999 0.594891
0.999992 -0.002133 -0.003435 0.027983 0.002123 0.999994 -0.002900 -0.014762 0.003441 0.002893 0.999990 1.188901
0.999973 -0.001826 -0.007113 0.091336 0.001791 0.999986 -0.004957 -0.013833 0.007122 0.004944 0.999962 1.811727
0.999920 -0.003281 -0.012212 0.211251 0.003192 0.999968 -0.007341 -0.019988 0.012235 0.007302 0.999898 2.413647
0.999873 -0.005479 -0.014996 0.258908 0.005333 0.999938 -0.009755 -0.028253 0.015048 0.009674 0.999840 3.004799
0.999710 -0.002232 -0.023963 0.494913 0.001739 0.999787 -0.020583 0.142857 0.024004 0.020535 0.999501 3.752795
0.999843 -0.006678 -0.016398 0.160777 0.006505 0.999923 -0.010592 -0.026095 0.016467 0.010484 0.999809 4.188950
0.999792 -0.007587 -0.018930 0.204070 0.007410 0.999928 -0.009405 -0.066086 0.019000 0.009263 0.999777 4.806231
0.999715 -0.005861 -0.023140 0.307067 0.005559 0.999899 -0.013082 -0.065447 0.023214 0.012950 0.999647 5.454218
0.999608 -0.002582 -0.027881 0.404559 0.002095 0.999845 -0.017459 -0.080510 0.027922 0.017394 0.999459 6.136848
0.999430 0.000118 -0.033751 0.527311 -0.000860 0.999758 -0.021992 -0.096412 0.033740 0.022009 0.999188 6.822033
0.999234 0.002802 -0.039041 0.624953 -0.003598 0.999787 -0.020330 -0.163907 0.038976 0.020455 0.999031 7.505855
0.999350 0.003727 -0.035842 0.433647 -0.004249 0.999886 -0.014495 -0.145155 0.035784 0.014638 0.999252 8.073915
0.998835 0.008461 -0.047505 0.760987 -0.008616 0.999958 -0.003070 -0.200262 0.047477 0.003476 0.998866 8.915823
0.998955 0.007009 -0.045171 0.623509 -0.006895 0.999973 0.002682 -0.177942 0.045189 -0.002367 0.998976 9.565923
0.998720 0.009918 -0.049595 0.694791 -0.009876 0.999951 0.001087 -0.171436 0.049604 -0.000596 0.998769 10.298707
0.998553 0.010761 -0.052683 0.703146 -0.011265 0.999893 -0.009277 -0.110818 0.052578 0.009857 0.998568 11.097524
0.998143 0.011623 -0.059786 0.802837 -0.012465 0.999828 -0.013732 -0.150204 0.059616 0.014451 0.998117 11.950195
0.997953 0.007874 -0.063467 0.854318 -0.008920 0.999829 -0.016204 -0.053606 0.063328 0.016736 0.997852 12.703779
0.997535 0.009547 -0.069522 0.896616 -0.010072 0.999923 -0.007202 -0.090578 0.069448 0.007885 0.997554 13.707094
0.997577 0.008881 -0.068998 0.889268 -0.008770 0.999960 0.001919 -0.122183 0.069012 -0.001309 0.997615 14.178213
0.997253 0.009187 -0.073495 0.951887 -0.008926 0.999953 0.003880 -0.130422 0.073527 -0.003214 0.997288 15.022335
0.997050 0.006677 -0.076467 0.953458 -0.006472 0.999975 0.002928 -0.142240 0.076484 -0.002424 0.997068 15.885612
0.996782 0.007682 -0.079793 0.995418 -0.007509 0.999969 0.002467 -0.190989 0.079810 -0.001859 0.996808 16.781925
0.996314 0.011368 -0.085023 1.006274 -0.011622 0.999929 -0.002493 -0.184064 0.084988 0.003472 0.996376 17.853010
0.995990 0.007913 -0.089112 1.051778 -0.009151 0.999867 -0.013502 -0.089998 0.088993 0.014263 0.995930 18.738659
0.995552 0.002262 -0.094185 1.091463 -0.004006 0.999824 -0.018331 -0.131639 0.094127 0.018627 0.995386 19.730625
0.995214 0.002856 -0.097682 1.087608 -0.005540 0.999614 -0.027218 -0.088450 0.097567 0.027629 0.994845 20.733793
0.994714 0.004081 -0.102604 1.046539 -0.007143 0.999539 -0.029494 -0.111326 0.102436 0.030071 0.994285 21.845688
0.993843 0.002861 -0.110756 1.082637 -0.006370 0.999489 -0.031336 -0.103731 0.110610 0.031849 0.993353 22.913151
0.993365 0.001547 -0.114996 1.044004 -0.005697 0.999344 -0.035769 -0.072319 0.114866 0.036187 0.992722 23.932287
0.992616 0.000405 -0.121294 1.052539 -0.005015 0.999276 -0.037702 -0.097750 0.121191 0.038031 0.991900 24.959980
0.991617 0.001232 -0.129207 1.014937 -0.006430 0.999186 -0.039817 -0.120790 0.129053 0.040314 0.990818 26.098932
0.990507 -0.003406 -0.137421 1.043458 -0.002002 0.999230 -0.039195 -0.166836 0.137449 0.039098 0.989737 27.126642
0.989829 0.000839 -0.142262 0.952996 -0.006652 0.999162 -0.040390 -0.214481 0.142109 0.040926 0.989004 28.233866
0.988603 -0.000517 -0.150548 0.911758 -0.005715 0.999144 -0.040963 -0.257532 0.150440 0.041356 0.987754 29.352585
0.987134 -0.001169 -0.159890 0.870281 -0.005267 0.999193 -0.039827 -0.319180 0.159807 0.040157 0.986331 30.489500
0.985643 0.000518 -0.168841 0.789585 -0.006642 0.999340 -0.035706 -0.411026 0.168711 0.036315 0.984996 31.639925
0.983776 0.001586 -0.179395 0.713314 -0.007664 0.999420 -0.033192 -0.488438 0.179239 0.034028 0.983217 32.802387
0.981699 0.000299 -0.190441 0.621773 -0.006605 0.999451 -0.032482 -0.556103 0.190326 0.033145 0.981161 33.930553
0.979187 0.001143 -0.202959 0.535599 -0.007476 0.999509 -0.030438 -0.633597 0.202825 0.031322 0.978714 35.088108
0.975573 0.002205 -0.219664 0.481443 -0.007486 0.999703 -0.023211 -0.787753 0.219548 0.024289 0.975299 36.267159
0.971558 -0.003674 -0.236774 0.328810 -0.004089 0.999470 -0.032288 -0.654580 0.236767 0.032338 0.971028 37.452461
0.968687 -0.002999 -0.248266 0.108355 -0.004297 0.999575 -0.028842 -0.694133 0.248247 0.029006 0.968262 38.676903
0.959733 -0.000083 -0.280912 0.141941 -0.009424 0.999427 -0.032493 -0.731445 0.280754 0.033832 0.959183 39.989548
0.980092 -0.015763 -0.197916 0.032982 0.009651 0.999447 -0.031806 -0.591351 0.198308 0.029263 0.979703 37.169300
0.980092 -0.015763 -0.197916 0.032982 0.009651 0.999447 -0.031806 -0.591351 0.198308 0.029263 0.979703 37.169300
0.980092 -0.015763 -0.197916 0.032982 0.009651 0.999447 -0.031806 -0.591351 0.198308 0.029263 0.979703 37.169300
0.980092 -0.015763 -0.197916 0.032982 0.009651 0.999447 -0.031806 -0.591351 0.198308 0.029263 0.979703 37.169300
0.980092 -0.015763 -0.197916 0.032982 0.009651 0.999447 -0.031806 -0.591351 0.198308 0.029263 0.979703 37.169300
0.980092 -0.015763 -0.197916 0.032982 0.009651 0.999447 -0.031806 -0.591351 0.198308 0.029263 0.979703 37.169300
0.980092 -0.015763 -0.197916 0.032982 0.009651 0.999447 -0.031806 -0.591351 0.198308 0.029263 0.979703 37.169300
0.980092 -0.015763 -0.197916 0.032982 0.009651 0.999447 -0.031806 -0.591351 0.198308 0.029263 0.979703 37.169300
0.980092 -0.015763 -0.197916 0.032982 0.009651 0.999447 -0.031806 -0.591351 0.198308 0.029263 0.979703 37.169300
0.980092 -0.015763 -0.197916 0.032982 0.009651 0.999447 -0.031806 -0.591351 0.198308 0.029263 0.979703 37.169300
0.980092 -0.015763 -0.197916 0.032982 0.009651 0.999447 -0.031806 -0.591351 0.198308 0.029263 0.979703 37.169300
0.980092 -0.015763 -0.197916 0.032982 0.009651 0.999447 -0.031806 -0.591351 0.198308 0.029263 0.979703 37.169300
0.980092 -0.015763 -0.197916 0.032982 0.009651 0.999447 -0.031806 -0.591351 0.198308 0.029263 0.979703 37.169300
0.980092 -0.015763 -0.197916 0.032982 0.009651 0.999447 -0.031806 -0.591351 0.198308 0.029263 0.979703 37.169300
0.980092 -0.015763 -0.197916 0.032982 0.009651 0.999447 -0.031806 -0.591351 0.198308 0.029263 0.979703 37.169300
0.980092 -0.015763 -0.197916 0.032982 0.009651 0.999447 -0.031806 -0.591351 0.198308 0.029263 0.979703 37.169300
0.980092 -0.015763 -0.197916 0.032982 0.009651 0.999447 -0.031806 -0.591351 0.198308 0.029263 0.979703 37.169300
0.980092 -0.015763 -0.197916 0.032982 0.009651 0.999447 -0.031806 -0.591351 0.198308 0.029263 0.979703 37.169300
0.980092 -0.015763 -0.197916 0.032982 0.009651 0.999447 -0.031806 -0.591351 0.198308 0.029263 0.979703 37.169300
0.980092 -0.015763 -0.197916 0.032982 0.009651 0.999447 -0.031806 -0.591351 0.198308 0.029263 0.979703 37.169300
0.980092 -0.015763 -0.197916 0.032982 0.009651 0.999447 -0.031806 -0.591351 0.198308 0.029263 0.979703 37.169300
0.980092 -0.015763 -0.197916 0.032982 0.009651 0.999447 -0.031806 -0.591351 0.198308 0.029263 0.979703 37.169300
0.980092 -0.015763 -0.197916 0.032982 0.009651 0.999447 -0.031806 -0.591351 0.198308 0.029263 0.979703 37.169300
0.980092 -0.015763 -0.197916 0.032982 0.009651 0.999447 -0.031806 -0.591351 0.198308 0.029263 0.979703 37.169300
0.980092 -0.015763 -0.197916 0.032982 0.009651 0.999447 -0.031806 -0.591351 0.198308 0.029263 0.979703 37.169300
0.980092 -0.015763 -0.197916 0.032982 0.009651 0.999447 -0.031806 -0.591351 0.198308 0.029263 0.979703 37.169300
0.980092 -0.015763 -0.197916 0.032982 0.009651 0.999447 -0.031806 -0.591351 0.198308 0.029263 0.979703 37.169300
0.980092 -0.015763 -0.197916 0.032982 0.009651 0.999447 -0.031806 -0.591351 0.198308 0.029263 0.979703 37.169300
0.980092 -0.015763 -0.197916 0.032982 0.009651 0.999447 -0.031806 -0.591351 0.198308 0.029263 0.979703 37.169300
0.980092 -0.015763 -0.197916 0.032982 0.009651 0.999447 -0.031806 -0.591351 0.198308 0.029263 0.979703 37.169300
0.980092 -0.015763 -0.197916 0.032982 0.009651 0.999447 -0.031806 -0.591351 0.198308 0.029263 0.979703 37.169300
0.980092 -0.015763 -0.197916 0.032982 0.009651 0.999447 -0.031806 -0.591351 0.198308 0.029263 0.979703 37.169300
0.980092 -0.015763 -0.197916 0.032982 0.009651 0.999447 -0.031806 -0.591351 0.198308 0.029263 0.979703 37.169300
0.980092 -0.015763 -0.197916 0.032982 0.009651 0.999447 -0.031806 -0.591351 0.198308 0.029263 0.979703 37.169300
0.980092 -0.015763 -0.197916 0.032982 0.009651 0.999447 -0.031806 -0.591351 0.198308 0.029263 0.979703 37.169300
0.980092 -0.015763 -0.197916 0.032982 0.009651 0.999447 -0.031806 -0.591351 0.198308 0.029263 0.979703 37.169300
0.980092 -0.015763 -0.197916 0.032982 0.009651 0.999447 -0.031806 -0.591351 0.198308 0.029263 0.979703 37.169300
0.980092 -0.015763 -0.197916 0.032982 0.009651 0.999447 -0.031806 -0.591351 0.198308 0.029263 0.979703 37.169300
0.980092 -0.015763 -0.197916 0.032982 0.009651 0.999447 -0.031806 -0.591351 0.198308 0.029263 0.979703 37.169300
0.980092 -0.015763 -0.197916 0.032982 0.009651 0.999447 -0.031806 -0.591351 0.198308 0.029263 0.979703 37.169300
0.980092 -0.015763 -0.197916 0.032982 0.009651 0.999447 -0.031806 -0.591351 0.198308 0.029263 0.979703 37.169300
0.980092 -0.015763 -0.197916 0.032982 0.009651 0.999447 -0.031806 -0.591351 0.198308 0.029263 0.979703 37.169300
0.980092 -0.015763 -0.197916 0.032982 0.009651 0.999447 -0.031806 -0.591351 0.198308 0.029263 0.979703 37.169300
0.980092 -0.015763 -0.197916 0.032982 0.009651 0.999447 -0.031806 -0.591351 0.198308 0.029263 0.979703 37.169300
0.980092 -0.015763 -0.197916 0.032982 0.009651 0.999447 -0.031806 -0.591351 0.198308 0.029263 0.979703 37.169300
0.980092 -0.015763 -0.197916 0.032982 0.009651 0.999447 -0.031806 -0.591351 0.198308 0.029263 0.979703 37.169300
0.980092 -0.015763 -0.197916 0.032982 0.009651 0.999447 -0.031806 -0.591351 0.198308 0.029263 0.979703 37.169300
0.980092 -0.015763 -0.197916 0.032982 0.009651 0.999447 -0.031806 -0.591351 0.198308 0.029263 0.979703 37.169300
0.980092 -0.015763 -0.197916 0.032982 0.009651 0.999447 -0.031806 -0.591351 0.198308 0.029263 0.979703 37.169300
0.980092 -0.015763 -0.197916 0.032982 0.009651 0.999447 -0.031806 -0.591351 0.198308 0.029263 0.979703 37.169300
0.980092 -0.015763 -0.197916 0.032982 0.009651 0.999447 -0.031806 -0.591351 0.198308 0.029263 0.979703 37.169300
0.980092 -0.015763 -0.197916 0.032982 0.009651 0.999447 -0.031806 -0.591351 0.198308 0.029263 0.979703 37.169300
0.980092 -0.015763 -0.197916 0.032982 0.009651 0.999447 -0.031806 -0.591351 0.198308 0.029263 0.979703 37.169300
0.980092 -0.015763 -0.197916 0.032982 0.009651 0.999447 -0.031806 -0.591351 0.198308 0.029263 0.979703 37.169300
