0.000000 0.0000000 0.0000000 0.0000000 0.0000000 0.0000000 0.0000000 1.0000000
0.208477 -0.0094413 -0.0222805 1.2195249 0.0012247 -0.0013457 0.0010573 0.9999978
0.312729 -0.0072939 -0.0341022 1.8171527 0.0019438 -0.0024779 0.0012183 0.9999943
0.625476 -0.0053223 -0.0710150 3.6494045 0.0041028 -0.0054138 0.0041658 0.9999682
0.833976 -0.0204077 -0.1025045 4.9056549 0.0039787 -0.0068516 0.0044650 0.9999586
1.042605 -0.0374165 -0.1377580 6.1947541 0.0072059 -0.0083743 0.0033065 0.9999335
1.459603 -0.0932144 -0.1900868 8.9489117 0.0004064 -0.0111489 0.0003985 0.9999377
2.085105 -0.2038724 -0.2441068 13.5461245 -0.0014145 -0.0148770 -0.0006070 0.9998881
3.023358 -0.4335512 -0.2849176 21.6752110 0.0064144 -0.0149870 0.0031334 0.9998622
4.169606 -1.2914112 -0.3648630 33.0219917 0.0086642 -0.0146427 0.0056448 0.9998393
5.315611 -1.6579777 -0.6230730 43.7728920 0.0038478 -0.0188021 0.0022553 0.9998133
6.357731 -1.9916499 -0.8712300 52.8517838 0.0082431 -0.0195727 -0.0002286 0.9997745
6.774485 -2.1325536 -0.9782611 56.3795967 0.0110090 -0.0197119 0.0042291 0.9997361
7.712108 -2.5037971 -1.1965181 64.2694550 0.0109682 -0.0189092 0.0067876 0.9997380
8.232862 -2.7402892 -1.3187879 68.7342300 0.0078149 -0.0192823 0.0104771 0.9997286
8.753612 -3.0427589 -1.4209400 73.1241684 0.0105691 -0.0202310 0.0120577 0.9996668
9.065987 -3.2647049 -1.5188305 75.7516708 0.0061239 -0.0203424 0.0113794 0.9997095
9.482610 -3.5855329 -1.6336141 79.1592484 0.0076839 -0.0202638 0.0146305 0.9996581
9.794986 -3.8875527 -1.7387360 81.6001205 0.0048875 -0.0191245 0.0178214 0.9996463
10.211610 -4.2462955 -1.8312405 84.7627106 0.0063693 -0.0235243 0.0214191 0.9994735
