1548266633.500990 0.000000000 0.000000000 0.000000000 -0.000000000 -0.000000000 -0.000000000 1.000000000
1548266633.534510 0.002596398 -0.001347519 -0.003234015 0.002130871 0.000568902 -0.000196044 0.999997556
1548266633.567900 -0.000412844 -0.001357418 -0.003508245 0.004570833 0.001395418 0.001633208 0.999987245
1548266633.601420 0.002099513 -0.004161809 -0.006864890 0.006127757 -0.000364564 0.001136369 0.999980509
1548266633.634220 0.004706843 -0.007822695 -0.011153774 0.007388215 -0.000364434 0.000312561 0.999972641
1548266633.667580 0.000990993 -0.009029672 -0.012386024 0.008974919 0.001046036 0.001717587 0.999957740
1548266633.699680 0.001822075 -0.011914155 -0.015186091 0.010268332 0.000122792 0.002358571 0.999944508
1548266633.733090 0.000461278 -0.015014051 -0.017326441 0.011796513 -0.001023867 0.004256927 0.999920845
1548266633.766600 0.002558960 -0.022075584 -0.020746097 0.012628290 -0.001923783 0.005083359 0.999905527
1548266633.800120 0.000602209 -0.024109187 -0.021446429 0.014752624 -0.002785568 0.008149463 0.999854088
1548266633.833640 0.002823785 -0.030811153 -0.026172802 0.016278399 -0.004837613 0.010202825 0.999803722
1548266633.867150 0.002034580 -0.037566710 -0.030019095 0.018343378 -0.006455827 0.013562979 0.999718964
1548266633.900670 0.003926971 -0.047476619 -0.034559265 0.020308197 -0.008511707 0.015063908 0.999644101
1548266633.934150 0.012193176 -0.052223165 -0.038098928 0.023278872 -0.008761925 0.016816467 0.999549210
1548266633.967840 0.004755924 -0.053102870 -0.044059467 0.027204866 0.002436415 0.021870637 0.999387622
1548266634.001350 0.008240036 -0.062694632 -0.049081087 0.028942380 0.000079204 0.024611035 0.999278128
1548266634.034800 0.015186118 -0.071140394 -0.052640334 0.030780014 -0.002292365 0.023767592 0.999240994
1548266634.068290 0.014731965 -0.071886890 -0.061381288 0.034301769 0.009787031 0.027095284 0.998996258
1548266634.101810 -0.001505116 -0.083668105 -0.060175266 0.034062579 0.012173438 0.029415993 0.998912573
1548266634.135350 0.010305444 -0.090593576 -0.066280201 0.035352204 0.007200623 0.024240296 0.999054968
1548266634.168870 0.029602369 -0.110810407 -0.079895556 0.033342633 0.011086727 0.022283180 0.999134064
1548266634.202380 0.007498608 -0.111581482 -0.081704110 0.035491172 0.020305587 0.023673603 0.998883188
1548266634.235960 0.014869432 -0.123419262 -0.088582121 0.035401575 0.020228567 0.020915650 0.998949468
1548266634.269470 0.023227649 -0.131721199 -0.094580606 0.035980288 0.024983481 0.019684631 0.998846233
1548266634.302930 0.008024544 -0.132657349 -0.098019406 0.037985604 0.032963838 0.021418627 0.998504817
1548266634.336420 0.013440860 -0.144528002 -0.103902631 0.037830431 0.033938464 0.020291476 0.998501539
1548266634.369920 0.017040813 -0.150177062 -0.107503332 0.038425770 0.036741525 0.022982642 0.998321295
1548266634.403430 0.011555118 -0.152672753 -0.109842710 0.039556414 0.038777266 0.025024196 0.998151064
1548266634.436950 0.018724371 -0.160621777 -0.118429475 0.039114114 0.037564542 0.025366675 0.998206198
1548266634.470470 0.016944535 -0.165889859 -0.122674607 0.039028205 0.040407922 0.026786115 0.998061359
1548266634.503980 0.015144345 -0.168626472 -0.125414744 0.039418224 0.040745247 0.029342610 0.997960448
1548266634.537470 0.022092139 -0.178915277 -0.132510617 0.038088169 0.039868746 0.028834797 0.998062313
1548266634.570990 0.029622516 -0.186789170 -0.141178980 0.036886718 0.042604145 0.031403769 0.997916877
1548266634.604530 0.021933766 -0.190265492 -0.141931966 0.036808904 0.046511844 0.036088958 0.997586787
1548266634.638040 0.029106000 -0.200429827 -0.149194717 0.035525449 0.046782780 0.037461549 0.997570038
1548266634.671560 0.037245996 -0.210888818 -0.156335950 0.034329720 0.050102815 0.039919235 0.997355402
1548266634.705080 0.028836146 -0.213463083 -0.158489287 0.035842210 0.055327591 0.046861291 0.996723771
1548266634.738560 0.038665809 -0.227884442 -0.168280154 0.034899823 0.054099653 0.048586637 0.996742010
1548266634.772080 0.087458663 -0.254126847 -0.189344421 0.031551119 0.050142657 0.050513349 0.996964693
1548266634.805620 0.035869498 -0.241628647 -0.174506292 0.041633006 0.066099815 0.056960944 0.995315552
1548266634.839610 0.054276977 -0.262349129 -0.190783739 0.044995207 0.071408011 0.060077216 0.994619071
1548266634.873120 0.038692519 -0.248737469 -0.189311936 0.056465939 0.076977037 0.063816227 0.993384957
1548266634.906640 0.041368861 -0.250060648 -0.203894183 0.062222179 0.082012251 0.064330965 0.992604613
1548266634.939380 0.055995189 -0.261832952 -0.214501947 0.062488243 0.081514508 0.064649314 0.992608249
1548266634.972890 0.052462015 -0.261285871 -0.218114406 0.065055892 0.083194032 0.064633779 0.992304921
1548266635.006530 0.061184786 -0.268368542 -0.227604851 0.064360410 0.083788127 0.063335016 0.992384017
1548266635.040200 0.054075915 -0.267309010 -0.225013286 0.065517284 0.087263815 0.064432278 0.991938055
1548266635.073720 0.054165579 -0.275917262 -0.229126692 0.065213546 0.087110676 0.065318450 0.991913557
1548266635.107230 0.068968631 -0.289009780 -0.235539198 0.065217197 0.086060151 0.066466071 0.991928816
1548266635.140750 0.096302807 -0.305331111 -0.247269034 0.066140190 0.086717963 0.069351122 0.991612792
1548266635.174480 0.067153230 -0.297219396 -0.234942243 0.073454760 0.099386565 0.072727785 0.989665329
1548266635.208180 0.061880633 -0.297084510 -0.236138269 0.077696264 0.102073260 0.073947586 0.988977373
1548266635.241710 0.094935261 -0.309827358 -0.249162853 0.078309968 0.101584494 0.076184116 0.988809526
1548266635.275210 0.085047051 -0.308699161 -0.243556395 0.082109816 0.109858155 0.080272958 0.987291992
1548266635.308540 0.078472048 -0.310592562 -0.247155100 0.084624156 0.114505790 0.083181299 0.986310363
1548266635.341900 0.085776590 -0.314307898 -0.249438435 0.085955285 0.115909427 0.083485007 0.986005604
1548266635.375410 0.106063597 -0.326045096 -0.260732204 0.086695105 0.122346207 0.087982275 0.984771311
1548266635.408980 0.101416893 -0.320049971 -0.252590686 0.090604119 0.129901379 0.092165008 0.983067751
1548266635.442600 0.103717759 -0.325411469 -0.255041629 0.090336658 0.132203236 0.093270041 0.982681215
1548266635.476300 0.124601379 -0.330183476 -0.257665992 0.089589305 0.133916423 0.094200075 0.982428908
1548266635.509840 0.124558873 -0.333605766 -0.250683993 0.090396896 0.142486840 0.099564284 0.980618656
1548266635.543360 0.124246575 -0.342163295 -0.244508788 0.089778073 0.145995751 0.102692716 0.979836464
1548266635.576920 0.144806892 -0.351223618 -0.253420562 0.087554157 0.146830559 0.104824334 0.979687154
1548266635.610480 0.117139988 -0.346503556 -0.236040056 0.088888586 0.156384453 0.108723171 0.977661550
1548266635.644040 0.145904675 -0.350788057 -0.233698219 0.086157627 0.153184071 0.111273646 0.978125632
1548266635.677710 0.153793305 -0.348865598 -0.223226413 0.083782159 0.158111081 0.112653136 0.977389812
1548266635.711260 0.158613369 -0.353324622 -0.212660968 0.082106218 0.162546694 0.116809562 0.976315916
1548266635.744770 0.161933914 -0.363026381 -0.203718841 0.079832926 0.165499315 0.119295783 0.975707531
1548266635.778290 0.174491376 -0.361762881 -0.196447879 0.079160355 0.167342588 0.119374506 0.975438356
1548266635.811800 0.186101586 -0.370632380 -0.188860103 0.077713989 0.170413747 0.121877134 0.974713087
1548266635.845410 0.204297334 -0.385102242 -0.188310668 0.076425083 0.169884250 0.126915440 0.974264383
1548266635.878940 0.202803731 -0.383965105 -0.176700756 0.077365421 0.171712175 0.127183974 0.973834574
1548266635.912450 0.208327845 -0.392596483 -0.167584851 0.076603957 0.172338620 0.128153071 0.973657131
1548266635.945970 0.225275442 -0.397178650 -0.163747072 0.077103831 0.170899868 0.129820019 0.973650455
1548266635.979490 0.230208546 -0.396019012 -0.153667882 0.078757398 0.173179671 0.130532488 0.973019719
1548266636.013000 0.223597184 -0.399290919 -0.143010393 0.078072391 0.175512314 0.129949600 0.972734928
1548266636.046510 0.243486077 -0.394469529 -0.136227772 0.077010833 0.173828736 0.128955424 0.973254085
1548266636.079930 0.241387308 -0.391329885 -0.125470847 0.074820943 0.177644312 0.128157407 0.972841203
1548266636.113270 0.241569534 -0.395875454 -0.111989066 0.071091644 0.179915398 0.129119873 0.972576201
1548266636.146770 0.258164406 -0.396376431 -0.106969133 0.066923983 0.178953215 0.129951090 0.972938657
1548266636.180270 0.263590962 -0.396043956 -0.095306560 0.063181855 0.181366116 0.132569730 0.972388685
1548266636.213790 0.265403777 -0.390011936 -0.081350580 0.059927803 0.183947578 0.134729788 0.971812725
1548266636.247300 0.290850401 -0.400442839 -0.078080282 0.052857757 0.182357788 0.139318228 0.971875548
1548266636.280810 0.297212869 -0.398312688 -0.067640543 0.048529044 0.184119090 0.142840818 0.971257746
1548266636.314330 0.310508728 -0.392855376 -0.059716359 0.043985732 0.185350314 0.146818131 0.970646679
1548266636.347840 0.311651468 -0.397646993 -0.050305437 0.037875820 0.187316224 0.151811004 0.969758451
1548266636.381360 0.329830021 -0.393691242 -0.043331832 0.032461483 0.185768470 0.153955281 0.969914496
1548266636.414880 0.336718261 -0.392191827 -0.032804362 0.027051784 0.188674003 0.158756450 0.968744993
1548266636.448390 0.339435995 -0.395349264 -0.025567444 0.022177355 0.189790830 0.163787231 0.967812657
1548266636.481910 0.361558139 -0.388461232 -0.022668304 0.018207859 0.187063634 0.164117411 0.968370438
1548266636.515420 0.366218716 -0.388271540 -0.013360489 0.013506719 0.191804841 0.166716278 0.967075050
1548266636.548920 0.373559624 -0.386798561 -0.006850280 0.009853770 0.194512427 0.169467166 0.966099739
1548266636.582440 0.379503101 -0.389065146 -0.001680702 0.006712579 0.195124224 0.171618804 0.965623379
1548266636.615920 0.391845942 -0.381381214 -0.001967832 0.005610152 0.196339518 0.171477273 0.965409219
1548266636.649440 0.395979375 -0.380276829 0.004552815 0.004260974 0.201874554 0.174366668 0.963755548
1548266636.682970 0.398613036 -0.374622852 0.008057788 0.003769869 0.205625638 0.175489649 0.962760270
1548266636.716500 0.412393451 -0.382717252 0.010191198 0.001805438 0.207319304 0.178883016 0.961777747
1548266636.750020 0.415742308 -0.362935752 0.013514820 0.006223628 0.210383043 0.178430811 0.961177766
1548266636.783510 0.428379655 -0.346124887 0.013557363 0.008079273 0.214165449 0.178597018 0.960297346
1548266636.817120 0.426553994 -0.341218501 0.016556159 0.006757932 0.218438476 0.179214180 0.959229529
1548266636.850550 0.426703662 -0.335843533 0.023879226 0.004977438 0.223071218 0.179420993 0.958135009
1548266636.884030 0.430460274 -0.330125093 0.030349389 0.003703253 0.226183549 0.180870518 0.957138062
1548266636.917510 0.446681708 -0.323479086 0.025506351 0.002374168 0.225554675 0.182167530 0.957044661
1548266636.951030 0.438300610 -0.316600770 0.035977878 0.002018308 0.232692420 0.184306741 0.954924762
1548266636.984550 0.445850849 -0.331722528 0.034431644 -0.000855348 0.231149718 0.190839484 0.954017580
1548266637.017980 0.459072113 -0.296060979 0.038223594 0.004858331 0.229904950 0.186832383 0.955098867
1548266637.051500 0.459026426 -0.301844805 0.038509592 0.003496265 0.234443769 0.192489594 0.952875555
1548266637.084960 0.462191373 -0.293228686 0.041239031 0.005205127 0.233281955 0.193979472 0.952850699
1548266637.118480 0.472436458 -0.272316694 0.043015387 0.007529373 0.233629808 0.191587850 0.953233778
1548266637.151990 0.478902757 -0.261400104 0.043644793 0.008150998 0.235198006 0.194633856 0.952225327
1548266637.185460 0.478316039 -0.257996261 0.044732481 0.007777714 0.234679759 0.195649460 0.952148259
1548266637.218980 0.481178015 -0.238821149 0.048163645 0.008678612 0.234318942 0.192915589 0.952786982
1548266637.252540 0.482455611 -0.230164677 0.051803190 0.006734949 0.236736551 0.192827106 0.952222764
1548266637.285960 0.481234342 -0.230342016 0.059262440 0.004606945 0.237272620 0.195963696 0.951461375
1548266637.319480 0.486977965 -0.218993187 0.059150659 0.003964913 0.232300460 0.192926764 0.953310072
1548266637.353090 0.487187326 -0.202080354 0.064467676 0.003662459 0.237368345 0.191490814 0.952351928
1548266637.386660 0.489593804 -0.196167812 0.068421379 0.003108943 0.239070281 0.193207458 0.951581120
1548266637.420310 0.492320657 -0.196663946 0.068483643 0.001578772 0.239433378 0.194371641 0.951256454
1548266637.454170 0.503637195 -0.185276181 0.065800510 0.002283113 0.239202768 0.194003701 0.951388180
1548266637.487730 0.503528357 -0.179894373 0.068304062 0.002600259 0.242834076 0.194236159 0.950419486
1548266637.521290 0.502206326 -0.176555157 0.067674465 0.002623391 0.246103957 0.195128515 0.949395061
1548266637.554810 0.502620280 -0.173094913 0.067634873 0.002670112 0.248007014 0.194847643 0.948957264
1548266637.588320 0.509103656 -0.171504840 0.064605333 0.003012954 0.249891087 0.195321113 0.948364437
1548266637.621800 0.524121761 -0.165389717 0.051041663 0.005647345 0.253348887 0.196232349 0.947246194
1548266637.655260 0.516333342 -0.173585251 0.052555710 0.008387051 0.261601269 0.199557140 0.944283605
1548266637.688780 0.517849207 -0.171829224 0.045843929 0.015705738 0.266210824 0.202567473 0.942258775
1548266637.722220 0.519332051 -0.174124315 0.034168437 0.022282826 0.273166269 0.203958482 0.939832211
1548266637.755730 0.515989900 -0.178241283 0.032232687 0.029668447 0.277513832 0.205776528 0.937956214
1548266637.789250 0.508294523 -0.172123075 0.026646204 0.038517162 0.279968321 0.202415705 0.937636435
1548266637.822650 0.508778453 -0.186701059 0.013216875 0.041991651 0.282488495 0.202583194 0.936694741
1548266637.856160 0.500804842 -0.194749191 0.006611571 0.046601493 0.284796536 0.202231586 0.935853422
1548266637.889660 0.497468174 -0.192353085 -0.000917912 0.052360985 0.284121603 0.197529987 0.936757863
1548266637.923180 0.496437788 -0.198701262 -0.007926323 0.055897400 0.286176145 0.194998279 0.936458409
1548266637.956680 0.487551779 -0.209779918 -0.011420190 0.059580140 0.288004369 0.195453942 0.935575485
1548266637.990010 0.489939779 -0.211130381 -0.019397188 0.065241322 0.285451800 0.193087190 0.936471224
1548266638.023470 0.488350898 -0.205577165 -0.024127912 0.072491527 0.286311775 0.190947250 0.936114132
1548266638.056500 0.480354249 -0.210506782 -0.032060008 0.077278204 0.287416607 0.190732032 0.935436308
1548266638.090020 0.479863167 -0.220192939 -0.040726673 0.082026348 0.286060393 0.190589830 0.935476720
1548266638.123520 0.473836154 -0.220834255 -0.046134301 0.088245220 0.286949337 0.188923970 0.934976339
1548266638.157030 0.469606608 -0.227168947 -0.054005109 0.092075296 0.288571864 0.190983027 0.933688402
1548266638.190550 0.469848692 -0.235102087 -0.060191259 0.095533930 0.286772341 0.192305565 0.933623850
1548266638.224070 0.466312051 -0.229403019 -0.066210665 0.099972121 0.287331372 0.190550610 0.933347046
1548266638.257490 0.467311412 -0.237407267 -0.069887757 0.101779319 0.288888365 0.192188784 0.932334661
1548266638.291000 0.464863032 -0.244249687 -0.077075876 0.103420481 0.289293408 0.192797586 0.931902766
1548266638.324530 0.462230444 -0.247155473 -0.085120574 0.106075302 0.290861517 0.192243248 0.931230485
1548266638.358040 0.462051481 -0.255733341 -0.090720400 0.108783931 0.292798549 0.194307059 0.929881632
1548266638.391650 0.457972914 -0.256988913 -0.095947802 0.112774178 0.293896586 0.193994090 0.929124951
1548266638.425450 0.458442032 -0.267569512 -0.104621395 0.115071826 0.295123577 0.194376454 0.928374052
1548266638.459310 0.454718173 -0.273807287 -0.112814590 0.118584394 0.297610104 0.194516778 0.927108049
1548266638.492820 0.451921701 -0.269431800 -0.119397089 0.122895934 0.299221277 0.193028703 0.926338613
1548266638.526470 0.442095816 -0.278082907 -0.128319845 0.124607824 0.302920729 0.192562848 0.925003529
1548266638.559980 0.441140980 -0.283650607 -0.134337813 0.125944942 0.304829538 0.192227900 0.924264729
1548266638.593460 0.443305373 -0.297552496 -0.144799858 0.125741020 0.304856956 0.193589970 0.923999131
1548266638.626970 0.439694703 -0.304000378 -0.154166654 0.127263114 0.304246336 0.193460196 0.924019217
1548266638.660400 0.430763036 -0.301325381 -0.161051214 0.129875451 0.304642648 0.191555247 0.923922002
1548266638.693910 0.430484384 -0.291580558 -0.170005471 0.132966235 0.305408657 0.190537587 0.923439801
1548266638.727380 0.425123870 -0.300783128 -0.177917123 0.133286446 0.307397276 0.192113057 0.922406793
1548266638.760900 0.423729837 -0.311951309 -0.186166674 0.133115456 0.305493712 0.192636818 0.922954500
1548266638.794410 0.415070176 -0.307659924 -0.194518074 0.135117397 0.305572182 0.191311508 0.922913313
1548266638.827910 0.417086899 -0.309727609 -0.203816280 0.135210067 0.305761814 0.192627266 0.922563136
1548266638.861270 0.412877947 -0.316784203 -0.211014599 0.135266051 0.305049151 0.195629597 0.922158957
1548266638.894680 0.413264394 -0.322581232 -0.220851034 0.135556430 0.302487165 0.194907308 0.923112810
1548266638.928300 0.405545592 -0.306006104 -0.228575051 0.139642894 0.304949284 0.194420427 0.921795309
1548266638.961620 0.400038779 -0.317764312 -0.233033821 0.139822870 0.306918651 0.196970105 0.920572340
1548266638.995040 0.416571110 -0.323118448 -0.252609879 0.140336439 0.303372800 0.197786570 0.921494007
1548266639.028560 0.414441705 -0.313048780 -0.261555076 0.144189477 0.307125360 0.196471632 0.919936061
1548266639.062070 0.402306676 -0.321308911 -0.264130712 0.146342888 0.312476099 0.197808444 0.917504430
1548266639.095580 0.412173539 -0.329610825 -0.289943427 0.146770775 0.310806513 0.198509961 0.917851508
1548266639.129100 0.416067511 -0.314740986 -0.296327889 0.151678756 0.315976858 0.197411120 0.915522277
1548266639.162620 0.396453202 -0.322768152 -0.294886351 0.155985668 0.324898273 0.199675411 0.911174715
1548266639.196140 0.393979907 -0.317452371 -0.302121073 0.161071926 0.327015370 0.199040428 0.909670174
1548266639.229650 0.386893690 -0.306914777 -0.312603652 0.165049717 0.331328034 0.197694734 0.907687843
1548266639.263270 0.384672374 -0.300749153 -0.320928305 0.167235449 0.336795717 0.199344248 0.904910445
1548266639.296780 0.376102358 -0.293041736 -0.330462217 0.168204188 0.343276381 0.200216725 0.902098656
1548266639.330300 0.374506116 -0.292517483 -0.329199463 0.168044224 0.350291044 0.202762201 0.898857594
1548266639.363830 0.373678565 -0.282395989 -0.329955399 0.168506131 0.354572773 0.204245627 0.896753907
1548266639.397350 0.366443545 -0.278375030 -0.338690221 0.166315153 0.360277593 0.207597002 0.894115686
1548266639.430810 0.376969546 -0.283818334 -0.350752413 0.162258863 0.361822993 0.210951224 0.893451631
1548266639.464380 0.378981292 -0.282917500 -0.371021986 0.158798084 0.365017980 0.212907434 0.892309129
1548266639.497950 0.372578323 -0.285320431 -0.375636399 0.156100795 0.369929641 0.215859771 0.890050173
1548266639.531530 0.371257365 -0.276221335 -0.378673911 0.154631391 0.373515844 0.217856556 0.888320684
1548266639.564980 0.374596894 -0.273113728 -0.384745628 0.152430743 0.376929879 0.220485955 0.886608601
1548266639.598500 0.371349812 -0.272973895 -0.386407018 0.150755584 0.380708098 0.222378582 0.884806216
1548266639.631900 0.367722452 -0.254026741 -0.391223967 0.151199549 0.385895431 0.222604558 0.882423222
1548266639.665420 0.372813940 -0.251447678 -0.399992287 0.149469182 0.388670057 0.226001859 0.880634904
1548266639.698930 0.375187695 -0.241331175 -0.409860998 0.148425162 0.391429275 0.226432070 0.879478097
1548266639.732450 0.347246945 -0.256213725 -0.400819004 0.144768909 0.403131098 0.229635552 0.873953521
1548266639.765930 0.376937807 -0.225002974 -0.418816268 0.146501184 0.400129110 0.230520025 0.874811172
1548266639.799300 0.345722198 -0.241181999 -0.406945705 0.142880395 0.408984244 0.233183131 0.870599151
1548266639.832560 0.351098180 -0.235831872 -0.417098016 0.140549988 0.408637971 0.233745351 0.870990157
1548266639.865970 0.339452744 -0.232316807 -0.415478647 0.138414085 0.413966745 0.234437749 0.868626535
1548266639.899600 0.341210186 -0.218785211 -0.420854568 0.137213409 0.416753769 0.235610276 0.867165864
1548266639.933360 0.337957561 -0.214403510 -0.420550764 0.133971259 0.422143638 0.237810165 0.864461064
1548266639.966880 0.376619518 -0.193773240 -0.454243600 0.132023141 0.416236341 0.240142822 0.866976738
1548266640.000140 0.365613610 -0.172230572 -0.456978381 0.131913304 0.419963509 0.238815933 0.865561426
1548266640.033550 0.365818083 -0.172637463 -0.458817482 0.127066061 0.426388204 0.244335473 0.861595929
1548266640.067070 0.363700271 -0.173434883 -0.456539780 0.122178473 0.430738956 0.246882662 0.859409928
1548266640.100690 0.366005659 -0.156942293 -0.459421098 0.119284794 0.434558481 0.248621121 0.857389987
1548266640.134460 0.375140637 -0.146363318 -0.461526781 0.114634402 0.437626868 0.250438690 0.855933547
1548266640.167970 0.370193332 -0.142694533 -0.461183429 0.110643223 0.442316562 0.253175080 0.853238881
1548266640.201190 0.366397947 -0.131036341 -0.462458551 0.107677519 0.447320372 0.253486633 0.850913942
1548266640.234640 0.366697818 -0.121497646 -0.466840148 0.104836777 0.451723993 0.256330848 0.848085642
1548266640.268150 0.368730038 -0.114676215 -0.467793673 0.102154009 0.455451190 0.258156687 0.845862865
1548266640.301740 0.368880540 -0.104239546 -0.471140593 0.101432048 0.457757056 0.258914739 0.844472170
1548266640.335580 0.365742654 -0.094648257 -0.477576554 0.100660145 0.460779607 0.259797245 0.842647672
1548266640.369100 0.360980332 -0.087974995 -0.482083440 0.100548252 0.464022547 0.260968983 0.840516746
1548266640.402280 0.363348693 -0.075481810 -0.485598058 0.100519672 0.468832880 0.260744005 0.837916553
1548266640.435630 0.357693642 -0.070252642 -0.492646694 0.101101942 0.473687947 0.263389260 0.834280729
1548266640.469020 0.355596036 -0.064129256 -0.498916239 0.101784609 0.478373438 0.264505267 0.831165314
1548266640.502660 0.347280860 -0.054486528 -0.506796956 0.103832588 0.481150687 0.265319675 0.829046607
1548266640.536350 0.331771731 -0.049200073 -0.506876528 0.104277104 0.487569481 0.264422148 0.825519979
1548266640.569860 0.330964237 -0.040335730 -0.515284538 0.106142528 0.491152853 0.268174529 0.821939826
1548266640.603210 0.330128789 -0.027800225 -0.528839111 0.107018530 0.491615236 0.268727988 0.821368873
1548266640.636600 0.323515892 -0.013917521 -0.534274161 0.107931390 0.495156944 0.269863248 0.818745553
1548266640.670120 0.325605303 -0.004514538 -0.541559935 0.107793771 0.496580780 0.272746295 0.816944003
1548266640.703730 0.316910475 -0.000245757 -0.546726763 0.106752254 0.498705059 0.274414569 0.815226316
1548266640.737270 0.310549051 0.005948536 -0.553567946 0.104488164 0.503186941 0.276918381 0.811912179
1548266640.770790 0.310457647 0.014477238 -0.557643771 0.102476753 0.508964300 0.281302065 0.807045937
1548266640.804300 0.315305233 0.030551568 -0.569749713 0.101359859 0.511216998 0.284892201 0.804499745
1548266640.837820 0.313742220 0.042377859 -0.573727190 0.100134633 0.513605237 0.287029564 0.802369416
1548266640.871580 0.299249440 0.062133022 -0.576491952 0.100281253 0.517652988 0.286022663 0.800106287
1548266640.905600 0.297109991 0.068959832 -0.584212124 0.098563015 0.521570623 0.288685560 0.796812475
1548266640.939250 0.291462690 0.080586784 -0.593399644 0.096860334 0.524255097 0.288886994 0.795184910
1548266640.972810 0.284770191 0.092542320 -0.605170012 0.093517728 0.527588069 0.287009954 0.794059515
1548266641.006280 0.286704034 0.097385019 -0.607104421 0.090327315 0.531620324 0.288226426 0.791294158
1548266641.039770 0.280086488 0.106788181 -0.615045846 0.087622590 0.534335017 0.285505295 0.790756047
1548266641.073310 0.267405868 0.112527318 -0.627780139 0.083749488 0.539567232 0.283696830 0.788269818
1548266641.106880 0.276140571 0.117019661 -0.636991322 0.080684483 0.543715894 0.285270035 0.785165012
1548266641.140390 0.272363842 0.125221595 -0.648427784 0.080135182 0.544780374 0.284703761 0.784688771
1548266641.173920 0.270871043 0.133838609 -0.663136244 0.080748133 0.545385957 0.283339262 0.784699202
1548266641.207440 0.256968617 0.137161687 -0.673064291 0.079858780 0.549882650 0.281850725 0.782184064
1548266641.240940 0.259201407 0.137471482 -0.683733761 0.078677401 0.551629305 0.284025669 0.780284882
1548266641.274450 0.256661415 0.136837721 -0.694125772 0.078520961 0.551765501 0.284407198 0.780065358
1548266641.307960 0.246550143 0.138932168 -0.703904271 0.080408707 0.553528845 0.284775913 0.778487682
1548266641.341460 0.242924809 0.136759967 -0.716674626 0.080689631 0.556163609 0.288322479 0.775268614
1548266641.374930 0.243773282 0.131639749 -0.733366251 0.081579626 0.552965641 0.291937143 0.776109874
1548266641.408490 0.239153981 0.133189872 -0.740172744 0.083551511 0.550631046 0.290565103 0.778072357
1548266641.442000 0.232065439 0.131475419 -0.751343250 0.086157262 0.550479472 0.292265743 0.777258039
1548266641.475480 0.216507554 0.129664928 -0.764129996 0.089584388 0.545522332 0.290777385 0.780915260
1548266641.508980 0.220894217 0.125703812 -0.770380378 0.089754298 0.544028223 0.289236367 0.782508731
1548266641.542500 0.206536233 0.125456914 -0.784881532 0.094008662 0.540465713 0.289559692 0.784356058
1548266641.576010 0.193976045 0.123742677 -0.787245512 0.096565127 0.536213338 0.286247581 0.788170516
1548266641.609440 0.189105093 0.124074154 -0.796720088 0.098429702 0.532576859 0.285756260 0.790580153
1548266641.642930 0.183492422 0.105266780 -0.823192716 0.101341233 0.519132555 0.286868215 0.798710227
1548266641.676420 0.189113796 0.114724614 -0.820212960 0.103896014 0.514635742 0.282149285 0.802961707
1548266641.709710 0.181907535 0.110354930 -0.827564776 0.106466413 0.514584303 0.286341399 0.801171958
1548266641.743150 0.181034565 0.108012885 -0.837375462 0.108854324 0.509818852 0.286321640 0.803900182
1548266641.776670 0.179516733 0.099973679 -0.859834552 0.111014739 0.505532384 0.290112048 0.804952085
1548266641.810140 0.158426642 0.094215579 -0.865053892 0.115043662 0.501614511 0.291662246 0.806276023
1548266641.843650 0.165896535 0.096396901 -0.873389125 0.116743110 0.497463614 0.291473359 0.808668256
1548266641.877170 0.160462201 0.095370859 -0.883877993 0.118669100 0.496340185 0.294922858 0.807827175
1548266641.910680 0.148958147 0.097767197 -0.886745691 0.119509712 0.497392625 0.294821560 0.807092488
1548266641.944170 0.154669106 0.094435744 -0.901724458 0.120047502 0.497772217 0.299664050 0.804992497
1548266641.977720 0.152544916 0.091780327 -0.916859865 0.121866480 0.495060384 0.303201407 0.805066884
1548266642.011250 0.142975509 0.094741911 -0.921328008 0.123213239 0.495432734 0.303557634 0.804498494
1548266642.044770 0.127668977 0.094727747 -0.927851617 0.123631962 0.499503583 0.305072606 0.801337719
1548266642.078280 0.140333891 0.087237544 -0.945349336 0.122906022 0.497864425 0.311009169 0.800186455
1548266642.111820 0.134416044 0.087061502 -0.949029088 0.123225719 0.497399032 0.309947819 0.800838351
1548266642.145330 0.136030972 0.083286621 -0.961591601 0.123550072 0.497184426 0.311401963 0.800357401
1548266642.178830 0.135184824 0.074549712 -0.978199005 0.123812355 0.494034410 0.313137084 0.801589549
1548266642.212350 0.127354741 0.077344850 -0.985730171 0.126773179 0.490892619 0.310166776 0.804207504
1548266642.245860 0.133176267 0.073266767 -0.997442067 0.127452493 0.488166839 0.309326261 0.806080878
1548266642.279370 0.121185362 0.062209941 -1.010614395 0.128256917 0.483856291 0.308818072 0.808742642
1548266642.312890 0.129960239 0.067799337 -1.015901804 0.131164595 0.478726000 0.305126011 0.812721014
1548266642.346360 0.128328145 0.055962611 -1.028471470 0.132221162 0.475747138 0.304166138 0.814656556
1548266642.379860 0.128745437 0.055759724 -1.043895006 0.135231674 0.469533861 0.302288592 0.818457067
1548266642.413380 0.128589809 0.049324073 -1.050240636 0.136072129 0.466323197 0.299595714 0.821139157
1548266642.446910 0.115933061 0.041162618 -1.041697860 0.137903556 0.466576993 0.298170358 0.821208298
1548266642.480410 0.097099066 0.049559388 -1.034502983 0.142432854 0.465948135 0.293442667 0.822494209
1548266642.513920 0.103671551 0.033603396 -1.049440742 0.141404212 0.461180687 0.293295026 0.825406134
1548266642.547440 0.110244751 0.038566221 -1.056039453 0.142363891 0.457671344 0.289918810 0.828381956
1548266642.580960 0.094832242 0.029743206 -1.043413162 0.142329365 0.460079432 0.289885908 0.827064335
1548266642.614470 0.110578895 0.003612146 -1.077674150 0.140155971 0.450613946 0.294624746 0.830963075
1548266642.647980 0.084343135 0.041842792 -1.043306231 0.147869304 0.449634910 0.287557095 0.832630813
1548266642.681500 0.095777631 0.029829476 -1.057328105 0.145373985 0.446957648 0.289862424 0.833711624
1548266642.715010 0.091953993 -0.015407875 -1.053521037 0.142878830 0.443353921 0.295863599 0.833959043
1548266642.748540 0.096192539 0.015426427 -1.050635099 0.148129240 0.436876029 0.289592624 0.838649690
1548266642.782070 0.095581830 0.016905174 -1.057289481 0.149085075 0.435953826 0.291576684 0.838272572
1548266642.815580 0.094811082 0.013692982 -1.078754783 0.152099907 0.428452730 0.294220388 0.840671301
1548266642.849100 0.091043115 0.023271602 -1.062482715 0.155231953 0.427393317 0.287142158 0.843082130
1548266642.882630 0.102659166 0.021993738 -1.074560881 0.154338211 0.426124245 0.291422784 0.842419565
1548266642.916140 0.100217640 0.008537717 -1.071388960 0.153353468 0.424821615 0.292747557 0.842797875
1548266642.949660 0.101185977 0.020814098 -1.066493273 0.154090226 0.424258351 0.289602339 0.844032884
1548266642.983220 0.109395623 -0.014566533 -1.065959930 0.147983387 0.425449908 0.292456001 0.843541801
1548266643.016740 0.111314654 -0.009673625 -1.060110211 0.149156570 0.422862202 0.291624993 0.844922900
1548266643.050210 0.108720064 0.003726371 -1.054891944 0.149769649 0.421644270 0.288244575 0.846581578
1548266643.083710 0.107272953 0.008719712 -1.044359088 0.148732454 0.422040552 0.286651254 0.847107768
1548266643.117240 0.117295593 0.013437390 -1.049309134 0.146431118 0.420090079 0.285865456 0.848742127
1548266643.150890 0.117593229 0.002653196 -1.038897276 0.141965896 0.423081368 0.284845561 0.848357737
1548266643.184480 0.119990885 -0.022412293 -1.026666641 0.135544583 0.427785754 0.286561906 0.846468747
1548266643.217790 0.121743411 0.005857803 -1.020388007 0.136784524 0.428074926 0.285042644 0.846636057
1548266643.251290 0.116210133 0.015232440 -1.004161358 0.134983152 0.431610972 0.282732487 0.845904231
1548266643.285020 0.140703797 0.020791978 -1.015606523 0.130807698 0.432386398 0.283259422 0.845987916
1548266643.318540 0.148960233 0.001103193 -1.010168910 0.125355944 0.434481531 0.285916537 0.844845235
1548266643.352060 0.148705453 -0.023678478 -0.993820250 0.119955428 0.436737984 0.285397977 0.844641149
1548266643.385470 0.142363787 -0.013517823 -0.978812337 0.119254746 0.440317035 0.283514291 0.843515813
1548266643.418940 0.162108690 -0.034783814 -0.981323838 0.114179932 0.437847972 0.286654741 0.844441354
1548266643.452440 0.166136175 -0.030406695 -0.968799591 0.113373101 0.436369151 0.284312069 0.846105933
1548266643.485950 0.170992970 -0.039585616 -0.963675797 0.110549286 0.434802562 0.284778953 0.847128451
1548266643.519490 0.173818886 -0.035356071 -0.953193903 0.108020045 0.433239430 0.282995850 0.848851383
1548266643.553050 0.184410304 -0.030441996 -0.960869014 0.104051083 0.428990304 0.282921463 0.851525843
1548266643.586710 0.191991866 -0.028886560 -0.950575948 0.099385262 0.428389758 0.281529844 0.852845728
1548266643.620230 0.202193201 -0.043225441 -0.941775560 0.092615031 0.427078009 0.282035559 0.854097664
1548266643.653600 0.212396175 -0.037980687 -0.938420177 0.088166818 0.423976362 0.280653715 0.856565356
1548266643.687110 0.223134279 -0.033040456 -0.936169922 0.082507201 0.423211366 0.280271083 0.857632160
1548266643.720780 0.216831237 -0.042778037 -0.908807755 0.076812968 0.425819188 0.281505257 0.856465220
1548266643.754290 0.216358989 -0.036077462 -0.891731501 0.073413111 0.425904244 0.280064613 0.857193112
1548266643.787660 0.230883837 -0.032574862 -0.890417695 0.068217948 0.424122036 0.279823780 0.858583510
1548266643.821550 0.231353372 -0.019883711 -0.872838736 0.064904444 0.426687896 0.278933525 0.857858419
1548266643.855070 0.240000069 -0.035550624 -0.867625892 0.058201771 0.429026365 0.282234550 0.856091499
1548266643.888590 0.240138620 -0.039978385 -0.854348958 0.055080846 0.430137902 0.282770127 0.855563343
1548266643.922310 0.261669368 -0.044609703 -0.875130534 0.051308725 0.425589323 0.284866899 0.857375085
1548266643.955840 0.262957484 -0.047177225 -0.858680606 0.049123112 0.427205801 0.284149796 0.856936991
1548266643.989360 0.265688658 -0.056263268 -0.850706637 0.047058888 0.427852362 0.286381155 0.855987012
1548266644.022870 0.253130943 -0.063862897 -0.824175835 0.048208829 0.427458644 0.289086729 0.855209827
1548266644.056030 0.285858542 -0.067009956 -0.854713559 0.046475898 0.413277149 0.287600964 0.862744272
1548266644.089070 0.268460691 -0.052071992 -0.822765470 0.050502729 0.413972706 0.285911709 0.862746000
1548266644.122590 0.221214324 -0.106997788 -0.739296556 0.049295232 0.417222679 0.286885202 0.860925138
1548266644.156100 0.222527593 -0.101498753 -0.738800883 0.054636721 0.397374302 0.282111049 0.871505558
1548266644.189620 0.220118493 -0.085456885 -0.730499625 0.062033627 0.379841417 0.276292384 0.880644619
1548266644.223130 0.229243353 -0.116149418 -0.734926045 0.063584350 0.360148162 0.277297229 0.888457417
1548266644.256650 0.225853384 -0.079279236 -0.722313046 0.077346168 0.339841574 0.270327091 0.897467852
1548266644.290170 0.422450721 -0.097871974 -0.849249601 0.075832888 0.276820123 0.275851071 0.917347372
1548266644.323610 0.395235717 -0.092780218 -0.835818827 0.089361794 0.259855032 0.270743966 0.922598243
1548266644.357130 0.363642275 -0.086202025 -0.829184055 0.102148846 0.243042454 0.259304613 0.929116309
1548266644.390650 0.320214480 -0.090103552 -0.819746852 0.114579245 0.231995031 0.251946896 0.932508826
1548266644.424140 0.307186544 -0.109964758 -0.832760632 0.125245765 0.216009900 0.248138964 0.935991585
1548266644.457650 0.318788558 -0.092759296 -0.852706730 0.139655367 0.195353851 0.237685055 0.941190243
1548266644.491190 0.326399803 -0.094906837 -0.863787115 0.151667476 0.180993572 0.230636507 0.943951845
1548266644.524760 0.319091856 -0.103065878 -0.869495153 0.162669167 0.171788588 0.224274069 0.945372224
1548266644.558270 0.272754401 -0.137023732 -0.860357702 0.172511265 0.170060441 0.217588514 0.945502341
1548266644.591790 0.273031771 -0.136873439 -0.865327716 0.182984784 0.164788112 0.212303042 0.945668519
1548266644.625300 0.278947771 -0.139140993 -0.868933022 0.192615479 0.157786176 0.208938614 0.945699453
1548266644.658820 0.290424973 -0.104116768 -0.870115876 0.209090590 0.146651447 0.202121645 0.945474148
1548266644.692290 0.296142995 -0.122205146 -0.862373173 0.216899931 0.143321499 0.195656613 0.945585489
1548266644.725850 0.264933556 -0.149651229 -0.874814570 0.223835349 0.146607399 0.193729579 0.943860650
1548266644.759370 0.210347891 -0.137769222 -0.870631635 0.236055702 0.148940921 0.189839602 0.941305101
1548266644.792890 0.224630788 -0.158349603 -0.873358071 0.242229193 0.145455077 0.183983460 0.941444576
1548266644.826400 0.210191920 -0.146965653 -0.874713659 0.262293428 0.148197815 0.181677878 0.936073065
1548266644.859950 0.244862080 -0.157421812 -0.895645440 0.267330498 0.138012126 0.179424584 0.936639667
1548266644.893610 0.250859082 -0.175850943 -0.899971247 0.272663146 0.133774862 0.175679028 0.936427295
1548266644.927120 0.258474559 -0.192108899 -0.917825758 0.274340957 0.132201642 0.174297869 0.936418712
1548266644.960640 0.268133104 -0.203102276 -0.930257916 0.277551383 0.125062913 0.172236577 0.936834574
1548266644.994160 0.276645720 -0.222842321 -0.938791156 0.277482659 0.121693872 0.168030262 0.938061774
1548266645.027670 0.231037706 -0.194350585 -0.912971377 0.284413725 0.127564996 0.164079174 0.935902834
1548266645.061190 0.210081950 -0.225709483 -0.927634358 0.280653864 0.125954151 0.164657950 0.937153518
1548266645.094700 0.234477222 -0.253388762 -0.939030826 0.275571287 0.117006391 0.159443378 0.940716684
1548266645.128220 0.206801206 -0.178026959 -0.888472557 0.282975346 0.122735471 0.147963747 0.939663589
1548266645.161740 0.198349953 -0.184098735 -0.879845560 0.278703481 0.125488669 0.149552107 0.940325022
1548266645.195310 0.222893804 -0.215261519 -0.883381009 0.270947814 0.119163275 0.146904662 0.943825424
1548266645.228830 0.224096045 -0.234341756 -0.908181608 0.261830896 0.122267522 0.144642204 0.946347713
1548266645.262340 0.247946382 -0.267909586 -0.905990183 0.250897229 0.122204542 0.151054919 0.948313832
1548266645.295800 0.165964946 -0.176525444 -0.825888097 0.259589136 0.131619558 0.139967784 0.946413636
1548266645.329320 0.189102292 -0.215110540 -0.832470775 0.244827241 0.133912534 0.143068418 0.949557006
1548266645.362830 0.215499967 -0.245849475 -0.832226276 0.231685460 0.130600631 0.145053089 0.953008354
1548266645.396260 0.235705793 -0.258256614 -0.821856916 0.221310437 0.125978231 0.144251123 0.956212759
1548266645.429770 0.261794776 -0.283644825 -0.809741318 0.208044335 0.122285232 0.144770801 0.959586024
1548266645.463290 0.281970531 -0.304562598 -0.792224109 0.195977509 0.117951617 0.147959083 0.962179005
1548266645.496790 0.230803698 -0.249610126 -0.747022033 0.196134955 0.120860152 0.145594448 0.962146640
1548266645.530310 0.230883747 -0.234979466 -0.719112575 0.187785625 0.117036782 0.147338748 0.964017749
1548266645.563820 0.254198939 -0.271648347 -0.703951478 0.168169737 0.113126583 0.148299322 0.967950761
1548266645.597260 0.262113690 -0.286406368 -0.680451810 0.154678568 0.110945113 0.149738744 0.970228851
1548266645.630770 0.279711485 -0.322477847 -0.655838192 0.137089312 0.104038648 0.151832938 0.973308444
1548266645.664250 0.289689004 -0.333850443 -0.629632235 0.124918245 0.102562495 0.150791317 0.975263238
1548266645.697760 0.246408492 -0.249724254 -0.580182850 0.128604591 0.107016876 0.148285642 0.974689543
1548266645.731260 0.210095122 -0.240671098 -0.538821995 0.124284796 0.108994260 0.146326080 0.975326777
1548266645.764780 0.228659511 -0.277215034 -0.531759560 0.111078799 0.103792004 0.144317850 0.977783740
1548266645.798310 0.226883247 -0.249523178 -0.493892998 0.107984960 0.101133756 0.141300350 0.978849053
1548266645.831870 0.214499682 -0.229426995 -0.457885474 0.108989052 0.102017373 0.138460770 0.979051828
1548266645.865380 0.222866043 -0.245475635 -0.446281374 0.102225348 0.099652834 0.138723508 0.979987323
1548266645.898900 0.212647617 -0.256972343 -0.420794129 0.098020755 0.098203957 0.137658134 0.980713069
1548266645.932420 0.212265417 -0.253948510 -0.396936595 0.097321905 0.094565049 0.135937542 0.981380165
1548266645.965930 0.213332742 -0.227420509 -0.374238551 0.097204193 0.091544256 0.132885426 0.982096016
1548266645.999450 0.222762063 -0.256166577 -0.359299213 0.086485177 0.089984596 0.133058459 0.983218491
1548266646.032920 0.229945660 -0.250176251 -0.343337297 0.081929818 0.088054389 0.131219700 0.984030187
1548266646.066420 0.212864265 -0.251421601 -0.317159623 0.075919740 0.090055004 0.132092372 0.984214365
1548266646.099940 0.227143571 -0.252392858 -0.302302390 0.069760025 0.084388793 0.130863875 0.985335886
1548266646.133470 0.255842328 -0.238188118 -0.286853939 0.064272396 0.082230315 0.128656253 0.986181974
1548266646.167000 0.220727563 -0.238023058 -0.257988870 0.056339912 0.094951734 0.132323220 0.985038340
1548266646.200520 0.207679495 -0.233290181 -0.234203115 0.050730150 0.093976676 0.132782653 0.985374868
1548266646.234090 0.231030688 -0.219417825 -0.222211882 0.043397214 0.091466896 0.130857572 0.986218512
1548266646.267610 0.217906639 -0.217297181 -0.209849805 0.033580638 0.095212527 0.132466495 0.986032248
1548266646.301070 0.238573536 -0.217509240 -0.190679699 0.019413088 0.093148462 0.133202270 0.986510873
1548266646.334530 0.232446969 -0.224592328 -0.172020420 0.006919490 0.101467930 0.134176925 0.985724628
1548266646.368050 0.224660903 -0.215333149 -0.155428872 0.002705292 0.104214668 0.138368994 0.984878719
1548266646.401570 0.253715485 -0.206440642 -0.142177477 -0.003958822 0.099775210 0.136367023 0.985613167
1548266646.435120 0.241794214 -0.204558983 -0.122950606 -0.013158056 0.110236205 0.139673144 0.983954489
1548266646.468640 0.234407172 -0.191513821 -0.106828324 -0.017986637 0.113734387 0.142404363 0.983087957
1548266646.502160 0.245715797 -0.185035944 -0.093396321 -0.025829665 0.116704874 0.142018214 0.982620835
1548266646.535670 0.235842198 -0.175729275 -0.080794051 -0.031873848 0.122582652 0.144119725 0.981420934
1548266646.569190 0.241367638 -0.164442301 -0.064396665 -0.037008360 0.122915752 0.146007255 0.980920017
1548266646.602700 0.236351237 -0.146645054 -0.061790299 -0.042853445 0.127535760 0.147151932 0.979920685
1548266646.636220 0.222225934 -0.149480790 -0.045055192 -0.049676687 0.128331572 0.151336953 0.978856683
1548266646.669740 0.243206695 -0.131836027 -0.039248638 -0.052839432 0.121057197 0.149900317 0.979838312
1548266646.703250 0.231953755 -0.113817103 -0.027024787 -0.057897918 0.124602698 0.150389329 0.979032755
1548266646.736770 0.210332111 -0.118570566 -0.006782702 -0.066845089 0.126267016 0.150728837 0.978196979
1548266646.770280 0.217234865 -0.109958746 -0.000984337 -0.072094060 0.119224012 0.148918211 0.978984952
1548266646.804090 0.219972655 -0.109866895 0.006850176 -0.076988891 0.114081599 0.144005477 0.979959488
1548266646.837700 0.186173439 -0.102283850 0.017201843 -0.076972775 0.115188487 0.136610746 0.980889559
1548266646.871210 0.235899180 -0.077396497 0.003144718 -0.076694876 0.098156929 0.129775107 0.983687758
1548266646.904730 0.195652574 -0.063885167 0.019345265 -0.079664350 0.109409183 0.119834758 0.983525753
1548266646.938150 0.171728730 -0.056881294 0.027085550 -0.082563892 0.109910958 0.113173038 0.984019637
1548266646.971670 0.184546351 -0.053209934 0.024669914 -0.090058930 0.100681320 0.105697975 0.985180557
1548266647.005190 0.152124599 -0.032927506 0.043717470 -0.090895675 0.105050676 0.102324575 0.985003591
1548266647.038790 0.155315235 -0.015216473 0.052096754 -0.092724167 0.094288595 0.099840239 0.986176372
1548266647.072330 0.165433764 -0.009348694 0.055202838 -0.097185574 0.081908189 0.098566025 0.986980677
1548266647.105850 0.146403328 -0.015269032 0.059564624 -0.104931019 0.078241110 0.093010940 0.987024188
1548266647.139370 0.133896470 0.002698856 0.071669891 -0.106512256 0.073278069 0.090603784 0.987459600
1548266647.172770 0.156572357 0.022820553 0.079388835 -0.107042179 0.053910099 0.089337386 0.988764107
1548266647.205600 0.172152251 0.031794254 0.080085829 -0.112344310 0.037685182 0.083964698 0.989398062
1548266647.239100 0.186545923 0.036207203 0.088415772 -0.117773727 0.026730232 0.081111975 0.989361346
1548266647.272610 0.131508037 0.026205050 0.097504444 -0.124674305 0.034394328 0.072152227 0.988972962
1548266647.306130 0.129233643 0.018262181 0.101770386 -0.129824892 0.024754886 0.066458873 0.988997519
1548266647.339650 0.114167511 0.016587980 0.109386861 -0.131127104 0.018936558 0.060031835 0.989365101
1548266647.373180 0.095470890 0.003378982 0.108688630 -0.134125397 0.013958107 0.055046003 0.989335895
1548266647.406690 0.094831996 -0.008843680 0.109462127 -0.135651186 0.003399592 0.050479386 0.989464045
1548266647.440190 0.083231233 -0.003658419 0.109887809 -0.131252334 -0.002536003 0.044930279 0.990327120
1548266647.474250 0.072176054 -0.015303086 0.110308282 -0.130481735 -0.009913400 0.040734399 0.990563929
1548266647.507840 0.066677302 -0.013483983 0.108004928 -0.125903308 -0.019197559 0.036142319 0.991198063
1548266647.541360 0.050889213 -0.022220066 0.108578376 -0.125195503 -0.026648261 0.030009793 0.991320074
1548266647.574790 0.052034814 -0.022412652 0.106884025 -0.122098312 -0.038451280 0.022143887 0.991525710
1548266647.607780 0.045731071 -0.022091754 0.105234787 -0.119222634 -0.045417428 0.011938232 0.991756439
1548266647.641430 0.032615479 -0.027412167 0.105666824 -0.118880831 -0.050632969 0.002835708 0.991612673
1548266647.674950 0.018095799 -0.026273061 0.103604078 -0.115909614 -0.056220978 -0.005203950 0.991653740
1548266647.708460 0.011193411 -0.027279058 0.101932980 -0.113175601 -0.063586131 -0.014903078 0.991426229
1548266647.741980 0.004149456 -0.030570587 0.100859016 -0.111374483 -0.068941288 -0.021970486 0.991140902
1548266647.775360 -0.005427904 -0.033945449 0.098084420 -0.109594151 -0.073405735 -0.027778428 0.990872920
1548266647.808820 -0.016783182 -0.042530857 0.097971022 -0.109928720 -0.078638025 -0.030931711 0.990340889
1548266647.842120 -0.020842958 -0.040293477 0.096183367 -0.106481455 -0.086774521 -0.034177490 0.989931226
1548266647.875370 -0.023721777 -0.031643976 0.094183370 -0.102075011 -0.091334827 -0.035839390 0.989926398
1548266647.908890 -0.030495895 -0.042106386 0.095232718 -0.103857979 -0.095799826 -0.036213584 0.989305079
1548266647.942670 -0.039738387 -0.046507891 0.095171176 -0.103537358 -0.101325974 -0.038067121 0.988718390
1548266647.976180 -0.046685752 -0.045263026 0.093779042 -0.101240933 -0.106612638 -0.039751749 0.988333881
1548266648.009490 -0.047665983 -0.053467378 0.094641387 -0.101954818 -0.113794670 -0.040694274 0.987420917
1548266648.043000 -0.054644424 -0.058725595 0.094769999 -0.101344541 -0.119623147 -0.043683898 0.986666739
1548266648.076520 -0.073149309 -0.059696633 0.089717321 -0.099924497 -0.120929383 -0.045786571 0.986557007
1548266648.110040 -0.081300206 -0.065067969 0.090104990 -0.099422991 -0.126296997 -0.047944929 0.985832393
1548266648.143550 -0.088721633 -0.069573946 0.088948742 -0.098343238 -0.133040503 -0.050929938 0.984903574
1548266648.177250 -0.097175442 -0.070048548 0.085057147 -0.096246794 -0.140309602 -0.054186340 0.983927667
1548266648.210790 -0.099853873 -0.070490435 0.083790585 -0.094360992 -0.147966519 -0.059685908 0.982669592
1548266648.244310 -0.110713586 -0.072728865 0.080975793 -0.094018660 -0.151456624 -0.064875886 0.981841445
1548266648.277860 -0.119892299 -0.072789870 0.079788394 -0.093294129 -0.156069964 -0.069365747 0.980880618
1548266648.311380 -0.123983167 -0.074842006 0.077762038 -0.092448488 -0.162169993 -0.074696586 0.979578793
1548266648.344900 -0.134079605 -0.072046027 0.072818421 -0.090408556 -0.163773313 -0.080512680 0.979041517
1548266648.378410 -0.140059024 -0.074025907 0.070781231 -0.090398327 -0.166169912 -0.083809175 0.978361785
1548266648.412030 -0.142559960 -0.066580407 0.072212994 -0.088060081 -0.169217870 -0.087676838 0.977713466
1548266648.445550 -0.142668158 -0.071725003 0.071892157 -0.089269876 -0.170966893 -0.090035923 0.977084816
1548266648.478960 -0.150332302 -0.068639107 0.067113981 -0.088414781 -0.169715166 -0.093254171 0.977078974
1548266648.512480 -0.152255893 -0.069002770 0.069157071 -0.089314103 -0.169909433 -0.095799632 0.976717055
1548266648.545980 -0.153623089 -0.076595783 0.070932478 -0.091817431 -0.170605153 -0.096058130 0.976338208
1548266648.579500 -0.155144691 -0.071861126 0.071274780 -0.091031954 -0.171391889 -0.097180367 0.976162910
1548266648.613030 -0.159580544 -0.069433339 0.070915572 -0.090675794 -0.172157675 -0.099373735 0.975840390
1548266648.646540 -0.161870956 -0.071136802 0.072233863 -0.091169037 -0.171821311 -0.099731043 0.975817323
1548266648.680240 -0.170838907 -0.072181083 0.063657939 -0.091703907 -0.169124886 -0.099825457 0.976228476
1548266648.713880 -0.170964807 -0.073712535 0.064523906 -0.092853025 -0.170944825 -0.098879702 0.975899100
1548266648.747430 -0.171435758 -0.080156304 0.065985084 -0.094678253 -0.173229069 -0.098273396 0.975382030
1548266648.780910 -0.172073945 -0.080683410 0.066398084 -0.094193958 -0.175001934 -0.098291740 0.975110590
1548266648.814430 -0.175265700 -0.081484348 0.064652286 -0.093838871 -0.175780535 -0.098193005 0.975014746
1548266648.847980 -0.178388402 -0.086713128 0.063070700 -0.094820812 -0.178019986 -0.097157277 0.974617064
1548266648.881580 -0.179153532 -0.089555196 0.061466359 -0.094345212 -0.181209058 -0.097273871 0.974063694
1548266648.915090 -0.176950693 -0.092287347 0.061392814 -0.093454428 -0.183611050 -0.097842164 0.973642766
1548266648.948570 -0.182670221 -0.093321227 0.057361569 -0.092498221 -0.184076920 -0.097461648 0.973684311
1548266648.982120 -0.186234415 -0.095608376 0.055673819 -0.091887094 -0.186392382 -0.097693130 0.973278403
1548266649.015640 -0.185078487 -0.098796301 0.055365756 -0.090987787 -0.189531356 -0.098618813 0.972663105
1548266649.049170 -0.185900137 -0.096625052 0.052285664 -0.088839471 -0.191057175 -0.099653795 0.972457647
1548266649.082700 -0.188865498 -0.100772813 0.050965518 -0.088693216 -0.192345455 -0.100320064 0.972148538
1548266649.116200 -0.192885265 -0.109326281 0.048485175 -0.089521118 -0.194681227 -0.100293286 0.971610308
1548266649.149720 -0.190614685 -0.108090319 0.048554175 -0.087309442 -0.199571446 -0.101777643 0.970664561
1548266649.183240 -0.191535726 -0.104553677 0.044411145 -0.084358558 -0.200113267 -0.104171164 0.970560014
1548266649.216760 -0.195951104 -0.115627237 0.042758100 -0.085888259 -0.199469522 -0.103362478 0.970644832
1548266649.250270 -0.195461005 -0.116743907 0.041682828 -0.084038951 -0.201628938 -0.104133092 0.970278084
1548266649.283780 -0.193994716 -0.113897286 0.041894455 -0.081185423 -0.203142121 -0.105341069 0.970075011
1548266649.317280 -0.195859149 -0.120869100 0.039033957 -0.081218503 -0.203070939 -0.105343923 0.970086813
1548266649.350800 -0.194729224 -0.120808333 0.038552605 -0.079011127 -0.203784540 -0.106800623 0.969960213
1548266649.384300 -0.197819129 -0.126919165 0.035082936 -0.078414932 -0.203068033 -0.106424756 0.970200121
1548266649.417790 -0.197937086 -0.136340722 0.035000470 -0.079171591 -0.205586389 -0.106053829 0.969648778
1548266649.451290 -0.197354645 -0.134836987 0.033002295 -0.076178111 -0.206172109 -0.107542068 0.969600320
1548266649.484810 -0.199237838 -0.148416117 0.031564817 -0.078180313 -0.206159934 -0.105298765 0.969689667
1548266649.518320 -0.200486571 -0.157901704 0.033392929 -0.079014316 -0.210041925 -0.104061767 0.968922198
1548266649.551830 -0.195867434 -0.152595907 0.027252879 -0.074741632 -0.213827297 -0.106726490 0.968143106
1548266649.585350 -0.196693316 -0.156551734 0.024532868 -0.074410498 -0.214024678 -0.106310226 0.968170822
1548266649.618860 -0.205119684 -0.163285583 0.021245735 -0.074892566 -0.215045497 -0.107446708 0.967781901
1548266649.652380 -0.199547827 -0.167498261 0.022243725 -0.074508786 -0.219878599 -0.107149817 0.966757953
1548266649.685890 -0.199928522 -0.170864254 0.016914673 -0.073342048 -0.221915916 -0.109106906 0.966162562
1548266649.719410 -0.206345320 -0.177448124 0.014884451 -0.073179260 -0.222788021 -0.109337226 0.965948105
1548266649.752930 -0.199948937 -0.172873646 0.014243471 -0.069766566 -0.226634562 -0.110446878 0.965179265
1548266649.786450 -0.203720570 -0.171795234 0.007587796 -0.067991138 -0.225860909 -0.114080645 0.965064585
1548266649.819960 -0.207196519 -0.177985415 0.006725200 -0.068777137 -0.225005865 -0.113750935 0.965247571
1548266649.853480 -0.208606675 -0.177650958 0.004841181 -0.068104126 -0.225749567 -0.116252407 0.964823484
1548266649.886990 -0.206910327 -0.178041071 0.003436411 -0.068187468 -0.226083159 -0.117722385 0.964561224
1548266649.920510 -0.209473684 -0.172634929 -0.002904739 -0.066919975 -0.224905446 -0.119857445 0.964662373
1548266649.954030 -0.216329634 -0.176137418 -0.006763989 -0.068367153 -0.222207665 -0.122114718 0.964902937
1548266649.987540 -0.223271340 -0.171575040 -0.011134264 -0.068691328 -0.221186936 -0.123945445 0.964881063
1548266650.021060 -0.217749849 -0.171977386 -0.009574418 -0.070245959 -0.224438369 -0.127251819 0.963586986
1548266650.054630 -0.220342591 -0.162790731 -0.014269596 -0.069353275 -0.219613776 -0.132552654 0.964048624
1548266650.088150 -0.235406175 -0.177982882 -0.025154382 -0.077412263 -0.211534381 -0.129821867 0.965612233
1548266650.121670 -0.240416899 -0.174498931 -0.020899966 -0.080636300 -0.215800792 -0.133188576 0.963944316
1548266650.155180 -0.234088734 -0.164857626 -0.021564988 -0.081111543 -0.218286619 -0.138048202 0.962660193
1548266650.188690 -0.237213105 -0.162740245 -0.020446390 -0.085148983 -0.216572002 -0.138981879 0.962564468
1548266650.222210 -0.235574797 -0.162830472 -0.011875027 -0.091018088 -0.220627666 -0.141036615 0.960805893
1548266650.255720 -0.237542078 -0.151235133 -0.013528685 -0.092348412 -0.220705420 -0.145886436 0.959936559
1548266650.289240 -0.244772866 -0.145644218 -0.014614786 -0.096271604 -0.219357401 -0.148396507 0.959475160
1548266650.322750 -0.246094361 -0.147959158 -0.007229425 -0.102647759 -0.222103909 -0.150073990 0.957920194
1548266650.356270 -0.243709356 -0.138543919 -0.004046513 -0.103841826 -0.223662466 -0.152403742 0.957060635
1548266650.389790 -0.246774077 -0.137691125 -0.002951514 -0.107319295 -0.224149659 -0.153920650 0.956320047
1548266650.423330 -0.242745847 -0.134246290 -0.001169585 -0.109462164 -0.226435736 -0.156164899 0.955174029
1548266650.456860 -0.245416433 -0.130526870 0.000427598 -0.111451589 -0.226093858 -0.158781618 0.954593420
1548266650.490390 -0.244741142 -0.130446836 0.004820989 -0.113615021 -0.227679282 -0.159027427 0.953920364
1548266650.523890 -0.243514150 -0.131898284 0.003209185 -0.115442380 -0.229922757 -0.160868138 0.952853620
1548266650.557240 -0.245224178 -0.117789648 -0.004048448 -0.112904519 -0.228772461 -0.164723575 0.952775896
1548266650.590450 -0.250707507 -0.116522029 -0.001723001 -0.113963045 -0.227538332 -0.165255174 0.952853322
1548266650.624280 -0.254082352 -0.118253186 -0.001519652 -0.115609609 -0.229306534 -0.166648358 0.951988101
1548266650.657970 -0.237624839 -0.112595350 0.000818325 -0.113067031 -0.232741922 -0.170746237 0.950732768
1548266650.691480 -0.239537597 -0.113027789 -0.002818847 -0.113086954 -0.227992713 -0.170561701 0.951913595
1548266650.724820 -0.270743638 -0.102605656 -0.024224188 -0.110952735 -0.217931226 -0.172922835 0.954092860
1548266650.757690 -0.250832438 -0.107844830 -0.011823494 -0.113322645 -0.228087991 -0.171298072 0.951730490
1548266650.791210 -0.250018716 -0.094291948 -0.018703327 -0.111228973 -0.226441815 -0.172736734 0.952110410
1548266650.824720 -0.259118229 -0.088968113 -0.025269980 -0.113521405 -0.225196987 -0.170771733 0.952489555
1548266650.858240 -0.248968184 -0.082252666 -0.020629659 -0.114706554 -0.230446920 -0.171332330 0.950989962
1548266650.891750 -0.250464261 -0.080795191 -0.021280881 -0.117576748 -0.228664830 -0.171242252 0.951085865
1548266650.925270 -0.245212808 -0.080017366 -0.016809277 -0.120325707 -0.231447637 -0.170370623 0.950225055
1548266650.958790 -0.241144165 -0.078704163 -0.014050072 -0.122417234 -0.231295824 -0.169748470 0.950106204
1548266650.992300 -0.243503436 -0.078095667 -0.014004436 -0.124955311 -0.231272325 -0.169398576 0.949843943
1548266651.026140 -0.237539396 -0.073790297 -0.010565525 -0.125874549 -0.233733624 -0.169691429 0.949067533
1548266651.059680 -0.231837422 -0.068107799 -0.008542940 -0.125463098 -0.233899742 -0.170253769 0.948980331
1548266651.093310 -0.236181155 -0.068344370 -0.012293499 -0.127531856 -0.230511501 -0.170289040 0.949527085
1548266651.126830 -0.235993832 -0.066511124 -0.014297104 -0.129302651 -0.231633335 -0.170649081 0.948949873
1548266651.160230 -0.237304688 -0.066797748 -0.014682120 -0.131427675 -0.232114971 -0.170475855 0.948571265
1548266651.193860 -0.232942268 -0.065262362 -0.013847805 -0.132055074 -0.233353287 -0.169950679 0.948274493
1548266651.227380 -0.230783641 -0.069559470 -0.012861162 -0.134235770 -0.234794229 -0.169061109 0.947771490
1548266651.260910 -0.227140188 -0.070892267 -0.010811284 -0.134484857 -0.236282989 -0.168797523 0.947413146
1548266651.294430 -0.224040091 -0.069995530 -0.013336034 -0.133569494 -0.236085966 -0.168370560 0.947667658
1548266651.328020 -0.231383517 -0.074120462 -0.021131236 -0.134655029 -0.234298170 -0.166171208 0.948345721
1548266651.361540 -0.224289626 -0.072079554 -0.020308336 -0.132742584 -0.239226952 -0.166181207 0.947382569
1548266651.395050 -0.214492887 -0.071578257 -0.018502260 -0.130474269 -0.241223723 -0.167475298 0.946963429
1548266651.428570 -0.206664920 -0.077452756 -0.012895859 -0.129594967 -0.241850793 -0.167821407 0.946862876
1548266651.462090 -0.210533693 -0.079116739 -0.022677604 -0.126857892 -0.236458868 -0.167774409 0.948602140
1548266651.495520 -0.210267693 -0.084070764 -0.024204293 -0.125131682 -0.236282140 -0.166902930 0.949029148
1548266651.529020 -0.198561206 -0.088359781 -0.019667232 -0.121571705 -0.236980602 -0.167897046 0.949142337
1548266651.562560 -0.209925637 -0.094551429 -0.031936418 -0.118772604 -0.230044380 -0.165503412 0.951620400
1548266651.596120 -0.207168788 -0.098729216 -0.038113296 -0.114986710 -0.230762184 -0.163499638 0.952257752
1548266651.629510 -0.196275711 -0.102628946 -0.034746453 -0.110292599 -0.232802168 -0.162145615 0.952547908
1548266651.663150 -0.198773965 -0.104252920 -0.046421524 -0.105512336 -0.229604408 -0.157885805 0.954579055
1548266651.696550 -0.197944522 -0.103805810 -0.055918813 -0.100827783 -0.230767161 -0.157115370 0.954931974
1548266651.730060 -0.187022164 -0.104603834 -0.051255822 -0.096680202 -0.233994573 -0.157323048 0.954541266
1548266651.763560 -0.186544955 -0.098450661 -0.060173430 -0.092132419 -0.230034068 -0.156375423 0.956108093
1548266651.797090 -0.201113239 -0.099809587 -0.076052137 -0.091845170 -0.226263195 -0.155725956 0.957141042
1548266651.830590 -0.188779503 -0.095691167 -0.073676497 -0.090217680 -0.231185719 -0.157037809 0.955904365
1548266651.864080 -0.184132621 -0.093831949 -0.074080050 -0.090542145 -0.231753647 -0.157974795 0.955581725
1548266651.897580 -0.189302504 -0.091273166 -0.080674119 -0.092376374 -0.229105473 -0.158698261 0.955924809
1548266651.931090 -0.198354006 -0.091612495 -0.087253988 -0.096061364 -0.228615299 -0.159433559 0.955556571
1548266651.964530 -0.192684889 -0.091294296 -0.081341296 -0.099608235 -0.233975276 -0.160592288 0.953700125
1548266651.998040 -0.193337455 -0.088365555 -0.082153872 -0.102049693 -0.234590396 -0.160606548 0.953288436
1548266652.031520 -0.200222358 -0.091299631 -0.083363257 -0.106312364 -0.234771192 -0.160071269 0.952868044
1548266652.065030 -0.197477832 -0.096281864 -0.079465091 -0.110469528 -0.238715768 -0.158848912 0.951618850
1548266652.098540 -0.185965404 -0.096832804 -0.070799842 -0.112489380 -0.242513180 -0.158289671 0.950514615
1548266652.131980 -0.185299337 -0.097151436 -0.067804947 -0.114205398 -0.242237836 -0.157269046 0.950549603
1548266652.165470 -0.188788787 -0.097571172 -0.070268363 -0.115743540 -0.240951002 -0.155775949 0.950936377
1548266652.198980 -0.186582327 -0.100987963 -0.065253489 -0.117607541 -0.242917761 -0.154916376 0.950347543
1548266652.232490 -0.181787759 -0.102501750 -0.060280830 -0.117830038 -0.244201452 -0.154948264 0.949985683
1548266652.266000 -0.185645178 -0.105933212 -0.063491598 -0.118371569 -0.242069110 -0.154678360 0.950507939
1548266652.299480 -0.183598801 -0.105900146 -0.061350368 -0.117817968 -0.243352011 -0.155983984 0.950035691
1548266652.333000 -0.183976308 -0.107969902 -0.059469972 -0.117546119 -0.243177265 -0.155653268 0.950168312
1548266652.366550 -0.183934748 -0.109586298 -0.060848255 -0.116466261 -0.243763089 -0.156232551 0.950056136
1548266652.400080 -0.183392942 -0.113651790 -0.060636193 -0.116047382 -0.244465724 -0.155927241 0.949976981
1548266652.433600 -0.181838587 -0.114992656 -0.059475999 -0.114779852 -0.245716542 -0.155061007 0.949950039
1548266652.467120 -0.182447493 -0.112584606 -0.061088931 -0.112364002 -0.245197639 -0.154693455 0.950432777
1548266652.500630 -0.186490059 -0.112645231 -0.067220375 -0.111203082 -0.244135723 -0.153712094 0.951001763
1548266652.534140 -0.184252888 -0.111401848 -0.065503031 -0.110100977 -0.244903877 -0.154002652 0.950885475
1548266652.567610 -0.186177522 -0.106387101 -0.069967456 -0.108960085 -0.244255349 -0.154171392 0.951156318
1548266652.601120 -0.187242970 -0.103287965 -0.070091724 -0.108949460 -0.244771823 -0.154746398 0.950931311
1548266652.634630 -0.188689798 -0.102542408 -0.070996255 -0.110025622 -0.245147124 -0.155377463 0.950607777
1548266652.668140 -0.187401250 -0.101691097 -0.069265313 -0.111071706 -0.246064469 -0.155558065 0.950219572
1548266652.701660 -0.188064203 -0.103926077 -0.069929190 -0.112934716 -0.246635407 -0.155737668 0.949822366
1548266652.735180 -0.184183821 -0.102962524 -0.066023447 -0.113854073 -0.248488322 -0.156550497 0.949095786
1548266652.768690 -0.183720544 -0.097524509 -0.064961635 -0.113794558 -0.247472957 -0.157991081 0.949129462
1548266652.802260 -0.188938409 -0.097350553 -0.068649173 -0.115245223 -0.245339543 -0.159216970 0.949303448
1548266652.835720 -0.189795122 -0.099993549 -0.067742966 -0.117124088 -0.246737152 -0.160658166 0.948468089
1548266652.869240 -0.186511859 -0.099469252 -0.068566322 -0.117270932 -0.246650591 -0.162422508 0.948171973
1548266652.902760 -0.187194481 -0.101862527 -0.067541294 -0.118347816 -0.246057555 -0.163280591 0.948044837
1548266652.936270 -0.183869362 -0.102274306 -0.065514766 -0.118256539 -0.246019557 -0.163595110 0.948011875
1548266652.969790 -0.184117049 -0.102547318 -0.067803539 -0.118050307 -0.243935406 -0.163285762 0.948629260
1548266653.003320 -0.185134739 -0.100376308 -0.069773376 -0.117375955 -0.242687926 -0.161937505 0.949263811
1548266653.036860 -0.182510003 -0.096094705 -0.069436669 -0.116222732 -0.242819622 -0.161151648 0.949505687
1548266653.070390 -0.181407571 -0.099443838 -0.071154349 -0.116922051 -0.242096052 -0.160831079 0.949658930
1548266653.103900 -0.183430046 -0.097090214 -0.072417259 -0.116536170 -0.240295365 -0.160207033 0.950268984
1548266653.137410 -0.180002362 -0.098982774 -0.070213228 -0.117069848 -0.241124019 -0.159789026 0.950063884
1548266653.170930 -0.175791457 -0.100548990 -0.069033563 -0.116966821 -0.240527377 -0.159852847 0.950217068
1548266653.204440 -0.177858993 -0.101449795 -0.069640145 -0.116425112 -0.238180786 -0.158703208 0.951067030
1548266653.237960 -0.177877247 -0.105159000 -0.069944784 -0.116909690 -0.237551510 -0.156806707 0.951479495
