1341845688.561749 0.000000000 0.000000000 0.000000000 0.000000000 0.000000000 0.000000000 1.000000000
1341845688.593654 -0.003978112 -0.003081436 -0.000756811 0.000246934 -0.002646855 0.003598287 0.999989986
1341845688.629688 -0.009632356 0.003829199 -0.005668427 0.002807084 -0.006931184 0.007376658 0.999944806
1341845688.663680 -0.015347851 -0.000912366 -0.007602463 0.003958575 -0.011295326 0.012034572 0.999855936
1341845688.697719 -0.018091425 -0.008876644 -0.004755519 0.005918835 -0.016088391 0.018217107 0.999687076
1341845688.729899 -0.009509970 -0.000035272 -0.022126280 0.011208072 -0.024517560 0.022331757 0.999387085
1341845688.761762 -0.000517778 0.006812369 -0.013592200 0.014994957 -0.028870588 0.022365810 0.999220371
1341845688.797687 0.001669853 0.015892927 -0.014807774 0.017604789 -0.028013675 0.020693235 0.999238253
1341845688.829892 -0.000241170 0.020517506 -0.016095616 0.017977566 -0.025764579 0.018926505 0.999327183
1341845688.865774 -0.006636135 0.019192718 -0.019041225 0.017097559 -0.024611766 0.019744778 0.999355793
1341845688.929779 -0.009865697 0.012952922 -0.034320287 0.016163485 -0.030603569 0.022584131 0.999145687
1341845688.965631 -0.012609874 0.031289373 -0.025652884 0.018799786 -0.033371147 0.020581124 0.999054253
1341845688.997750 -0.008786005 0.045621321 -0.029699711 0.019693889 -0.033365794 0.016050545 0.999120235
1341845689.029751 -0.016986968 0.053512480 -0.035691157 0.016384827 -0.029446192 0.009378278 0.999388099
1341845689.065755 -0.013301667 0.054505765 -0.031071419 0.012762511 -0.028634397 0.009449443 0.999463797
1341845689.097725 -0.007978642 0.052206248 -0.028255854 0.008112285 -0.029106127 0.013549190 0.999451578
1341845689.133718 -0.016317364 0.060854517 -0.031609651 0.007417591 -0.026476042 0.014690951 0.999513984
1341845689.165884 -0.019175459 0.066576324 -0.034861725 0.005507604 -0.025238199 0.018164739 0.999501288
1341845689.198264 -0.019002229 0.065567121 -0.032334659 0.001640462 -0.025156161 0.020617990 0.999469519
1341845689.234322 -0.011011952 0.065376423 -0.029605117 -0.000823216 -0.025761869 0.023425380 0.999393284
1341845689.265745 -0.018986924 0.066614248 -0.030994812 -0.001629316 -0.024077008 0.024398115 0.999410987
1341845689.297769 -0.016027560 0.066785753 -0.034439549 -0.003213122 -0.024932023 0.025446232 0.999360085
1341845689.333650 -0.024105370 0.069810599 -0.036629215 -0.003465495 -0.022427164 0.024437997 0.999443769
1341845689.365881 -0.019839205 0.063206464 -0.035902265 -0.004265822 -0.023018366 0.024557706 0.999424279
1341845689.401592 -0.014267841 0.056657273 -0.039469812 -0.004548154 -0.024799634 0.024507556 0.999381661
1341845689.433744 -0.024211589 0.066082239 -0.037541479 -0.002061014 -0.024019262 0.023864612 0.999424458
1341845689.465651 -0.030735293 0.056140736 -0.043891720 -0.000785773 -0.024038820 0.023359435 0.999437749
1341845689.501840 -0.033120025 0.053748671 -0.043717161 0.002237422 -0.026909269 0.020399511 0.999427199
1341845689.533687 -0.026411016 0.060912337 -0.043226127 0.005620192 -0.029860549 0.015451636 0.999418855
1341845689.565814 -0.025870521 0.056621548 -0.043399896 0.007214793 -0.029741216 0.012432023 0.999454260
1341845689.601682 -0.032851256 0.049283657 -0.049636878 0.008721974 -0.030604072 0.009494838 0.999448419
1341845689.633591 -0.029813142 0.051407885 -0.051941644 0.010865682 -0.033928838 0.004935336 0.999352992
1341845689.669672 -0.032923810 0.050143391 -0.056366019 0.011566948 -0.035054117 0.003727660 0.999311507
1341845689.701700 -0.035027888 0.050191965 -0.057758771 0.012623852 -0.037161026 0.003209345 0.999224365
1341845689.733773 -0.035493977 0.051674373 -0.057473514 0.013015124 -0.039819099 0.001502455 0.999121010
1341845689.769822 -0.034318086 0.057333361 -0.058076538 0.014318752 -0.041473523 0.000029059 0.999036968
1341845689.802003 -0.043897200 0.049328461 -0.062379848 0.013104068 -0.041671991 -0.000435963 0.999045312
1341845689.833757 -0.043584760 0.051691081 -0.058988247 0.014362626 -0.044825424 -0.001727086 0.998890102
1341845689.869861 -0.042083208 0.057168510 -0.059270017 0.016245076 -0.047365170 -0.003366871 0.998739898
1341845689.901825 -0.044012491 0.055285417 -0.058717065 0.016260043 -0.048461251 -0.002868010 0.998688579
1341845689.937674 -0.047212265 0.060165223 -0.059619788 0.018095583 -0.050336756 -0.002697686 0.998564720
1341845689.969679 -0.036632065 0.069146112 -0.051314518 0.019937022 -0.053524379 -0.002425381 0.998364568
1341845690.003830 -0.037272304 0.070509441 -0.051138952 0.019954564 -0.053442176 -0.002803992 0.998367608
1341845690.037686 -0.036928929 0.068576105 -0.051071063 0.019752005 -0.053842220 -0.004462162 0.998344123
1341845690.069636 -0.035498053 0.068447538 -0.052509520 0.020091545 -0.053698249 -0.003536628 0.998348773
1341845690.106587 -0.037881237 0.067063630 -0.054423865 0.019642206 -0.053723712 -0.003377170 0.998356938
1341845690.138859 -0.033200391 0.069659635 -0.051632870 0.019960783 -0.054987524 -0.004438524 0.998277664
1341845690.169919 -0.033603869 0.067655139 -0.053201303 0.019771492 -0.054177120 -0.003611600 0.998329043
1341845690.206103 -0.032315098 0.070855968 -0.053731889 0.019690258 -0.054552265 -0.003494656 0.998310626
1341845690.237700 -0.031715773 0.068093553 -0.052243631 0.018745318 -0.055324376 -0.003812726 0.998285174
1341845690.269981 -0.034371063 0.067387901 -0.052921928 0.019330766 -0.056125615 -0.004507769 0.998226404
1341845690.306143 -0.031548437 0.068381257 -0.053473037 0.019760476 -0.057706032 -0.005260100 0.998124182
1341845690.338646 -0.035118006 0.072724007 -0.055186152 0.019617260 -0.057256032 -0.004700962 0.998155713
1341845690.373833 -0.033155095 0.070476674 -0.053487994 0.018190769 -0.058134899 -0.004640621 0.998132169
1341845690.405976 -0.031653922 0.072204493 -0.053102221 0.018743481 -0.058388334 -0.006069421 0.998099506
1341845690.437908 -0.031073797 0.071263880 -0.052425388 0.018617481 -0.058168180 -0.005545966 0.998117805
1341845690.473654 -0.033746608 0.067421816 -0.053662803 0.017870117 -0.058288898 -0.004149787 0.998131216
1341845690.505978 -0.035241116 0.067125030 -0.053430978 0.018428339 -0.059636652 -0.004984336 0.998037577
1341845690.537884 -0.031427372 0.072996981 -0.050860170 0.019712681 -0.060344912 -0.006638791 0.997960806
1341845690.573708 -0.032557964 0.073030479 -0.051589195 0.019010941 -0.058663871 -0.005844063 0.998079658
1341845690.605848 -0.032710541 0.069101378 -0.050685015 0.018235518 -0.058331814 -0.004313083 0.998121381
1341845690.641747 -0.033114556 0.068447739 -0.051229078 0.019138614 -0.058744404 -0.005087477 0.998076618
1341845690.673751 -0.029195491 0.071128033 -0.049394406 0.019467851 -0.058462959 -0.005327446 0.998085499
1341845690.706003 -0.029086132 0.068361111 -0.049128003 0.019295648 -0.057314727 -0.005309097 0.998155534
1341845690.741684 -0.030144174 0.069384821 -0.050149322 0.020316832 -0.056536362 -0.006260213 0.998174191
1341845690.773770 -0.028723424 0.068649754 -0.049316064 0.020359276 -0.055914056 -0.005663089 0.998211920
1341845690.805715 -0.030968240 0.067419603 -0.049671844 0.020620985 -0.054577354 -0.005174982 0.998283207
1341845690.841674 -0.028374963 0.068918929 -0.048842598 0.021004871 -0.054376341 -0.005032158 0.998286903
1341845690.873770 -0.028939726 0.072490446 -0.049496971 0.021334620 -0.053526856 -0.005180993 0.998325050
1341845690.909837 -0.026344277 0.066229627 -0.049258880 0.019805079 -0.053115141 -0.003635673 0.998385370
1341845690.941576 -0.027224710 0.068618737 -0.049888507 0.020082859 -0.052827805 -0.003654415 0.998395026
1341845690.973879 -0.029577030 0.070327751 -0.049389955 0.020449637 -0.051860102 -0.003892803 0.998437405
1341845691.011558 -0.027681392 0.072709754 -0.049356356 0.020681560 -0.051365554 -0.002449773 0.998462737
1341845691.077986 -0.026633810 0.070980795 -0.049177423 0.020972863 -0.051583659 -0.004200190 0.998439610
1341845691.109685 -0.024363263 0.071037024 -0.047523595 0.021368861 -0.051270794 -0.004153569 0.998447537
1341845691.141759 -0.025489474 0.070984475 -0.049000669 0.021992395 -0.049934447 -0.004018187 0.998502254
1341845691.177729 -0.027056087 0.071295485 -0.049350355 0.022792775 -0.049956121 -0.005396692 0.998476684
1341845691.209644 -0.024677878 0.073346913 -0.049558789 0.023103718 -0.050528146 -0.006810748 0.998432159
1341845691.241757 -0.020860957 0.070539869 -0.048662812 0.022490932 -0.049793761 -0.006466391 0.998485327
1341845691.277595 -0.028604375 0.066236995 -0.050036110 0.022631941 -0.048783887 -0.005674810 0.998536766
1341845691.310138 -0.026212484 0.071918838 -0.052809812 0.023951882 -0.051076762 -0.007078905 0.998382390
1341845691.345620 -0.021036491 0.071814589 -0.050971184 0.023875704 -0.051119361 -0.008346375 0.998372197
1341845691.378062 -0.021290760 0.070653610 -0.050497893 0.024243806 -0.049000666 -0.009262658 0.998461485
1341845691.451922 -0.022698130 0.076600686 -0.054644041 0.025486756 -0.048265144 -0.010462004 0.998454511
1341845691.509739 -0.023633052 0.068217933 -0.052478090 0.023425009 -0.046784561 -0.010451806 0.998575568
1341845691.545833 -0.023142034 0.072991289 -0.053364627 0.024194859 -0.047089383 -0.012391572 0.998520732
1341845691.578399 -0.017574603 0.074181855 -0.052965768 0.023591988 -0.046578091 -0.014540808 0.998530149
1341845691.613857 -0.010297899 0.069391064 -0.055563442 0.023034586 -0.044589218 -0.018473830 0.998568952
1341845691.645632 -0.013966376 0.067852415 -0.049193013 0.024027495 -0.041178051 -0.020915402 0.998643875
1341845691.677793 -0.017478025 0.069669865 -0.051075503 0.025054453 -0.040793918 -0.018090570 0.998689592
1341845691.713727 -0.019170858 0.068080261 -0.051114261 0.025149643 -0.042116012 -0.016121527 0.998666048
1341845691.746050 -0.010855011 0.074846305 -0.047920208 0.026853584 -0.043430965 -0.017833997 0.998536229
1341845691.778411 -0.011285628 0.078538276 -0.050539494 0.026188603 -0.040537920 -0.018992970 0.998654127
1341845691.813646 -0.012653239 0.072123982 -0.048918303 0.023763305 -0.039438743 -0.016608352 0.998801291
1341845691.845603 -0.017485566 0.071960092 -0.050149135 0.024011131 -0.039770551 -0.016222365 0.998788595
1341845691.881595 -0.012987113 0.076309681 -0.049046360 0.025158577 -0.041408680 -0.017848250 0.998665988
1341845691.913600 -0.010850573 0.075916797 -0.049097206 0.025052160 -0.040531512 -0.017009217 0.998719335
1341845691.945997 -0.020087438 0.070101380 -0.051380113 0.024603773 -0.039827365 -0.014833709 0.998793483
1341845691.981657 -0.022132102 0.067314580 -0.049623355 0.026034098 -0.044372100 -0.012800235 0.998593748
1341845692.013904 -0.016840920 0.071860135 -0.050541379 0.028783893 -0.048892047 -0.010821478 0.998330534
1341845692.049676 -0.012715136 0.073300026 -0.051513135 0.029329197 -0.050268203 -0.009366181 0.998261094
1341845692.081862 -0.014756068 0.070311576 -0.052045699 0.029499898 -0.050755981 -0.009042094 0.998234332
1341845692.113695 -0.009686847 0.072948411 -0.050665379 0.030501029 -0.052700609 -0.010183311 0.998092473
1341845692.149736 -0.004802662 0.072388768 -0.049752295 0.030140141 -0.052504793 -0.010609252 0.998109341
1341845692.182123 -0.004255025 0.070025645 -0.052215211 0.030923760 -0.051722590 -0.010303468 0.998129427
1341845692.213661 -0.004903372 0.069850214 -0.053694829 0.031560808 -0.052026741 -0.008996207 0.998106301
1341845692.249828 -0.001463577 0.071459830 -0.054228868 0.031646330 -0.052265111 -0.009325297 0.998088121
1341845692.282146 -0.001521711 0.069169685 -0.053663913 0.030644618 -0.051468924 -0.010040320 0.998153806
1341845692.317711 -0.007230686 0.065623261 -0.057028059 0.029860638 -0.051219936 -0.010318087 0.998187542
1341845692.349688 -0.003909132 0.066530585 -0.055239562 0.030675547 -0.052973289 -0.010252077 0.998072028
1341845692.381560 -0.000969713 0.064870499 -0.056900002 0.031708371 -0.053394072 -0.011658472 0.998001873
1341845692.417776 0.003240137 0.064394042 -0.056627572 0.032504469 -0.053805251 -0.012847750 0.997939587
1341845692.449672 0.000555301 0.064872593 -0.057405490 0.033257052 -0.053286739 -0.014154974 0.997924924
1341845692.481594 -0.000750421 0.061651893 -0.061071530 0.033702720 -0.053345703 -0.014836789 0.997896910
1341845692.517778 0.000371429 0.060204018 -0.060337320 0.034665216 -0.053841349 -0.014790597 0.997838020
1341845692.549744 0.002746922 0.059830114 -0.063454144 0.035853840 -0.054303978 -0.015014523 0.997767568
1341845692.585822 0.002180353 0.061800782 -0.064255238 0.036465410 -0.054066468 -0.016128497 0.997740924
1341845692.617836 0.003388264 0.058412448 -0.064546213 0.036306340 -0.053357728 -0.015406609 0.997796297
1341845692.649770 -0.001512152 0.060789105 -0.066915542 0.037555043 -0.052490212 -0.015650485 0.997792304
1341845692.685749 0.000465060 0.059145134 -0.069113798 0.037327383 -0.053911619 -0.015521877 0.997727036
1341845692.717676 0.007955413 0.061288919 -0.063266717 0.037935033 -0.054925904 -0.015478451 0.997649491
1341845692.749897 0.002623984 0.055544619 -0.069218375 0.037079062 -0.052459300 -0.014892387 0.997823358
1341845692.785833 -0.005715580 0.055276658 -0.071940653 0.038083237 -0.051936440 -0.016173994 0.997792900
1341845692.817657 -0.000648683 0.059220273 -0.069539689 0.039915964 -0.053507909 -0.019345710 0.997581780
1341845692.853833 0.000220675 0.058663331 -0.069644816 0.040744845 -0.052191127 -0.020444514 0.997596085
1341845692.885614 -0.004214660 0.055189673 -0.073183715 0.041608375 -0.051482644 -0.020891022 0.997588038
1341845692.917728 0.000345426 0.057239242 -0.072106637 0.042910378 -0.053048566 -0.021848673 0.997430265
1341845692.953573 0.000685882 0.054822356 -0.074480884 0.043332022 -0.052199896 -0.022652116 0.997438908
1341845692.985667 -0.000251118 0.051946502 -0.076908894 0.043928474 -0.051523250 -0.022373009 0.997454286
1341845693.017585 0.000143933 0.056642640 -0.078016065 0.044621155 -0.051765628 -0.022927169 0.997398436
1341845693.053684 0.002158935 0.053620245 -0.075439520 0.044319451 -0.051528562 -0.023021871 0.997421980
1341845693.086059 -0.002620500 0.055111069 -0.076108560 0.045427356 -0.050756168 -0.021846436 0.997438192
1341845693.121690 -0.002863474 0.059227616 -0.077881411 0.046139374 -0.051859856 -0.019780889 0.997391820
1341845693.153852 -0.000952223 0.063160636 -0.077220812 0.045973413 -0.053034041 -0.020875590 0.997315407
1341845693.185655 0.005834875 0.060761102 -0.075260036 0.044903383 -0.052246228 -0.021509985 0.997392297
1341845693.221687 -0.007036371 0.058793951 -0.078974724 0.044492587 -0.049849581 -0.018992627 0.997584462
1341845693.254518 -0.010147939 0.057395790 -0.079599865 0.045031227 -0.052457444 -0.016908392 0.997464061
1341845693.289735 0.004858575 0.068518057 -0.071686171 0.046948846 -0.055093240 -0.018356759 0.997207880
1341845693.321741 0.014664496 0.068988696 -0.070313901 0.046316803 -0.051845271 -0.017272292 0.997430921
1341845693.353715 0.009610611 0.065282807 -0.072369911 0.045886748 -0.047880985 -0.015486094 0.997678339
1341845693.421993 0.011187417 0.067406178 -0.071145222 0.046791263 -0.045019805 -0.016352048 0.997755647
1341845693.453700 0.011267612 0.065793380 -0.069260687 0.046656527 -0.043341812 -0.018812418 0.997792959
1341845693.489783 0.009263789 0.063035175 -0.070011251 0.047336485 -0.041327894 -0.018972319 0.997843325
1341845693.522084 0.003782888 0.059123270 -0.073095493 0.048634127 -0.041353889 -0.018529098 0.997788191
1341845693.557666 0.002389246 0.061044980 -0.076364435 0.050741151 -0.042259108 -0.020177212 0.997613370
1341845693.589792 0.006136840 0.063378677 -0.072888218 0.052021399 -0.043433584 -0.021286054 0.997473896
1341845693.622158 0.008131729 0.065023601 -0.072500415 0.052190330 -0.042610358 -0.021478411 0.997496486
1341845693.689929 0.010361855 0.071220838 -0.074229293 0.052122429 -0.041722130 -0.020254821 0.997563183
1341845693.721602 0.011606127 0.070636705 -0.074821465 0.049575966 -0.040477600 -0.021122850 0.997726202
1341845693.757636 0.006422690 0.067327924 -0.074918337 0.047305334 -0.038924929 -0.021321008 0.997894049
1341845693.789776 0.003350237 0.067775339 -0.073470592 0.046557665 -0.039380167 -0.020543130 0.997927606
1341845693.825637 0.001510309 0.070481166 -0.075317323 0.045427054 -0.039356004 -0.020767026 0.997976065
1341845693.857724 0.003098298 0.063434720 -0.072680905 0.043584242 -0.039582636 -0.019699471 0.998070955
1341845693.889741 0.005006241 0.068400130 -0.071619429 0.044796977 -0.039835922 -0.018609472 0.998028100
1341845693.925573 0.005789999 0.064860396 -0.070144750 0.043624893 -0.039647657 -0.017105805 0.998114407
1341845693.957722 0.008144401 0.065352201 -0.070019752 0.044485658 -0.039610744 -0.016403545 0.998089671
1341845693.990410 0.011565728 0.064563781 -0.070681512 0.045075867 -0.039173495 -0.016443148 0.998079777
1341845694.025740 0.009065445 0.064275794 -0.074235998 0.045352548 -0.037139602 -0.017554324 0.998126030
1341845694.057728 0.005953918 0.061351050 -0.073826648 0.045510199 -0.035744742 -0.017539140 0.998170078
1341845694.093631 0.004812642 0.057317112 -0.073727272 0.046554703 -0.035744090 -0.017683648 0.998119354
1341845694.125598 0.012549408 0.063104376 -0.068487592 0.049013622 -0.037499532 -0.017432854 0.997941673
1341845694.157890 0.011625475 0.060365722 -0.076012820 0.048801322 -0.036242820 -0.017771613 0.997992516
1341845694.193528 0.003316499 0.057586573 -0.078805275 0.049449932 -0.034377985 -0.018447611 0.998014271
1341845694.226254 0.011539832 0.057948776 -0.074846789 0.050788015 -0.036049794 -0.018148240 0.997893572
1341845694.261793 0.015272550 0.062545307 -0.070311919 0.052114747 -0.036532305 -0.016743969 0.997832179
1341845694.293655 0.007994822 0.061506014 -0.072181903 0.052500986 -0.035353705 -0.015931841 0.997867703
1341845694.325844 0.005349307 0.060174584 -0.072583571 0.053607911 -0.036533780 -0.012857411 0.997810662
1341845694.361761 0.006792612 0.062847473 -0.071567260 0.055527143 -0.039119538 -0.011454342 0.997624755
1341845694.393754 0.005980026 0.063634187 -0.072960518 0.056412660 -0.040728152 -0.011163560 0.997514009
1341845694.425809 0.006687875 0.062839195 -0.073181510 0.056040335 -0.042382237 -0.010977813 0.997468174
1341845694.461731 0.007420337 0.066031240 -0.072578698 0.056491416 -0.043759793 -0.011869592 0.997372985
1341845694.493931 0.010123675 0.067821681 -0.071894236 0.055386655 -0.043922812 -0.013001499 0.997413695
1341845694.529694 0.007780169 0.067038417 -0.069923751 0.053949270 -0.043201879 -0.014423436 0.997504413
1341845694.561652 0.005459121 0.064417146 -0.069809996 0.053537406 -0.044076353 -0.013795328 0.997497201
1341845694.595586 0.008617798 0.063461885 -0.072169907 0.054248352 -0.046022203 -0.012641764 0.997386217
1341845694.629850 0.008766178 0.063974261 -0.071733445 0.055641193 -0.047881689 -0.011658878 0.997233927
1341845694.661659 0.015530887 0.068443380 -0.072255522 0.057925209 -0.049350910 -0.010531601 0.997044742
1341845694.693720 0.031641405 0.077656575 -0.067498356 0.058683794 -0.047660153 -0.009858586 0.997089505
1341845694.735664 0.040034797 0.065343685 -0.072370134 0.054835945 -0.042212114 -0.008888590 0.997563124
1341845694.767988 0.032016590 0.070525013 -0.070284247 0.053681839 -0.034949224 -0.006881536 0.997922540
1341845694.803611 0.026972568 0.071091577 -0.068140104 0.051727641 -0.028858179 -0.005273913 0.998230219
1341845694.835585 0.017252902 0.067563467 -0.070132680 0.050458942 -0.023202445 -0.004963800 0.998444259
1341845694.867728 0.019979013 0.071767539 -0.069028668 0.050244492 -0.020996492 -0.003948951 0.998508394
1341845694.903566 0.024205454 0.077513382 -0.060438469 0.049719859 -0.019336354 -0.003173904 0.998570919
1341845694.935679 0.023106238 0.071890496 -0.060173649 0.048722193 -0.017255737 -0.002435554 0.998660326
1341845694.967669 0.025426937 0.073691279 -0.059768960 0.049445227 -0.016456882 -0.000839273 0.998640895
1341845695.003730 0.029263563 0.076469064 -0.057443108 0.049997028 -0.014934005 -0.000001696 0.998637736
1341845695.035689 0.032114230 0.075893261 -0.054793540 0.049918216 -0.012020345 0.000114094 0.998680949
1341845695.072465 0.024804618 0.072789431 -0.056911077 0.049302742 -0.009174024 0.000863748 0.998741388
1341845695.103895 0.018334938 0.069017068 -0.059256960 0.049032565 -0.009726397 0.001743596 0.998748302
1341845695.135680 0.016530469 0.065865867 -0.058675628 0.049616754 -0.012797001 0.001444226 0.998685300
1341845695.172193 0.027365133 0.055361282 -0.051236849 0.051157221 -0.020384077 0.001992879 0.998480558
1341845695.203618 0.019798309 0.049855437 -0.071506411 0.052632783 -0.027031278 0.004189796 0.998239219
1341845695.235612 0.017954733 0.046729989 -0.060242228 0.056107823 -0.034038901 0.004278507 0.997835100
1341845695.271738 0.019913582 0.052127171 -0.071015663 0.059554406 -0.039702199 0.001918404 0.997433364
1341845695.303569 0.015252338 0.071344532 -0.058955859 0.064408153 -0.043378938 0.000277958 0.996980309
1341845695.335657 0.013017395 0.071435630 -0.061173085 0.065024592 -0.046200640 -0.002009429 0.996811509
1341845695.371706 0.017086716 0.069445446 -0.062171303 0.064989582 -0.049928267 -0.005085716 0.996623099
1341845695.403745 0.012455991 0.067324989 -0.066086031 0.064946800 -0.052008707 -0.007003717 0.996507883
1341845695.435657 0.011864906 0.062417325 -0.065848686 0.065620266 -0.055403851 -0.007658409 0.996275961
1341845695.471720 0.008838888 0.066133320 -0.067917004 0.067765221 -0.059169650 -0.007641924 0.995915890
1341845695.503710 0.008691704 0.066259056 -0.069175974 0.067641176 -0.062332295 -0.008514088 0.995724261
1341845695.539693 0.015856236 0.067610554 -0.062645987 0.067804307 -0.065979272 -0.009696606 0.995467365
1341845695.603908 0.021992408 0.066276871 -0.063394867 0.068167180 -0.069499359 -0.011875540 0.995179415
1341845695.665980 0.019186772 0.061584152 -0.068087213 0.066566996 -0.071842968 -0.013191801 0.995104730
1341845695.701693 0.018102743 0.064499803 -0.069475330 0.067144275 -0.072635643 -0.013087297 0.995009780
1341845695.733686 0.023371525 0.064666666 -0.066528991 0.066827670 -0.074381046 -0.011681179 0.994919598
1341845695.769679 0.026020054 0.064840317 -0.067916520 0.066376254 -0.074948624 -0.011425558 0.994910240
1341845695.801697 0.023139469 0.066389941 -0.068650849 0.065229468 -0.074022211 -0.011515705 0.995054364
1341845695.833635 0.023450872 0.065205231 -0.067441240 0.064202689 -0.073923670 -0.010497217 0.995139718
1341845695.869766 0.024035195 0.064164557 -0.065520667 0.063803397 -0.073688112 -0.009408991 0.995193779
1341845695.901827 0.019921031 0.064843290 -0.072292052 0.062679328 -0.072712190 -0.009012899 0.995340645
1341845695.933900 0.023800593 0.064395800 -0.068313479 0.061257899 -0.073584698 -0.008207183 0.995371997
1341845695.969774 0.026904548 0.064091019 -0.067140251 0.060410563 -0.073350698 -0.007602117 0.995445848
1341845696.001940 0.027728667 0.065311313 -0.067760438 0.059967872 -0.072493352 -0.006891504 0.995540619
1341845696.037778 0.024631102 0.066172607 -0.064712927 0.059131522 -0.071318917 -0.005061357 0.995686412
1341845696.069962 0.024965091 0.062149435 -0.065714210 0.057483669 -0.071680970 -0.002753984 0.995765984
1341845696.102048 0.018335041 0.062899463 -0.067997687 0.057525814 -0.071201451 -0.001865893 0.995800018
1341845696.137759 0.019801207 0.069872968 -0.066437230 0.058139984 -0.071916401 -0.001933825 0.995712817
1341845696.169934 0.024129447 0.065205254 -0.066171855 0.056586362 -0.073086172 -0.001463291 0.995717943
1341845696.201602 0.020914543 0.070505098 -0.069611415 0.056619946 -0.072378218 -0.002773994 0.995764971
1341845696.237582 0.022004487 0.069463260 -0.069107339 0.054664552 -0.072507456 -0.004179742 0.995859921
1341845696.269654 0.021683386 0.062686726 -0.068785965 0.052234512 -0.073178336 -0.003807965 0.995942771
1341845696.305713 0.022729902 0.065297723 -0.067766622 0.052518487 -0.074351743 -0.003483059 0.995842099
1341845696.337790 0.025844729 0.065588839 -0.064016141 0.052199390 -0.075368136 -0.001776787 0.995786965
1341845696.369780 0.024403483 0.068633229 -0.066352040 0.052327104 -0.075865112 -0.001272307 0.995743334
1341845696.406019 0.025532644 0.072199240 -0.068428226 0.051518403 -0.076407239 -0.002023227 0.995742798
1341845696.437910 0.025332579 0.070239000 -0.068092823 0.049474608 -0.076371089 -0.001481962 0.995850146
1341845696.473667 0.026112579 0.073024750 -0.067799248 0.048662212 -0.075741060 -0.002170508 0.995937049
1341845696.505801 0.027091585 0.072863206 -0.062836297 0.046945289 -0.075280234 -0.001549028 0.996055543
1341845696.537879 0.027018242 0.068492472 -0.064632975 0.045463800 -0.075211167 0.000132894 0.996130645
1341845696.573790 0.023510821 0.069272369 -0.065930545 0.045437109 -0.075415388 0.000574836 0.996116281
1341845696.611644 0.026860433 0.070052907 -0.066424452 0.045317069 -0.076835215 0.000885576 0.996012986
1341845696.648592 0.025553955 0.072146408 -0.068937682 0.045132343 -0.077014364 0.000790805 0.996007621
1341845696.705640 0.030095510 0.070195422 -0.069714084 0.042334590 -0.076613553 0.001182364 0.996160984
1341845696.741801 0.029339027 0.070895381 -0.067423269 0.041951891 -0.075243123 0.001666613 0.996280968
1341845696.773765 0.029389363 0.072950967 -0.065303415 0.042041346 -0.074370533 0.002101628 0.996341884
1341845696.805698 0.029352102 0.073245034 -0.066734388 0.040665455 -0.074090086 0.003325381 0.996416569
1341845696.841908 0.030904787 0.072860934 -0.064162299 0.040223509 -0.074109294 0.004257539 0.996429503
1341845696.873637 0.027553795 0.076325223 -0.064965695 0.040068772 -0.072186336 0.003988547 0.996577978
1341845696.905693 0.031668253 0.074905813 -0.064848512 0.038283374 -0.072149061 0.004697897 0.996647775
1341845696.941841 0.029476183 0.076531671 -0.063928448 0.037272666 -0.071066916 0.006107240 0.996756196
1341845696.973560 0.028436314 0.074990571 -0.062527902 0.036276132 -0.070518866 0.008139587 0.996817410
1341845697.009723 0.030730534 0.078334801 -0.063367069 0.035690639 -0.070656292 0.008179354 0.996828437
1341845697.041678 0.031286161 0.074124373 -0.062239941 0.034142677 -0.069339417 0.007822376 0.996977985
1341845697.073636 0.031508334 0.073175162 -0.061878316 0.034097947 -0.068198316 0.006967937 0.997064590
1341845697.109770 0.031402972 0.074397266 -0.062465489 0.034469128 -0.067639247 0.007189624 0.997088313
1341845697.141787 0.033312969 0.076230288 -0.061584227 0.034097016 -0.067620233 0.006959327 0.997104049
1341845697.173791 0.035735924 0.074984930 -0.061356436 0.033971645 -0.067849964 0.007542094 0.997088492
1341845697.209803 0.037609592 0.075928323 -0.061683211 0.034384377 -0.067930974 0.008014331 0.997065127
1341845697.241685 0.035125662 0.079198264 -0.062434912 0.034499448 -0.067002773 0.007959874 0.997124374
1341845697.277780 0.034951795 0.076095141 -0.062245831 0.033539131 -0.066798858 0.008292245 0.997168124
1341845697.309575 0.034367852 0.076481387 -0.060184680 0.033534195 -0.067105614 0.008466397 0.997146249
1341845697.342252 0.033504620 0.074750282 -0.060390562 0.032987084 -0.067166306 0.008863818 0.997156978
1341845697.377604 0.034120254 0.076146960 -0.058681875 0.033593573 -0.067411043 0.008592643 0.997122526
1341845697.409528 0.030478811 0.076219469 -0.059852012 0.033398177 -0.066408619 0.007156312 0.997207701
1341845697.441666 0.029499305 0.072116353 -0.057066713 0.032793492 -0.066140339 0.007872383 0.997240245
1341845697.477718 0.028351080 0.078112043 -0.057318930 0.034995411 -0.066103429 0.006883222 0.997175157
1341845697.509822 0.029723343 0.077805050 -0.058117267 0.034818333 -0.066087678 0.006442698 0.997185349
1341845697.545892 0.027449075 0.074631914 -0.063726373 0.034231614 -0.066074803 0.007011849 0.997202635
1341845697.577742 0.031492215 0.076296069 -0.058115005 0.035169456 -0.067669317 0.007592359 0.997058868
1341845697.609653 0.034939464 0.076676980 -0.058966696 0.035030723 -0.068848953 0.008513730 0.996975541
1341845697.645769 0.035909120 0.079043128 -0.061143953 0.035037514 -0.069421172 0.008750345 0.996933520
1341845697.677795 0.035994656 0.080020599 -0.058895174 0.035112154 -0.069237366 0.008079185 0.996949375
1341845697.713520 0.030433267 0.082476668 -0.058146633 0.034817256 -0.068156131 0.008227739 0.997033000
1341845697.745975 0.030435439 0.076606616 -0.060276855 0.033403583 -0.068459541 0.009047144 0.997053504
1341845697.777683 0.033856645 0.078719504 -0.059573375 0.033527993 -0.069435284 0.009381568 0.996978760
1341845697.813673 0.033673137 0.081194453 -0.061350308 0.033180241 -0.069011524 0.009048020 0.997022867
1341845697.845793 0.033757020 0.082175143 -0.060725484 0.031965774 -0.068609208 0.008838295 0.997092187
1341845697.877887 0.033741981 0.080208369 -0.060392737 0.030734535 -0.068767197 0.008841666 0.997120023
1341845697.913637 0.034664009 0.081515484 -0.055097483 0.030706812 -0.069329746 0.008960880 0.997080803
1341845697.945734 0.033087965 0.082038678 -0.057925548 0.030209256 -0.068930566 0.007487504 0.997135878
1341845697.981763 0.032867435 0.081684656 -0.056939047 0.029786902 -0.068842359 0.007673894 0.997153223
1341845698.013639 0.033029858 0.081948936 -0.054342926 0.030148700 -0.068699606 0.007677619 0.997152150
1341845698.045700 0.033288099 0.085197970 -0.054139607 0.031005045 -0.068803072 0.006929107 0.997124255
1341845698.081804 0.031149639 0.081907898 -0.057303354 0.030356908 -0.068969108 0.006869957 0.997133136
1341845698.113733 0.035713244 0.083824217 -0.051617865 0.030845551 -0.070614643 0.006736450 0.997003913
1341845698.145605 0.032658786 0.082837567 -0.054646809 0.031078298 -0.070094757 0.006476069 0.997035086
1341845698.181637 0.035376769 0.083493248 -0.055549182 0.031041246 -0.070564561 0.005778302 0.997007370
1341845698.213981 0.029713744 0.078982286 -0.058108669 0.030642472 -0.070334621 0.005490384 0.997037590
1341845698.249641 0.031832948 0.084136657 -0.059019785 0.032062188 -0.071816377 0.005300348 0.996888340
1341845698.281737 0.034374997 0.085810319 -0.056736626 0.031057214 -0.072621100 0.004948178 0.996863663
1341845698.313940 0.030466115 0.082414679 -0.056899268 0.030503375 -0.072096743 0.004216784 0.996922195
1341845698.349629 0.032750070 0.083594389 -0.053487055 0.030992931 -0.072434604 0.003478194 0.996885419
1341845698.381667 0.032420885 0.080676280 -0.055948209 0.030432865 -0.073049247 0.003235524 0.996858656
1341845698.413724 0.034583393 0.079861008 -0.056350626 0.030609312 -0.074695662 0.004452910 0.996726513
1341845698.449543 0.031829868 0.083355442 -0.055467617 0.031569041 -0.075699016 0.004584658 0.996620297
1341845698.481693 0.033731334 0.084211141 -0.057345115 0.031586654 -0.077109374 0.004686085 0.996511161
1341845698.517644 0.037109185 0.082746685 -0.056076504 0.031480506 -0.078416847 0.004092477 0.996415079
1341845698.549633 0.037826177 0.080994159 -0.055760957 0.031684123 -0.079183318 0.003276929 0.996351063
1341845698.581773 0.036327075 0.081524260 -0.055372544 0.032544993 -0.079397589 0.001559831 0.996310353
1341845698.617608 0.036427367 0.083061464 -0.056142289 0.033076387 -0.079621844 0.000904435 0.996275842
1341845698.649887 0.036634579 0.080128402 -0.055262659 0.033148188 -0.080059260 0.000149841 0.996238768
1341845698.685838 0.039604433 0.084992200 -0.055402592 0.034984369 -0.080869459 0.000168844 0.996110559
1341845698.717744 0.041823622 0.084157079 -0.056111421 0.034288861 -0.081002742 0.000266966 0.996123850
1341845698.749680 0.039876837 0.081647210 -0.055887215 0.033400044 -0.080418661 0.000850633 0.996201038
1341845698.785826 0.038620759 0.083294831 -0.056761064 0.033627730 -0.080107346 0.001116468 0.996218204
1341845698.817603 0.039235391 0.082835853 -0.057133701 0.032942910 -0.080076836 0.000593653 0.996244013
1341845698.849705 0.041385449 0.082267046 -0.056208611 0.031860162 -0.080438167 0.000609900 0.996250093
1341845698.885714 0.040260982 0.083131574 -0.057091873 0.031779431 -0.080195561 0.000287901 0.996272385
1341845698.917723 0.041638944 0.083759315 -0.056640346 0.031044303 -0.080243714 0.000337700 0.996291697
1341845698.953706 0.040400513 0.083476692 -0.054507259 0.030411517 -0.079619288 -0.000181184 0.996361315
1341845698.985694 0.042021256 0.085049726 -0.055157609 0.030133495 -0.079810910 0.000461354 0.996354342
1341845699.017571 0.038380779 0.083469741 -0.056503836 0.028921412 -0.079597808 0.000979609 0.996406972
1341845699.053593 0.038505543 0.082878850 -0.056755401 0.027564723 -0.079709426 0.000772176 0.996436656
1341845699.086340 0.039551191 0.082426064 -0.058212705 0.025561377 -0.079584867 0.000605742 0.996500134
1341845699.117688 0.035956584 0.084449358 -0.056994341 0.024201814 -0.078831933 0.000084572 0.996594071
1341845699.153695 0.039116081 0.083881848 -0.056071796 0.022745907 -0.079201877 -0.000113825 0.996599078
1341845699.185845 0.037703842 0.085744917 -0.055307049 0.021968421 -0.078498125 -0.000666424 0.996671975
1341845699.221973 0.034695599 0.086435162 -0.053631175 0.020989075 -0.077697039 -0.001159533 0.996755362
1341845699.253571 0.034383480 0.083804235 -0.053047955 0.020483552 -0.078278594 -0.000557138 0.996720910
1341845699.285622 0.036517300 0.082792126 -0.054911859 0.021292685 -0.079750925 0.000475518 0.996587276
1341845699.321906 0.037739702 0.084661551 -0.055723581 0.022109108 -0.080864817 0.001419250 0.996478856
1341845699.354916 0.038636137 0.084616303 -0.056113709 0.022100447 -0.081710033 0.001771543 0.996409535
1341845699.385859 0.041089218 0.084890567 -0.055582911 0.022516740 -0.082202785 0.001340322 0.996360302
1341845699.421535 0.040862821 0.083700605 -0.055259019 0.022918852 -0.081614532 0.000585808 0.996400237
1341845699.454093 0.041795485 0.086639941 -0.054991197 0.023369646 -0.080945313 -0.001128472 0.996443868
1341845699.489836 0.039586589 0.082597330 -0.055096779 0.022238463 -0.080044881 -0.000914677 0.996542752
1341845699.522001 0.037954248 0.080116354 -0.056692917 0.022138609 -0.080320157 -0.000326405 0.996523142
1341845699.556281 0.038886808 0.080758102 -0.055820420 0.023046676 -0.080937319 0.000378643 0.996452630
1341845699.595416 0.040937472 0.083098762 -0.056475144 0.023820918 -0.080825776 0.000496024 0.996443450
1341845699.628631 0.044413742 0.083507746 -0.055090699 0.023594692 -0.080257438 0.000120627 0.996494889
1341845699.663810 0.042555701 0.079564795 -0.054641791 0.022827154 -0.079189695 0.000561942 0.996598005
1341845699.696113 0.040559955 0.083083898 -0.055286735 0.024291044 -0.078549832 0.001828965 0.996612489
1341845699.727683 0.037497673 0.086298756 -0.061255597 0.023341060 -0.077553526 0.001363018 0.996713996
1341845699.789808 0.039590761 0.082822494 -0.058141980 0.021311920 -0.076946653 0.000240854 0.996807396
1341845699.821737 0.040812127 0.083015040 -0.058811277 0.021307060 -0.076364815 0.000004239 0.996852279
1341845699.857825 0.040643357 0.083916090 -0.059668455 0.021171156 -0.076628648 0.000449945 0.996834815
1341845699.889686 0.043618407 0.082686700 -0.059387788 0.021215821 -0.077436119 0.000472056 0.996771455
1341845699.925749 0.043768257 0.083086334 -0.057200618 0.021657472 -0.076929763 0.000419750 0.996801198
1341845699.957536 0.041839059 0.081913941 -0.056317333 0.022085087 -0.076405093 0.001071432 0.996831656
1341845699.989671 0.043635901 0.080495834 -0.054617114 0.022823188 -0.077020176 0.002476732 0.996765196
1341845700.025810 0.047347177 0.081836753 -0.054547552 0.024188474 -0.077750050 0.002651458 0.996675909
1341845700.058133 0.047109690 0.082128927 -0.052339155 0.024847474 -0.077259600 0.001731933 0.996699810
1341845700.090754 0.047499917 0.083017930 -0.053082164 0.025157355 -0.076723807 0.001145046 0.996734321
1341845700.125852 0.047055598 0.081966206 -0.052635692 0.025126165 -0.076689444 0.000917377 0.996737957
1341845700.157773 0.049592745 0.083051898 -0.052185621 0.025905695 -0.077239335 0.000745250 0.996675670
1341845700.193533 0.050006673 0.085401528 -0.053496365 0.026626168 -0.076443084 -0.000113689 0.996718347
1341845700.225771 0.048265271 0.082230106 -0.054504137 0.026030026 -0.075312540 -0.000138273 0.996820152
1341845700.257669 0.049698662 0.084034383 -0.053596698 0.026536811 -0.075211890 0.000607681 0.996814191
1341845700.293641 0.048504934 0.081582099 -0.056228265 0.025979329 -0.074587621 0.001748090 0.996874452
1341845700.325714 0.046696015 0.082634531 -0.055569202 0.026454346 -0.074328601 0.002267432 0.996880293
1341845700.357742 0.047203932 0.083580598 -0.055733044 0.026702456 -0.073727943 0.001485544 0.996919751
1341845700.393681 0.049901042 0.082958519 -0.054534733 0.025957989 -0.073364668 0.000708484 0.996967077
1341845700.425997 0.051066030 0.083145753 -0.054483332 0.025818529 -0.073084131 0.000102531 0.996991515
1341845700.461682 0.051653251 0.083138153 -0.053021960 0.025677456 -0.073211826 -0.000226164 0.996985793
1341845700.493808 0.049309880 0.085264929 -0.054291427 0.025935447 -0.072483331 -0.000371337 0.997032285
1341845700.526106 0.048463523 0.083714508 -0.052645508 0.025285857 -0.072312079 -0.000453548 0.997061372
1341845700.562458 0.046988394 0.084581003 -0.052031063 0.025216671 -0.071860477 0.000178054 0.997095823
1341845700.626137 0.049331158 0.083807200 -0.052619122 0.024644950 -0.072419100 0.000065473 0.997069776
1341845700.661872 0.046791211 0.086524367 -0.054535616 0.024922097 -0.071112171 -0.001230546 0.997156203
1341845700.693861 0.048260130 0.083902501 -0.052246124 0.023822581 -0.071028769 -0.001271174 0.997188926
1341845700.732394 0.047329556 0.079976976 -0.053732779 0.023227610 -0.071681328 -0.000194620 0.997157037
1341845700.767794 0.047728036 0.084094748 -0.052320749 0.024375658 -0.071900405 0.000171280 0.997113883
1341845700.799058 0.048281509 0.084182255 -0.051864605 0.024728565 -0.071704246 -0.000005513 0.997119367
1341845700.867749 0.050236866 0.084593341 -0.050028358 0.024964683 -0.071574844 -0.000746122 0.997122467
1341845700.930007 0.049611520 0.081524901 -0.050085474 0.025466913 -0.072456181 0.000026598 0.997046411
1341845700.961797 0.050360102 0.083306663 -0.049737830 0.025813188 -0.072399922 -0.001153945 0.997040927
1341845700.997752 0.048807058 0.082368761 -0.049140677 0.025321363 -0.072078332 -0.001258433 0.997076690
1341845701.029597 0.049198382 0.083744369 -0.048964467 0.025729548 -0.072752871 -0.001419406 0.997017026
1341845701.061618 0.046415094 0.084144868 -0.051349342 0.026178360 -0.072451256 -0.002218473 0.997025847
1341845701.097561 0.046810541 0.083241493 -0.053561118 0.026297987 -0.072614171 -0.002331267 0.997010589
1341845701.129741 0.045175608 0.084689178 -0.054319933 0.026516998 -0.071981259 -0.001990085 0.997051418
1341845701.165734 0.047400236 0.083032668 -0.052558891 0.026018787 -0.072291642 -0.001623871 0.997042775
1341845701.197714 0.046457570 0.085438557 -0.052933637 0.026960557 -0.072702117 -0.001608075 0.996987939
1341845701.230497 0.050874647 0.085205384 -0.053492475 0.027110647 -0.073595785 -0.001716923 0.996918142
1341845701.265852 0.055199586 0.081270218 -0.049892589 0.026658177 -0.074872553 -0.000990656 0.996836245
1341845701.297730 0.053980529 0.083169252 -0.050327916 0.028099410 -0.075431049 -0.001500361 0.996753871
1341845701.329611 0.056117389 0.085707992 -0.049956996 0.028250173 -0.075572640 -0.002216285 0.996737599
1341845701.365791 0.054183871 0.083238833 -0.046560127 0.027383413 -0.075056113 -0.002183696 0.996800900
1341845701.397757 0.053446267 0.084207408 -0.046205562 0.027218087 -0.074679278 -0.002556954 0.996832788
1341845701.433542 0.048926182 0.085642874 -0.048009314 0.027265469 -0.073388346 -0.002109842 0.996928453
1341845701.465617 0.048470341 0.085275225 -0.050237466 0.027370263 -0.073352143 -0.001301560 0.996929646
1341845701.497704 0.048784502 0.087426633 -0.050056413 0.027444921 -0.073597372 -0.000826536 0.996909976
1341845701.533597 0.047478087 0.088919647 -0.050693143 0.027451396 -0.073380142 -0.001279237 0.996925354
1341845701.597762 0.051592607 0.087375335 -0.053258765 0.026837494 -0.073039688 -0.001378581 0.996966898
1341845701.633825 0.053546079 0.085203797 -0.054065362 0.027086878 -0.073763415 -0.001537083 0.996906638
1341845701.665709 0.055149373 0.083539039 -0.054488253 0.027440397 -0.073786244 -0.001368874 0.996895552
1341845701.701676 0.055661734 0.082513116 -0.051237993 0.027993359 -0.073554672 -0.001096922 0.996897638
1341845701.733527 0.056348193 0.082209259 -0.050365020 0.028420079 -0.073797517 -0.001537623 0.996867001
1341845701.765764 0.056568027 0.082685672 -0.050167546 0.028564170 -0.073751345 -0.002026649 0.996865451
1341845701.801701 0.056433115 0.084080473 -0.046965871 0.028815238 -0.073495068 -0.002047924 0.996877074
1341845701.833700 0.057258666 0.082514569 -0.045903452 0.028847715 -0.073584944 -0.001847466 0.996869922
1341845701.865775 0.056662504 0.085228227 -0.046264194 0.029537220 -0.073452331 -0.001400048 0.996860266
1341845701.901711 0.057145275 0.086975977 -0.047679674 0.029581796 -0.073382221 -0.001504946 0.996863902
1341845701.933585 0.055215705 0.087547489 -0.049706101 0.029391836 -0.072588146 -0.001625595 0.996927500
1341845701.969726 0.055421457 0.088819884 -0.049724974 0.029265914 -0.072670817 -0.001729128 0.996924996
1341845702.002544 0.054946903 0.085453309 -0.048751615 0.028792923 -0.072478831 -0.002112810 0.996951997
1341845702.034379 0.054371882 0.086171947 -0.047104113 0.029184826 -0.072198406 -0.002456775 0.996960163
1341845702.101809 0.051820043 0.088860787 -0.047025744 0.030155960 -0.071936041 -0.003054761 0.996948600
1341845702.137663 0.055179887 0.086294465 -0.045429226 0.029932456 -0.073032118 -0.002745710 0.996876538
1341845702.169629 0.056715086 0.086207993 -0.045033570 0.030523553 -0.073447898 -0.003593965 0.996825337
1341845702.201769 0.058526587 0.089436546 -0.045032829 0.031185620 -0.073327839 -0.003742667 0.996813178
1341845702.237691 0.056551483 0.088172764 -0.045891214 0.031114116 -0.072613195 -0.004092551 0.996866345
1341845702.269760 0.054031558 0.087387294 -0.046838854 0.031296935 -0.072267629 -0.004536195 0.996883810
1341845702.301761 0.056916073 0.085292488 -0.047665436 0.031004619 -0.072319515 -0.005189416 0.996885955
1341845702.337713 0.052515853 0.086320065 -0.048734680 0.030921668 -0.070998959 -0.005678864 0.996980786
1341845702.369720 0.049249627 0.084586054 -0.049643885 0.030447684 -0.070952415 -0.005570137 0.996999323
1341845702.405655 0.054084558 0.084193826 -0.048544552 0.030309277 -0.071673855 -0.005044108 0.996954739
1341845702.469691 0.056109536 0.083978102 -0.045752402 0.030463180 -0.071273766 -0.004725482 0.996980309
1341845702.506265 0.060218558 0.077426746 -0.048487484 0.029545728 -0.071714729 -0.004835854 0.996975780
1341845702.569753 0.063029729 0.076196611 -0.045213778 0.029059613 -0.072800383 -0.002514819 0.996919930
1341845702.605685 0.066677757 0.078930713 -0.045714859 0.029046293 -0.073487408 -0.002178053 0.996870697
1341845702.637718 0.064242393 0.076141320 -0.047335543 0.028167473 -0.072947688 -0.003405256 0.996932089
1341845702.673733 0.065004237 0.078584641 -0.047082596 0.028479803 -0.072845839 -0.003700913 0.996929586
1341845702.705735 0.063133590 0.083421655 -0.047521472 0.028610580 -0.072035998 -0.004128966 0.996983051
1341845702.737648 0.060852192 0.083776824 -0.048321683 0.027818391 -0.070915185 -0.005650117 0.997078359
1341845702.773644 0.059124377 0.087986231 -0.050948758 0.026637599 -0.069714062 -0.007163117 0.997185588
1341845702.805893 0.058580633 0.080168650 -0.052379847 0.024247197 -0.068993643 -0.007726529 0.997292459
1341845702.837969 0.058266688 0.084628962 -0.054353118 0.023725588 -0.068158098 -0.008342519 0.997357488
1341845702.874009 0.058420941 0.082266808 -0.050855678 0.021540202 -0.067571409 -0.008293690 0.997447431
1341845702.908704 0.059678834 0.079294913 -0.046159510 0.020693494 -0.067706741 -0.008005085 0.997458518
1341845702.941673 0.058759376 0.079700276 -0.046946507 0.021695359 -0.067853644 -0.007015173 0.997434676
1341845702.973595 0.056568224 0.076223798 -0.046579305 0.023273064 -0.068726167 -0.005236410 0.997350335
1341845703.005769 0.058739476 0.077708676 -0.047848076 0.024968674 -0.070522390 -0.003700179 0.997190833
1341845703.041648 0.060007025 0.076658569 -0.050730608 0.026136648 -0.071400426 -0.003895464 0.997097611
1341845703.073714 0.067938834 0.086114272 -0.053229958 0.026553908 -0.072357252 -0.004732602 0.997013986
1341845703.109699 0.064975850 0.087534696 -0.049330603 0.024952952 -0.070218891 -0.006977652 0.997195065
1341845703.142006 0.060006127 0.086598888 -0.050971184 0.023239048 -0.067823507 -0.007715276 0.997396827
1341845703.173706 0.058856491 0.080966957 -0.051301926 0.020989886 -0.067209519 -0.008546044 0.997481465
1341845703.209732 0.057641029 0.080853693 -0.048764121 0.020942817 -0.067243837 -0.008722510 0.997478604
1341845703.242050 0.058404367 0.082687296 -0.047078561 0.022394329 -0.067732982 -0.007916009 0.997420728
1341845703.273874 0.058878738 0.076781571 -0.050623402 0.021976566 -0.068305589 -0.007313605 0.997395575
1341845703.309758 0.059907235 0.078800648 -0.051494654 0.023202460 -0.069271564 -0.006327150 0.997307897
1341845703.341850 0.061746866 0.077164225 -0.048806757 0.023404371 -0.069737457 -0.006413810 0.997270167
1341845703.377702 0.063231520 0.079784341 -0.050182048 0.024519611 -0.069231056 -0.006821409 0.997275949
1341845703.409585 0.061184112 0.082501434 -0.052635737 0.025232390 -0.068669990 -0.007164806 0.997294545
1341845703.441629 0.058774129 0.082850792 -0.050740000 0.025040302 -0.068650119 -0.007915940 0.997295082
1341845703.477741 0.058635090 0.082402363 -0.051707041 0.024964901 -0.068558678 -0.008719367 0.997296572
1341845703.509995 0.056845043 0.078466460 -0.052110769 0.024805538 -0.068120845 -0.009143828 0.997326732
1341845703.541800 0.057418823 0.080962293 -0.052785777 0.025836781 -0.068224102 -0.009485710 0.997290313
1341845703.577765 0.057715781 0.081789799 -0.050176695 0.026112622 -0.068352416 -0.010376272 0.997265458
1341845703.609650 0.062674925 0.080451809 -0.050952785 0.026226370 -0.069447123 -0.009870678 0.997191966
1341845703.651761 0.059735265 0.078823559 -0.053041659 0.026347572 -0.069286764 -0.010307671 0.997195542
1341845703.709916 0.063723296 0.082262181 -0.052534301 0.026789552 -0.071111225 -0.009324322 0.997065008
1341845703.745719 0.066460475 0.082463458 -0.052340049 0.025668554 -0.071135648 -0.010108165 0.997085094
1341845703.777733 0.064333409 0.084037080 -0.048139699 0.024609730 -0.069877803 -0.010912772 0.997192264
1341845703.809711 0.060464028 0.083528712 -0.049762968 0.024314797 -0.068690345 -0.010685189 0.997284412
1341845703.845769 0.062591508 0.081301667 -0.050176613 0.023934575 -0.069115005 -0.010775561 0.997263312
1341845703.877728 0.064812802 0.079420105 -0.053081986 0.023511883 -0.069338717 -0.011025447 0.997255087
1341845703.913808 0.061345056 0.082628511 -0.048203621 0.023503724 -0.068919286 -0.010448393 0.997290611
1341845703.945653 0.064153157 0.076517053 -0.051118053 0.022731943 -0.068813913 -0.011460106 0.997304618
1341845703.977870 0.061596457 0.081033602 -0.050124940 0.024106788 -0.068105444 -0.011707625 0.997318149
1341845704.013637 0.058159094 0.076872729 -0.049366660 0.024263535 -0.067895390 -0.011809230 0.997327447
1341845704.045703 0.059462301 0.079123057 -0.046595939 0.025515066 -0.068582028 -0.010891339 0.997259676
1341845704.077666 0.062952720 0.075405389 -0.051727388 0.025289070 -0.068993695 -0.009917358 0.997247219
1341845704.113706 0.061860539 0.081360668 -0.049322680 0.026338572 -0.068548955 -0.010402746 0.997245729
1341845704.145681 0.064805888 0.083778158 -0.047744341 0.026274547 -0.068801522 -0.010493198 0.997229099
1341845704.181785 0.063494876 0.080794170 -0.049002782 0.025444556 -0.068147548 -0.011007333 0.997290015
1341845704.213778 0.060522161 0.081053331 -0.047873221 0.025320241 -0.067587562 -0.010816827 0.997333348
1341845704.245863 0.062265757 0.078261726 -0.049103610 0.024846569 -0.067780748 -0.010716325 0.997333229
1341845704.281578 0.062545232 0.081519291 -0.049523748 0.025009602 -0.067370281 -0.010213708 0.997362256
1341845704.313707 0.065538473 0.085149884 -0.048604328 0.024803028 -0.067409299 -0.009746428 0.997369409
1341845704.349873 0.073976554 0.081626132 -0.049024977 0.023519380 -0.067365550 -0.008997784 0.997410536
1341845704.381729 0.068226807 0.081575111 -0.048904136 0.022745268 -0.064636737 -0.009817172 0.997601330
1341845704.413817 0.069349505 0.079283454 -0.046490848 0.022485998 -0.063441001 -0.009853296 0.997683585
1341845704.449837 0.067061417 0.085793577 -0.048524007 0.023484841 -0.061422456 -0.010124017 0.997784138
1341845704.481600 0.067063883 0.081925668 -0.049400583 0.021741139 -0.059737161 -0.010926560 0.997917533
1341845704.513671 0.061277617 0.072069466 -0.044667013 0.021316905 -0.058570653 -0.010055184 0.998004973
1341845704.549869 0.055252135 0.067922413 -0.047517855 0.025095319 -0.058594897 -0.007592391 0.997937500
1341845704.581901 0.052096024 0.079629660 -0.042598758 0.031105857 -0.060270071 -0.005324007 0.997683108
1341845704.617838 0.059602279 0.081493303 -0.044411898 0.033105832 -0.062270220 -0.006067871 0.997491658
1341845704.650477 0.062363189 0.082189940 -0.046947438 0.033672478 -0.062566236 -0.007580386 0.997443795
1341845704.681708 0.058245443 0.076503426 -0.046836291 0.033801150 -0.062546417 -0.007884020 0.997438371
1341845704.717704 0.060422089 0.077587560 -0.044273987 0.035235234 -0.064211912 -0.007847343 0.997283161
1341845704.749702 0.066162497 0.080935866 -0.047987871 0.036052901 -0.065389425 -0.008994504 0.997167706
1341845704.781791 0.060107432 0.079715259 -0.047607072 0.034920823 -0.063882768 -0.011339716 0.997281790
1341845704.817744 0.056495141 0.072362147 -0.048667192 0.034395732 -0.063843466 -0.012381757 0.997290134
1341845704.849705 0.055787202 0.077470541 -0.048698790 0.036744699 -0.065523431 -0.012491423 0.997096002
1341845704.885675 0.060049690 0.077261478 -0.051360041 0.036704000 -0.067125089 -0.012570515 0.996989965
1341845704.917742 0.062966384 0.078975797 -0.052593336 0.036400061 -0.068093829 -0.012634825 0.996934593
1341845704.949746 0.059405833 0.079994008 -0.053972397 0.036024526 -0.067885205 -0.014321592 0.996939659
1341845704.985761 0.058874480 0.081705295 -0.051301919 0.035452779 -0.068545796 -0.014217623 0.996916473
1341845705.017537 0.057763446 0.080389887 -0.049180157 0.034592699 -0.068802044 -0.015263679 0.996913552
1341845705.049660 0.060989328 0.083965607 -0.049814910 0.034253925 -0.069509789 -0.015350605 0.996874809
1341845705.085710 0.057648290 0.082717143 -0.048004303 0.033685476 -0.069589131 -0.016253786 0.996874332
1341845705.117831 0.060243677 0.080740444 -0.050826211 0.033327606 -0.070739016 -0.016226452 0.996805906
1341845705.154005 0.058716062 0.086665452 -0.050971288 0.032972842 -0.070508853 -0.016828654 0.996824026
1341845705.185648 0.059195571 0.080345847 -0.049125455 0.031224079 -0.070339963 -0.017050631 0.996888459
1341845705.217695 0.058887437 0.080959119 -0.051530901 0.031284295 -0.069717668 -0.017038159 0.996930540
1341845705.253735 0.052734632 0.087853953 -0.046526100 0.031856969 -0.068404637 -0.017676866 0.996992230
1341845705.285554 0.051091410 0.081464812 -0.046260472 0.030511484 -0.068381444 -0.017424025 0.997040331
1341845705.321646 0.055922981 0.081838012 -0.047754422 0.030918540 -0.069533840 -0.016031265 0.996971428
1341845705.353674 0.054792166 0.083388589 -0.046944983 0.031457942 -0.069849312 -0.015486272 0.996941149
1341845705.385774 0.058659982 0.081595317 -0.045959692 0.031650309 -0.070552535 -0.015889337 0.996879220
1341845705.421801 0.061030526 0.080337785 -0.043967374 0.032624178 -0.070516482 -0.016179137 0.996845663
1341845705.453568 0.057459217 0.074643433 -0.047464091 0.033602592 -0.070036396 -0.015406159 0.996859252
1341845705.485749 0.061750498 0.077796414 -0.046562266 0.035971563 -0.071954243 -0.013999487 0.996660769
1341845705.521655 0.059385307 0.078871675 -0.046788640 0.037565347 -0.072095752 -0.013026142 0.996604919
1341845705.553548 0.058960985 0.084665753 -0.045871176 0.039110292 -0.072163194 -0.011917005 0.996554494
1341845705.589775 0.061082706 0.084607720 -0.044020306 0.038816515 -0.072284974 -0.012557410 0.996549308
1341845705.621894 0.051902700 0.086776070 -0.045652717 0.039195687 -0.070889950 -0.011826050 0.996643603
1341845705.653569 0.049798079 0.083781146 -0.046470132 0.038745712 -0.073052071 -0.011061031 0.996513844
1341845705.689868 0.059734777 0.085791953 -0.043947130 0.039677486 -0.076202400 -0.011681697 0.996234119
1341845705.721810 0.060643457 0.086361334 -0.042274490 0.039643314 -0.075484537 -0.012360009 0.996281922
1341845705.753738 0.056343134 0.083111517 -0.042442400 0.039047420 -0.074193366 -0.013310945 0.996390224
1341845705.789861 0.058488064 0.084983699 -0.042190056 0.039358933 -0.073399030 -0.013126477 0.996439219
1341845705.821704 0.052905753 0.085592054 -0.041843507 0.039167434 -0.071885176 -0.012450908 0.996565819
1341845705.863629 0.049141519 0.081256293 -0.041460443 0.039089762 -0.072342336 -0.012903546 0.996529996
1341845705.895623 0.053015344 0.080339961 -0.041325845 0.040474117 -0.074743986 -0.009884655 0.996331990
1341845705.931726 0.051029675 0.084680736 -0.042891532 0.042536814 -0.076702014 -0.008615439 0.996109009
1341845705.963641 0.057054382 0.089695059 -0.042642962 0.043361045 -0.079392232 -0.010444080 0.995845199
1341845705.995677 0.063954085 0.092329487 -0.043730393 0.042215809 -0.079568788 -0.014948523 0.995822847
1341845706.031837 0.060202461 0.093575276 -0.037902366 0.039935596 -0.077100642 -0.015826015 0.996097445
1341845706.063631 0.047617726 0.086618669 -0.035383593 0.038082905 -0.076209970 -0.015729422 0.996240079
1341845706.095737 0.053544655 0.089375660 -0.036253519 0.038668912 -0.078678906 -0.016505050 0.996013045
1341845706.131716 0.061904985 0.092215165 -0.033976007 0.037943959 -0.079225533 -0.017439943 0.995981634
1341845706.163718 0.053941328 0.087986618 -0.032947723 0.036802754 -0.076601207 -0.016884726 0.996239245
1341845706.195662 0.056213237 0.088200703 -0.034141697 0.037390292 -0.077508532 -0.015908802 0.996163309
1341845706.231610 0.065095425 0.092863232 -0.032940339 0.037196111 -0.078189269 -0.015708901 0.996120512
1341845706.263724 0.062193044 0.088819496 -0.033366334 0.035337236 -0.075727314 -0.014715891 0.996393561
1341845706.299838 0.057104982 0.087733768 -0.033274326 0.034123648 -0.074751139 -0.013626990 0.996525049
1341845706.331753 0.061762735 0.091326855 -0.031343441 0.034138184 -0.076198436 -0.014193222 0.996407032
1341845706.363574 0.064289495 0.085657656 -0.030781642 0.033041447 -0.076393887 -0.014150443 0.996429622
1341845706.399690 0.061524238 0.087011807 -0.028580731 0.033458874 -0.076355256 -0.013876921 0.996422529
1341845706.431735 0.070079759 0.087302707 -0.029102301 0.033699598 -0.077408433 -0.012909397 0.996346116
1341845706.463612 0.065753080 0.083965950 -0.027759064 0.033117846 -0.075719126 -0.011986353 0.996506989
1341845706.499655 0.062208526 0.081528239 -0.027439991 0.033628289 -0.075963095 -0.010909058 0.996483684
1341845706.531782 0.067804895 0.086478055 -0.024989394 0.035056107 -0.077524453 -0.010550274 0.996318102
1341845706.563559 0.071780793 0.084835619 -0.023445679 0.035145193 -0.075946122 -0.010775080 0.996434093
1341845706.599529 0.064071178 0.079931736 -0.024774332 0.035468277 -0.073345087 -0.010963843 0.996615410
1341845706.631786 0.068974823 0.080821075 -0.026769338 0.037351821 -0.075474985 -0.011805027 0.996377945
1341845706.667647 0.078468695 0.080068357 -0.028714351 0.037984338 -0.075799488 -0.011149974 0.996336937
1341845706.700732 0.073551320 0.083729841 -0.026042985 0.038673837 -0.072913691 -0.010540665 0.996532381
1341845706.732115 0.070646428 0.083341934 -0.026164789 0.039378993 -0.072168157 -0.010354324 0.996560991
1341845706.768143 0.073698401 0.080775157 -0.023659168 0.039628472 -0.072311237 -0.008885697 0.996554911
1341845706.800357 0.075344317 0.080768064 -0.028892819 0.040009975 -0.071739823 -0.006920402 0.996596575
1341845706.832602 0.075325631 0.084746920 -0.026714608 0.040725764 -0.071822993 -0.007516135 0.996557236
1341845706.869449 0.076818459 0.085747540 -0.026408751 0.040105522 -0.071835794 -0.007006824 0.996585190
1341845706.933651 0.072425418 0.084004462 -0.025912354 0.039140310 -0.071820699 -0.006185727 0.996630073
1341845706.994021 0.071418025 0.088321671 -0.025131790 0.038684890 -0.071376815 -0.004357015 0.996689439
1341845707.029674 0.069693319 0.080068029 -0.027996955 0.037949242 -0.071369246 -0.003582482 0.996721327
1341845707.061864 0.078560919 0.082800224 -0.028453309 0.039079074 -0.072363354 -0.003618723 0.996605873
1341845707.097704 0.076309517 0.074174613 -0.026905298 0.038012840 -0.070891805 -0.002732850 0.996755660
1341845707.129770 0.068469159 0.072699390 -0.027364612 0.040017385 -0.069633618 -0.001988392 0.996767700
1341845707.161817 0.073163398 0.073662095 -0.031256102 0.042545706 -0.070709914 -0.001953918 0.996587276
1341845707.197721 0.081285283 0.073231250 -0.029758068 0.043298937 -0.070869647 -0.001988741 0.996543407
1341845707.229795 0.078385875 0.075307190 -0.027211981 0.044236414 -0.069583207 -0.002215109 0.996592402
1341845707.261851 0.077736378 0.075529642 -0.027701026 0.044832498 -0.069156922 -0.001976165 0.996595919
1341845707.297710 0.083529569 0.079390131 -0.025984632 0.045532551 -0.069218703 -0.001795513 0.996560216
1341845707.329761 0.083720773 0.075355344 -0.030191429 0.044333145 -0.067496367 -0.002397849 0.996731162
1341845707.365850 0.078355014 0.070590138 -0.027809251 0.044117071 -0.065135680 -0.001397740 0.996899724
1341845707.397796 0.076048955 0.072447538 -0.026741885 0.045634504 -0.064803228 0.001246462 0.996853292
1341845707.429752 0.082343586 0.069432653 -0.027342297 0.046171892 -0.065755397 0.001888674 0.996765196
1341845707.465767 0.083016858 0.072289944 -0.026931331 0.047583815 -0.064026602 0.001177057 0.996812403
1341845707.497642 0.082510114 0.071292378 -0.027654281 0.047970653 -0.062249668 0.001238316 0.996906340
1341845707.533665 0.087231375 0.068091877 -0.027611736 0.048344776 -0.061863389 0.002218356 0.996910632
1341845707.565754 0.090269737 0.076412231 -0.017280340 0.050830543 -0.060639106 0.002267999 0.996862054
1341845707.597603 0.091952041 0.076562069 -0.018477852 0.051274139 -0.058861151 0.002276106 0.996945918
1341845707.633748 0.092151351 0.074321061 -0.018966580 0.051192179 -0.058859870 0.003723543 0.996945858
1341845707.665870 0.088817336 0.076241039 -0.019690629 0.052123621 -0.058167625 0.003885445 0.996937573
1341845707.698455 0.092490040 0.078472197 -0.016456746 0.051939700 -0.057968110 0.003612644 0.996959805
1341845707.734303 0.089875668 0.077386394 -0.016466796 0.051156174 -0.057079267 0.002423629 0.997055233
1341845707.766259 0.089090377 0.075326972 -0.015704544 0.050855592 -0.057329081 0.002822280 0.997055233
1341845707.836344 0.089561656 0.075736143 -0.015893858 0.052448045 -0.057209704 0.002213664 0.996981084
1341845707.866230 0.090689652 0.077981390 -0.015117531 0.052540310 -0.058155563 0.002616831 0.996920526
1341845707.901694 0.090612024 0.075927854 -0.015816627 0.051651031 -0.058458403 0.003858594 0.996945262
1341845707.933640 0.088217691 0.075012259 -0.016624929 0.051944092 -0.058585249 0.003569032 0.996923685
1341845707.965831 0.091106132 0.075973667 -0.015868451 0.052457668 -0.059089661 0.003137293 0.996868491
1341845708.001954 0.089315876 0.075500436 -0.014790809 0.052210175 -0.058285244 0.003891593 0.996926129
1341845708.034393 0.089277662 0.073176511 -0.015458742 0.052250244 -0.058978952 0.002617545 0.996887445
1341845708.069946 0.091675557 0.075250216 -0.014025616 0.052192654 -0.059502229 0.002473902 0.996859729
1341845708.101700 0.088951066 0.071284384 -0.013998872 0.051117115 -0.058980174 0.002336948 0.996946812
1341845708.133697 0.089671999 0.070702747 -0.014552031 0.051392745 -0.060066212 0.002431298 0.996867537
1341845708.169675 0.090348825 0.073469728 -0.013918624 0.051912162 -0.060603112 0.001861941 0.996809363
1341845708.201793 0.088569283 0.070506476 -0.014664365 0.051092215 -0.060083371 0.000757013 0.996884644
1341845708.233744 0.087758318 0.070324935 -0.015368919 0.051495090 -0.060682572 0.000441930 0.996827781
1341845708.269711 0.087922744 0.070456415 -0.015891852 0.051957898 -0.061442327 0.000746211 0.996757030
1341845708.301629 0.088044852 0.073176444 -0.018113337 0.052642796 -0.061941072 0.000010653 0.996690512
1341845708.337612 0.092176154 0.073746234 -0.018295519 0.052171774 -0.062335122 -0.001509285 0.996689558
1341845708.369900 0.089515865 0.072368741 -0.016671581 0.051515453 -0.061579354 -0.001991204 0.996769845
1341845708.401883 0.091848999 0.071811125 -0.015855784 0.051696673 -0.062832363 -0.002164377 0.996681929
1341845708.443610 0.092183679 0.074103042 -0.016575545 0.052347641 -0.062944837 -0.002595101 0.996639788
1341845708.501776 0.089307159 0.074244291 -0.016849451 0.051748175 -0.063962080 -0.001664668 0.996608317
1341845708.543852 0.089826487 0.076332912 -0.017768286 0.052388668 -0.065825954 -0.001259558 0.996454060
1341845708.605675 0.088334180 0.078087300 -0.017712848 0.051696926 -0.066822201 -0.004133691 0.996416152
1341845708.637641 0.081796110 0.077610649 -0.018392734 0.051686671 -0.067828149 -0.004911055 0.996345162
1341845708.669692 0.089807786 0.081666127 -0.017160870 0.052441925 -0.070581011 -0.005439560 0.996111691
1341845708.705736 0.088936098 0.081469588 -0.018800208 0.051243786 -0.070086472 -0.006462186 0.996202886
1341845708.738027 0.083078071 0.079243354 -0.021188946 0.050620463 -0.069992356 -0.007750131 0.996232212
1341845708.773829 0.085505277 0.082495824 -0.022190660 0.051118162 -0.072460331 -0.008058660 0.996027827
1341845708.805763 0.088382989 0.084486298 -0.018565236 0.050626382 -0.073184080 -0.007890461 0.996001422
1341845708.838653 0.082455069 0.082939737 -0.021108750 0.050197534 -0.072728053 -0.009877148 0.996038795
1341845708.873912 0.084832057 0.082376406 -0.021709332 0.050072737 -0.074461453 -0.010893201 0.995906413
1341845708.905735 0.085426852 0.082329467 -0.022534294 0.049610097 -0.074696109 -0.011560965 0.995904446
1341845708.938426 0.082350768 0.080325142 -0.025027258 0.049313847 -0.074721627 -0.013406923 0.995894074
1341845708.973642 0.080584429 0.081321582 -0.025911147 0.049450982 -0.075531930 -0.012925515 0.995832562
1341845709.005742 0.081583768 0.084819749 -0.024311535 0.049549963 -0.076608986 -0.013369531 0.995739460
1341845709.041686 0.077475108 0.085212231 -0.025715625 0.049786035 -0.076397754 -0.014499652 0.995728135
1341845709.073656 0.080375403 0.084287941 -0.027034033 0.049142703 -0.077468887 -0.015656201 0.995659828
1341845709.105658 0.074481614 0.084893063 -0.028831666 0.049074844 -0.077259749 -0.016115719 0.995672047
1341845709.141741 0.078492425 0.085721277 -0.026752710 0.049207728 -0.079280682 -0.016566074 0.995499194
1341845709.173646 0.081038184 0.087389916 -0.024225790 0.049017284 -0.079580970 -0.016210819 0.995490491
1341845709.205765 0.079068199 0.087445684 -0.026272627 0.048453491 -0.079539686 -0.016791020 0.995511830
1341845709.241765 0.082052290 0.087024175 -0.025525169 0.047734842 -0.079976477 -0.016067011 0.995523453
1341845709.273754 0.080662824 0.088505499 -0.023837034 0.047682319 -0.079371117 -0.015657695 0.995580971
1341845709.309890 0.080322854 0.084340855 -0.027839549 0.046872545 -0.079404727 -0.015176808 0.995624185
1341845709.341728 0.079655446 0.085835725 -0.026301062 0.046565659 -0.079738833 -0.014248731 0.995625556
1341845709.373776 0.077978566 0.090753436 -0.027832298 0.046121556 -0.079233915 -0.014224640 0.995686948
1341845709.409657 0.077100612 0.091730975 -0.028994601 0.044330634 -0.079049736 -0.013056095 0.995798886
1341845709.442072 0.077026337 0.090928182 -0.031353910 0.042144727 -0.079511449 -0.010954958 0.995882392
1341845709.473660 0.077087350 0.093626037 -0.029204713 0.040894933 -0.080223002 -0.010251541 0.995884895
1341845709.509632 0.076185137 0.095388584 -0.031286865 0.039229091 -0.079758957 -0.010114112 0.995990574
1341845709.541673 0.076013461 0.091974303 -0.029800175 0.036640838 -0.080788627 -0.009581828 0.996011436
1341845709.578645 0.073715456 0.093532562 -0.027964421 0.036080375 -0.081590019 -0.010075950 0.995961726
1341845709.609672 0.074490033 0.093422182 -0.027103778 0.035757426 -0.083075322 -0.010952742 0.995841324
1341845709.642057 0.072967380 0.091507271 -0.028667020 0.035155017 -0.083741814 -0.010633028 0.995810390
1341845709.709730 0.079735301 0.093599275 -0.024498487 0.034454454 -0.086256906 -0.010679231 0.995619714
1341845709.745593 0.078752369 0.092826441 -0.026669648 0.033647649 -0.085720003 -0.010460038 0.995695949
1341845709.777709 0.075835913 0.090437531 -0.029991336 0.032717407 -0.085629053 -0.009532169 0.995744109
1341845709.809687 0.079227857 0.093566738 -0.030345717 0.033479434 -0.086287647 -0.011003532 0.995646775
1341845709.845686 0.080611199 0.094163269 -0.030373743 0.033551857 -0.084698938 -0.012836477 0.995758772
1341845709.878752 0.080364920 0.090474807 -0.031671152 0.032852191 -0.082878806 -0.014260821 0.995915890
1341845709.909693 0.074185990 0.088492602 -0.033873782 0.033612870 -0.081423841 -0.013598845 0.996019781
1341845709.945663 0.075591080 0.087902643 -0.035226282 0.035125643 -0.082802065 -0.013041485 0.995861411
1341845709.977698 0.080255799 0.090006366 -0.033022452 0.036783725 -0.083756626 -0.012358110 0.995730400
1341845710.013739 0.076924026 0.090211712 -0.034771044 0.037525862 -0.082400858 -0.013570840 0.995800078
1341845710.045754 0.076955162 0.086488418 -0.034653991 0.037550129 -0.082014158 -0.013609399 0.995830536
1341845710.077705 0.076406457 0.091306023 -0.035134990 0.038407613 -0.082288221 -0.013968494 0.995770216
1341845710.113730 0.080338106 0.088731423 -0.032478899 0.037983838 -0.082601279 -0.013380516 0.995768666
1341845710.145759 0.074189581 0.089977235 -0.033947203 0.038413472 -0.081778742 -0.013808421 0.995814204
1341845710.177824 0.074657463 0.088873439 -0.035748128 0.038651813 -0.082625158 -0.013370230 0.995741069
1341845710.213581 0.075293198 0.088913269 -0.035109028 0.039041176 -0.082679905 -0.013480889 0.995719850
1341845710.245636 0.073353328 0.085412465 -0.037279371 0.039323494 -0.082523510 -0.014076763 0.995713532
1341845710.281582 0.072079591 0.086310506 -0.038539123 0.041561887 -0.084170289 -0.015709301 0.995460272
1341845710.313617 0.077504389 0.088153243 -0.038732179 0.042086974 -0.085500687 -0.015387312 0.995329857
1341845710.345643 0.074936822 0.086438723 -0.035510872 0.041928791 -0.084623724 -0.014905917 0.995418787
1341845710.381860 0.071171008 0.087422632 -0.034351517 0.042822041 -0.084767580 -0.014818203 0.995369852
1341845710.413817 0.078187600 0.091356128 -0.032934643 0.043744538 -0.086208344 -0.014504715 0.995210588
1341845710.445824 0.074713774 0.087060504 -0.036384430 0.042249147 -0.084907703 -0.013952599 0.995394886
1341845710.481794 0.074034013 0.084965929 -0.038379364 0.042096917 -0.085535996 -0.014710304 0.995336652
1341845710.513650 0.077264614 0.084885977 -0.035069622 0.042046495 -0.086261734 -0.013545727 0.995292664
1341845710.549635 0.076223537 0.083346680 -0.039685033 0.042355042 -0.086185277 -0.012861697 0.995295286
1341845710.581654 0.074531801 0.086515635 -0.038212407 0.043962669 -0.086345144 -0.012593857 0.995215178
1341845710.613694 0.076252528 0.086820103 -0.037894893 0.043883540 -0.086168095 -0.012031697 0.995240927
1341845710.649564 0.074782655 0.083568931 -0.040495057 0.043740191 -0.085748605 -0.011812091 0.995286107
1341845710.681648 0.078084216 0.086039416 -0.041206360 0.045024160 -0.086393870 -0.011964206 0.995171249
1341845710.713728 0.078856707 0.087015204 -0.037211683 0.045360904 -0.085853271 -0.011298687 0.995210469
1341845710.749785 0.075889446 0.084402636 -0.035767227 0.045218825 -0.084886774 -0.010880834 0.995304525
1341845710.781816 0.077317126 0.085525207 -0.037141897 0.045982700 -0.085072227 -0.011121698 0.995251060
1341845710.817567 0.080625013 0.085886054 -0.035889819 0.046002321 -0.085100912 -0.011493599 0.995243430
1341845710.850205 0.080207199 0.088608585 -0.033006374 0.045974653 -0.084375478 -0.010083795 0.995321751
1341845710.882136 0.077752285 0.086974062 -0.035006735 0.045555230 -0.084454522 -0.009579290 0.995339334
1341845710.917631 0.081343651 0.088815100 -0.033797637 0.045940585 -0.084991276 -0.010102965 0.995270729
1341845710.950281 0.078766435 0.087870263 -0.033760909 0.045545377 -0.083559118 -0.009908441 0.995412111
1341845710.985647 0.074520826 0.083308846 -0.035554290 0.046130914 -0.083788633 -0.009961209 0.995365322
1341845711.017722 0.079474993 0.089389138 -0.034192655 0.048517901 -0.085999385 -0.011727229 0.995043993
1341845711.049965 0.089987941 0.092917599 -0.033045035 0.047698200 -0.085817844 -0.012229962 0.995093286
1341845711.085583 0.079609632 0.085577212 -0.031889793 0.045440592 -0.081839345 -0.012669701 0.995528460
1341845711.117670 0.076633200 0.083327115 -0.035620224 0.046034653 -0.082457528 -0.012385558 0.995453715
1341845711.149770 0.083974719 0.089111991 -0.034141228 0.046957850 -0.084000193 -0.011204724 0.995295584
1341845711.191691 0.084679998 0.084802940 -0.033865567 0.045151297 -0.082498461 -0.011106493 0.995505929
1341845711.253627 0.079704225 0.087795652 -0.035243120 0.046750490 -0.084147602 -0.011252514 0.995292366
1341845711.285627 0.081958048 0.087553836 -0.033720668 0.045759749 -0.084602140 -0.011866941 0.995292723
1341845711.317874 0.080873586 0.086852781 -0.034612551 0.044889249 -0.083643712 -0.012793546 0.995401919
1341845711.353756 0.084244013 0.091921717 -0.034673516 0.044385560 -0.083361693 -0.014265653 0.995428145
1341845711.385687 0.085328065 0.089623943 -0.031790633 0.042456865 -0.081736200 -0.014255186 0.995647192
1341845711.417635 0.079001047 0.085525900 -0.033615846 0.041499022 -0.080236800 -0.013595443 0.995818734
1341845711.485895 0.083826475 0.086302437 -0.032675367 0.043413542 -0.083381653 -0.011600165 0.995503962
1341845711.521704 0.082443580 0.086598001 -0.031341802 0.043978460 -0.082343481 -0.010878609 0.995573759
1341845711.553696 0.082404785 0.087827586 -0.030527206 0.044608004 -0.082182735 -0.010862496 0.995559216
1341845711.585708 0.088110328 0.092446804 -0.030521568 0.044415548 -0.082210235 -0.011483316 0.995558560
1341845711.621659 0.086418703 0.087270267 -0.028951045 0.043028619 -0.080805600 -0.011575643 0.995733380
1341845711.653731 0.082746997 0.087355368 -0.031893313 0.043282539 -0.080582209 -0.011492892 0.995741427
1341845711.685758 0.086582430 0.090245128 -0.029755684 0.043696266 -0.081472307 -0.010358465 0.995663345
1341845711.721850 0.085523367 0.086572304 -0.030934907 0.043488149 -0.081043623 -0.009736513 0.995713770
1341845711.754323 0.083815545 0.083101898 -0.032129828 0.043220282 -0.081605285 -0.008966488 0.995686769
1341845711.789716 0.081965595 0.089572012 -0.030776856 0.044677265 -0.082130253 -0.009588010 0.995573521
1341845711.821820 0.082309216 0.087233707 -0.031503197 0.044365805 -0.081909642 -0.009613666 0.995605350
1341845711.854173 0.084231593 0.088213779 -0.031771824 0.044887073 -0.082039706 -0.010520218 0.995562136
1341845711.889875 0.090891451 0.088902399 -0.032511763 0.044217698 -0.081410669 -0.011083228 0.995637596
1341845711.923959 0.086677253 0.088660486 -0.031659592 0.043408062 -0.078791536 -0.011577132 0.995878279
1341845711.957595 0.083803378 0.087488644 -0.031807777 0.042599972 -0.078085944 -0.012976245 0.995951533
1341845711.989820 0.089811526 0.090084873 -0.030443311 0.042203646 -0.078177117 -0.013465356 0.995954752
1341845712.057899 0.085721880 0.088667601 -0.031142963 0.040789824 -0.077442564 -0.011439054 0.996096373
1341845712.090038 0.094405077 0.092301816 -0.032054611 0.040567894 -0.077550814 -0.014739946 0.996053636
1341845712.127587 0.089061283 0.088647828 -0.032765016 0.038429640 -0.074439295 -0.014819780 0.996374547
1341845712.195638 0.086108625 0.090756558 -0.031701021 0.041074712 -0.079003371 -0.012931870 0.995943785
1341845712.257830 0.085140698 0.090317741 -0.032755140 0.039286692 -0.075362548 -0.015771629 0.996257126
1341845712.289935 0.084210798 0.085046083 -0.034596227 0.038668495 -0.076011300 -0.014450642 0.996252060
