1548265882.499630 0.000000000 0.000000000 0.000000000 0.000000000 0.000000000 0.000000000 1.000000000
1548265882.533150 0.007033424 -0.006561151 -0.001992601 -0.002354220 -0.007185813 -0.005447650 0.999956548
1548265882.566560 0.066396661 -0.032506820 -0.024660222 -0.007036517 -0.009660622 -0.010531850 0.999873102
1548265882.600030 -0.006713809 -0.002285251 -0.005752224 -0.004078980 0.006456949 -0.013193786 0.999883771
1548265882.633440 0.000879830 -0.005105368 -0.006847213 -0.006498694 0.004250948 -0.018637463 0.999796152
1548265882.665210 0.017012369 -0.012898293 -0.015388112 -0.011105484 0.011546635 -0.019623740 0.999679089
1548265882.698670 0.002552966 0.008437248 -0.017383331 -0.010220399 0.013366024 -0.014905478 0.999747336
1548265882.732180 0.001605211 -0.000509906 -0.009002576 -0.015269316 0.009531460 -0.019292394 0.999651849
1548265882.765670 0.001026430 0.002230572 -0.009334393 -0.017696813 0.010243004 -0.015572107 0.999669671
1548265882.799210 0.006023479 0.004300048 -0.008236720 -0.020772347 0.007006248 -0.011097101 0.999698102
1548265882.832700 0.010619118 0.003681223 -0.008878770 -0.022874415 0.005557745 -0.007574293 0.999694169
1548265882.866180 0.017034024 0.007676258 -0.012597409 -0.024220319 0.003093942 -0.003860530 0.999694407
1548265882.899700 0.022972697 0.001936224 -0.014194504 -0.026226517 0.001857667 -0.001474853 0.999653220
1548265882.933210 0.018615771 0.007062186 -0.018643185 -0.024501309 0.002281612 0.000259901 0.999697149
1548265882.966730 0.020520629 0.004011821 -0.024997625 -0.023235127 0.001069629 0.000053516 0.999729455
1548265883.000250 0.035567008 0.001865863 -0.034004789 -0.021113014 0.000207649 -0.001250412 0.999776304
1548265883.033800 0.020417353 0.013782567 -0.043413263 -0.017131988 0.004318725 -0.001484778 0.999842823
1548265883.067340 0.025848467 0.016355613 -0.052250147 -0.015040995 0.002931995 -0.003446181 0.999876678
1548265883.100860 0.028302565 0.020361938 -0.063030526 -0.013488619 0.004144041 -0.005229747 0.999886751
1548265883.134400 0.022746144 0.025004173 -0.068681054 -0.012931050 0.005431992 -0.006684094 0.999879301
1548265883.167910 0.027584122 0.024272610 -0.078086801 -0.013445653 0.005133038 -0.007726346 0.999866605
1548265883.201430 0.018716156 0.031353779 -0.082880951 -0.012620152 0.005982395 -0.007677119 0.999872983
1548265883.234950 0.024203740 0.031466413 -0.088917114 -0.013567112 0.004328521 -0.008007126 0.999866545
1548265883.268460 0.035079502 0.025500059 -0.096104607 -0.015527160 0.004452081 -0.008489415 0.999833524
1548265883.301800 0.018410442 0.037699789 -0.096155509 -0.013995899 0.007889903 -0.007236039 0.999844730
1548265883.335310 0.027141279 0.031367879 -0.101563267 -0.015210981 0.004906779 -0.007788692 0.999841928
1548265883.368830 0.039824430 0.023451051 -0.107822962 -0.015881041 0.004808379 -0.008012673 0.999830246
1548265883.402280 0.028086035 0.031846393 -0.108422570 -0.013656090 0.009004908 -0.006094236 0.999847651
1548265883.435790 0.026628869 0.032800991 -0.112500310 -0.012202616 0.008398402 -0.005328185 0.999876082
1548265883.469300 0.046234854 0.023280453 -0.120887034 -0.012502053 0.007670098 -0.005888160 0.999875069
1548265883.502820 0.032754540 0.031437844 -0.118750982 -0.010258366 0.013099518 -0.004062307 0.999853313
1548265883.536330 0.043322891 0.028665220 -0.125313357 -0.009682764 0.013984119 -0.003624021 0.999848783
1548265883.569820 0.054611143 0.024528032 -0.133093253 -0.009675894 0.019720204 -0.002355267 0.999755919
1548265883.603340 0.043642960 0.026743878 -0.126994997 -0.008145792 0.026857782 -0.000572710 0.999605894
1548265883.636850 0.067522094 0.020556463 -0.134334281 -0.007041482 0.027967712 0.001138711 0.999583364
1548265883.670370 0.046828855 0.030519417 -0.133292213 -0.003199019 0.039351273 0.002906725 0.999216080
1548265883.703910 0.050333239 0.024618410 -0.132262781 -0.001614091 0.044396054 0.004130849 0.999004185
1548265883.737430 0.094228044 0.011926360 -0.148387492 -0.001170520 0.045942333 0.006673509 0.998921096
1548265883.770950 0.068745062 0.016064841 -0.143970057 0.001518576 0.058769051 0.008575256 0.998233616
1548265883.804530 0.063183561 0.011494211 -0.142981589 0.003033383 0.065254837 0.009943190 0.997814476
1548265883.838180 0.039632037 0.029078679 -0.131785348 0.008139745 0.073462561 0.012443256 0.997187138
1548265883.871940 0.054107215 0.022608599 -0.137486249 0.008756548 0.074768685 0.014958465 0.997050285
1548265883.905460 0.043868907 0.021473559 -0.134323493 0.011084748 0.080030404 0.016662043 0.996591508
1548265883.939000 0.054248411 0.020681782 -0.133840784 0.013251612 0.080404460 0.017954761 0.996512473
1548265883.972510 0.092794202 0.000626198 -0.142231315 0.011987281 0.081257753 0.019798839 0.996424317
1548265884.006030 0.053046886 0.015027028 -0.127970085 0.016727930 0.093164302 0.021490527 0.995278180
1548265884.039550 0.049112391 0.018714730 -0.124123588 0.019589677 0.095077522 0.021676613 0.995041013
1548265884.073060 0.049719095 0.017793566 -0.128063709 0.020714201 0.099544451 0.021799199 0.994578600
1548265884.106580 0.035578523 0.026823232 -0.118228115 0.023295386 0.103755049 0.021122601 0.994105637
1548265884.140090 0.046594650 0.025048805 -0.118601665 0.023562295 0.104865581 0.020189686 0.994002223
1548265884.173590 0.037212960 0.019580591 -0.114621282 0.022962855 0.112364806 0.021613130 0.993166506
1548265884.206970 0.029039344 0.022989564 -0.111381225 0.024485053 0.113640778 0.020770684 0.993002951
1548265884.240470 0.049294367 0.022163467 -0.114571735 0.024490163 0.113548063 0.020255404 0.993024051
1548265884.273990 0.036733322 0.026904106 -0.109051980 0.024953969 0.120463543 0.020996293 0.992181897
1548265884.307480 0.035422176 0.027985696 -0.106154658 0.024619089 0.121859334 0.020443903 0.992031336
1548265884.340990 0.049747270 0.031398084 -0.107542336 0.023220981 0.124163188 0.019758265 0.991793275
1548265884.374510 0.031878468 0.031580515 -0.100826114 0.020810237 0.131219774 0.019484259 0.990943313
1548265884.408030 0.053312320 0.032751612 -0.102805838 0.018736055 0.131290555 0.018034471 0.991002798
1548265884.441190 0.007660843 0.015004543 -0.079339907 0.013658190 0.147836789 0.017264087 0.988766730
1548265884.474710 0.025498724 0.022324771 -0.085084394 0.014372854 0.149129882 0.019294677 0.988524854
1548265884.508230 0.047427122 0.020075185 -0.092082597 0.013447858 0.149211481 0.019200923 0.988527417
1548265884.541970 0.048447579 0.008223576 -0.085212275 0.010723991 0.158375412 0.020758752 0.987102509
1548265884.575610 0.038222112 0.013851779 -0.079703912 0.011579641 0.166177750 0.022240020 0.985776961
1548265884.609120 0.047087260 0.003502186 -0.079851769 0.009945174 0.172070324 0.026406791 0.984680474
1548265884.642640 0.028890815 0.011768957 -0.070908383 0.012565731 0.179929599 0.029764447 0.983148754
1548265884.676150 -0.001686413 0.006199858 -0.061756961 0.012302226 0.190352350 0.032336280 0.981105983
1548265884.709670 -0.047887061 0.007823353 -0.044370927 0.014387875 0.206044525 0.038087960 0.977695227
1548265884.743190 0.031088697 -0.031319212 -0.075917915 0.009561942 0.201218948 0.047303770 0.978356719
1548265884.776700 0.062628962 0.010214372 -0.080921151 0.017249411 0.203307807 0.051277485 0.977619052
1548265884.810220 0.047447082 0.003743072 -0.080225535 0.017290596 0.214793161 0.055779401 0.974912107
1548265884.843710 -0.002337861 -0.009539310 -0.079617612 0.016039321 0.232107416 0.060241926 0.970690370
1548265884.877190 0.007493331 -0.005024658 -0.053083949 0.017030673 0.239309624 0.067914896 0.968415439
1548265884.910640 -0.045008786 -0.003804031 -0.049960744 0.017676570 0.252872795 0.070651434 0.964754522
1548265884.944160 -0.073856466 0.000889326 -0.043875314 0.018404257 0.262811303 0.073572166 0.961862087
1548265884.977740 -0.095080487 -0.005457832 -0.030434892 0.017275801 0.270725369 0.078277417 0.959313273
1548265885.011250 -0.105443038 0.012726995 -0.029220527 0.019247478 0.276930988 0.078560688 0.957479477
1548265885.044770 -0.066276476 0.009133541 -0.044726558 0.016822582 0.273918480 0.083551131 0.957969129
1548265885.078290 0.003835176 0.018584760 -0.055178519 0.014933305 0.266117543 0.086914919 0.959898055
1548265885.111800 0.012279399 0.030710176 -0.058164250 0.013574401 0.268441319 0.086825028 0.959279120
1548265885.145320 -0.004132048 0.015754312 -0.051586665 0.009320877 0.276609689 0.089985557 0.956714571
1548265885.178890 -0.018331492 0.010935680 -0.047082864 0.008357035 0.282326609 0.092880569 0.954774857
1548265885.212670 -0.016193401 0.011514968 -0.051215526 0.007953677 0.285432279 0.095886365 0.953557014
1548265885.245870 -0.027961776 0.003005778 -0.046648968 0.006618737 0.291519433 0.099416830 0.951361597
1548265885.279380 -0.048291489 0.004679127 -0.036527529 0.007479990 0.297212750 0.101501018 0.949371457
1548265885.312810 -0.037305914 0.012601541 -0.047629651 0.008491213 0.296832651 0.103326276 0.949284971
1548265885.346410 -0.027497180 0.016043374 -0.059493747 0.007947788 0.300000817 0.106529966 0.947938681
1548265885.380420 -0.047665562 0.012725471 -0.049243338 0.007400373 0.307446986 0.109362938 0.945230842
1548265885.413960 -0.029675392 0.017934760 -0.059338305 0.007372198 0.308034092 0.111068010 0.944841027
1548265885.447470 -0.046799541 0.020804305 -0.043951496 0.006413546 0.318839312 0.113408200 0.940977633
1548265885.480990 -0.070915170 0.020462960 -0.027692635 0.005816371 0.327983141 0.114636026 0.937684298
1548265885.514510 -0.050849870 0.020882793 -0.040659644 0.004035232 0.330030233 0.117554665 0.936613381
1548265885.548020 -0.061660603 0.023186434 -0.030014742 0.003561865 0.336818963 0.119537681 0.933943808
1548265885.581520 -0.050616641 0.017930740 -0.042429112 0.001166435 0.338129044 0.122278363 0.933121324
1548265885.614860 -0.059281155 0.021062952 -0.031677045 0.000573449 0.344252139 0.123855524 0.930671751
1548265885.648370 -0.059623402 0.011744737 -0.023665456 -0.001461806 0.348522633 0.125536174 0.928854406
1548265885.681670 -0.061321683 0.000713374 -0.023942305 -0.003808471 0.352034032 0.127115414 0.927307487
1548265885.715190 -0.063927278 0.008851050 -0.018339209 -0.002526348 0.355381429 0.128030241 0.925908148
1548265885.748850 -0.069622539 0.011843150 -0.013986199 -0.002445788 0.359158844 0.128384545 0.924400508
1548265885.782220 -0.067122944 0.009877224 -0.012278708 -0.003343536 0.363759130 0.130577520 0.922289312
1548265885.815880 -0.066541292 0.011339805 -0.013562184 -0.003120563 0.367597550 0.132931948 0.920430005
1548265885.849400 -0.069379926 0.015405417 -0.005832240 -0.002142238 0.373168916 0.135648862 0.917790651
1548265885.882880 -0.070743449 0.010727195 -0.000075484 -0.001918106 0.377408236 0.139157593 0.915529668
1548265885.916400 -0.070434622 0.000023751 0.003012805 -0.002157078 0.381021321 0.143001676 0.913437843
1548265885.949930 -0.065890796 0.011366344 -0.001154153 0.000989127 0.383309871 0.146879360 0.911865711
1548265885.983450 -0.075409673 -0.000857954 0.014102537 0.000772770 0.388538808 0.150704399 0.909024298
1548265886.016980 -0.079602741 -0.002319728 0.014248898 0.002221030 0.391100407 0.154347226 0.907310545
1548265886.050490 -0.081703193 -0.004419762 0.018097308 0.003037580 0.393789917 0.156846881 0.905714810
1548265886.084010 -0.084015757 -0.009654555 0.024440683 0.003450222 0.396162987 0.160375670 0.904058993
1548265886.117600 -0.083374508 -0.007903661 0.024464583 0.005313443 0.396940589 0.163507327 0.903147459
1548265886.151160 -0.087717660 -0.007382876 0.027128289 0.007914803 0.397821337 0.165987536 0.902288020
1548265886.184730 -0.097012371 -0.010468371 0.030919487 0.009700206 0.398772001 0.166948989 0.901673377
1548265886.218240 -0.095282868 -0.011720170 0.031688370 0.011500513 0.400272042 0.169396624 0.900530279
1548265886.251770 -0.093367010 -0.012395472 0.030707011 0.013370586 0.399327576 0.171374872 0.900549471
1548265886.285280 -0.093273103 -0.013656987 0.029545290 0.014691837 0.400773704 0.172572181 0.899657428
1548265886.318790 -0.095352158 -0.025656339 0.033623442 0.015484024 0.403515339 0.174323216 0.898079634
1548265886.352310 -0.098938584 -0.027241128 0.033941742 0.017850459 0.404519200 0.174609393 0.897528350
1548265886.385830 -0.100455925 -0.025137592 0.032320894 0.020336106 0.405386060 0.174537808 0.897098184
1548265886.419490 -0.101619750 -0.021624774 0.029347869 0.023798564 0.406144232 0.174779087 0.896622956
1548265886.453000 -0.104479067 -0.025798544 0.031482257 0.026028652 0.407648176 0.175257802 0.895784676
1548265886.486520 -0.078563482 -0.001309443 0.021827620 0.030669531 0.407160312 0.172766984 0.896343350
1548265886.520030 -0.106890030 -0.022767924 0.027089780 0.029813828 0.416500449 0.176035389 0.891431451
1548265886.553550 -0.117400669 -0.030226985 0.035522692 0.031407282 0.419954509 0.176992118 0.889564812
1548265886.586910 -0.110132761 -0.020168137 0.047268391 0.034401283 0.425259233 0.175712705 0.887184441
1548265886.620090 -0.144550338 -0.035192341 0.065151520 0.035873253 0.435576648 0.179777786 0.881286561
1548265886.653600 -0.151095897 -0.036764640 0.068710260 0.038228340 0.438549727 0.180373415 0.879589736
1548265886.687120 -0.137338772 -0.039325245 0.056035455 0.038541179 0.443276763 0.182744861 0.876712382
1548265886.720630 -0.133874342 -0.050920933 0.045595679 0.038380809 0.445725918 0.186651543 0.874652267
1548265886.754150 -0.140518039 -0.041103147 0.055873390 0.041061670 0.449596077 0.186176658 0.872648597
1548265886.787670 -0.132289171 -0.027941383 0.056627087 0.041871756 0.454839796 0.187092245 0.869691908
1548265886.821180 -0.161291853 -0.042959638 0.081060141 0.040879197 0.463097930 0.189798221 0.864780843
1548265886.854700 -0.166351095 -0.045844693 0.085386559 0.038955826 0.467986524 0.189463750 0.862307668
1548265886.888210 -0.172209531 -0.057574313 0.101632901 0.036366701 0.476570845 0.192999199 0.856918335
1548265886.921730 -0.173611477 -0.051516742 0.095111348 0.037041489 0.479575843 0.194629684 0.854841650
1548265886.955230 -0.174181119 -0.051467095 0.088955864 0.036273494 0.484019995 0.195863232 0.852083623
1548265886.988750 -0.171983868 -0.057026040 0.088377602 0.035089914 0.488931477 0.198872581 0.848625004
1548265887.022280 -0.179547340 -0.060282744 0.089451350 0.034368660 0.492694497 0.200295672 0.846139789
1548265887.055800 -0.193088874 -0.058876827 0.105545700 0.034561832 0.498867154 0.199300468 0.842743397
1548265887.089320 -0.217915669 -0.074170716 0.119375624 0.033540051 0.505924106 0.201831132 0.837961853
1548265887.122870 -0.226716802 -0.076469846 0.124926180 0.033644263 0.509341955 0.202114865 0.835816026
1548265887.156400 -0.236134529 -0.074581817 0.133242235 0.034801796 0.514085412 0.202899948 0.832668424
1548265887.189910 -0.234829351 -0.082561269 0.122937568 0.035858318 0.513663709 0.205721572 0.832191348
1548265887.223460 -0.245368108 -0.082090080 0.135938808 0.035680503 0.518612921 0.205889255 0.829082131
1548265887.257080 -0.249973953 -0.089230381 0.139620811 0.036697499 0.520740271 0.209917262 0.826690733
1548265887.290490 -0.251305133 -0.083533384 0.134906486 0.038455933 0.520075023 0.211077541 0.826734185
1548265887.324010 -0.255748987 -0.083449781 0.141284838 0.038546354 0.523181677 0.212726980 0.824343562
1548265887.357520 -0.262746423 -0.086763993 0.147628382 0.038422309 0.525832951 0.215616167 0.821908236
1548265887.391040 -0.275529534 -0.077486746 0.165907383 0.039708201 0.527593017 0.215800330 0.820669889
1548265887.424660 -0.263130039 -0.077677146 0.145396650 0.037838951 0.525231600 0.217678770 0.821776092
1548265887.458180 -0.267432541 -0.081558995 0.158792540 0.035968378 0.528240383 0.218553081 0.819696844
1548265887.491690 -0.262579262 -0.084546931 0.152588308 0.035348941 0.527664959 0.219452575 0.819854081
1548265887.525210 -0.259401947 -0.088652603 0.146111324 0.034107104 0.528051972 0.218742207 0.819847345
1548265887.558720 -0.259720862 -0.092261747 0.159065381 0.033716504 0.531687498 0.218123555 0.817675769
1548265887.592200 -0.264270484 -0.098744988 0.167083904 0.033433441 0.533052742 0.217817605 0.816879690
1548265887.625650 -0.269439250 -0.094681673 0.173439622 0.033585399 0.535387635 0.216171801 0.815782964
1548265887.659100 -0.274166614 -0.100613840 0.188930333 0.033801474 0.539372385 0.217547417 0.812777996
1548265887.692610 -0.269771218 -0.104017802 0.190366879 0.035004780 0.539503336 0.220219553 0.811920047
1548265887.726110 -0.265805066 -0.100434110 0.185161531 0.036066853 0.538674653 0.221352801 0.812115610
1548265887.759600 -0.259122401 -0.091892466 0.185828954 0.036645904 0.540039182 0.222460359 0.810879886
1548265887.793080 -0.257157743 -0.110205926 0.194492772 0.035112929 0.543175399 0.227139279 0.807549000
1548265887.826460 -0.252790660 -0.103560843 0.199040875 0.036031205 0.543668628 0.227857515 0.806974053
1548265887.859920 -0.249613896 -0.101319678 0.206837967 0.036207687 0.546030760 0.230249733 0.804689050
1548265887.893440 -0.246850282 -0.107582681 0.217554688 0.035772901 0.548123360 0.232825562 0.802541792
1548265887.926950 -0.240586847 -0.112784952 0.219647855 0.034927212 0.549341261 0.235433862 0.800983846
1548265887.960470 -0.231591538 -0.111758471 0.222770452 0.034340177 0.551324069 0.237220064 0.799117744
1548265887.993980 -0.220753461 -0.122667685 0.229141176 0.034451164 0.553941965 0.240980789 0.796171904
1548265888.027500 -0.214463651 -0.115632191 0.236997619 0.035140414 0.555768490 0.240909055 0.794889510
1548265888.061020 -0.209925860 -0.114364862 0.261706442 0.036976747 0.559171379 0.242527544 0.791921973
1548265888.094560 -0.200430989 -0.115875132 0.260864615 0.036818974 0.560188770 0.243629396 0.790871441
1548265888.128110 -0.192043498 -0.120307915 0.261162311 0.035660256 0.563279331 0.246009797 0.787987232
1548265888.161670 -0.181454375 -0.113807239 0.270777822 0.034893595 0.568474770 0.246860966 0.784014404
1548265888.195670 -0.167901114 -0.130255133 0.279735684 0.033102795 0.573074102 0.251028508 0.779406786
1548265888.229180 -0.160103396 -0.131023660 0.284929991 0.033173744 0.575774133 0.251391530 0.777293980
1548265888.262700 -0.155633420 -0.135020971 0.294165105 0.033165097 0.580705523 0.253024310 0.773084700
1548265888.296210 -0.145609885 -0.138842270 0.306313336 0.033367801 0.584100306 0.253933609 0.770215034
1548265888.329730 -0.133775324 -0.140483841 0.315085769 0.033942677 0.587012649 0.253753930 0.768031895
1548265888.363320 -0.129981190 -0.141281456 0.320092171 0.034330573 0.591497779 0.254573464 0.764293253
1548265888.397010 -0.119325802 -0.142485708 0.324341238 0.035466515 0.594123125 0.255791724 0.761794209
1548265888.430530 -0.109453015 -0.145891458 0.321235120 0.035535254 0.595632553 0.256052494 0.760523617
1548265888.464040 -0.106772728 -0.146496072 0.325236738 0.035082147 0.600234747 0.256259024 0.756847918
1548265888.497380 -0.094375230 -0.145891592 0.329105079 0.035739865 0.603233635 0.258205801 0.753764987
1548265888.530830 -0.085375972 -0.145971000 0.332565278 0.036004681 0.604508400 0.257994294 0.752802908
1548265888.564200 -0.085193060 -0.152751878 0.363466650 0.035165105 0.611477494 0.256844282 0.747589231
1548265888.597340 -0.079014711 -0.151485011 0.365213662 0.034823854 0.615260243 0.257599294 0.744234324
1548265888.630850 -0.070905164 -0.163147062 0.392452210 0.033209480 0.622049689 0.258475929 0.738336980
1548265888.664370 -0.059492946 -0.165691778 0.379083991 0.032626867 0.623749673 0.260393023 0.736252189
1548265888.697880 -0.056862727 -0.164598361 0.385115415 0.032071568 0.628307581 0.260689527 0.732285440
1548265888.731560 -0.047970969 -0.165851459 0.393242329 0.031203091 0.633734167 0.261566043 0.727317333
1548265888.765210 -0.038021009 -0.173759565 0.403296739 0.030528922 0.639089882 0.263698131 0.721869349
1548265888.798810 -0.035608724 -0.201482907 0.449281842 0.025819641 0.651013374 0.266190588 0.710392475
1548265888.832330 -0.023196675 -0.185459018 0.447841257 0.026543863 0.657450199 0.268411905 0.703569293
1548265888.865760 -0.017499132 -0.187862277 0.420792311 0.026262097 0.657563388 0.273262709 0.701603949
1548265888.899140 -0.011880717 -0.175594583 0.419179976 0.025733601 0.662060618 0.274032146 0.697079539
1548265888.932500 0.018596273 -0.203274429 0.428431541 0.021239592 0.669129252 0.282187223 0.687157393
1548265888.966010 0.034572907 -0.211787269 0.460974008 0.020171719 0.677364051 0.285491735 0.677691281
1548265888.999530 0.046207957 -0.238580868 0.511524677 0.016046194 0.689462781 0.289333284 0.663829625
1548265889.033040 0.051515765 -0.241019994 0.487240404 0.016627705 0.693221450 0.296583891 0.656662405
1548265889.066720 0.051196270 -0.180517137 0.445154369 0.022476565 0.694475591 0.294700980 0.656010509
1548265889.100280 0.052184012 -0.229239672 0.505389333 0.016032174 0.710682154 0.301297039 0.635526419
1548265889.133880 0.089965515 -0.240480959 0.526444376 0.015539393 0.720484316 0.307896465 0.621176898
1548265889.167490 0.115733154 -0.250473320 0.537091494 0.015571929 0.726696789 0.313209355 0.611203015
1548265889.200830 0.116643764 -0.272802025 0.517388046 0.012325462 0.729019403 0.317278564 0.606393456
1548265889.234310 0.091942988 -0.218801409 0.479655117 0.021693435 0.729332447 0.313593626 0.607669830
1548265889.267630 0.086473972 -0.217362806 0.459558070 0.022932107 0.731783688 0.313046604 0.604953349
1548265889.301080 0.081983432 -0.219567686 0.479906589 0.024311151 0.739750743 0.311175317 0.596110463
1548265889.334590 0.105631009 -0.239666268 0.479720473 0.023316482 0.745050073 0.313147455 0.588468671
1548265889.368180 0.099118561 -0.242176697 0.491452724 0.025291342 0.752308905 0.311262995 0.580092192
1548265889.401890 0.098391570 -0.226323992 0.476749867 0.031464335 0.753687501 0.313040107 0.577036440
1548265889.435440 0.100013614 -0.225955471 0.476778597 0.034218274 0.754949272 0.312679470 0.575423539
1548265889.468960 0.102546878 -0.228778571 0.475324154 0.034291442 0.756613970 0.312823802 0.573149741
1548265889.502470 0.099366300 -0.218306094 0.474291116 0.036802262 0.757380068 0.312997550 0.571886003
1548265889.535990 0.107000373 -0.226739794 0.473799467 0.034316190 0.758481085 0.313448876 0.570332110
1548265889.569470 0.107008107 -0.220590740 0.467357457 0.033769477 0.759580433 0.313548893 0.568844616
1548265889.602790 0.117147245 -0.224199995 0.475392252 0.031239005 0.762055635 0.313130975 0.565901279
1548265889.636240 0.119549818 -0.225889325 0.474731952 0.025694797 0.765464246 0.311544746 0.562444866
1548265889.669650 0.145345852 -0.238857374 0.489463300 0.021639632 0.769491911 0.314686239 0.555325568
1548265889.703150 0.158480883 -0.243360415 0.500804901 0.017832110 0.772181630 0.314498574 0.551822543
1548265889.736660 0.163411036 -0.239442721 0.495462865 0.015417879 0.773574054 0.314795613 0.549771905
1548265889.770170 0.172017604 -0.235636353 0.495678306 0.014000321 0.774913311 0.315312684 0.547623217
1548265889.803680 0.193385229 -0.238955587 0.508807003 0.011404783 0.777750969 0.315891266 0.543310165
1548265889.837200 0.204141438 -0.235340402 0.516128004 0.009724087 0.780702114 0.316899568 0.538501918
1548265889.870680 0.216413692 -0.239606827 0.505140364 0.008216788 0.780728042 0.320442617 0.536388576
1548265889.904200 0.234449849 -0.243292719 0.511981666 0.005296030 0.783307314 0.321614116 0.531945407
1548265889.937710 0.240043640 -0.237951696 0.510060608 0.005507847 0.785712123 0.323567986 0.527190566
1548265889.971260 0.259099394 -0.241676867 0.499075830 0.005927968 0.785575926 0.327961624 0.524667978
1548265890.004790 0.272379249 -0.250586241 0.494673818 0.001062202 0.787370980 0.327671647 0.522184908
1548265890.038340 0.284798145 -0.228034586 0.502564967 0.003874503 0.793512285 0.328101903 0.512515724
1548265890.071860 0.297606736 -0.230140105 0.498253137 0.005376140 0.795671284 0.331963301 0.506634593
1548265890.105380 0.301178664 -0.215707123 0.494136214 0.005595145 0.797784567 0.330855459 0.504027009
1548265890.138920 0.319131911 -0.212755114 0.491511792 0.004379446 0.801338196 0.333366990 0.496693343
1548265890.172490 0.337149918 -0.226260707 0.485490203 0.001625341 0.804549038 0.337884307 0.488397777
1548265890.206090 0.352401227 -0.222955346 0.472637951 -0.000327946 0.807316124 0.340022266 0.482312620
1548265890.239610 0.376169771 -0.226138443 0.499539554 -0.000912245 0.814802587 0.342826307 0.467510462
1548265890.273280 0.403680563 -0.229464427 0.482264698 -0.001451082 0.817017317 0.349266708 0.458795577
1548265890.307030 0.402447909 -0.212583289 0.467651308 0.000215586 0.818580687 0.350461036 0.455085367
1548265890.340580 0.413948625 -0.214426354 0.452554435 -0.001527227 0.819905579 0.353981197 0.449944258
1548265890.374130 0.420964211 -0.208374560 0.449594349 -0.001789302 0.823085606 0.355872929 0.442584872
1548265890.407670 0.434414178 -0.205011845 0.447168797 -0.001523986 0.826816916 0.358932465 0.433057636
1548265890.441260 0.444571108 -0.194102153 0.435150295 -0.000515062 0.828969538 0.361002862 0.427183986
1548265890.474700 0.457864463 -0.201684237 0.409592509 -0.001920997 0.829063475 0.366639912 0.422167301
1548265890.508220 0.476675153 -0.206797078 0.429554403 -0.003349739 0.834154189 0.368639112 0.410220355
1548265890.541740 0.493371129 -0.211561143 0.422017932 -0.004995666 0.836106122 0.373015463 0.402195364
1548265890.575280 0.499535412 -0.196753129 0.434980482 -0.006268870 0.840782642 0.371761084 0.393495798
1548265890.608840 0.512215972 -0.196760401 0.420861959 -0.007394103 0.842711985 0.376614243 0.384634316
1548265890.642360 0.519514382 -0.192156866 0.407794148 -0.007543459 0.843749821 0.379455030 0.379530221
1548265890.675870 0.530961215 -0.183644161 0.427191406 -0.010516915 0.849420488 0.377340138 0.368766457
1548265890.709400 0.536947548 -0.172410786 0.423446834 -0.011751910 0.853046060 0.378295213 0.359259069
1548265890.742920 0.554064333 -0.163957700 0.432605207 -0.013250122 0.857885718 0.379540205 0.346129745
1548265890.776420 0.572395205 -0.193293318 0.389612645 -0.020187607 0.856481135 0.390441835 0.337027729
1548265890.809910 0.582521200 -0.185545504 0.383724391 -0.023007791 0.860126972 0.393091053 0.324240118
1548265890.843410 0.603893220 -0.178639397 0.373059243 -0.025134010 0.862650692 0.397348762 0.311955184
1548265890.876930 0.592544794 -0.174606740 0.347447217 -0.023064183 0.862502515 0.402901113 0.305332959
1548265890.910430 0.584933043 -0.164657608 0.341950744 -0.022777224 0.865050614 0.404294878 0.296166003
1548265890.943930 0.602802157 -0.158534974 0.338819981 -0.021851998 0.867724776 0.407798290 0.283331633
1548265890.977410 0.617162526 -0.148406312 0.325223118 -0.019652065 0.869304419 0.411600620 0.272962600
1548265891.010920 0.614084482 -0.147819579 0.326596260 -0.017237747 0.871757090 0.412622750 0.263599932
1548265891.044310 0.639490604 -0.134722561 0.329093128 -0.015512865 0.874918938 0.413877577 0.250961185
1548265891.077790 0.653263211 -0.133214459 0.326572537 -0.014928854 0.876157999 0.415538132 0.243828565
1548265891.111210 0.653481901 -0.127890274 0.319525093 -0.013011726 0.877024889 0.417556524 0.237285927
1548265891.144720 0.667168319 -0.129767194 0.312378019 -0.011711875 0.876896024 0.419876754 0.233708635
1548265891.178180 0.666886032 -0.134717166 0.299506456 -0.013482288 0.876580119 0.420996368 0.232782379
1548265891.211530 0.684074461 -0.126975238 0.302272946 -0.014405663 0.878802478 0.420978546 0.224222541
1548265891.245000 0.696569324 -0.126134321 0.302078933 -0.013837274 0.879846215 0.420390636 0.221248314
1548265891.278480 0.692662418 -0.124821804 0.298798591 -0.014658421 0.881031752 0.419007093 0.219091892
1548265891.312000 0.708792090 -0.122857332 0.289974213 -0.014794252 0.881496370 0.421135247 0.213050291
1548265891.345540 0.707273543 -0.119661614 0.288876623 -0.013145576 0.882087111 0.420699388 0.211569056
1548265891.379110 0.708058357 -0.119666658 0.282807231 -0.014702265 0.883055270 0.421673357 0.205399245
1548265891.412580 0.727777481 -0.116897807 0.270290047 -0.014046267 0.883025825 0.424683839 0.199278116
1548265891.446060 0.716596961 -0.112568699 0.266761601 -0.011896497 0.883463800 0.423759699 0.199444011
1548265891.479570 0.724108219 -0.109296195 0.264472365 -0.012101033 0.884453118 0.424862474 0.192582890
1548265891.513080 0.735868096 -0.094956055 0.267756701 -0.010783486 0.885582447 0.424156874 0.188993171
1548265891.546610 0.728434205 -0.098312326 0.249032751 -0.011054002 0.883694768 0.427548677 0.190167114
1548265891.580130 0.737534702 -0.086394586 0.243792787 -0.012010473 0.884616435 0.428597182 0.183341026
1548265891.613670 0.775118768 -0.074744388 0.248565421 -0.010638609 0.885300040 0.430864394 0.174603894
1548265891.647190 0.773686349 -0.075670183 0.221427426 -0.008218865 0.881911099 0.435202777 0.181007743
1548265891.680700 0.786310434 -0.074161597 0.223487169 -0.009737581 0.881980360 0.435407400 0.180100515
1548265891.714190 0.772247136 -0.041151766 0.250737071 0.002482801 0.883228540 0.432467431 0.181309357
1548265891.747690 0.801003277 -0.055227552 0.212377787 -0.003962695 0.879631937 0.436724305 0.188424498
1548265891.781220 0.785179436 -0.031018570 0.222323850 0.000922068 0.879858911 0.434097379 0.193408608
1548265891.814810 0.775995016 -0.019229434 0.231541187 0.008470378 0.878557980 0.434131205 0.198983043
1548265891.848320 0.801605880 -0.015699299 0.214443028 0.002065990 0.876747549 0.434348702 0.206520334
1548265891.881840 0.812386990 -0.011419925 0.204719245 0.000747127 0.875364363 0.435074836 0.210823610
1548265891.915370 0.824064195 -0.006231201 0.198882043 -0.000614669 0.874066412 0.435966402 0.214338079
1548265891.948950 0.837012529 -0.000089768 0.180439889 -0.004473286 0.872021914 0.437033921 0.220361426
1548265891.982480 0.843927860 0.002324614 0.172623947 -0.007541894 0.871064901 0.437520504 0.223080426
1548265892.016020 0.856449366 0.012595201 0.162236795 -0.007790099 0.870055139 0.438425958 0.225224361
1548265892.049560 0.873946667 0.016146962 0.154302701 -0.012904725 0.869568527 0.437674373 0.228309363
1548265892.083090 0.885462463 0.026637180 0.149277508 -0.013734003 0.869386673 0.437743664 0.228820294
1548265892.116610 0.893986881 0.028579347 0.135230288 -0.016472824 0.868005991 0.438186735 0.232994914
1548265892.150120 0.902876139 0.032321837 0.126546398 -0.019456595 0.867827475 0.438518584 0.232805446
1548265892.183650 0.908332348 0.044836111 0.119404197 -0.018163458 0.867540300 0.438003361 0.234940335
1548265892.217160 0.925144434 0.040578261 0.101878218 -0.024538193 0.866203964 0.439018309 0.237384766
1548265892.250680 0.926969528 0.057351023 0.105055705 -0.021300815 0.867163002 0.438158423 0.235779241
1548265892.284700 0.935579538 0.070068233 0.098757669 -0.018595155 0.866289556 0.438343167 0.238855407
1548265892.318240 0.945814788 0.066712119 0.082712553 -0.023116056 0.864952385 0.438491315 0.242998704
1548265892.351750 0.951870859 0.078592837 0.083923317 -0.018989010 0.865634680 0.437877297 0.242032021
1548265892.385270 0.952757895 0.089379609 0.082274996 -0.016715519 0.865063965 0.436251640 0.247122303
1548265892.418790 0.957159042 0.087303512 0.068739109 -0.019371873 0.863521338 0.436680883 0.251526177
1548265892.452280 0.954995453 0.100217715 0.065938331 -0.015342711 0.862942576 0.436112493 0.254755944
1548265892.485800 0.967479229 0.098905385 0.054697052 -0.017332017 0.860936224 0.437245965 0.259430766
1548265892.519220 0.971083760 0.095947176 0.039928705 -0.018317869 0.858604014 0.439831793 0.262700588
1548265892.552740 0.976687670 0.109250657 0.041855544 -0.014371788 0.857704759 0.439892441 0.265764326
1548265892.586340 0.978969693 0.106095091 0.031023765 -0.015203753 0.854515731 0.441817194 0.272707313
1548265892.619770 0.982948720 0.112010382 0.022857267 -0.015048036 0.852672815 0.443875968 0.275130510
1548265892.653290 0.986132443 0.123957023 0.024454435 -0.011067544 0.850638866 0.445222169 0.279406935
1548265892.686800 0.993891239 0.122938953 0.012726278 -0.013282462 0.847329080 0.447936803 0.284973085
1548265892.720320 0.997056961 0.131291881 0.008084051 -0.011497158 0.845195413 0.450400293 0.287492692
1548265892.753840 1.001319289 0.136213958 0.004369957 -0.011005865 0.842293859 0.452434301 0.292785108
1548265892.787340 1.008258343 0.139517441 -0.003650707 -0.013697576 0.839432776 0.454518616 0.297620237
1548265892.820710 1.016688943 0.149712920 0.001472950 -0.012947587 0.838416696 0.455489516 0.299030215
1548265892.854220 1.025969267 0.150205687 -0.008566163 -0.015110106 0.835046887 0.457352102 0.305446237
1548265892.887740 1.027722001 0.155489236 -0.009798298 -0.016041908 0.832911134 0.457667381 0.310712457
1548265892.921260 1.034456372 0.166854933 -0.006974031 -0.015879709 0.830947757 0.458016723 0.315427184
1548265892.954790 1.038990617 0.163755611 -0.016028155 -0.020251263 0.826338172 0.460249484 0.323921978
1548265892.988290 1.047250986 0.175551504 -0.010740134 -0.022434203 0.824684501 0.461139798 0.326714277
1548265893.021750 1.052179694 0.187199876 -0.007653217 -0.022431970 0.821245253 0.462872922 0.332868904
1548265893.055180 1.054596066 0.187212244 -0.017922888 -0.027330929 0.815510154 0.465882510 0.342271358
1548265893.088680 1.063488960 0.198167041 -0.008904552 -0.029926792 0.812562585 0.466760039 0.347823918
1548265893.122210 1.058388948 0.204486102 -0.007406422 -0.031390622 0.807534575 0.468680203 0.356709123
1548265893.155710 1.079366565 0.204434335 -0.011968932 -0.038861547 0.802964866 0.472106248 0.361735910
1548265893.189220 1.093898654 0.221328378 0.005776623 -0.039747495 0.800795972 0.470589101 0.368363827
1548265893.222720 1.101036191 0.220386118 -0.000898817 -0.046070743 0.794595540 0.471969724 0.379130572
1548265893.256230 1.108932495 0.223545954 0.001523812 -0.049063768 0.791000783 0.474296451 0.383344948
1548265893.289750 1.113968730 0.235091537 0.011409726 -0.046509519 0.787099302 0.473393023 0.392696649
1548265893.323280 1.121027589 0.229899496 -0.000232859 -0.053124260 0.780497074 0.475159973 0.402771831
1548265893.356810 1.124236345 0.241235062 0.010913935 -0.051676795 0.779456377 0.474326164 0.405945778
1548265893.390310 1.132848263 0.248936176 0.027165005 -0.049495917 0.776413202 0.472039908 0.414621472
1548265893.423830 1.134583116 0.240973055 0.016673772 -0.054509960 0.769635141 0.472268909 0.426207036
1548265893.457350 1.138444304 0.247140363 0.025333527 -0.054523453 0.768537343 0.470987439 0.429590940
1548265893.490860 1.151993155 0.245679736 0.036284123 -0.055273764 0.764246643 0.469902039 0.438250989
1548265893.524340 1.145329833 0.245999292 0.032076258 -0.056339692 0.758385420 0.467673779 0.450509250
1548265893.557850 1.151216865 0.247956052 0.046045583 -0.056650396 0.757335246 0.465883315 0.454077959
1548265893.591400 1.159296513 0.250886708 0.051642191 -0.055022709 0.752490163 0.463998169 0.464151680
1548265893.624890 1.159483671 0.250167549 0.056776825 -0.057777219 0.748677790 0.460629970 0.473247677
1548265893.658400 1.163471580 0.252314001 0.064741574 -0.054509357 0.746041119 0.459378153 0.478981256
1548265893.691890 1.169779181 0.253647059 0.069995359 -0.053006545 0.740723968 0.456133813 0.490367442
1548265893.725430 1.170097828 0.251829684 0.073174603 -0.054108683 0.737384319 0.452731937 0.498367727
1548265893.758920 1.168169379 0.248304620 0.084043749 -0.051583238 0.733806849 0.449314326 0.506935239
1548265893.792430 1.170204401 0.243972540 0.087166339 -0.052523967 0.728552699 0.444787115 0.518282354
1548265893.825950 1.190908909 0.238732487 0.109117337 -0.057326790 0.730601013 0.441049844 0.518083870
1548265893.859450 1.194585919 0.231651232 0.118839733 -0.058445655 0.729154766 0.437958181 0.522599280
1548265893.892940 1.189239025 0.231117129 0.126199186 -0.058456805 0.726907670 0.432164043 0.530492485
1548265893.926460 1.190034389 0.225085810 0.128257781 -0.060009036 0.725326777 0.429138333 0.534920812
1548265893.959970 1.193766356 0.218822852 0.126989007 -0.060078971 0.722149909 0.427027941 0.540867090
1548265893.993490 1.193921924 0.213328764 0.136661023 -0.062214393 0.722472489 0.422390580 0.543828130
1548265894.027010 1.193064928 0.208593085 0.138241515 -0.061583232 0.722212672 0.419921964 0.546151876
1548265894.060510 1.191799998 0.201390371 0.142095417 -0.060093705 0.720896959 0.417645603 0.549789429
1548265894.094000 1.192595601 0.194053799 0.148051366 -0.060207166 0.721893489 0.415289074 0.550254405
1548265894.127430 1.186726928 0.195310622 0.138159007 -0.056012504 0.718099177 0.414148360 0.556486547
1548265894.160950 1.187078118 0.191719949 0.144394279 -0.054568466 0.716415465 0.411705554 0.560597599
1548265894.194190 1.183790565 0.184555665 0.162434503 -0.054832470 0.719493747 0.409298986 0.558387399
1548265894.227710 1.187729239 0.175162718 0.148243099 -0.052818585 0.714299858 0.412917227 0.562570333
1548265894.261220 1.187484980 0.174891427 0.156326979 -0.052675512 0.712767303 0.410377175 0.566373289
1548265894.294740 1.184253216 0.170136228 0.165584311 -0.053052548 0.713751495 0.408533067 0.566431761
1548265894.328360 1.186918020 0.161724433 0.155158669 -0.051652789 0.708905458 0.410460204 0.571233213
1548265894.361920 1.186349869 0.161643639 0.166338488 -0.052486759 0.708330035 0.406478584 0.574707627
1548265894.395560 1.189715266 0.152749225 0.175617158 -0.054724637 0.709671259 0.405601591 0.573462546
1548265894.429080 1.197553396 0.143069193 0.160666317 -0.053557090 0.704251766 0.408929080 0.577873707
1548265894.462460 1.181839585 0.150632113 0.177881390 -0.051608372 0.704640806 0.400162369 0.583684862
1548265894.495940 1.188927889 0.139469266 0.180212379 -0.053655565 0.704657674 0.399675637 0.583813310
1548265894.529350 1.194471836 0.133268565 0.159902468 -0.051080558 0.698776782 0.402133942 0.589398086
1548265894.562970 1.186023355 0.130281061 0.181550160 -0.048513681 0.698568523 0.394810855 0.594788134
1548265894.596530 1.189484000 0.121608622 0.185947001 -0.049698468 0.698900342 0.392430753 0.595874548
1548265894.630040 1.187050462 0.118188016 0.174211040 -0.046387386 0.695145488 0.392395943 0.600538433
1548265894.663670 1.195029974 0.106207326 0.172542915 -0.046239596 0.690633118 0.391235560 0.606483698
1548265894.697250 1.190739274 0.102305241 0.187928826 -0.045956515 0.692175329 0.386010706 0.608092964
1548265894.730770 1.198393464 0.090425275 0.169871271 -0.043268193 0.686359584 0.388640881 0.613185644
1548265894.764280 1.195788264 0.088937663 0.179176643 -0.041246336 0.683566988 0.382684410 0.620151281
1548265894.797780 1.194656730 0.080487445 0.195794955 -0.043072540 0.686539888 0.377155691 0.620130062
1548265894.831250 1.195241451 0.080559038 0.174206331 -0.037756398 0.681016326 0.377454638 0.626353860
1548265894.864670 1.196617126 0.075449750 0.174100071 -0.035779789 0.677668333 0.373773187 0.632280827
1548265894.898180 1.192291498 0.065108992 0.191824660 -0.036323227 0.680189967 0.367700040 0.633102596
1548265894.931800 1.195850253 0.061981607 0.176934317 -0.031111531 0.676568270 0.368115485 0.637007415
1548265894.965360 1.196447372 0.048032194 0.182823539 -0.028080439 0.673405826 0.365018129 0.642259955
1548265894.998900 1.191484451 0.043149699 0.191897005 -0.026340250 0.674427390 0.360698551 0.643700600
1548265895.032410 1.198044896 0.037266701 0.180622235 -0.022535017 0.670244515 0.361588180 0.647702456
1548265895.065910 1.201732874 0.029273475 0.177416533 -0.019235089 0.664716482 0.359938502 0.654389977
1548265895.099380 1.202642441 0.013683584 0.214168504 -0.022285398 0.670198560 0.354690105 0.651561260
1548265895.132890 1.202622414 0.017790666 0.202492282 -0.018448565 0.667320311 0.355231524 0.654334664
1548265895.166460 1.210576296 0.011776282 0.188501984 -0.016115699 0.659796417 0.356122017 0.661502898
1548265895.199970 1.214110255 -0.003735037 0.215350881 -0.019769076 0.661930919 0.352614582 0.661150277
1548265895.233600 1.216930628 -0.001590513 0.208947539 -0.016966559 0.659213603 0.352884978 0.663793445
1548265895.267120 1.211400509 0.019602349 0.171755821 -0.006636976 0.647407115 0.352254540 0.675822973
1548265895.300640 1.216703415 0.005670442 0.204751179 -0.006717145 0.648166120 0.346161216 0.678238869
1548265895.334150 1.223889470 -0.007376003 0.225892007 -0.006366091 0.651657879 0.342296004 0.676856697
1548265895.367700 1.221737623 -0.001483021 0.195249274 0.003341755 0.644363165 0.341147214 0.684400141
1548265895.401220 1.222815990 -0.012868199 0.205134600 0.007696621 0.642736971 0.335618198 0.688614845
1548265895.434700 1.236200929 -0.041370172 0.217481568 0.006818720 0.644529998 0.333591968 0.687932372
1548265895.467870 1.227990985 -0.030113028 0.197464347 0.017345509 0.638891399 0.328398764 0.695464730
1548265895.501390 1.231778622 -0.053934835 0.211092338 0.017911680 0.637768030 0.321902424 0.699506879
1548265895.534900 1.235543489 -0.074713953 0.218057409 0.018290794 0.638569355 0.317739487 0.700668395
1548265895.568420 1.231461167 -0.076454148 0.198462859 0.021779802 0.632346511 0.313309729 0.708167017
1548265895.601970 1.224904299 -0.078246638 0.197671205 0.025233198 0.628218830 0.306224018 0.714794517
1548265895.635440 1.238402009 -0.108271182 0.216935217 0.021548180 0.629003465 0.303622931 0.715334475
1548265895.668930 1.247064710 -0.124268271 0.216441944 0.020989742 0.627380729 0.302358985 0.717308760
1548265895.702450 1.245614648 -0.129993111 0.216769814 0.023473799 0.626251519 0.299340248 0.719481409
1548265895.735960 1.247861266 -0.139827952 0.212341055 0.025619285 0.622877955 0.298581272 0.722645044
1548265895.769480 1.251332283 -0.150303468 0.217876807 0.026789781 0.621655524 0.298172683 0.723823011
1548265895.803020 1.249545693 -0.149313733 0.212892845 0.031849395 0.617651165 0.296546638 0.727703750
1548265895.836560 1.250118852 -0.156076699 0.209712729 0.035453666 0.612962186 0.296200812 0.731632054
1548265895.870050 1.259048343 -0.172588482 0.214371949 0.034836873 0.610729635 0.296386689 0.733451188
1548265895.903560 1.259833217 -0.176450744 0.209664732 0.037681181 0.607142150 0.295642436 0.736582696
1548265895.937080 1.263050914 -0.181752950 0.204468504 0.040770356 0.600951910 0.295436233 0.741560578
1548265895.970620 1.267072201 -0.188248053 0.208306313 0.042084545 0.597179592 0.294368535 0.744951367
1548265896.004140 1.271356106 -0.198066428 0.193331674 0.043736048 0.586482882 0.296036273 0.752653658
1548265896.037650 1.273455501 -0.207527012 0.195898533 0.044306964 0.579257548 0.294386595 0.758837402
1548265896.071170 1.279385686 -0.216409549 0.198410511 0.043157183 0.574265718 0.293426216 0.763057947
1548265896.104690 1.282950759 -0.210935608 0.193041220 0.046016160 0.564404428 0.289748728 0.771606028
1548265896.138210 1.294270396 -0.222994715 0.198127598 0.044552531 0.555456698 0.287091553 0.779141486
1548265896.171800 1.302761912 -0.225527570 0.194304705 0.044527661 0.544142962 0.283311039 0.788454592
1548265896.205310 1.312661409 -0.236158580 0.202900872 0.041689243 0.534696698 0.278793126 0.796640396
1548265896.238830 1.318437457 -0.248792470 0.209855184 0.038927957 0.526457667 0.274841189 0.803610146
1548265896.272350 1.323941827 -0.250211656 0.216825411 0.037292231 0.517223239 0.267197341 0.812216103
1548265896.306000 1.319093108 -0.258486629 0.230930150 0.033089634 0.511649251 0.258540750 0.818704367
1548265896.339380 1.318391800 -0.262884647 0.241521791 0.029040709 0.505634665 0.250804305 0.824977219
1548265896.372900 1.317188621 -0.260532558 0.252640009 0.025931066 0.499614775 0.240862027 0.831683934
1548265896.406410 1.315922141 -0.271582216 0.262528151 0.022364428 0.493015200 0.235725746 0.837179303
1548265896.439920 1.307689548 -0.271973372 0.277612299 0.019998936 0.488093436 0.227352306 0.842422545
1548265896.473440 1.301610351 -0.263503790 0.291063756 0.017545829 0.483692825 0.217023015 0.847723067
1548265896.506960 1.313274980 -0.275818706 0.292264968 0.012908577 0.475368828 0.216322124 0.852679610
1548265896.540470 1.288627744 -0.272006392 0.306141019 0.010998721 0.470083535 0.207861096 0.857726216
1548265896.573990 1.295453548 -0.269393742 0.320484608 0.006402243 0.464557618 0.201268643 0.862343431
1548265896.607390 1.302561402 -0.272364527 0.325725943 0.001590997 0.458072454 0.200115442 0.866095185
1548265896.640900 1.300384521 -0.275794566 0.335056394 -0.002638227 0.450338960 0.197461516 0.870745003
1548265896.674410 1.295653939 -0.271650136 0.345750540 -0.006291531 0.444396526 0.192313015 0.874921620
1548265896.707930 1.293233991 -0.265405893 0.355291814 -0.009487360 0.438501358 0.189428493 0.878489256
1548265896.741440 1.297414303 -0.261410952 0.363184571 -0.012870935 0.431800991 0.186772540 0.882325470
1548265896.774970 1.303659439 -0.259343535 0.366468072 -0.015830640 0.424409479 0.184875220 0.886254549
1548265896.808290 1.299677849 -0.254104465 0.373569429 -0.018317817 0.420301318 0.181813300 0.888794243
1548265896.841960 1.305672646 -0.255766153 0.380664110 -0.021272447 0.414773703 0.180670276 0.891553998
1548265896.875480 1.303085566 -0.250384122 0.383273751 -0.022465466 0.408438325 0.177817643 0.895016372
1548265896.908990 1.304763436 -0.245124057 0.386302888 -0.023802025 0.403909922 0.175859630 0.897420585
1548265896.942440 1.293570876 -0.252386540 0.397244453 -0.026456922 0.400560647 0.174457803 0.899119377
1548265896.975870 1.292917013 -0.239179373 0.397424519 -0.026872030 0.395218134 0.168971330 0.902512729
1548265897.009390 1.286996126 -0.247569934 0.405545801 -0.029640192 0.393786877 0.169075742 0.903032005
1548265897.042990 1.290111661 -0.245692909 0.413734347 -0.031172520 0.388572156 0.166864514 0.905646861
1548265897.076510 1.288595080 -0.238428771 0.414200068 -0.032243073 0.384392112 0.162915066 0.908108890
1548265897.110030 1.282209873 -0.234507546 0.418681234 -0.032712109 0.382667899 0.162119016 0.908962369
1548265897.143540 1.281111836 -0.229130328 0.427600026 -0.033354998 0.379376918 0.159297198 0.910815597
1548265897.177060 1.283940315 -0.222642764 0.427156061 -0.033857994 0.375887394 0.157288924 0.912591100
1548265897.210570 1.284180522 -0.225513339 0.429180950 -0.036331810 0.373598278 0.157581061 0.913385212
1548265897.244020 1.278807282 -0.221365690 0.435239226 -0.037509821 0.372174919 0.155786440 0.914226115
1548265897.277540 1.284456968 -0.223585621 0.436436921 -0.039664760 0.368759274 0.155830145 0.915510893
1548265897.311050 1.276485562 -0.215226725 0.440261543 -0.039863814 0.367397189 0.154527992 0.916270316
1548265897.344550 1.275832057 -0.210266829 0.444813162 -0.041296661 0.365852475 0.153375477 0.917018294
1548265897.377990 1.273185730 -0.213066086 0.448566794 -0.044008859 0.364358515 0.153254926 0.917506933
1548265897.411500 1.277079463 -0.213586509 0.453172326 -0.046037558 0.361385137 0.153077826 0.918612242
1548265897.445020 1.285320759 -0.214978516 0.450938225 -0.047631316 0.357371986 0.152525336 0.920191586
1548265897.478530 1.278344870 -0.204662442 0.454652548 -0.046158817 0.356100231 0.151389450 0.920946956
1548265897.512050 1.272859573 -0.207252070 0.459771723 -0.046497807 0.353759259 0.152160704 0.921704650
1548265897.545570 1.271387100 -0.203531161 0.463927716 -0.046202429 0.348305315 0.150575086 0.924054027
1548265897.579080 1.271388769 -0.202977300 0.458280295 -0.046873644 0.343404233 0.149487197 0.926029146
1548265897.612600 1.265073895 -0.202174127 0.464635223 -0.047204625 0.340308130 0.149559811 0.927142918
1548265897.646100 1.258190870 -0.197971955 0.467022896 -0.047514968 0.335261166 0.147154570 0.929348052
1548265897.679600 1.257881999 -0.197311625 0.467467576 -0.048875503 0.330726445 0.145727128 0.931125581
1548265897.713120 1.254875302 -0.204193324 0.469573051 -0.051040709 0.326258063 0.145343155 0.932644546
1548265897.746640 1.233238578 -0.200297073 0.482219666 -0.049856320 0.321463376 0.144321606 0.934530318
1548265897.780160 1.239106297 -0.197265774 0.475876063 -0.050325900 0.313262969 0.141997874 0.937640786
1548265897.813760 1.223615170 -0.199089020 0.487376213 -0.050924189 0.311015099 0.141218394 0.938474119
1548265897.847450 1.215707421 -0.199809596 0.489169419 -0.051135972 0.303072274 0.138832107 0.941412747
1548265897.880960 1.236909747 -0.193447605 0.477418691 -0.051742230 0.291072100 0.135195225 0.945685983
1548265897.914480 1.234400511 -0.191307172 0.474322706 -0.052767579 0.287424088 0.133216336 0.947025001
1548265897.948000 1.217999816 -0.188232824 0.487359345 -0.053163998 0.282973707 0.130948618 0.948657930
1548265897.981670 1.204539418 -0.189424902 0.501270473 -0.055156145 0.278318435 0.125800565 0.950616062
1548265898.015030 1.199231029 -0.184038356 0.502696097 -0.055873204 0.273755848 0.124009401 0.952133179
1548265898.048540 1.198715806 -0.182488397 0.507320702 -0.057572961 0.267675817 0.123074286 0.953880370
1548265898.082030 1.198161840 -0.171061978 0.502280891 -0.057510640 0.261041373 0.119632788 0.956157923
1548265898.115480 1.189215183 -0.179916814 0.511725247 -0.061839804 0.260048807 0.117628485 0.956406832
1548265898.149000 1.163987517 -0.181430504 0.527882457 -0.063351676 0.258788228 0.115872532 0.956864059
1548265898.182520 1.165261030 -0.180442497 0.529725432 -0.064208113 0.249257058 0.111562595 0.959844768
1548265898.216030 1.171639323 -0.185953513 0.526114821 -0.066066019 0.242053345 0.108865879 0.961869895
1548265898.249230 1.160493851 -0.187658116 0.534299970 -0.066534132 0.239308551 0.105607443 0.962887168
1548265898.282750 1.153444886 -0.180011362 0.535597265 -0.064279094 0.232325420 0.100968577 0.965245247
1548265898.316260 1.141299963 -0.177555442 0.541843295 -0.062646151 0.225999981 0.098285213 0.967129469
1548265898.349780 1.134273171 -0.190328375 0.545576572 -0.064366348 0.216962367 0.090941392 0.969801009
1548265898.383300 1.133371472 -0.191955030 0.544560194 -0.064492151 0.213424250 0.086440720 0.970988631
1548265898.416810 1.124918222 -0.180290088 0.546654224 -0.061643582 0.208219007 0.083816700 0.972532630
1548265898.450300 1.103371382 -0.188941568 0.553319633 -0.063578434 0.203121796 0.080167413 0.973792851
1548265898.483760 1.090903759 -0.188794836 0.555889368 -0.065801576 0.199294001 0.077607371 0.974643111
1548265898.517280 1.076819777 -0.189117447 0.557040811 -0.069210716 0.195033073 0.075097844 0.975465178
1548265898.550790 1.079631686 -0.173127577 0.555300534 -0.070667543 0.187082186 0.075697988 0.976870596
1548265898.584310 1.077926755 -0.196200863 0.564715266 -0.081698097 0.180080414 0.072548360 0.977564931
1548265898.617910 1.066272259 -0.194096714 0.572727561 -0.085869044 0.176096261 0.071552560 0.978006542
1548265898.651420 1.070384026 -0.191411659 0.578521490 -0.090673946 0.166001424 0.067514732 0.979624152
1548265898.684960 1.066116810 -0.192715406 0.588297546 -0.094571345 0.166278243 0.066895910 0.979251087
1548265898.718670 1.056270003 -0.197117031 0.599643528 -0.098100699 0.162449569 0.067525513 0.979503274
1548265898.752330 1.060608268 -0.205531612 0.599422157 -0.102028556 0.155684307 0.065323308 0.980349660
1548265898.785730 1.050827980 -0.213997900 0.608692288 -0.105139382 0.155099243 0.064653188 0.980158091
1548265898.819220 1.048435211 -0.213509679 0.614534497 -0.105360813 0.149795383 0.063357137 0.981043458
1548265898.852680 1.054245710 -0.222604692 0.616674185 -0.107007958 0.142772332 0.061069630 0.982056916
1548265898.886190 1.045384169 -0.231767938 0.621395469 -0.107036747 0.141806901 0.059387203 0.982296824
1548265898.919610 1.050657511 -0.215234801 0.620367110 -0.101133823 0.134757087 0.057474084 0.984027028
1548265898.953120 1.036143184 -0.234830379 0.621993005 -0.100415662 0.129851520 0.055616666 0.984866500
1548265898.986740 1.036362052 -0.230722755 0.623133421 -0.095712170 0.127066895 0.052033618 0.985893309
1548265899.020320 1.022615552 -0.233935684 0.618685186 -0.091759481 0.125746399 0.051330991 0.986475110
1548265899.053860 1.019230485 -0.237089366 0.617448509 -0.086780734 0.119607292 0.046911333 0.987908185
1548265899.087370 1.011200786 -0.236998364 0.615220964 -0.081530243 0.117809109 0.042583182 0.988767147
1548265899.120890 0.999282420 -0.236984462 0.611268818 -0.076357678 0.116896152 0.039481968 0.989416957
1548265899.154430 0.989835799 -0.232506424 0.609579861 -0.070213914 0.113008156 0.036038164 0.990454614
1548265899.188040 0.991529644 -0.237750039 0.605709195 -0.066123411 0.108751036 0.029285729 0.991434932
1548265899.221550 0.984006107 -0.242972672 0.600871563 -0.062399555 0.109928071 0.025585141 0.991648912
1548265899.255070 0.967588663 -0.254867107 0.591705382 -0.060743090 0.108211219 0.023836816 0.991984069
1548265899.288680 0.970086217 -0.245000452 0.588879824 -0.055059385 0.101336688 0.019262375 0.993140638
1548265899.322260 0.960213125 -0.251911879 0.583001494 -0.053655166 0.099559113 0.019456914 0.993393421
1548265899.355980 0.953841329 -0.242685482 0.580096960 -0.049892031 0.094630249 0.014586035 0.994154513
1548265899.389500 0.955110133 -0.243753955 0.575087845 -0.048623532 0.088057265 0.012458607 0.994849980
1548265899.423020 0.944460928 -0.237183914 0.578510761 -0.046400864 0.086708516 0.009363811 0.995108485
1548265899.456530 0.924002409 -0.249337450 0.569848716 -0.048295550 0.086098969 0.009387957 0.995071054
1548265899.490050 0.920816123 -0.250279933 0.568252742 -0.048459988 0.078198120 0.006466589 0.995738328
1548265899.523570 0.921755970 -0.238576129 0.571725845 -0.046356559 0.073740005 0.003564487 0.996193171
1548265899.557080 0.915924430 -0.245346114 0.565158725 -0.047478873 0.070286803 0.001821899 0.996394634
1548265899.590600 0.911608756 -0.243893400 0.566929102 -0.046869412 0.065410778 -0.001380937 0.996756136
1548265899.624110 0.914971411 -0.239584699 0.569353521 -0.045273203 0.062095352 -0.003366143 0.997037232
1548265899.657630 0.901633918 -0.234880596 0.563098729 -0.043374315 0.061723147 -0.007172171 0.997124612
1548265899.691140 0.895470202 -0.233130947 0.561063826 -0.042568453 0.059528649 -0.010484859 0.997263432
1548265899.724660 0.887271821 -0.232513428 0.559341013 -0.042379338 0.058146108 -0.014135269 0.997307956
1548265899.758200 0.878202200 -0.236339644 0.559460402 -0.043276936 0.055668872 -0.017632918 0.997355103
1548265899.791710 0.876816809 -0.230113566 0.558472812 -0.042003628 0.052589599 -0.021840051 0.997493386
1548265899.825230 0.871381402 -0.228956580 0.560345888 -0.041633081 0.051125821 -0.024160383 0.997531533
1548265899.858740 0.868093848 -0.227901906 0.557451904 -0.041361008 0.048279636 -0.026771847 0.997617960
1548265899.892260 0.858827829 -0.218961120 0.556682229 -0.039996669 0.047080494 -0.029779650 0.997645676
1548265899.925780 0.858051598 -0.219211653 0.556946456 -0.040726770 0.045366343 -0.031158900 0.997653425
1548265899.959310 0.852647126 -0.222400829 0.552491426 -0.042952668 0.042381488 -0.032533042 0.997647464
1548265899.992880 0.854877293 -0.217449993 0.555436194 -0.044373561 0.038996223 -0.037159510 0.997561753
1548265900.026390 0.849835694 -0.218386427 0.558792174 -0.047293596 0.037198283 -0.039606385 0.997402072
1548265900.059910 0.836594284 -0.212677658 0.558449566 -0.049239855 0.035610307 -0.044594944 0.997155249
1548265900.093510 0.834691286 -0.209201857 0.561538398 -0.051371835 0.033076674 -0.048835278 0.996936321
1548265900.127030 0.829707801 -0.202848032 0.560961366 -0.052349351 0.031684384 -0.052755211 0.996730924
1548265900.160500 0.826412499 -0.203350797 0.563297331 -0.054092400 0.030921951 -0.055560868 0.996509314
1548265900.194060 0.818718493 -0.201468989 0.564370334 -0.054681152 0.029803354 -0.057676554 0.996391058
1548265900.227530 0.826618671 -0.196218386 0.566794038 -0.053911362 0.026592419 -0.060519189 0.996355295
1548265900.261040 0.821391344 -0.196651071 0.565432549 -0.053739697 0.028026849 -0.060347296 0.996335626
1548265900.294560 0.824239552 -0.202972010 0.566665530 -0.054109078 0.026633045 -0.060615689 0.996337593
1548265900.328090 0.827077925 -0.200236604 0.568973839 -0.052434616 0.026739171 -0.061229359 0.996386766
1548265900.361720 0.826031446 -0.198687717 0.566532791 -0.050508983 0.027344745 -0.061505329 0.996452808
1548265900.395240 0.828063428 -0.202363253 0.566280961 -0.049679983 0.027011557 -0.061999682 0.996472955
1548265900.428750 0.825422704 -0.199426681 0.563797712 -0.047346707 0.028518377 -0.062831052 0.996492445
1548265900.462150 0.824270070 -0.199062899 0.561533153 -0.045658749 0.029166445 -0.063655794 0.996500134
1548265900.495660 0.822945654 -0.204552248 0.559503138 -0.045499831 0.029249648 -0.063864313 0.996491611
1548265900.529170 0.820461690 -0.199295029 0.557862639 -0.043074150 0.029454205 -0.065031804 0.996517897
1548265900.562690 0.817504525 -0.203788593 0.555105090 -0.042889051 0.029866114 -0.064416900 0.996553600
1548265900.596200 0.816481888 -0.197807565 0.553882718 -0.040885553 0.028402306 -0.065173112 0.996631384
1548265900.629720 0.820798934 -0.192945331 0.551788867 -0.039278232 0.028312795 -0.066503011 0.996610761
1548265900.663230 0.815841019 -0.198654920 0.550197959 -0.039895304 0.029116804 -0.064782925 0.996676385
1548265900.696750 0.815862775 -0.192980900 0.549446166 -0.038800720 0.027814496 -0.066813968 0.996622682
1548265900.730270 0.814623475 -0.192355603 0.549139261 -0.038632192 0.028285895 -0.067841768 0.996546507
1548265900.763720 0.815594971 -0.195892498 0.547371447 -0.039211661 0.027690979 -0.067697451 0.996550381
1548265900.796880 0.816260219 -0.192396864 0.548004746 -0.038689770 0.027240796 -0.069040142 0.996491075
1548265900.830110 0.815601826 -0.196401834 0.548268318 -0.039680809 0.026999962 -0.068969019 0.996463597
1548265900.863620 0.815810442 -0.193176836 0.547490597 -0.039192904 0.027415819 -0.069572844 0.996429563
1548265900.897140 0.811979949 -0.194431826 0.547929287 -0.039431427 0.027274273 -0.068910405 0.996470094
1548265900.930650 0.819725037 -0.191615418 0.546928167 -0.038676135 0.025582816 -0.069729500 0.996487558
1548265900.964170 0.816067874 -0.192770019 0.547228456 -0.038700607 0.027267704 -0.069302395 0.996471703
1548265900.997830 0.815879285 -0.194722548 0.547087848 -0.039248131 0.026659423 -0.068854555 0.996497810
1548265901.031360 0.815105796 -0.188862205 0.547018290 -0.038320314 0.027101694 -0.069671683 0.996465206
1548265901.064950 0.814914048 -0.191297323 0.546143711 -0.039267849 0.027370263 -0.068987809 0.996468544
1548265901.098530 0.811939180 -0.188131392 0.546738029 -0.039565135 0.027611589 -0.068459667 0.996486604
1548265901.132110 0.811126173 -0.191124558 0.548084140 -0.041198101 0.026511624 -0.068126105 0.996473134
1548265901.165500 0.812236190 -0.185099840 0.546263933 -0.041059207 0.025603356 -0.068657272 0.996466160
1548265901.199020 0.810727954 -0.185466722 0.548229694 -0.042384408 0.025491416 -0.067698710 0.996479154
1548265901.232660 0.813238621 -0.188744798 0.549153984 -0.044287119 0.023543565 -0.067574531 0.996452749
1548265901.266190 0.820196152 -0.181880385 0.551227331 -0.044199761 0.022676229 -0.068401210 0.996420324
1548265901.299730 0.815268517 -0.189190000 0.553501010 -0.046805322 0.023845743 -0.068001129 0.996301413
1548265901.333310 0.818254590 -0.187389672 0.553041697 -0.047279298 0.022747902 -0.069277450 0.996216774
1548265901.366830 0.817343235 -0.185453132 0.553593040 -0.047543246 0.023987457 -0.068971433 0.996196330
1548265901.400280 0.817988098 -0.184344590 0.554942846 -0.048266742 0.023426201 -0.069490239 0.996138871
1548265901.433860 0.819295824 -0.183288485 0.555207312 -0.048626628 0.023587521 -0.070227727 0.996065855
1548265901.467480 0.818147600 -0.188878775 0.556210339 -0.050160222 0.024341770 -0.070053071 0.995983899
1548265901.501120 0.818215966 -0.181176275 0.554579377 -0.048901435 0.024696102 -0.071331508 0.995947063
1548265901.534660 0.817584932 -0.183527052 0.556472778 -0.049650427 0.025585007 -0.070991471 0.995911837
1548265901.568360 0.814640939 -0.186849341 0.558078825 -0.050674342 0.025686465 -0.070702396 0.995878220
1548265901.601880 0.817886949 -0.184643731 0.559196949 -0.050454214 0.025152229 -0.071234755 0.995865107
1548265901.635400 0.819818258 -0.189842671 0.559774041 -0.051338203 0.024222152 -0.070011459 0.995929778
1548265901.668910 0.823488176 -0.186128572 0.558457196 -0.050225563 0.023895226 -0.070301458 0.995973945
1548265901.702430 0.824910581 -0.191567644 0.559160829 -0.050667096 0.024738751 -0.068206429 0.996076643
1548265901.735940 0.830878794 -0.191408247 0.559687614 -0.049958616 0.024063328 -0.066723846 0.996229410
1548265901.769460 0.833334208 -0.188228354 0.560100794 -0.048798203 0.024613377 -0.066047668 0.996318519
1548265901.802970 0.833332181 -0.188914329 0.557857931 -0.048122834 0.026193164 -0.064245738 0.996428907
1548265901.836380 0.829146028 -0.188257277 0.556768000 -0.047898017 0.027874876 -0.062245138 0.996521115
1548265901.869840 0.835113645 -0.193158075 0.557828128 -0.048862744 0.026384622 -0.061422098 0.996565878
1548265901.903350 0.837629855 -0.189696193 0.558684587 -0.048016828 0.027527889 -0.060454264 0.996635258
