1341846226.817920 0.0000000 0.0000000 0.0000000 0.0000000 0.0000000 0.0000000 1.0000000
1341846227.586047 0.0094775 0.0006363 0.0068611 0.0053996 -0.0240665 -0.0272432 0.9993245
1341846227.622081 0.0100561 0.0012288 0.0063558 0.0048407 -0.0233811 -0.0308693 0.9992382
1341846227.721966 0.0181308 -0.0061917 0.0083399 0.0092783 -0.0234508 -0.0312848 0.9991923
1341846227.958123 0.0258518 -0.0118268 0.0050361 0.0121501 -0.0118532 -0.0284400 0.9994514
1341846228.225994 0.0275189 -0.0139689 0.0082842 0.0035884 -0.0061734 -0.0232209 0.9997048
1341846229.297920 0.0485575 -0.0192235 -0.0035790 0.0068073 -0.0040250 -0.0109150 0.9999092
1341846229.939857 0.0478399 -0.0182000 -0.0087530 0.0189938 0.0029475 -0.0028809 0.9998111
1341846230.769960 0.0471575 -0.0256539 -0.0086288 0.0258084 0.0064307 -0.0038275 0.9996389
1341846231.205909 0.0523961 -0.0340104 -0.0126971 0.0314601 0.0005827 -0.0042785 0.9994957
1341846231.716153 0.0441183 -0.0491319 -0.0135355 0.0347572 0.0012036 -0.0133125 0.9993064
1341846231.978027 0.0542721 -0.0308308 -0.0126125 0.0367237 -0.0064440 -0.0099224 0.9992554
1341846232.519889 0.0542936 -0.0368214 -0.0106633 0.0339924 -0.0096516 -0.0091722 0.9993334
1341846232.787894 0.0614862 -0.0381929 -0.0071719 0.0458528 -0.0066518 -0.0114882 0.9988600
1341846232.955993 0.0628590 -0.0394018 -0.0081398 0.0527867 -0.0035583 -0.0138215 0.9985038
1341846233.087872 0.0633746 -0.0401043 -0.0077172 0.0490201 0.0005594 -0.0154822 0.9986776
1341846233.317870 0.0525247 -0.0360423 -0.0085481 0.0548543 0.0010481 -0.0222166 0.9982466
1341846234.961979 0.0732131 -0.0439679 0.0043065 0.0464999 -0.0121484 -0.0139383 0.9987472
1341846237.175838 0.0762446 -0.0433223 -0.0095192 0.0643960 -0.0068677 -0.0141878 0.9977999
1341846237.579956 0.0721737 -0.0428943 -0.0089749 0.0557761 -0.0073971 -0.0140678 0.9983168
1341846238.713917 0.0711855 -0.0471744 -0.0057123 0.0506592 -0.0115173 -0.0161491 0.9985190
1341846239.891801 0.0645690 -0.0400045 -0.0051058 0.0486088 -0.0115621 -0.0139975 0.9986529
1341846240.557894 0.0672218 -0.0404141 -0.0012896 0.0577305 -0.0157340 -0.0202664 0.9980025
1341846240.826068 0.0671141 -0.0414139 -0.0039782 0.0615454 -0.0180599 -0.0212620 0.9977143
1341846241.062449 0.0675079 -0.0410134 -0.0065570 0.0602224 -0.0177506 -0.0219260 0.9977863
1341846241.462018 0.0639151 -0.0398017 -0.0074540 0.0596385 -0.0170566 -0.0268801 0.9977123
1341846241.729805 0.0654896 -0.0402007 -0.0074885 0.0593977 -0.0170075 -0.0274021 0.9977133
1341846241.797970 0.0638433 -0.0393911 -0.0079570 0.0601683 -0.0167690 -0.0277868 0.9976605
1341846241.898156 0.0643967 -0.0403386 -0.0087377 0.0602225 -0.0167696 -0.0278150 0.9976564
1341846242.034019 0.0646778 -0.0394156 -0.0111440 0.0608536 -0.0165854 -0.0279241 0.9976181
1341846242.165895 0.0663274 -0.0372521 -0.0140670 0.0640940 -0.0162731 -0.0276959 0.9974267
1341846242.301972 0.0662036 -0.0373530 -0.0137386 0.0659578 -0.0158070 -0.0288742 0.9972793
1341846242.433933 0.0647300 -0.0392312 -0.0101733 0.0669462 -0.0154021 -0.0287660 0.9972229
1341846242.634077 0.0664070 -0.0376509 -0.0146126 0.0667574 -0.0151247 -0.0290350 0.9972320
1341846242.938061 0.0641833 -0.0358656 -0.0167071 0.0659537 -0.0155908 -0.0314124 0.9972063
1341846243.106059 0.0644905 -0.0351385 -0.0182315 0.0652289 -0.0174480 -0.0322247 0.9971972
1341846243.237999 0.0632308 -0.0344253 -0.0209705 0.0645841 -0.0164026 -0.0328857 0.9972354
1341846243.473902 0.0669720 -0.0366574 -0.0182087 0.0675817 -0.0171140 -0.0334335 0.9970065
1341846243.774067 0.0682125 -0.0347795 -0.0214019 0.0677817 -0.0170150 -0.0332727 0.9970000
1341846244.887873 0.0835610 -0.0478135 -0.0249174 0.0747873 -0.0098411 -0.0231608 0.9968820
1341846244.987985 0.0831815 -0.0441707 -0.0252516 0.0767970 -0.0072802 -0.0214093 0.9967903
1341846245.151835 0.0821073 -0.0437043 -0.0213775 0.0731976 -0.0048976 -0.0223958 0.9970539
1341846245.692060 0.0810301 -0.0422712 -0.0138983 0.0757054 -0.0039132 -0.0258408 0.9967877
1341846246.421855 0.0685868 -0.0411445 -0.0140740 0.0800303 0.0010221 -0.0319773 0.9962789
1341846247.261953 0.0716544 -0.0491706 -0.0052701 0.0839173 0.0018488 -0.0239568 0.9961830
1341846247.697913 0.0759972 -0.0429803 0.0019144 0.0861182 -0.0016443 -0.0204683 0.9960733
1341846248.502139 0.0803857 -0.0329234 0.0180389 0.0899640 0.0022866 -0.0276321 0.9955590
1341846249.001964 0.0860346 -0.0504350 0.0179697 0.0930082 0.0005651 -0.0272620 0.9952919
1341846249.373854 0.0927209 -0.0417374 0.0207335 0.0928028 0.0044631 -0.0238300 0.9953893
1341846250.477872 0.1075609 -0.0194995 0.0217809 0.0856996 -0.0071593 -0.0117526 0.9962260
1341846251.618241 0.1034707 -0.0220597 0.0293053 0.0797521 -0.0239200 -0.0055709 0.9965121
