1548339380.732200 0.0000000 0.0000000 0.0000000 0.0000000 0.0000000 0.0000000 1.0000000
1548339381.971980 -0.1286394 -0.0471821 -0.1127651 0.0205223 -0.0592996 0.0034678 0.9980232
1548339382.005490 -0.1364458 -0.0430053 -0.1172615 0.0193584 -0.0657114 0.0015562 0.9976497
1548339382.206930 -0.1425537 -0.0329820 -0.1333385 0.0124213 -0.0943279 0.0006801 0.9954634
1548339382.608950 -0.1755348 0.0240947 -0.1540814 0.0065214 -0.1309045 -0.0150005 0.9912601
1548339383.514150 -0.1217905 -0.0016347 -0.2208807 0.0229561 -0.2347242 -0.0489621 0.9705567
1548339386.697370 -0.4417106 0.0276298 -0.3386678 0.0202544 -0.2104716 -0.0436090 0.9764168
1548339386.898470 -0.4502012 0.0330791 -0.3464616 0.0217272 -0.2003443 -0.0422327 0.9785737
1548339387.066280 -0.4397087 0.0329069 -0.3638636 0.0373883 -0.1999068 -0.0390012 0.9783242
1548339387.301200 -0.4114996 0.0248600 -0.4097009 0.0607695 -0.2064547 -0.0171925 0.9764159
1548339387.636150 -0.3799680 0.0222552 -0.4439643 0.0401225 -0.2256361 -0.0276112 0.9729934
1548339388.038360 -0.3898249 0.0632410 -0.4866523 0.0503042 -0.2364637 -0.0407203 0.9694825
1548339388.675520 -0.6283664 0.1607176 -0.6810571 0.0379159 -0.1932268 -0.0521011 0.9790359
1548339388.976970 -0.5718638 0.2166771 -0.6243044 0.0625079 -0.2298135 -0.0489806 0.9699894
1548339389.915540 -0.8678201 0.0647966 -0.8120313 0.0233220 -0.2706036 -0.0746166 0.9595114
1548339390.518910 -0.9622818 0.1228378 -0.8402380 -0.0209742 -0.2894506 -0.1231784 0.9490024
1548339391.758020 -0.9873095 0.2223315 -0.9034111 0.0145042 -0.4191137 -0.1260914 0.8990185
1548339394.741460 -0.9494115 0.1200024 -0.6357341 -0.0033145 -0.6658792 -0.2420690 0.7056887
1548339396.584700 -1.0952320 0.1950534 -0.7373438 -0.0101399 -0.6267902 -0.2381996 0.7418168
1548339400.640140 -1.0413885 0.2343443 -0.9622787 0.0016299 0.8268334 0.2949722 -0.4788897
1548339403.923970 -1.2266769 0.1754828 -0.5371840 0.0013513 -0.5637987 -0.2045922 0.8001695
