1548339380.732200 0.000000000 0.000000000 0.000000000 -0.000000000 -0.000000000 -0.000000000 1.000000000
1548339380.765500 0.011757080 -0.004223728 -0.005552412 0.000730741 -0.004798827 0.000142431 0.999988258
1548339380.799020 0.007728026 -0.005168971 -0.007059804 0.001788224 -0.005758771 0.001122487 0.999981225
1548339380.832530 0.005921298 -0.006332953 -0.009635496 0.002518785 -0.007972024 0.002070386 0.999962926
1548339380.866050 0.006638881 -0.007269807 -0.012059908 0.003010051 -0.011372160 0.003024031 0.999926269
1548339380.899330 0.005772424 -0.009013225 -0.013949657 0.003180773 -0.014286268 0.003322946 0.999887407
1548339380.932800 0.006270963 -0.012588898 -0.015797000 0.002956328 -0.016780086 0.003424510 0.999849021
1548339380.966160 0.003928209 -0.013894220 -0.016873466 0.003509835 -0.018262047 0.004249203 0.999818087
1548339380.999680 0.001951692 -0.016694317 -0.018415527 0.004344619 -0.020219745 0.004684930 0.999775231
1548339381.033340 0.003338011 -0.020379890 -0.020718765 0.005535431 -0.021641713 0.005077426 0.999737620
1548339381.066860 0.000956129 -0.021992290 -0.024055719 0.007331890 -0.021627245 0.006309035 0.999719322
1548339381.100340 -0.001229525 -0.022841997 -0.027498776 0.009384167 -0.022754677 0.006988295 0.999672651
1548339381.133850 -0.001054280 -0.024293747 -0.031896543 0.011285350 -0.023864569 0.007320842 0.999624789
1548339381.167450 -0.005190504 -0.024130909 -0.036493782 0.012934281 -0.024363672 0.007375698 0.999592304
1548339381.200970 -0.007949137 -0.024980400 -0.041962966 0.013687389 -0.026252132 0.006152152 0.999542773
1548339381.234720 -0.006214441 -0.027573407 -0.045684054 0.013462685 -0.027971126 0.004377579 0.999508500
1548339381.268230 -0.008702782 -0.028246323 -0.048300013 0.013337053 -0.027632024 0.003867521 0.999521732
1548339381.301750 -0.012786475 -0.028665278 -0.050563022 0.013293059 -0.028252902 0.003569270 0.999506056
1548339381.335260 -0.010077201 -0.036520440 -0.053609099 0.011763513 -0.029513784 0.002947625 0.999490857
1548339381.368780 -0.010170279 -0.038289361 -0.055591475 0.011527391 -0.028469212 0.003693778 0.999521434
1548339381.402300 -0.019296844 -0.035419494 -0.057675011 0.012559899 -0.026965290 0.005479846 0.999542475
1548339381.435810 -0.013374166 -0.034035586 -0.060447484 0.013484424 -0.028951859 0.006349277 0.999469697
1548339381.469340 -0.013466716 -0.035840385 -0.062370222 0.013607025 -0.028215472 0.007828781 0.999478638
1548339381.502840 -0.019206647 -0.035820276 -0.063971221 0.014403712 -0.026920719 0.009860142 0.999485254
1548339381.536310 -0.020691166 -0.039701909 -0.066796437 0.014780692 -0.028910268 0.010287116 0.999419808
1548339381.569850 -0.020013150 -0.041678935 -0.069803238 0.015226516 -0.029503513 0.010006112 0.999398649
1548339381.603360 -0.026320515 -0.043133885 -0.072367549 0.015726855 -0.029458955 0.010047402 0.999391794
1548339381.636880 -0.030911718 -0.043936718 -0.074513063 0.016607367 -0.030602166 0.009710558 0.999346495
1548339381.670400 -0.038114674 -0.045162737 -0.078165032 0.017829852 -0.032992128 0.009331592 0.999253035
1548339381.703910 -0.039801065 -0.048794381 -0.081737041 0.018751003 -0.036793429 0.008359348 0.999112010
1548339381.737430 -0.045106493 -0.050242737 -0.085452609 0.020208132 -0.039719112 0.008157247 0.998973250
1548339381.770950 -0.051375594 -0.049564473 -0.089427792 0.022074861 -0.043413080 0.008127331 0.998780310
1548339381.804460 -0.049538314 -0.051734276 -0.094607003 0.022871653 -0.048230711 0.007321501 0.998547554
1548339381.837950 -0.056558669 -0.050065655 -0.099369556 0.023754960 -0.049914580 0.007968139 0.998439193
1548339381.871430 -0.068769597 -0.043757856 -0.103317559 0.025260353 -0.053884022 0.008545302 0.998191118
1548339381.904940 -0.067463338 -0.046290975 -0.108365595 0.024046490 -0.061356839 0.006685216 0.997803807
1548339381.938460 -0.070095412 -0.046716373 -0.112306967 0.022505678 -0.065494426 0.005764569 0.997582495
1548339381.971980 -0.079501495 -0.041902699 -0.116337635 0.021895956 -0.069550432 0.005775978 0.997321427
1548339382.005490 -0.084260069 -0.038238347 -0.122255690 0.020694260 -0.076063938 0.004293423 0.996878982
1548339382.038980 -0.096092053 -0.047973502 -0.121592216 0.016047997 -0.079648472 0.000319511 0.996693790
1548339382.072460 -0.099700518 -0.039762534 -0.128816023 0.016110310 -0.084531970 -0.000021432 0.996290565
1548339382.106010 -0.094289273 -0.043120440 -0.128757715 0.013557198 -0.090807684 -0.000321735 0.995776117
1548339382.139870 -0.113216542 -0.043351989 -0.131228745 0.011938461 -0.090713978 -0.000049457 0.995805442
1548339382.173410 -0.115185596 -0.039785266 -0.133676961 0.011699568 -0.096121594 0.000832503 0.995300472
1548339382.206930 -0.108630978 -0.041115481 -0.136886939 0.010678777 -0.101584852 0.000935179 0.994769156
1548339382.240430 -0.109026432 -0.038787365 -0.139656782 0.010465104 -0.103261061 0.001627750 0.994597971
1548339382.273940 -0.113610096 -0.032434206 -0.142285228 0.011039956 -0.104743361 0.002153217 0.994435728
1548339382.307460 -0.114074416 -0.027284268 -0.146298945 0.011046198 -0.108907595 0.000808842 0.993990242
1548339382.340970 -0.113025539 -0.022543930 -0.150565192 0.009988864 -0.111821137 -0.001251065 0.993677378
1548339382.374490 -0.121552601 -0.012853570 -0.152915686 0.009289972 -0.114291951 -0.003368363 0.993398130
1548339382.408010 -0.120238632 -0.011378114 -0.155702963 0.006820477 -0.119902588 -0.007670501 0.992732644
1548339382.441510 -0.127479598 -0.009655557 -0.157363117 0.004481385 -0.120610446 -0.012043155 0.992616773
1548339382.474890 -0.141360879 -0.005316465 -0.155868709 0.003095300 -0.120677665 -0.013622570 0.992593467
1548339382.508410 -0.139318019 -0.000814241 -0.159103721 0.002577643 -0.126047879 -0.014771277 0.991910815
1548339382.541920 -0.138406217 -0.003052975 -0.159579813 0.001535191 -0.130761847 -0.016337786 0.991277993
1548339382.575440 -0.135561660 0.000711087 -0.159387410 0.002065861 -0.134728685 -0.015764082 0.990754962
1548339382.608950 -0.137129247 0.006845630 -0.160562873 0.002961212 -0.139204428 -0.015484072 0.990138233
1548339382.642470 -0.129280239 0.010376635 -0.162861049 0.003117253 -0.145023361 -0.017112916 0.989275336
1548339382.675930 -0.129461840 0.018245697 -0.162846133 0.003298638 -0.147140399 -0.018137829 0.988943815
1548339382.709400 -0.130937070 0.024088865 -0.161935300 0.002413234 -0.151452839 -0.019988831 0.988259435
1548339382.742920 -0.129185081 0.027877018 -0.163601503 0.000562357 -0.156981498 -0.023986839 0.987310052
1548339382.776440 -0.124309309 0.029874695 -0.162494019 -0.001750062 -0.160453856 -0.028165802 0.986639857
1548339382.809940 -0.126111656 0.032115404 -0.158921570 -0.003679529 -0.162165940 -0.030348422 0.986289859
1548339382.843460 -0.127695307 0.032749318 -0.156988055 -0.005126424 -0.165972471 -0.032254420 0.985589445
1548339382.876970 -0.122971185 0.031092977 -0.159005895 -0.006211887 -0.170183584 -0.035221756 0.984763145
1548339382.910490 -0.121357851 0.032128181 -0.157720029 -0.006074286 -0.171343327 -0.035700180 0.984545588
1548339382.944000 -0.126018837 0.029072158 -0.153349102 -0.005617054 -0.175791338 -0.034344062 0.983812213
1548339382.977520 -0.115512550 0.024676539 -0.160638303 -0.004053668 -0.181986436 -0.036691651 0.982607901
1548339383.011040 -0.113427162 0.025280723 -0.162050307 -0.001470766 -0.182542518 -0.035838269 0.982543468
1548339383.044550 -0.118803054 0.018521473 -0.158893391 -0.000286853 -0.185784504 -0.032770444 0.982043922
1548339383.078070 -0.106606372 0.014654620 -0.163554728 0.002928353 -0.193689808 -0.034168735 0.980463266
1548339383.111590 -0.103284560 0.012365105 -0.167981461 0.006480302 -0.195062518 -0.033766177 0.980188012
1548339383.145100 -0.108074456 0.002608124 -0.171837717 0.007922737 -0.197865605 -0.031207424 0.979700267
1548339383.178810 -0.101916924 0.000374022 -0.177851245 0.011378584 -0.205049053 -0.032816380 0.978135228
1548339383.212330 -0.097357482 -0.001460655 -0.185132667 0.014067045 -0.208149582 -0.034171924 0.977398694
1548339383.245650 -0.098024160 0.001843090 -0.188601762 0.016959090 -0.211417496 -0.034218568 0.976649463
1548339383.279120 -0.099535935 -0.002094358 -0.192436010 0.018191181 -0.217557684 -0.036502972 0.975195050
1548339383.312680 -0.094112277 0.000366372 -0.198099360 0.020113690 -0.222086176 -0.037939873 0.974080980
1548339383.346400 -0.094026074 -0.002520324 -0.201131880 0.020496694 -0.225742459 -0.038593709 0.973206520
1548339383.380080 -0.095384113 -0.005556517 -0.205228448 0.020871198 -0.230668247 -0.040038966 0.971984327
1548339383.413700 -0.088823318 -0.004526860 -0.213134974 0.022128073 -0.234837532 -0.043341286 0.970815837
1548339383.447120 -0.087990373 -0.003927508 -0.216816723 0.022436855 -0.234377727 -0.044342052 0.970874608
1548339383.480460 -0.093388245 -0.009314558 -0.217739522 0.021079393 -0.236554682 -0.044564076 0.970366776
1548339383.514150 -0.089783892 -0.009842922 -0.224172071 0.021261040 -0.241526544 -0.047715541 0.968987226
1548339383.547660 -0.086326361 -0.011814046 -0.231574401 0.021168711 -0.242948055 -0.049848154 0.968526363
1548339383.581180 -0.087530106 -0.014252456 -0.233949542 0.021033457 -0.243314683 -0.049603630 0.968449891
1548339383.614340 -0.088712178 -0.017332535 -0.237915277 0.021217892 -0.246663719 -0.049616348 0.967597544
1548339383.647860 -0.084850132 -0.015810207 -0.248357013 0.022715574 -0.248474151 -0.050198071 0.967070222
1548339383.681370 -0.075473912 -0.024836175 -0.247915819 0.022092430 -0.249960065 -0.048610605 0.966782749
1548339383.714920 -0.077575013 -0.030781666 -0.251621693 0.021743620 -0.250064045 -0.045932617 0.966894746
1548339383.748740 -0.067531094 -0.036300056 -0.251832604 0.022252038 -0.252805203 -0.044871751 0.966219902
1548339383.782340 -0.067295954 -0.039657488 -0.255487740 0.023229955 -0.251413107 -0.043046944 0.966643035
1548339383.815860 -0.074164003 -0.047249597 -0.260080069 0.023554774 -0.251830369 -0.041003410 0.966615438
1548339383.849370 -0.068325348 -0.048477754 -0.265692532 0.026108297 -0.254184186 -0.041111551 0.965928912
1548339383.882890 -0.066146992 -0.047850650 -0.267842889 0.028994918 -0.252971828 -0.039403863 0.966235936
1548339383.916410 -0.072988167 -0.052958455 -0.273729980 0.030380206 -0.251394242 -0.036779966 0.966708481
1548339383.949920 -0.071095958 -0.053202152 -0.280185223 0.032875516 -0.252951175 -0.036196265 0.966242611
1548339383.983440 -0.067929268 -0.050856978 -0.286402524 0.035136562 -0.252245456 -0.035471886 0.966374397
1548339384.016960 -0.069400549 -0.050977111 -0.290799618 0.035720371 -0.249935240 -0.034131490 0.967001259
1548339384.050500 -0.074004188 -0.055389553 -0.296430856 0.034777179 -0.249176279 -0.033400077 0.967257082
1548339384.084030 -0.072477788 -0.048460934 -0.302325904 0.035906777 -0.249001443 -0.033937708 0.967242122
1548339384.117540 -0.071653672 -0.044466514 -0.305465966 0.035561632 -0.246629849 -0.033727981 0.967869580
1548339384.151090 -0.073936604 -0.042063978 -0.307335079 0.034655645 -0.243589148 -0.032961920 0.968698561
1548339384.184610 -0.074065492 -0.040251765 -0.309361994 0.033822075 -0.241051033 -0.032177843 0.969389021
1548339384.218160 -0.073127277 -0.032625720 -0.312812597 0.034193031 -0.236717612 -0.031732388 0.970457971
1548339384.251680 -0.075378470 -0.031997323 -0.313548356 0.032652579 -0.231703952 -0.029940948 0.971777081
1548339384.285190 -0.076198421 -0.029976862 -0.315766454 0.031383034 -0.228919491 -0.029612936 0.972488642
1548339384.318710 -0.076475598 -0.021203946 -0.319605976 0.031523231 -0.223309860 -0.029767452 0.973782837
1548339384.352230 -0.078219540 -0.021414373 -0.319557548 0.029206822 -0.217295110 -0.028263481 0.975259483
1548339384.385730 -0.082907960 -0.020292312 -0.322246253 0.027065547 -0.212646946 -0.027789669 0.976358831
1548339384.419240 -0.082569629 -0.015644146 -0.323044837 0.025575330 -0.209306672 -0.028203631 0.977108598
1548339384.452770 -0.097836867 -0.004761286 -0.333859682 0.025190987 -0.201535076 -0.029074129 0.978725612
1548339384.486290 -0.094479442 -0.000592360 -0.332184434 0.023239141 -0.198914185 -0.029045377 0.979310751
1548339384.519790 -0.090060622 0.007625795 -0.328424901 0.021982215 -0.195532173 -0.029202387 0.980015993
1548339384.553310 -0.092533350 0.007870885 -0.326191157 0.018871821 -0.192436129 -0.029454062 0.980685830
1548339384.586790 -0.094224244 0.009823833 -0.325234234 0.016425695 -0.190814704 -0.030998668 0.980998993
1548339384.620300 -0.093327545 0.018566051 -0.324397683 0.015566437 -0.187477797 -0.032306954 0.981614053
1548339384.653820 -0.097524971 0.016898422 -0.320410430 0.012225237 -0.184545666 -0.032319266 0.982216358
1548339384.687330 -0.101911120 0.016683053 -0.317394584 0.009806467 -0.184595138 -0.033459101 0.982196033
1548339384.720710 -0.101548620 0.028391762 -0.318483502 0.010679782 -0.183571547 -0.035419825 0.982310057
1548339384.754100 -0.103525206 0.031094030 -0.315094769 0.009679817 -0.180259869 -0.035707008 0.982923031
1548339384.787610 -0.107696027 0.029825652 -0.311888903 0.008077228 -0.177869529 -0.035821393 0.983368754
1548339384.821130 -0.116929933 0.031289566 -0.311301798 0.007738824 -0.175712630 -0.037866157 0.983682573
1548339384.854640 -0.117874451 0.034123175 -0.306378812 0.007513653 -0.173326835 -0.038094584 0.984098732
1548339384.888160 -0.119251549 0.026932586 -0.297731042 0.005151538 -0.173619077 -0.038651101 0.984040737
1548339384.921680 -0.124401651 0.026554007 -0.294504791 0.004036524 -0.174701035 -0.039994258 0.983800709
1548339384.955190 -0.129977942 0.027769269 -0.290503651 0.003104340 -0.176039875 -0.041701645 0.983494461
1548339384.988700 -0.150860891 0.034881242 -0.296571016 0.003122080 -0.175332621 -0.042561941 0.983583868
1548339385.022220 -0.159127325 0.040577501 -0.291983962 0.003581231 -0.178571045 -0.044701543 0.982904553
1548339385.055740 -0.160896868 0.034134515 -0.283976912 0.001522088 -0.184174061 -0.046069395 0.981812239
1548339385.089250 -0.168587163 0.034008745 -0.279752463 0.001316026 -0.188760221 -0.047148362 0.980889857
1548339385.122770 -0.179209188 0.030652912 -0.277246684 0.000768461 -0.192925677 -0.047494881 0.980062962
1548339385.156280 -0.185467809 0.027060222 -0.271551847 0.000487691 -0.198750481 -0.047291286 0.978908360
1548339385.189800 -0.191994771 0.022387013 -0.268155634 0.000438047 -0.203991175 -0.047058012 0.977841020
1548339385.223320 -0.196372658 0.018006781 -0.264656782 0.001047833 -0.208797455 -0.046752881 0.976840198
1548339385.256880 -0.204140991 0.014409413 -0.260978162 0.002261158 -0.212317064 -0.045215636 0.976151586
1548339385.290400 -0.213416249 0.001451815 -0.268424153 0.002239288 -0.215999588 -0.043975167 0.975400090
1548339385.323920 -0.207992747 -0.002692071 -0.258091450 0.005013087 -0.223786071 -0.043603629 0.973649561
1548339385.357430 -0.197723418 -0.008476703 -0.253006130 0.007513517 -0.229807124 -0.043467365 0.972236037
1548339385.390820 -0.205119416 -0.012560963 -0.252872437 0.010305382 -0.231892332 -0.043219872 0.971726239
1548339385.424340 -0.212236807 -0.017369062 -0.253216714 0.012974939 -0.236207634 -0.044244234 0.970608115
1548339385.457980 -0.213707849 -0.019616423 -0.253426969 0.016114507 -0.241396248 -0.046265971 0.969189227
1548339385.491530 -0.224361524 -0.023590446 -0.257434309 0.018219123 -0.244155467 -0.047648404 0.968393445
1548339385.525010 -0.241074085 -0.015809115 -0.265522748 0.021782938 -0.246463537 -0.048546035 0.967690289
1548339385.558520 -0.239323914 -0.016589154 -0.261236072 0.023292685 -0.250347942 -0.049946297 0.966586173
1548339385.591870 -0.235901535 -0.019967316 -0.257549822 0.023435259 -0.253674030 -0.048997860 0.965763688
1548339385.625390 -0.240440756 -0.026182437 -0.257573545 0.023374846 -0.255884439 -0.049331132 0.965164900
1548339385.658840 -0.242578954 -0.026751649 -0.257229179 0.024217188 -0.256595612 -0.049073685 0.964968443
1548339385.692260 -0.252232075 -0.031085739 -0.259856343 0.023587117 -0.256460816 -0.047859158 0.965080857
1548339385.725780 -0.258364856 -0.035495255 -0.261640221 0.023351934 -0.259679139 -0.047825277 0.964227319
1548339385.759060 -0.261275351 -0.037351251 -0.262566924 0.023797370 -0.262019008 -0.047339503 0.963607192
1548339385.792570 -0.269658148 -0.040393464 -0.265804201 0.023534872 -0.263787895 -0.045750510 0.963207662
1548339385.826050 -0.270925403 -0.041584380 -0.266522259 0.024158519 -0.267279685 -0.045287989 0.962251008
1548339385.859560 -0.272869825 -0.042481150 -0.267212749 0.024809072 -0.268549860 -0.043933582 0.961943567
1548339385.893080 -0.279177219 -0.044605099 -0.270182312 0.025315082 -0.269140303 -0.042572930 0.961826503
1548339385.926600 -0.281958997 -0.045895625 -0.272153199 0.026582027 -0.270740747 -0.042505663 0.961346030
1548339385.960050 -0.282202810 -0.044908978 -0.273185283 0.028750381 -0.270423591 -0.042258367 0.961383820
1548339385.993570 -0.290029287 -0.047109086 -0.278924078 0.030141432 -0.268027306 -0.040883567 0.962071419
1548339386.027080 -0.294774532 -0.048259865 -0.283746034 0.031884942 -0.268287688 -0.040128291 0.961974442
1548339386.060600 -0.306821913 -0.034477834 -0.296208262 0.036490377 -0.264176339 -0.040431987 0.962935388
1548339386.094100 -0.309455365 -0.036158361 -0.300377727 0.036617991 -0.260953397 -0.037485711 0.963928103
1548339386.127610 -0.316823214 -0.036440860 -0.307045281 0.036404267 -0.259391487 -0.035896402 0.964418113
1548339386.161150 -0.309556514 -0.031296432 -0.303188264 0.037100576 -0.261207461 -0.035158351 0.963928521
1548339386.194690 -0.310350597 -0.028610788 -0.306072623 0.035868507 -0.259305775 -0.033613738 0.964543462
1548339386.228210 -0.315082639 -0.025808424 -0.310606927 0.033932511 -0.258368403 -0.033156134 0.964880884
1548339386.261820 -0.319886237 -0.020937722 -0.314925045 0.032043464 -0.257807463 -0.034098621 0.965062678
1548339386.295340 -0.321623325 -0.018328147 -0.315777481 0.029531101 -0.256332755 -0.035490196 0.965485334
1548339386.328850 -0.328009307 -0.017046403 -0.318867505 0.026705975 -0.254127890 -0.036238387 0.966122508
1548339386.362370 -0.331214488 -0.012349333 -0.319641352 0.025210062 -0.252167761 -0.037523191 0.966627061
1548339386.395890 -0.334931612 -0.010290120 -0.320752293 0.023411781 -0.248599693 -0.037476290 0.967597902
1548339386.429400 -0.339465320 -0.009504509 -0.323508620 0.021581313 -0.245840177 -0.036714152 0.968374372
1548339386.462920 -0.338349789 -0.006555529 -0.324068248 0.020913323 -0.245456785 -0.037081681 0.968472302
1548339386.496380 -0.340957642 -0.003024681 -0.326095581 0.020558393 -0.243109480 -0.037182227 0.969067931
1548339386.530080 -0.342323512 0.000402527 -0.327989191 0.020131741 -0.240901470 -0.037675831 0.969609082
1548339386.563820 -0.355989695 0.000763623 -0.340602756 0.019217096 -0.236104622 -0.040570248 0.970690191
1548339386.597340 -0.358788311 0.002666381 -0.344739318 0.018507121 -0.232632235 -0.041537855 0.971501172
1548339386.630780 -0.362712145 0.004027574 -0.346662819 0.017482707 -0.229395196 -0.042124644 0.972264230
1548339386.663960 -0.361649632 0.008437932 -0.345243037 0.017288275 -0.228818938 -0.042628206 0.972381592
1548339386.697370 -0.356913835 0.010252359 -0.342742234 0.017194720 -0.227660030 -0.043864097 0.972600281
1548339386.730890 -0.359690100 0.009708332 -0.343664259 0.016530333 -0.224179000 -0.042304352 0.973489046
1548339386.764390 -0.364423752 0.012712371 -0.347049862 0.016742973 -0.222447455 -0.041547135 0.973915100
1548339386.797900 -0.360266119 0.014811438 -0.346195847 0.017197495 -0.222367778 -0.042062100 0.973903298
1548339386.831420 -0.363646954 0.017537039 -0.347273737 0.017902823 -0.219597131 -0.041810546 0.974529862
1548339386.864950 -0.358308226 0.012071043 -0.344316542 0.017217075 -0.220344126 -0.041334391 0.974393964
1548339386.898470 -0.356790930 0.015397305 -0.345799655 0.018715972 -0.219570234 -0.042677689 0.974483073
1548339386.931980 -0.367545217 0.016584042 -0.352451563 0.020359842 -0.215749949 -0.042866148 0.975294828
1548339386.965510 -0.363066077 0.016496532 -0.351282179 0.022721549 -0.216422588 -0.042114213 0.975126386
1548339386.999250 -0.363133669 0.013841681 -0.355027139 0.025325796 -0.216439217 -0.042466767 0.975043237
1548339387.032770 -0.358936071 0.009259371 -0.355494738 0.028247187 -0.217067316 -0.040172093 0.974920630
1548339387.066280 -0.353225052 0.010575467 -0.360574543 0.033119150 -0.217691362 -0.038283642 0.974704146
1548339387.099800 -0.353804111 0.008494299 -0.367175907 0.036743499 -0.217702344 -0.034558743 0.974710941
1548339387.133320 -0.348978221 0.007385045 -0.373161912 0.040667463 -0.219656423 -0.031834655 0.974209309
1548339387.166830 -0.344212353 0.006209641 -0.379529893 0.044630349 -0.220497444 -0.028355854 0.973953307
1548339387.200350 -0.337653339 0.009472008 -0.392548293 0.049395289 -0.220008716 -0.025105312 0.973923028
1548339387.233860 -0.332881331 0.009326532 -0.397383779 0.052653570 -0.220413908 -0.020955943 0.973758757
1548339387.267690 -0.332610577 0.008001221 -0.406504482 0.055243704 -0.221173882 -0.018200554 0.973498344
1548339387.301200 -0.324056774 0.005225882 -0.413196385 0.057082500 -0.223635390 -0.017165210 0.972848535
1548339387.334720 -0.320268184 0.004302910 -0.421871424 0.058166359 -0.224330112 -0.017210018 0.972623527
1548339387.368240 -0.317244381 0.003789475 -0.428994209 0.058312550 -0.225688323 -0.016070195 0.972320020
1548339387.401720 -0.313561827 0.003400289 -0.435999393 0.057739142 -0.229265973 -0.017811181 0.971486568
1548339387.435170 -0.311407596 0.002565439 -0.441720814 0.055965438 -0.231860369 -0.018536506 0.970960915
1548339387.468640 -0.309532195 0.002975053 -0.448240489 0.053562902 -0.235744074 -0.019565497 0.970140696
1548339387.502150 -0.303351820 0.003936261 -0.452188045 0.050358091 -0.239586487 -0.021901438 0.969320774
1548339387.535670 -0.300262064 0.001152513 -0.453217655 0.045983229 -0.241057992 -0.022982791 0.969148278
1548339387.569140 -0.295446455 0.001958022 -0.454652399 0.042101212 -0.241664395 -0.023526646 0.969160616
1548339387.602640 -0.291162789 0.002898299 -0.453540355 0.039022326 -0.242566541 -0.024230354 0.969046831
1548339387.636150 -0.294798970 0.003132308 -0.444495708 0.036778655 -0.242392138 -0.026063856 0.969130635
1548339387.669690 -0.295958549 0.003938676 -0.442511827 0.035570066 -0.241854757 -0.027447492 0.969271779
1548339387.703200 -0.298411429 0.002571122 -0.439780533 0.035015892 -0.241232142 -0.028985972 0.969402313
1548339387.736720 -0.304384112 -0.001144337 -0.441743433 0.035247680 -0.241466105 -0.030581446 0.969286621
1548339387.770240 -0.302978575 0.000984018 -0.443009496 0.037261713 -0.242523044 -0.033139687 0.968863189
1548339387.803750 -0.304814696 0.001871354 -0.448133230 0.039234541 -0.243330464 -0.034801733 0.968524575
1548339387.837270 -0.309703201 0.005731223 -0.453674823 0.041552201 -0.244716421 -0.035933729 0.968037248
1548339387.870790 -0.307546973 0.004913521 -0.460180610 0.042207282 -0.247279868 -0.038934980 0.967241108
1548339387.904310 -0.301085532 0.014967583 -0.466064215 0.044562582 -0.249770999 -0.038977664 0.966493309
1548339387.937820 -0.304810852 0.017247558 -0.472656667 0.044893216 -0.250643611 -0.039129484 0.966245949
1548339387.971330 -0.308683425 0.010396587 -0.480262727 0.043039426 -0.251246154 -0.040304381 0.966125607
1548339388.004850 -0.292027086 0.030140532 -0.485017419 0.046088211 -0.254596442 -0.039021220 0.965160012
1548339388.038360 -0.289014339 0.034524590 -0.488254249 0.045555752 -0.256070584 -0.038976952 0.964797080
1548339388.071880 -0.284836829 0.035215206 -0.493960828 0.044112880 -0.257143378 -0.040339507 0.964522719
1548339388.105410 -0.294038951 0.035146538 -0.502721727 0.042298440 -0.255017638 -0.040975321 0.965141416
1548339388.138970 -0.295073837 0.038183033 -0.503868282 0.041412167 -0.255717069 -0.042288013 0.964938104
1548339388.172490 -0.297822237 0.041890543 -0.507242262 0.041110232 -0.254984528 -0.043978423 0.965069294
1548339388.206030 -0.298141181 0.044849198 -0.511434615 0.040965233 -0.254020602 -0.043823484 0.965336680
1548339388.239560 -0.300616503 0.046332493 -0.514444768 0.040843483 -0.253765970 -0.042577770 0.965464592
1548339388.273080 -0.298319608 0.047846969 -0.519030571 0.040795054 -0.253592402 -0.043936964 0.965451360
1548339388.306800 -0.298764110 0.049284302 -0.523699343 0.040944740 -0.251936883 -0.041734345 0.965976000
1548339388.340350 -0.301558822 0.075902253 -0.528150439 0.045410112 -0.251176029 -0.040855352 0.966012120
1548339388.373870 -0.313004613 0.078110501 -0.538046777 0.044558495 -0.249877483 -0.043933477 0.966253459
1548339388.407400 -0.300910801 0.060657553 -0.543126702 0.039726958 -0.251109987 -0.043300267 0.966173232
1548339388.440920 -0.304907352 0.062324956 -0.547844708 0.038017757 -0.249956325 -0.042520676 0.966575682
1548339388.474440 -0.296897262 0.069985852 -0.547107100 0.037424553 -0.252884388 -0.041805953 0.965868115
1548339388.508000 -0.294555455 0.072929010 -0.550997496 0.035394020 -0.252995074 -0.043562192 0.965838075
1548339388.541510 -0.295517355 0.073309846 -0.551913917 0.033409297 -0.253079027 -0.039045766 0.966079891
1548339388.575000 -0.312857896 0.093462147 -0.563204765 0.034997057 -0.251498580 -0.042273533 0.966300488
1548339388.608500 -0.330473900 0.095163316 -0.571557522 0.033192288 -0.248006672 -0.043179706 0.967226207
1548339388.642010 -0.340946287 0.100579798 -0.584325969 0.032550760 -0.246172562 -0.042937994 0.967727184
1548339388.675520 -0.300559074 0.091451660 -0.565170169 0.030842209 -0.255376279 -0.040618941 0.965495646
1548339388.709030 -0.299466878 0.091970406 -0.573149800 0.031124905 -0.256450266 -0.040378198 0.965211928
1548339388.742550 -0.299911976 0.094653957 -0.574157715 0.032083821 -0.258992791 -0.041337363 0.964460790
1548339388.776070 -0.298328400 0.093280025 -0.576977074 0.032377977 -0.261006206 -0.043617047 0.963807642
1548339388.809580 -0.314987540 0.093700022 -0.577970982 0.033460770 -0.259537399 -0.044151384 0.964142799
1548339388.843070 -0.339100838 0.092342898 -0.584036589 0.034759853 -0.258205116 -0.044771992 0.964425981
1548339388.876490 -0.306740344 0.092596836 -0.569896519 0.037214197 -0.268075198 -0.042333007 0.961747766
1548339388.909940 -0.306602180 0.090044595 -0.570956409 0.038976338 -0.271583438 -0.041085947 0.960747242
1548339388.943460 -0.286489129 0.102204151 -0.578429759 0.043539915 -0.279731303 -0.041131958 0.958208203
1548339388.976970 -0.286858022 0.099184722 -0.580830038 0.044489834 -0.283565402 -0.041969124 0.957000554
1548339389.010440 -0.286189824 0.097470552 -0.584052920 0.045818582 -0.287393779 -0.041701294 0.955806732
1548339389.043940 -0.285490006 0.096391916 -0.586383760 0.047199726 -0.291550308 -0.040945988 0.954512477
1548339389.077450 -0.309625089 0.107291549 -0.586168170 0.053963527 -0.290884256 -0.016382549 0.955094755
1548339389.110970 -0.322614402 0.103572682 -0.601482511 0.054405641 -0.293490618 -0.017471477 0.954252660
1548339389.144490 -0.308036089 0.107382230 -0.598206222 0.055930253 -0.301043004 -0.019099995 0.951777339
1548339389.178000 -0.309650987 0.108027242 -0.601052165 0.057010595 -0.305531889 -0.020306705 0.950256646
1548339389.211520 -0.366398245 0.128380150 -0.636191845 0.065655328 -0.293008536 0.002361346 0.953849971
1548339389.244990 -0.381775022 0.123184502 -0.642932594 0.065288715 -0.294655949 0.001616025 0.953369141
1548339389.278490 -0.394476742 0.113759592 -0.650263548 0.063647211 -0.296225846 -0.002803429 0.952990770
1548339389.312000 -0.392442226 0.117458165 -0.665694654 0.065414280 -0.298302799 -0.002415429 0.952224016
1548339389.345470 -0.428112179 0.109153003 -0.676616311 0.064714879 -0.291375548 0.000312891 0.954417169
1548339389.378920 -0.436246574 0.103134021 -0.683581471 0.064158194 -0.292592287 -0.002035081 0.954080343
1548339389.412360 -0.443044394 0.102884106 -0.693592131 0.065496422 -0.293622255 -0.001143764 0.953674495
1548339389.445870 -0.453601688 0.113578446 -0.708339691 0.069740482 -0.291640818 0.008004153 0.953948557
1548339389.479390 -0.460165203 0.116620943 -0.714489102 0.072521903 -0.291367799 0.011560019 0.953788161
1548339389.512900 -0.450991631 0.118866071 -0.742491603 0.073352292 -0.288770467 0.008366370 0.954547584
1548339389.546420 -0.456847012 0.123699799 -0.745545089 0.078385741 -0.290174186 0.009324650 0.953712642
1548339389.579940 -0.432539046 0.108581133 -0.734708965 0.074334286 -0.307944298 0.000238218 0.948496044
1548339389.613460 -0.439146727 0.130302399 -0.742961884 0.085681103 -0.306886882 0.006883488 0.947856486
1548339389.647050 -0.483591497 0.138124168 -0.769230783 0.090329245 -0.284855098 0.011860756 0.954231381
1548339389.680630 -0.481964618 0.138145298 -0.771050751 0.090770029 -0.286678046 0.012083783 0.953640699
1548339389.714190 -0.483781993 0.145421430 -0.773076296 0.094619051 -0.288750559 0.013834637 0.952616930
1548339389.747850 -0.480955780 0.147316009 -0.775516212 0.095151678 -0.291915834 0.012450849 0.951617777
1548339389.781370 -0.478636742 0.149881393 -0.776990831 0.095258325 -0.294492483 0.011542546 0.950824320
1548339389.814890 -0.477530301 0.152841598 -0.777257979 0.095133431 -0.297820091 0.009293235 0.949824452
1548339389.848400 -0.478566438 0.152522549 -0.778772712 0.093427643 -0.300205261 0.004813903 0.949276090
1548339389.881920 -0.481947958 0.158163160 -0.778977633 0.095128730 -0.302181184 0.002116632 0.948489666
1548339389.915540 -0.483802915 0.162954122 -0.779011607 0.096650645 -0.306877941 -0.001487880 0.946827531
1548339389.949120 -0.482614100 0.150059953 -0.783162892 0.089001976 -0.311082065 -0.010106781 0.946152508
1548339389.982640 -0.483780444 0.149998069 -0.783900499 0.087180279 -0.313796431 -0.013907739 0.945377171
1548339390.016090 -0.486950099 0.159690723 -0.782278895 0.089788176 -0.318261117 -0.015322641 0.943617105
1548339390.049500 -0.494786620 0.149097696 -0.788257003 0.081767477 -0.319185138 -0.023087760 0.943875968
1548339390.082860 -0.497050494 0.154457599 -0.788743973 0.081453018 -0.322643340 -0.025527371 0.942663848
1548339390.116260 -0.500486970 0.162136808 -0.789502084 0.081556596 -0.327646583 -0.028155195 0.940852582
1548339390.149770 -0.501607955 0.158449575 -0.793411195 0.075274140 -0.333103657 -0.034837414 0.939234853
1548339390.183290 -0.501428604 0.158837557 -0.795275807 0.070635080 -0.335269451 -0.038517434 0.938680768
1548339390.216810 -0.895605743 0.125500858 -0.868834615 0.049481831 -0.145792961 -0.008276491 0.988042235
1548339390.250320 -0.895802975 0.122205168 -0.874207139 0.040919207 -0.148997232 -0.016003681 0.987861037
1548339390.283950 -0.906904101 0.131948203 -0.869046152 0.041922458 -0.145199195 -0.013555207 0.988420963
1548339390.317770 -0.910380602 0.137178928 -0.868935347 0.039788648 -0.147539347 -0.016654821 0.988115251
1548339390.351330 -0.913858473 0.139859200 -0.868670166 0.036447451 -0.148554295 -0.019040298 0.988048971
1548339390.384880 -0.911374390 0.148661196 -0.868218184 0.036954600 -0.152823687 -0.020326631 0.987353086
1548339390.418390 -0.921638072 0.117476195 -0.868345618 0.016124180 -0.151610374 -0.021838751 0.988067508
1548339390.451880 -0.923388302 0.124019288 -0.867627561 0.016302716 -0.156850666 -0.023446150 0.987209439
1548339390.485400 -0.926918149 0.131302029 -0.869226635 0.017624155 -0.157594875 -0.024466868 0.987043440
1548339390.518910 -0.922761679 0.134309039 -0.869811535 0.017133195 -0.162010744 -0.025329333 0.986315072
1548339390.552430 -0.919533730 0.146981388 -0.871201396 0.021824561 -0.167978033 -0.026859798 0.985183060
1548339390.585970 -0.926337779 0.147598758 -0.873354793 0.020158881 -0.167217448 -0.029209154 0.985281050
1548339390.619500 -0.923184991 0.151255473 -0.874321878 0.019833121 -0.171004206 -0.031505842 0.984566748
1548339390.653000 -0.921423852 0.158760726 -0.875665188 0.020939205 -0.175946578 -0.034364261 0.983576894
1548339390.686490 -0.927950382 0.162019894 -0.876995206 0.019382343 -0.176842824 -0.037705000 0.983325660
1548339390.720010 -0.932603657 0.162880912 -0.878598690 0.016195510 -0.175969884 -0.039490528 0.983469844
1548339390.752900 -0.960032046 0.120223328 -0.880931914 -0.010458611 -0.165840745 -0.034745444 0.985484779
1548339390.786420 -0.963661849 0.130605921 -0.883330822 -0.008263458 -0.168476984 -0.035461996 0.985032856
1548339390.819940 -0.963395298 0.136849836 -0.883388579 -0.008241041 -0.171396926 -0.035938676 0.984511912
1548339390.853450 -0.963446796 0.142679036 -0.883819520 -0.008948203 -0.173847809 -0.035464175 0.984093130
1548339390.886970 -0.971057355 0.149065942 -0.884682417 -0.009061556 -0.171401247 -0.034801200 0.984544814
1548339390.920480 -0.968486845 0.154799655 -0.885633290 -0.008489391 -0.172351599 -0.033266306 0.984436989
1548339390.954000 -0.964275956 0.165504962 -0.887299418 -0.004203620 -0.176589459 -0.032048993 0.983753800
1548339390.987640 -0.963215590 0.176076248 -0.890023351 0.001314327 -0.180806071 -0.030918868 0.983031869
1548339391.021190 -0.967960835 0.178068459 -0.892798543 0.003575231 -0.181671709 -0.030512655 0.982879281
1548339391.055150 -0.969207585 0.178693622 -0.894806027 0.005452629 -0.182841390 -0.030253310 0.982661784
1548339391.088670 -0.998884261 0.157466024 -0.909534454 -0.005771119 -0.169563293 -0.023431238 0.985223830
1548339391.122000 -1.000489712 0.155730113 -0.911324501 -0.004692955 -0.172811747 -0.023276236 0.984668612
1548339391.155700 -0.994577885 0.158889964 -0.910379052 -0.000603027 -0.181279823 -0.024264798 0.983132005
1548339391.189210 -0.994920135 0.159848049 -0.910893619 0.001946090 -0.187009439 -0.024789540 0.982043386
1548339391.222740 -0.995078504 0.158771023 -0.909600317 0.003505941 -0.192876309 -0.025288621 0.980890930
1548339391.256260 -0.989472270 0.160152376 -0.909806371 0.006254550 -0.202336624 -0.024148885 0.978998303
1548339391.289780 -0.989104867 0.161225587 -0.910653770 0.008922125 -0.211955994 -0.024556724 0.976929903
1548339391.323280 -0.991985202 0.159995690 -0.910221338 0.010341178 -0.220166713 -0.026677718 0.975042641
1548339391.356790 -0.999242961 0.156735331 -0.909439802 0.010146711 -0.223887384 -0.028897962 0.974133730
1548339391.390320 -0.995014071 0.159900516 -0.910630643 0.012759300 -0.233411878 -0.028836228 0.971866608
1548339391.423830 -1.001018167 0.156109259 -0.907731354 0.011884048 -0.239180103 -0.031724323 0.970384121
1548339391.457340 -1.002359033 0.158066034 -0.906897843 0.013443803 -0.245466724 -0.032795906 0.968756855
1548339391.490860 -1.004845858 0.158614188 -0.903325677 0.014502376 -0.251228631 -0.033500664 0.967239201
1548339391.524190 -1.002756834 0.160738751 -0.901838720 0.017201526 -0.258739471 -0.032916456 0.965232968
1548339391.556990 -1.005494833 0.162338391 -0.901748121 0.020023476 -0.263985515 -0.032617733 0.963767052
1548339391.590440 -1.005811095 0.162686974 -0.901450753 0.022597235 -0.269509524 -0.031423114 0.962219656
1548339391.623890 -1.010614991 0.159700587 -0.900631130 0.023692001 -0.271291405 -0.031138504 0.961701691
1548339391.657410 -1.008838058 0.157019570 -0.899835527 0.024877381 -0.274419427 -0.029815702 0.960825801
1548339391.690920 -1.074597239 0.180142835 -0.952722907 0.032867163 -0.239196032 -0.020261295 0.970203340
1548339391.724430 -1.074650168 0.175576285 -0.952248454 0.032476187 -0.243064463 -0.020534327 0.969248891
1548339391.758020 -1.070647717 0.173131391 -0.947759867 0.033204798 -0.248282209 -0.022877991 0.967848182
1548339391.791530 -1.072178245 0.170307815 -0.946431756 0.032386404 -0.248396218 -0.024261739 0.967812955
1548339391.825120 -1.071341038 0.167748377 -0.945420146 0.031138107 -0.248394012 -0.025151724 0.967831790
1548339391.858640 -1.067442298 0.167499095 -0.945324838 0.031081038 -0.250755459 -0.026189312 0.967196941
1548339391.892150 -1.066651106 0.166176811 -0.945501268 0.030577770 -0.252372652 -0.028255388 0.966734052
1548339391.925870 -1.066959500 0.162813693 -0.944994867 0.028616276 -0.252648383 -0.029708816 0.966678560
1548339391.959440 -1.066506386 0.163194805 -0.945813894 0.028354716 -0.253438532 -0.030837655 0.966444016
1548339391.992990 -1.066066146 0.162869036 -0.944857895 0.027921285 -0.253596157 -0.031005433 0.966409862
1548339392.026500 -1.065235615 0.163266018 -0.943416715 0.028233740 -0.253477335 -0.030814990 0.966438055
1548339392.060020 -1.060034275 0.161481500 -0.943547547 0.028134800 -0.254653513 -0.029268462 0.966179848
1548339392.093630 -1.057401419 0.163506642 -0.946327090 0.030573934 -0.257496357 -0.028972574 0.965360820
1548339392.127150 -1.059121609 0.163493708 -0.945677221 0.032348745 -0.257177681 -0.029161347 0.965382278
1548339392.160670 -1.056921601 0.162472442 -0.945004523 0.033780120 -0.257019818 -0.027297894 0.965429783
1548339392.194350 -1.055148959 0.162654579 -0.946686566 0.035997894 -0.257468462 -0.025350275 0.965283155
1548339392.228120 -1.055314302 0.161594614 -0.946716011 0.037585288 -0.256170869 -0.023126576 0.965623677
1548339392.261630 -1.053618431 0.161372766 -0.947591066 0.039490446 -0.254913747 -0.020011641 0.965949774
1548339392.294900 -1.051295280 0.158919871 -0.949265182 0.040095016 -0.254352152 -0.016246058 0.966143668
1548339392.328150 -1.051229239 0.159168214 -0.954284906 0.041945066 -0.253182948 -0.013826886 0.966409802
1548339392.361780 -1.050045729 0.161448419 -0.963927746 0.044551685 -0.250487566 -0.011451343 0.967026412
1548339392.395180 -1.050970793 0.160172403 -0.966555536 0.044735778 -0.249121964 -0.010518379 0.967381179
1548339392.428730 -1.052218914 0.161206618 -0.972342789 0.045928091 -0.245817736 -0.010470400 0.968170822
1548339392.462270 -1.051725864 0.157372981 -0.970539570 0.044098217 -0.244260103 -0.010025873 0.968654692
1548339392.495780 -1.051460743 0.153412506 -0.970100164 0.042320993 -0.243321821 -0.010406949 0.968966067
1548339392.529310 -1.051969171 0.150447503 -0.971490502 0.040673304 -0.241417482 -0.010929919 0.969507039
1548339392.562860 -1.049687862 0.146611765 -0.966854930 0.037837565 -0.242821798 -0.010371584 0.969277263
1548339392.596380 -1.049175382 0.146759063 -0.968272567 0.036970571 -0.243699402 -0.010817161 0.969085515
1548339392.629890 -1.048354030 0.145902693 -0.967975438 0.034785092 -0.245001331 -0.011082216 0.968835235
1548339392.663410 -1.048058033 0.146527857 -0.967068970 0.032768428 -0.247481719 -0.012863385 0.968252897
1548339392.696930 -1.050146341 0.150418609 -0.972137094 0.032536522 -0.247781202 -0.016467469 0.968129516
1548339392.730400 -1.044603467 0.158162355 -0.962312937 0.032711178 -0.252338767 -0.019145969 0.966896355
1548339392.763920 -1.046039701 0.149177447 -0.961399674 0.025035603 -0.252202153 -0.020560887 0.967132151
1548339392.797430 -1.044155955 0.152455196 -0.961836576 0.024252061 -0.255648702 -0.024744367 0.966148734
1548339392.830950 -1.044200301 0.156389207 -0.962386549 0.023638334 -0.258776158 -0.028994663 0.965212643
1548339392.864460 -1.044290304 0.160124421 -0.962502062 0.022769803 -0.260913521 -0.033126127 0.964524925
1548339392.897970 -1.039426684 0.183757365 -0.963782430 0.031085480 -0.265416801 -0.036016159 0.962959230
1548339392.931490 -1.033013940 0.191214502 -0.960558355 0.032911286 -0.272530168 -0.040244699 0.960741699
1548339392.964980 -1.035214663 0.195313886 -0.960063756 0.033457644 -0.274408668 -0.044666961 0.959992349
1548339392.998490 -1.030644417 0.199636936 -0.959633052 0.034503408 -0.278359175 -0.047408469 0.958685696
1548339393.032010 -1.025047660 0.202969506 -0.959172189 0.035663340 -0.284388274 -0.050177805 0.956730723
1548339393.065530 -1.026471853 0.210903615 -0.961778939 0.039303463 -0.286463916 -0.053969629 0.955762029
1548339393.099040 -1.031442761 0.219963819 -0.972726345 0.042731397 -0.283197552 -0.053513646 0.956613541
1548339393.132560 -1.026750445 0.221860245 -0.969989181 0.043523792 -0.286855519 -0.054879785 0.955409765
1548339393.166070 -1.023467660 0.225417748 -0.971897006 0.045659017 -0.289491087 -0.057683177 0.954349458
1548339393.199590 -1.021053672 0.228537679 -0.975395381 0.047926042 -0.290027946 -0.060930546 0.953873336
1548339393.233270 -1.012988567 0.224395692 -0.966535985 0.046207372 -0.295160145 -0.063720666 0.952200174
1548339393.266810 -1.009200454 0.227746055 -0.966392457 0.047652688 -0.297415227 -0.067424431 0.951171637
1548339393.300350 -1.004234791 0.231902227 -0.963724792 0.049269505 -0.299523503 -0.070353247 0.950215042
1548339393.333870 -0.999302030 0.230170980 -0.956977129 0.048330292 -0.303470612 -0.073138118 0.948799610
1548339393.367460 -1.000943184 0.238484025 -0.962255120 0.051505793 -0.303218991 -0.076431014 0.948453367
1548339393.400980 -1.000010252 0.239337057 -0.961170375 0.051397938 -0.304563135 -0.078969374 0.947820425
1548339393.434500 -0.993614972 0.233442947 -0.955033600 0.048951413 -0.310878992 -0.080719203 0.945749640
1548339393.468020 -0.987704515 0.236236811 -0.953218699 0.050874088 -0.318223327 -0.083604343 0.942950726
1548339393.501540 -0.987401724 0.233181193 -0.946987867 0.050059058 -0.323617071 -0.086250454 0.940918148
1548339393.535040 -0.984688401 0.228356987 -0.942135334 0.048911631 -0.328788698 -0.087448262 0.939073265
1548339393.568560 -0.983776212 0.219690681 -0.937240303 0.046177968 -0.335402161 -0.087965108 0.936821878
1548339393.602000 -0.978388488 0.218641266 -0.935152054 0.047551729 -0.342685401 -0.088083245 0.934102237
1548339393.635510 -0.974128485 0.215953141 -0.936970353 0.048301373 -0.347497672 -0.086290315 0.932451844
1548339393.669030 -0.973340750 0.204780236 -0.931871414 0.045357611 -0.353652596 -0.084623620 0.930436134
1548339393.702540 -0.970561862 0.198065668 -0.931521833 0.045260619 -0.359806746 -0.083287559 0.928199232
1548339393.736060 -0.968182266 0.191848442 -0.932736278 0.045874014 -0.364350021 -0.081672721 0.926538825
1548339393.769280 -0.963347673 0.184881955 -0.928528726 0.046330400 -0.370981365 -0.078544207 0.924152195
1548339393.802790 -0.960426807 0.178858265 -0.927907765 0.048281141 -0.375585318 -0.075433582 0.922450304
1548339393.836310 -1.654787660 0.224749476 -1.192527652 0.044337377 -0.049905282 -0.055720743 0.996212244
1548339393.869770 -1.644427657 0.208324164 -1.181262374 0.043601699 -0.060000915 -0.051696416 0.995904744
1548339393.903220 -1.670513391 0.201051056 -1.198332071 0.048130926 -0.054850928 -0.048601102 0.996148944
1548339393.936490 -1.672131777 0.207746089 -1.218588829 0.058695499 -0.057097454 -0.050036203 0.995384932
1548339393.970010 -1.783752799 0.182556212 -1.096762896 0.048927668 -0.013679875 0.009610130 0.998662412
1548339394.003250 -1.806609035 0.185174733 -1.115115404 0.057177495 -0.013410622 0.003010260 0.998269439
1548339394.036760 -1.811155677 0.189279720 -1.112518072 0.063597538 -0.015699489 0.001796016 0.997850537
1548339394.070280 -1.816031575 0.167376712 -1.106525183 0.058612972 -0.016252080 0.008562885 0.998111784
1548339394.104060 -1.829182386 0.162422955 -1.110424638 0.060257863 -0.017155422 0.008106085 0.998002470
1548339394.137680 -1.840791821 0.168191522 -1.111176968 0.064743094 -0.016830631 0.004466291 0.997750044
1548339394.171200 -1.855052352 0.163194984 -1.113136888 0.063620277 -0.015692452 0.005479530 0.997835815
1548339394.204720 -1.867063403 0.168448985 -1.117038846 0.064487875 -0.015067570 0.002157185 0.997802436
1548339394.238150 -1.882006884 0.167430878 -1.115692854 0.062286738 -0.013482903 0.001037056 0.997966707
1548339394.271660 -1.894967079 0.167265236 -1.115301728 0.060230128 -0.012863132 0.000381735 0.998101652
1548339394.305180 -1.909833193 0.166312262 -1.114215851 0.057155650 -0.012367868 -0.000334255 0.998288691
1548339394.338700 -1.918034434 0.175119787 -1.113845587 0.057416674 -0.013983910 -0.002915915 0.998248100
1548339394.372230 -1.934163928 0.184003457 -1.112002611 0.056988750 -0.012005261 -0.006736334 0.998279989
1548339394.405810 -1.949552298 0.186831817 -1.106572866 0.054248504 -0.008863534 -0.008789930 0.998449504
1548339394.439340 -1.960909963 0.187672272 -1.102196813 0.050586108 -0.008490289 -0.009688768 0.998636663
1548339394.472860 -1.976642847 0.195209831 -1.097212076 0.049470503 -0.007225010 -0.013544720 0.998657644
1548339394.506380 -1.991108298 0.199507684 -1.089545846 0.047131810 -0.005335124 -0.016247908 0.998742282
1548339394.540000 -2.009675980 0.205559388 -1.093275070 0.045381196 -0.002790103 -0.019052736 0.998784125
1548339394.573850 -2.029502392 0.205502674 -1.093085647 0.042239539 -0.000173328 -0.019778177 0.998911738
1548339394.607380 -2.035054684 0.213276878 -1.083964944 0.042261388 -0.000489870 -0.021543490 0.998874187
1548339394.640910 -2.056476593 0.216408178 -1.085691810 0.041527543 0.003646808 -0.022508241 0.998877227
1548339394.674430 -2.064526796 0.215729371 -1.078514934 0.039441634 0.004516072 -0.021869116 0.998972356
1548339394.707940 -2.082373857 0.214238539 -1.077506423 0.037390258 0.006161514 -0.021115270 0.999058664
1548339394.741460 -2.095268726 0.223351419 -1.072536707 0.038746841 0.007058966 -0.023716865 0.998942673
1548339394.774970 -2.109672308 0.226321250 -1.069738030 0.038016867 0.009726319 -0.024587609 0.998927236
1548339394.808490 -2.119796515 0.221540183 -1.068895817 0.035213843 0.010588259 -0.024745874 0.999017298
1548339394.842010 -2.152954340 0.227658615 -1.082141757 0.035615746 0.016581181 -0.029607357 0.998789310
1548339394.875520 -2.138466358 0.229964644 -1.056982279 0.033952411 0.013877490 -0.028934348 0.998908162
1548339394.909010 -2.156059504 0.226264790 -1.054144263 0.031716462 0.016485773 -0.029587029 0.998922944
1548339394.942520 -2.159902096 0.228999302 -1.044123292 0.031333949 0.015822234 -0.031378571 0.998891056
1548339394.976020 -2.171039820 0.236894593 -1.046251416 0.032777641 0.020373825 -0.032551382 0.998724699
1548339395.009430 -2.179140329 0.223937333 -1.038446665 0.028402764 0.021371910 -0.029723361 0.998926044
1548339395.042930 -2.201517582 0.225239068 -1.042909145 0.028475462 0.023737742 -0.032239906 0.998792410
1548339395.076440 -2.208281279 0.227585182 -1.041539907 0.029060045 0.023677284 -0.034993526 0.998684287
1548339395.109960 -2.226905346 0.222705096 -1.040281415 0.027797356 0.025664661 -0.036765419 0.998607516
1548339395.143460 -2.238687515 0.221597850 -1.036780119 0.027787413 0.025501074 -0.038016457 0.998565137
1548339395.176940 -2.187415123 0.238400072 -1.039489508 0.030233912 0.015867485 -0.031092789 0.998933136
1548339395.210490 -2.190428019 0.238212287 -1.034772158 0.031215889 0.015478792 -0.028838465 0.998976648
1548339395.244020 -2.210436583 0.235063061 -1.037981272 0.032476231 0.017164011 -0.028572207 0.998916566
1548339395.277540 -2.208022356 0.230925098 -1.043215275 0.033387467 0.014804041 -0.028896306 0.998914957
1548339395.311060 -2.216899872 0.231354892 -1.042830348 0.035313934 0.015996894 -0.028298704 0.998847485
1548339395.344590 -2.228619576 0.231073201 -1.040693283 0.036616072 0.017384982 -0.027872238 0.998789370
1548339395.378110 -2.216015339 0.239461854 -1.039964318 0.039347194 0.015323758 -0.027625261 0.998726130
1548339395.411620 -2.219936609 0.233560786 -1.041941524 0.038875818 0.016757870 -0.025909087 0.998767555
1548339395.445140 -2.212836742 0.224501714 -1.043125153 0.037196431 0.014124790 -0.023039168 0.998942554
1548339395.478660 -2.210015059 0.223815888 -1.036630034 0.038586825 0.011314501 -0.025001870 0.998878419
1548339395.512190 -2.211391926 0.219154909 -1.033580661 0.039109886 0.012347159 -0.024860287 0.998849332
1548339395.545700 -2.215969086 0.212714925 -1.032751679 0.039079577 0.013487120 -0.023671597 0.998864651
1548339395.579220 -2.217220545 0.209000468 -1.029602885 0.039872371 0.013909712 -0.022884004 0.998845935
1548339395.612740 -2.215815067 0.204330310 -1.024291873 0.040705554 0.014636587 -0.021411804 0.998834550
1548339395.646260 -2.218020201 0.197602242 -1.019712925 0.041230388 0.016686715 -0.018722339 0.998834908
1548339395.679780 -2.222171545 0.190490723 -1.017146230 0.042022873 0.017757136 -0.015735367 0.998834968
1548339395.713310 -2.226799011 0.185147405 -1.015308976 0.043497212 0.018364046 -0.012847626 0.998802125
1548339395.746810 -2.231076241 0.181412935 -1.012591004 0.045421313 0.017080652 -0.010588570 0.998765767
1548339395.780340 -2.230860233 0.179371580 -1.007787228 0.048064522 0.015038610 -0.009012355 0.998690426
1548339395.813860 -2.235869884 0.175829381 -1.006978750 0.050098892 0.014445258 -0.006689908 0.998617411
1548339395.847370 -2.252991676 0.168849230 -1.020109773 0.051571507 0.013951714 -0.006794910 0.998548746
1548339395.880900 -2.243321657 0.179331824 -1.007565498 0.056821190 0.010237501 -0.008757951 0.998293519
1548339395.914410 -2.241979361 0.174757138 -0.997162819 0.057720341 0.010358308 -0.007115408 0.998253703
1548339395.947930 -2.250919104 0.172579333 -0.998035133 0.058712736 0.010638180 -0.006741847 0.998195529
1548339395.981440 -2.238979578 0.176832721 -0.989972472 0.060904775 0.008047849 -0.008556413 0.998074532
1548339396.014960 -2.241078615 0.178155169 -0.986463726 0.061320871 0.011082390 -0.007016052 0.998031914
1548339396.048520 -2.243576050 0.179375812 -0.985247970 0.061427336 0.012953235 -0.006986536 0.998003066
1548339396.082030 -2.234369755 0.182624593 -0.981253564 0.061591458 0.013708794 -0.008247614 0.997973204
1548339396.115510 -2.238806486 0.186849102 -0.980206072 0.060516194 0.018134620 -0.008071839 0.997969925
1548339396.149070 -2.245112658 0.189601809 -0.979391515 0.058390785 0.020812485 -0.009398760 0.998032570
1548339396.182520 -2.242266655 0.192710713 -0.973535836 0.056233641 0.021309899 -0.012186261 0.998115838
1548339396.216030 -2.230762959 0.197053552 -0.965585291 0.054073434 0.022348315 -0.014438008 0.998182476
1548339396.249560 -2.239886045 0.200218171 -0.959439158 0.051090505 0.027758062 -0.016672930 0.998169005
1548339396.283070 -2.243484020 0.203361496 -0.957462668 0.047799449 0.030930120 -0.017640229 0.998222113
1548339396.316580 -2.230966568 0.191566482 -0.949904799 0.041749954 0.032149971 -0.018894291 0.998431981
1548339396.350110 -2.233492374 0.189409360 -0.945425749 0.037374426 0.036710929 -0.017998314 0.998464584
1548339396.383610 -2.236501694 0.186411053 -0.941253066 0.033331141 0.040179487 -0.016559482 0.998499155
1548339396.417120 -2.226290226 0.187195674 -0.931006968 0.031400252 0.041486297 -0.016655786 0.998506665
1548339396.450640 -2.231343508 0.183744982 -0.929621816 0.028546436 0.047256462 -0.014049415 0.998376012
1548339396.484150 -2.234112740 0.181380019 -0.926536143 0.026762217 0.050727703 -0.013126924 0.998267651
1548339396.517670 -2.231254578 0.180936351 -0.921319723 0.026420508 0.053568266 -0.012985825 0.998130202
1548339396.551180 -2.235947132 0.181134686 -0.921114624 0.026324719 0.058382735 -0.011869579 0.997876525
1548339396.584700 -2.243082285 0.181501925 -0.923331738 0.026142726 0.061985280 -0.010912161 0.997674942
1548339396.618220 -2.241708755 0.184922338 -0.920840681 0.026743516 0.063571967 -0.011391561 0.997553885
1548339396.651730 -2.242350340 0.187243983 -0.918747663 0.026866069 0.067263745 -0.010185206 0.997321546
1548339396.685250 -2.253834724 0.186569661 -0.924311936 0.025729204 0.071302794 -0.008242608 0.997088790
1548339396.718750 -2.258345842 0.187701657 -0.925860107 0.024921222 0.071858138 -0.007846556 0.997072577
1548339396.752260 -2.255907774 0.191485539 -0.923578084 0.024613164 0.071575359 -0.008150900 0.997098207
1548339396.785740 -2.259594679 0.193403453 -0.921563029 0.023075735 0.073687762 -0.006569955 0.996992767
1548339396.819260 -2.276240349 0.214398324 -0.917654514 0.025135072 0.077141017 -0.006348649 0.996683121
1548339396.852730 -2.270933628 0.215558708 -0.914560854 0.023547648 0.077962659 -0.008043254 0.996645689
1548339396.886220 -2.274260998 0.214729786 -0.914654493 0.021411095 0.082667612 -0.006970716 0.996322811
1548339396.919740 -2.267664671 0.195883945 -0.913230300 0.016329067 0.083186172 -0.006487203 0.996379137
1548339396.953270 -2.269817352 0.192048073 -0.910686433 0.015587638 0.084913418 -0.007320059 0.996239543
1548339396.986770 -2.274172306 0.186753511 -0.908996284 0.015586246 0.086927682 -0.007179005 0.996066868
1548339397.020270 -2.280712366 0.182310849 -0.909319818 0.016382270 0.088036142 -0.006380279 0.995962143
1548339397.053770 -2.278413773 0.178500473 -0.906369328 0.018182127 0.087075315 -0.006227698 0.996016383
1548339397.087280 -2.280760288 0.174669579 -0.906125188 0.020439913 0.088353403 -0.004467498 0.995869517
1548339397.120760 -2.289175510 0.170443997 -0.909876883 0.022724468 0.089320958 -0.001755964 0.995742142
1548339397.154270 -2.288588762 0.169376001 -0.909835458 0.026071327 0.087778084 -0.001302861 0.995798051
1548339397.187790 -2.291277647 0.168336898 -0.912020028 0.028888028 0.088709757 -0.000100518 0.995638549
1548339397.221310 -2.298777103 0.165359318 -0.915593982 0.030761454 0.089948244 0.001499568 0.995470166
1548339397.254830 -2.305060387 0.161991984 -0.917913556 0.032407530 0.089578159 0.003199289 0.995447338
1548339397.288340 -2.306189299 0.159495115 -0.918412507 0.034271203 0.087870888 0.004637531 0.995531440
1548339397.321840 -2.314888239 0.157346249 -0.922454238 0.035833988 0.087312110 0.006672126 0.995513916
1548339397.355370 -2.311384916 0.159203321 -0.919134378 0.038124695 0.083763242 0.006620015 0.995734096
1548339397.388890 -2.335651159 0.173453405 -0.918758810 0.042761095 0.085948825 0.006369528 0.995361090
1548339397.422410 -2.342311621 0.169766456 -0.921473742 0.043116726 0.082737841 0.006736799 0.995615423
1548339397.455920 -2.352400780 0.171311229 -0.922115266 0.044346582 0.079408422 0.005805482 0.995838344
1548339397.489600 -2.340803862 0.165924832 -0.923569739 0.044138264 0.071290314 0.004938279 0.996466339
1548339397.523130 -2.347019434 0.164987519 -0.925815046 0.044457354 0.067398146 0.003680920 0.996728361
1548339397.556640 -2.352668047 0.165388793 -0.927532315 0.044732083 0.062618427 0.001893942 0.997032821
1548339397.590160 -2.352453709 0.165292576 -0.928005457 0.044859610 0.057100955 -0.000343521 0.997360051
1548339397.623670 -2.360463619 0.162558839 -0.928742826 0.044598062 0.053397130 -0.001409802 0.997575939
1548339397.657190 -2.361422062 0.160405129 -0.929678857 0.044691842 0.047878750 -0.003440985 0.997846901
1548339397.690700 -2.371074438 0.158443242 -0.930014074 0.044836152 0.045024022 -0.004944160 0.997967064
1548339397.724200 -2.382102013 0.158096328 -0.931383133 0.045483418 0.041252706 -0.005179360 0.998099506
1548339397.757720 -2.400809765 0.157214925 -0.930056572 0.046383925 0.038604755 -0.009291471 0.998134196
1548339397.791250 -2.401192904 0.160230890 -0.931699872 0.048113115 0.034032121 -0.008785360 0.998223364
1548339397.824770 -2.402547836 0.159499794 -0.932772458 0.049376350 0.030225592 -0.008378506 0.998287678
1548339397.858280 -2.530787230 0.565358698 -1.553402424 0.086602107 -0.382283568 -0.186924577 0.900787771
1548339397.891780 -2.532716751 0.556933761 -1.552555561 0.085726738 -0.386109859 -0.187128827 0.899195790
1548339397.924990 -2.534672260 0.548515320 -1.551701546 0.084849827 -0.389928997 -0.187329665 0.897587597
1548339397.958510 -2.415643930 0.167599395 -0.933758736 0.055411607 0.017137840 -0.010071645 0.998265743
1548339397.992020 -2.414212465 0.170321241 -0.933627427 0.056303512 0.012556357 -0.012310430 0.998258889
1548339398.025540 -2.407670021 0.173656121 -0.936210513 0.056510396 0.010014772 -0.014208885 0.998250723
1548339398.059050 -2.412563086 0.178271145 -0.933455706 0.056354363 0.009001816 -0.016038137 0.998241425
1548339398.092720 -2.415152550 0.181384712 -0.932187080 0.055413920 0.006655934 -0.018701622 0.998266160
1548339398.126270 -2.415755272 0.188452810 -0.929613411 0.054505061 0.004534553 -0.021935219 0.998262286
1548339398.159790 -2.424270153 0.197853759 -0.926650405 0.053748906 0.003929457 -0.023754513 0.998264194
1548339398.193340 -2.429180622 0.199461654 -0.924079359 0.051589981 -0.000116882 -0.026584193 0.998314500
1548339398.227020 -2.426042795 0.196735308 -0.923483431 0.048382167 -0.004300150 -0.029650796 0.998379469
1548339398.260540 -2.430262804 0.197886527 -0.921254575 0.046251275 -0.006904017 -0.030885333 0.998428464
1548339398.294050 -2.436439753 0.195614532 -0.922753513 0.043840639 -0.010877207 -0.032665163 0.998445153
1548339398.327570 -2.434340000 0.198696852 -0.922465205 0.042848539 -0.015528414 -0.033939153 0.998384178
1548339398.361080 -2.431659937 0.199767068 -0.921164691 0.041415241 -0.018855965 -0.034176815 0.998379350
1548339398.394930 -2.434440374 0.200764418 -0.919571102 0.040115252 -0.021320002 -0.034006663 0.998388588
1548339398.428530 -2.429202080 0.201419860 -0.918414950 0.038940329 -0.025466466 -0.034949418 0.998305380
1548339398.462050 -2.421113729 0.193363771 -0.917723536 0.036024295 -0.027594112 -0.035446424 0.998340845
1548339398.495600 -2.425074339 0.194616899 -0.915671229 0.035040583 -0.027588336 -0.035601757 0.998370469
1548339398.529120 -2.425448895 0.196183950 -0.914297223 0.034267817 -0.029198518 -0.036907863 0.998304069
1548339398.562650 -2.421304703 0.198818207 -0.913117468 0.033660479 -0.029958272 -0.038258195 0.998251438
1548339398.596170 -2.429095745 0.199103951 -0.912431896 0.032624207 -0.029060444 -0.038998824 0.998283684
1548339398.629680 -2.428762913 0.197330981 -0.911614895 0.031800553 -0.030262310 -0.040865868 0.998199821
1548339398.663200 -2.430656672 0.194999680 -0.910420299 0.031488594 -0.030978587 -0.041906159 0.998144627
1548339398.696720 -2.436780214 0.192466110 -0.907745242 0.031658586 -0.032373317 -0.042344935 0.998076499
1548339398.730180 -2.441023350 0.189552695 -0.907875896 0.032247219 -0.036676571 -0.043225873 0.997870982
1548339398.763690 -2.433233261 0.189834908 -0.909147620 0.033651754 -0.041748110 -0.045111239 0.997541845
1548339398.797200 -2.436499357 0.187357977 -0.909157395 0.034460582 -0.042686574 -0.044391386 0.997506857
1548339398.830660 -2.440995455 0.182216495 -0.909412801 0.035163254 -0.046065655 -0.043716110 0.997361720
1548339398.864230 -2.433818102 0.179429457 -0.911060274 0.037032135 -0.050668802 -0.043645330 0.997073948
1548339398.897760 -2.439033508 0.173127115 -0.910954893 0.038515408 -0.051896863 -0.040801909 0.997075021
1548339398.931330 -2.439556122 0.168491587 -0.910577059 0.040538263 -0.056148056 -0.038595121 0.996852338
1548339398.964850 -2.438957930 0.169594735 -0.915612698 0.044324733 -0.059575677 -0.037640378 0.996528625
1548339398.998290 -2.437990427 0.165603578 -0.916564405 0.047089949 -0.062194195 -0.035849471 0.996307790
1548339399.031880 -2.443000555 0.163600579 -0.918708146 0.050212681 -0.064798109 -0.034919742 0.996022344
1548339399.065440 -2.441946268 0.160702959 -0.920233548 0.053103540 -0.068133794 -0.034084596 0.995678782
1548339399.098840 -2.448545694 0.157666922 -0.926905155 0.055565700 -0.070420891 -0.032494411 0.995438337
1548339399.132360 -2.439665794 0.166177094 -0.922578335 0.059838891 -0.075964443 -0.033592775 0.994746327
1548339399.165870 -2.437752724 0.171486095 -0.922236562 0.062465046 -0.080266781 -0.036003571 0.994162500
1548339399.199800 -2.441291332 0.171147898 -0.925719261 0.062934436 -0.083124779 -0.037454270 0.993844450
1548339399.233320 -2.446201086 0.169494823 -0.929645002 0.062160973 -0.088379741 -0.038950473 0.993382096
1548339399.266830 -2.439244270 0.156739831 -0.932416022 0.059303846 -0.096280597 -0.037918899 0.992862165
1548339399.300350 -2.446010351 0.163234890 -0.933368504 0.057504799 -0.099493235 -0.041625578 0.992502749
1548339399.333860 -2.450023651 0.161948934 -0.933847129 0.054643121 -0.105969176 -0.043069564 0.991932333
1548339399.367380 -2.452467680 0.159266919 -0.936181605 0.051551942 -0.112777844 -0.045484364 0.991239011
1548339399.400550 -2.450162649 0.160031885 -0.934713483 0.049404878 -0.119127631 -0.048240539 0.990474999
1548339399.433990 -2.446127415 0.162136510 -0.932216287 0.047899917 -0.124212876 -0.051832769 0.989742517
1548339399.467400 -2.448951244 0.163127363 -0.932174325 0.046408940 -0.127043992 -0.054928530 0.989287138
1548339399.500910 -2.460159540 0.162054256 -0.935592592 0.044301275 -0.131499842 -0.058023673 0.988624513
1548339399.534430 -2.454013348 0.170649856 -0.931918204 0.043873698 -0.139570236 -0.064292885 0.987148285
1548339399.567870 -2.450049162 0.189199120 -0.929785311 0.044486638 -0.143810913 -0.070950501 0.986055493
1548339399.601430 -2.450272083 0.190756410 -0.928365588 0.042036481 -0.146968454 -0.075282976 0.985376000
1548339399.634970 -2.445872307 0.192688733 -0.927800298 0.039707225 -0.149771094 -0.079389781 0.984728038
1548339399.668460 -2.446425676 0.197702900 -0.927905142 0.037649352 -0.150596678 -0.082194336 0.984452844
1548339399.701970 -2.444040537 0.197671860 -0.923865318 0.034668304 -0.153240472 -0.083220519 0.984068036
1548339399.735500 -2.434310436 0.197162449 -0.922703922 0.032222535 -0.156709924 -0.084568486 0.983489692
1548339399.769020 -2.433532715 0.200317621 -0.921504378 0.030885318 -0.156241149 -0.083379775 0.983708620
1548339399.802550 -2.436848402 0.202693984 -0.922410071 0.029515065 -0.156854764 -0.082691826 0.983711123
1548339399.836050 -2.434900761 0.204489097 -0.922107816 0.028283704 -0.158872008 -0.083418570 0.983362138
1548339399.869570 -2.436995983 0.206169248 -0.922221780 0.027377140 -0.160215721 -0.083951876 0.983124375
1548339399.903080 -2.448471546 0.213446453 -0.924431503 0.027826160 -0.162021413 -0.085583150 0.982675135
1548339399.936590 -2.440373659 0.216617286 -0.923890650 0.027974859 -0.166866675 -0.089023329 0.981553793
1548339399.970110 -2.445101023 0.217724562 -0.926150680 0.027683895 -0.168321475 -0.090127565 0.981212795
1548339400.003620 -2.455114841 0.232739091 -0.932921886 0.029673781 -0.171514004 -0.090983413 0.980522573
1548339400.037130 -2.446133137 0.232354820 -0.932618737 0.028848346 -0.177685484 -0.094861202 0.979079723
1548339400.070650 -2.443744898 0.232989833 -0.933956802 0.028256519 -0.180028945 -0.095302194 0.978625953
1548339400.104150 -2.450684309 0.238126189 -0.934830666 0.028604850 -0.182715267 -0.096853822 0.977965415
1548339400.137660 -2.444430351 0.238825560 -0.932828188 0.028272951 -0.188836247 -0.099069990 0.976589322
1548339400.171000 -2.449417114 0.242131621 -0.935989916 0.028490473 -0.191695333 -0.101498373 0.975776255
1548339400.204480 -2.458465099 0.247736230 -0.937076032 0.029087218 -0.197105184 -0.104484901 0.974364638
1548339400.237960 -2.449189901 0.245803177 -0.938612282 0.028459309 -0.204665482 -0.109599404 0.972260356
1548339400.271470 -2.450065613 0.240915030 -0.938572526 0.026982736 -0.207737207 -0.113574192 0.971194148
1548339400.304990 -2.461904526 0.245871842 -0.939105749 0.027277198 -0.210050762 -0.116143987 0.970384061
1548339400.338500 -2.457077742 0.239002571 -0.939114273 0.026234634 -0.216896027 -0.120622598 0.968358517
1548339400.371970 -2.458371401 0.234089538 -0.940287888 0.026234007 -0.219245493 -0.123258270 0.967497110
1548339400.405480 -2.468130589 0.235606685 -0.942776084 0.027726300 -0.222106054 -0.124356583 0.966662169
1548339400.439050 -2.464708567 0.229098618 -0.944251776 0.028286714 -0.227864891 -0.126083463 0.965080559
1548339400.472570 -2.466360807 0.228013545 -0.946174502 0.029919093 -0.231542304 -0.126151174 0.964146733
1548339400.506030 -2.466921329 0.226602435 -0.948069453 0.031587113 -0.236754075 -0.126978830 0.962718129
1548339400.539550 -2.462531090 0.221987575 -0.950175762 0.032991495 -0.241402119 -0.128488258 0.961315453
1548339400.573060 -2.463948965 0.222759694 -0.953352034 0.035279460 -0.244065762 -0.129238039 0.960460722
1548339400.606620 -2.465306282 0.223733068 -0.955889523 0.037363853 -0.247818843 -0.130164936 0.959294975
1548339400.640140 -2.466914892 0.222972214 -0.957770228 0.038780611 -0.250910938 -0.131699726 0.958224893
1548339400.673660 -2.470487833 0.226371467 -0.959847033 0.040561263 -0.253432423 -0.130451649 0.957658172
1548339400.707390 -2.471170664 0.227101728 -0.962402821 0.041397303 -0.259440452 -0.130385309 0.956021309
1548339400.740910 -2.454958916 0.224745765 -0.962929368 0.041744396 -0.267806709 -0.130223408 0.953718424
1548339400.774200 -2.462648392 0.228278965 -0.966894865 0.042342838 -0.270579904 -0.130985171 0.952804565
1548339400.807720 -2.464292288 0.230266184 -0.966843009 0.042490166 -0.277153194 -0.132317960 0.950722218
1548339400.840820 -2.458101034 0.222320661 -0.968549192 0.040847652 -0.283735335 -0.135245398 0.948437929
1548339400.874340 -2.464133978 0.227634102 -0.968749583 0.041416503 -0.285795033 -0.135555774 0.947750270
1548339400.908250 -2.465196609 0.229194522 -0.969094336 0.041167367 -0.290845603 -0.136393428 0.946103036
1548339400.941760 -2.457865953 0.222482711 -0.972724736 0.039533608 -0.296234339 -0.138985947 0.944121420
1548339400.975280 -2.457117081 0.222166717 -0.975146055 0.038755678 -0.298696965 -0.140413418 0.943166077
1548339401.008820 -2.462221146 0.226319492 -0.977167666 0.038630545 -0.301332057 -0.141357705 0.942191422
1548339401.042330 -2.457155704 0.221629947 -0.978329241 0.037584610 -0.306126118 -0.143662602 0.940337896
1548339401.075860 -2.455685139 0.222652256 -0.980834484 0.037135132 -0.307730764 -0.144966006 0.939631701
1548339401.109380 -2.453189850 0.223922729 -0.984394073 0.036522254 -0.309780806 -0.146725580 0.938708484
1548339401.142870 -2.449687719 0.221201897 -0.984798431 0.035082728 -0.310996681 -0.149293661 0.937956095
1548339401.176390 -2.448246956 0.219531953 -0.986396074 0.033859283 -0.309931487 -0.150524601 0.938156962
1548339401.209910 -2.449498177 0.222616941 -0.986913621 0.033643685 -0.308088481 -0.149921060 0.938868165
1548339401.243440 -2.446812630 0.222508326 -0.987718701 0.033200067 -0.306817979 -0.149857849 0.939309955
1548339401.277000 -2.441820383 0.221709266 -0.988714099 0.032784823 -0.304176211 -0.149383426 0.940258801
1548339401.310520 -2.440826178 0.228122503 -0.987822533 0.033138003 -0.300452322 -0.146588057 0.941882312
1548339401.344030 -2.442591429 0.229034662 -0.985584080 0.032317039 -0.296947181 -0.146137863 0.943091571
1548339401.377550 -2.436167955 0.229363903 -0.984294355 0.031184994 -0.292174757 -0.143761814 0.944983602
1548339401.411140 -2.438345671 0.232575625 -0.982683957 0.030561289 -0.286138624 -0.141252309 0.947226763
1548339401.444680 -2.433795452 0.229308069 -0.980847716 0.029145505 -0.281121880 -0.139981747 0.948960602
1548339401.478180 -2.431789637 0.230295062 -0.979373991 0.028440202 -0.274498284 -0.137268424 0.951314509
1548339401.511690 -2.431003094 0.229855478 -0.977506697 0.027836621 -0.267770588 -0.135188058 0.953545153
1548339401.545180 -2.429347038 0.228733569 -0.975628912 0.027821150 -0.260587782 -0.133139789 0.955821037
1548339401.578640 -2.430234909 0.231253326 -0.969993651 0.028556207 -0.252645135 -0.129733905 0.958396614
1548339401.612160 -2.428657293 0.233758986 -0.969212651 0.029986670 -0.245585844 -0.125301644 0.960774660
1548339401.645730 -2.426134109 0.233583674 -0.967364430 0.031389527 -0.239111751 -0.122309655 0.962746441
1548339401.679190 -2.420314789 0.231009290 -0.967358708 0.032799035 -0.232710063 -0.119986936 0.964558661
1548339401.712700 -2.411142349 0.227677673 -0.963865221 0.032684609 -0.227032468 -0.115383975 0.966475308
1548339401.746210 -2.409535646 0.227070093 -0.960274994 0.034032866 -0.218746126 -0.111139618 0.968834341
1548339401.779720 -2.408236265 0.227026477 -0.958644092 0.035624485 -0.211945623 -0.107951321 0.970647454
1548339401.813210 -2.402409315 0.220444992 -0.958518982 0.036962066 -0.205298170 -0.104460999 0.972406566
1548339401.846710 -2.389330864 0.216615021 -0.954500973 0.037703693 -0.197973430 -0.101951890 0.974161565
1548339401.880200 -2.402825117 0.229364485 -0.955163956 0.041459750 -0.185980931 -0.096737646 0.976900220
1548339401.913710 -2.400905371 0.226523787 -0.954019368 0.042517629 -0.179940835 -0.094039217 0.978248537
1548339401.947230 -2.392280579 0.219853118 -0.951473713 0.042945214 -0.174027383 -0.091133498 0.979573846
1548339401.980740 -2.381045818 0.209987119 -0.944612622 0.042674959 -0.168246880 -0.088378035 0.980847180
1548339402.014260 -2.376548290 0.208511442 -0.941395700 0.043958388 -0.160902813 -0.084309369 0.982379735
1548339402.047760 -2.371512175 0.205365837 -0.939787686 0.045175627 -0.153040439 -0.080925435 0.983864307
1548339402.081280 -2.365461111 0.202600166 -0.937921405 0.046494361 -0.145326748 -0.077380836 0.985256612
1548339402.114800 -2.366045475 0.201279551 -0.939215779 0.048038978 -0.136192396 -0.074370235 0.986718297
1548339402.148300 -2.370192051 0.201915488 -0.937264919 0.049914774 -0.128343835 -0.071384266 0.987897098
1548339402.181810 -2.352884769 0.193626881 -0.932360530 0.050513897 -0.123783648 -0.069353402 0.988593042
1548339402.215330 -2.360065937 0.192787617 -0.934193790 0.051900595 -0.109411545 -0.064877674 0.990518272
1548339402.248870 -2.363895655 0.195515424 -0.932473481 0.053931817 -0.101892151 -0.061643295 0.991417944
1548339402.282360 -2.354141235 0.189742342 -0.929472864 0.054631889 -0.097266778 -0.060283117 0.991927743
1548339402.315870 -2.357327223 0.188560545 -0.931455731 0.056059573 -0.088059507 -0.057694711 0.992861629
1548339402.348790 -2.363504648 0.188762337 -0.931644142 0.057784613 -0.081637233 -0.056167997 0.993399024
1548339402.382310 -2.364123344 0.184218168 -0.935384929 0.059278186 -0.076748572 -0.055038795 0.993763864
1548339402.415820 -2.358058214 0.186749160 -0.928545773 0.061692115 -0.070695058 -0.055188708 0.994057655
1548339402.449340 -2.361495495 0.183632627 -0.930189967 0.062586069 -0.062618628 -0.053263787 0.994648099
1548339402.482860 -2.356191158 0.181981087 -0.930393398 0.063791558 -0.057275500 -0.052495781 0.994934380
1548339402.516450 -2.353198290 0.183916688 -0.928334951 0.065424696 -0.049537975 -0.050885063 0.995327294
1548339402.549970 -2.341818333 0.175824836 -0.933687210 0.064198427 -0.044801220 -0.048915863 0.995730221
1548339402.583400 -2.313863277 0.171738982 -0.928685248 0.064361110 -0.042183876 -0.046908990 0.995930552
1548339402.616920 -2.309199572 0.182789013 -0.919202805 0.066795059 -0.030599350 -0.042696241 0.996383071
1548339402.650510 -2.313853025 0.179698527 -0.922128081 0.065292083 -0.021167591 -0.038682047 0.996891499
1548339402.684320 -2.305205822 0.178582430 -0.919404745 0.064387761 -0.015280666 -0.036367513 0.997145057
1548339402.717830 -2.293662548 0.176080853 -0.916764677 0.063124880 -0.008204450 -0.033475652 0.997410297
1548339402.751350 -2.308592319 0.174625471 -0.918461919 0.060949314 0.002414039 -0.029186735 0.997711182
1548339402.784870 -2.294728994 0.168886378 -0.922847688 0.058129005 0.007132094 -0.024938438 0.997972071
1548339402.818430 -2.278348684 0.166416049 -0.918343186 0.056114413 0.014508725 -0.020209491 0.998114347
1548339402.851950 -2.282062292 0.164688319 -0.915647864 0.054098520 0.023391724 -0.015588712 0.998139918
1548339402.885470 -2.270594597 0.164620459 -0.909775317 0.053124636 0.028888062 -0.012804987 0.998087883
1548339402.918970 -2.269269228 0.159186363 -0.907029271 0.051318906 0.038134195 -0.009186283 0.997911692
1548339402.952490 -2.278250694 0.156323642 -0.905534506 0.049954347 0.046678785 -0.006219103 0.997640729
1548339402.986000 -2.272036076 0.157845154 -0.900782168 0.050085228 0.050722506 -0.006086184 0.997437537
1548339403.019520 -2.255029678 0.157876790 -0.905099452 0.049664453 0.056792855 -0.005407548 0.997135282
1548339403.053050 -2.251096487 0.157872707 -0.902496576 0.049220815 0.064269722 -0.002252134 0.996715486
1548339403.086570 -2.247400284 0.161456645 -0.898528218 0.049271241 0.067910947 0.000077035 0.996474028
1548339403.120110 -2.241787434 0.161033228 -0.893843234 0.048706532 0.072090477 0.001620471 0.996206820
1548339403.153600 -2.239934683 0.162584439 -0.890856385 0.048313692 0.077321924 0.005302528 0.995820761
1548339403.187120 -2.230284214 0.163270772 -0.884816051 0.047958907 0.080578022 0.007197302 0.995567858
1548339403.220630 -2.225653410 0.164141536 -0.880285859 0.047779988 0.087251194 0.010549563 0.994983971
1548339403.254130 -2.238425255 0.164639428 -0.882764757 0.047847848 0.093464844 0.012218138 0.994397163
1548339403.287560 -2.213907003 0.171032548 -0.868239164 0.049249955 0.095129773 0.012308536 0.994169652
1548339403.321030 -2.212255478 0.166912377 -0.865061641 0.048824672 0.104505830 0.014323767 0.993221819
1548339403.354590 -2.214413643 0.166886866 -0.863343596 0.049331542 0.108337477 0.014100471 0.992789328
1548339403.388200 -2.211364746 0.171171844 -0.854976416 0.050692648 0.109663829 0.011006117 0.992614269
1548339403.421870 -2.205747128 0.172335967 -0.850685596 0.051208694 0.112221852 0.006943484 0.992338538
1548339403.455480 -2.202160835 0.172559202 -0.845347404 0.051980156 0.115199238 0.003650786 0.991974771
1548339403.489000 -2.199795723 0.172816724 -0.839960933 0.052874047 0.116916515 -0.000566844 0.991733134
1548339403.522510 -2.198118210 0.175892293 -0.836972296 0.054193377 0.120636098 -0.004878843 0.991204441
1548339403.555930 -2.175141096 0.180336222 -0.828814924 0.055664808 0.122040257 -0.006773933 0.990939856
1548339403.589080 -2.175427675 0.180172831 -0.823723376 0.055807825 0.124176525 -0.009712994 0.990641952
1548339403.622570 -2.159371138 0.180939913 -0.822743654 0.055660814 0.125690028 -0.012255733 0.990431130
1548339403.656080 -2.162424088 0.179774255 -0.819492579 0.054754026 0.131142795 -0.010949422 0.989789724
1548339403.689600 -2.164355755 0.180107683 -0.812968910 0.054032248 0.133199438 -0.011042342 0.989553750
1548339403.723140 -2.152175188 0.177988157 -0.810763478 0.052599274 0.134397492 -0.010188444 0.989478111
1548339403.757030 -2.142448902 0.179516286 -0.806589842 0.051500071 0.138492316 -0.007037099 0.988998592
1548339403.790540 -2.159394979 0.174323142 -0.801496804 0.049132876 0.147313878 -0.002620938 0.987865269
1548339403.824060 -2.132314444 0.181324556 -0.798782885 0.049452391 0.146793872 0.003870526 0.987922609
1548339403.857000 -2.119379282 0.172651902 -0.799975157 0.046969533 0.149983093 0.009000634 0.987531245
1548339403.890460 -2.119426489 0.168660045 -0.791550457 0.046114877 0.156571269 0.015745534 0.986463845
1548339403.923970 -2.115572453 0.164297074 -0.786465049 0.045376550 0.161308780 0.021428475 0.985627353
1548339403.957490 -2.100548983 0.155040950 -0.786226511 0.043805454 0.165160820 0.025887990 0.984953225
1548339403.991010 -2.094224930 0.150482610 -0.780774117 0.043718487 0.172733977 0.031314474 0.983499408
1548339404.024520 -2.094701767 0.145515382 -0.776702940 0.044174396 0.179280937 0.036752846 0.982118309
1548339404.058100 -2.103998661 0.134417087 -0.771473587 0.043832410 0.185817376 0.039590966 0.980807483
1548339404.091630 -2.069945097 0.144359946 -0.769055307 0.048162010 0.185103059 0.043176062 0.980588138
1548339404.125210 -2.069647789 0.137406901 -0.764532089 0.049782559 0.189368978 0.045332205 0.979594886
1548339404.158730 -2.064611435 0.135787681 -0.763277590 0.052532472 0.192393035 0.046473488 0.978808165
1548339404.192270 -2.061642170 0.132511556 -0.761074424 0.054931119 0.195826426 0.047480032 0.977946997
1548339404.225780 -2.060746670 0.127554476 -0.756369114 0.057159621 0.198796421 0.047797006 0.977204323
1548339404.259300 -2.054713964 0.126725286 -0.752268314 0.060313698 0.199980959 0.047272764 0.976798475
1548339404.292810 -2.065134764 0.118229441 -0.748360693 0.062079757 0.202702880 0.046532679 0.976162076
1548339404.326330 -2.055616379 0.118039064 -0.747853518 0.064869404 0.199959606 0.045511555 0.976594508
1548339404.359870 -2.055153847 0.113758951 -0.750799716 0.066232324 0.200684935 0.043477003 0.976446986
1548339404.393440 -2.056583405 0.117469713 -0.747833490 0.068958133 0.202147186 0.042325981 0.976007044
1548339404.426960 -2.053367853 0.117693081 -0.748466849 0.070238501 0.200726882 0.040108182 0.976302505
1548339404.460390 -2.052325249 0.122454584 -0.746179938 0.071676880 0.202170730 0.038098194 0.975980580
1548339404.493910 -2.048210621 0.116737738 -0.746407628 0.070895337 0.202961639 0.036863878 0.975920916
1548339404.527410 -2.046009779 0.120048076 -0.745776772 0.071572058 0.204032123 0.036477227 0.975662708
1548339404.561050 -2.032415390 0.116752133 -0.752644718 0.070151843 0.204293013 0.035330091 0.975753486
1548339404.594610 -2.034694195 0.123901792 -0.747871995 0.071095318 0.209758922 0.036775079 0.974471271
1548339404.628120 -2.029631138 0.123318166 -0.748622537 0.069475189 0.210800990 0.036565479 0.974371135
1548339404.661640 -2.027836800 0.122670442 -0.747056067 0.067272089 0.213557363 0.036024794 0.973945558
1548339404.695150 -2.028269053 0.126707718 -0.742599249 0.065478064 0.218046129 0.036158018 0.973067939
1548339404.728630 -2.032608509 0.133688971 -0.732447267 0.064278305 0.219301596 0.035630405 0.972885251
1548339404.762130 -2.033325195 0.124385878 -0.737634122 0.058589097 0.219490558 0.033269905 0.973285377
1548339404.795650 -2.025395393 0.142883062 -0.725073934 0.058579791 0.222124532 0.033134460 0.972692788
1548339404.829160 -2.031320810 0.142720342 -0.719822109 0.055617489 0.222825587 0.032218408 0.972737074
1548339404.862660 -2.022834778 0.141202390 -0.722611189 0.052276734 0.221695065 0.031167125 0.973214865
1548339404.896180 -2.021453619 0.142369434 -0.718204856 0.050268192 0.224559933 0.031762276 0.972644448
1548339404.929700 -2.022326946 0.147792071 -0.712160885 0.049863592 0.225473017 0.032453690 0.972431242
1548339404.963210 -2.009200096 0.147295386 -0.720382929 0.047642220 0.224280953 0.031921301 0.972835720
1548339404.996730 -1.996174812 0.161353365 -0.724554241 0.048122182 0.228140950 0.033201449 0.971871197
1548339405.030240 -1.995414615 0.157702148 -0.724475205 0.044954993 0.233267248 0.034345910 0.970765591
1548339405.063730 -1.993311524 0.158955187 -0.721146107 0.042474024 0.236971542 0.033746544 0.970000863
1548339405.097200 -1.989905119 0.162384659 -0.721144915 0.040018979 0.240967065 0.032237254 0.969171941
1548339405.130710 -1.988629103 0.167565376 -0.718718827 0.038135029 0.244692311 0.030885274 0.968358159
1548339405.164140 -1.988836169 0.169299796 -0.712448359 0.036043521 0.246845350 0.028793555 0.967956245
1548339405.197620 -1.990597367 0.162209377 -0.709898829 0.032907505 0.248171806 0.026755478 0.967787206
1548339405.231140 -1.989769101 0.161367357 -0.708775163 0.031982251 0.248813912 0.025022784 0.967699707
1548339405.264660 -1.989577055 0.161199108 -0.707674146 0.032339260 0.249380946 0.024432823 0.967556953
1548339405.298170 -1.991284132 0.158930421 -0.706369460 0.033307217 0.249578238 0.024678741 0.967467010
1548339405.331690 -1.988988280 0.168553874 -0.702301621 0.037491843 0.249009520 0.026201881 0.967420340
1548339405.365180 -1.985757709 0.167583123 -0.703644872 0.039462406 0.248114556 0.027892657 0.967524648
1548339405.398530 -1.985750794 0.166794688 -0.705687046 0.041661233 0.247043476 0.030503206 0.967627764
1548339405.432040 -1.986973166 0.165773690 -0.706184864 0.043574549 0.245963931 0.033201925 0.967729688
1548339405.465730 -1.984254122 0.163223654 -0.710317612 0.044831019 0.244550422 0.035845108 0.967936218
1548339405.499270 -1.986684799 0.162345067 -0.708703220 0.046703219 0.244067639 0.039037194 0.967846036
1548339405.532800 -1.990023851 0.160633832 -0.707015872 0.048534036 0.241460875 0.041339274 0.968314111
1548339405.566370 -1.992227197 0.157589167 -0.704144478 0.050093733 0.239119366 0.043168671 0.968735814
1548339405.599920 -1.992583394 0.154578000 -0.705342114 0.052232005 0.236349642 0.045504525 0.969195604
1548339405.633440 -1.991722941 0.150035918 -0.708019614 0.054461632 0.233364016 0.047881335 0.969681740
1548339405.667370 -1.992076993 0.147794515 -0.709875345 0.057383668 0.230599627 0.049882412 0.970073581
1548339405.700950 -1.992843986 0.144648910 -0.711547911 0.060289074 0.228115872 0.051623117 0.970393419
1548339405.734490 -1.993810773 0.143022910 -0.714309335 0.063426308 0.225496605 0.052798010 0.970742404
1548339405.768040 -1.994264841 0.142267600 -0.718396664 0.066057310 0.223211542 0.053316470 0.971066654
1548339405.801560 -2.001389503 0.134596616 -0.717125654 0.066586092 0.221971631 0.053111896 0.971325934
1548339405.835050 -1.999779224 0.126417026 -0.722294629 0.066481113 0.218877450 0.052373171 0.972075164
1548339405.868590 -2.000831127 0.127363935 -0.724153519 0.067799129 0.217076167 0.051538076 0.972432554
1548339405.902130 -2.000975132 0.127319112 -0.726008773 0.068572253 0.214966133 0.050652441 0.972893476
1548339405.935670 -1.998508453 0.135196507 -0.728192449 0.070459455 0.212731689 0.049429350 0.973312676
1548339405.969190 -1.996339083 0.134628132 -0.730999529 0.070457399 0.212037399 0.048885215 0.973491788
1548339406.002700 -1.996599555 0.133764833 -0.728944004 0.070185050 0.212918296 0.048832972 0.973321795
1548339406.036230 -1.997437119 0.136892408 -0.728921592 0.070490770 0.213140577 0.048546847 0.973265350
1548339406.069750 -1.998103857 0.137095064 -0.728449643 0.069965795 0.213109404 0.047920581 0.973341048
1548339406.103260 -2.001319170 0.138897628 -0.727959752 0.069381125 0.213408038 0.046827365 0.973370671
1548339406.136800 -2.002679110 0.134752184 -0.728875756 0.067238450 0.213369474 0.045244042 0.973604381
1548339406.170310 -2.004248142 0.138565272 -0.725299835 0.066755541 0.213660002 0.043719769 0.973643541
1548339406.203810 -2.005308867 0.139328301 -0.724673271 0.065767050 0.213246197 0.042220663 0.973867655
1548339406.237320 -2.008090496 0.140651897 -0.722214580 0.065265797 0.212605283 0.040826138 0.974100947
1548339406.270840 -2.012126446 0.138270274 -0.721751511 0.064178117 0.211555451 0.039315019 0.974463880
1548339406.304340 -2.012270451 0.133906841 -0.723151207 0.063041888 0.210590094 0.038676754 0.974772692
1548339406.337860 -2.016582727 0.135815784 -0.720655680 0.062972941 0.209592476 0.037355687 0.975043595
1548339406.371320 -2.018447399 0.136289150 -0.721394777 0.062303279 0.207477570 0.035336182 0.975614011
1548339406.404710 -2.023533344 0.140917704 -0.717617035 0.062640019 0.205757767 0.033242561 0.976030231
1548339406.438220 -2.030743361 0.152777046 -0.715519726 0.063886508 0.202567965 0.030074770 0.976719141
1548339406.471550 -2.030158043 0.150223672 -0.720381975 0.061466265 0.199088454 0.026221290 0.977700472
1548339406.505070 -2.033354044 0.152576104 -0.719229460 0.060223095 0.197035715 0.023293007 0.978267610
1548339406.538550 -2.037137270 0.154117078 -0.718374491 0.058764879 0.194300830 0.020301923 0.978969753
1548339406.572040 -2.037983894 0.160730213 -0.721300006 0.058256604 0.191183344 0.017875683 0.979660988
1548339406.605420 -2.040944576 0.162684649 -0.721300900 0.056750063 0.188454106 0.016193587 0.980307281
1548339406.638870 -2.043317795 0.163897812 -0.721370637 0.055285726 0.185614392 0.015225901 0.980948031
1548339406.672390 -2.040379286 0.162853599 -0.725518107 0.053270265 0.182206959 0.014656601 0.981706798
1548339406.705970 -2.040114880 0.162540466 -0.727190554 0.051467560 0.181055501 0.014856586 0.982012928
1548339406.739650 -2.043102980 0.167250037 -0.723379552 0.051107660 0.180389568 0.015348936 0.982146680
1548339406.773000 -2.043209791 0.166033298 -0.724755466 0.049869649 0.178073987 0.015502558 0.982630312
1548339406.806450 -2.043741703 0.165938139 -0.725355268 0.049278162 0.176777363 0.015873544 0.982888401
1548339406.839950 -2.044085503 0.164000139 -0.726419687 0.048419494 0.175293148 0.015923521 0.983196020
1548339406.873450 -2.044835567 0.163019270 -0.726906657 0.047951970 0.174476624 0.015716741 0.983367443
1548339406.906970 -2.045290232 0.162209451 -0.727195024 0.047826461 0.173684403 0.015472875 0.983517647
1548339406.940490 -2.046453476 0.161162436 -0.726907969 0.048080251 0.173096135 0.015393535 0.983610213
