1341846092.023798 0.000000000 0.000000000 0.000000000 0.000000000 0.000000000 0.000000000 1.000000000
1341846092.059891 -0.000365440 0.000832162 0.000441607 0.001547765 0.000648833 -0.001633536 0.999997258
1341846092.091861 -0.000385455 0.000735662 0.000028913 0.002857629 0.001090376 -0.001888001 0.999993563
1341846092.123884 0.000403741 0.001701456 -0.000003166 0.004553046 0.001077904 -0.001583578 0.999987781
1341846092.159881 0.001249133 0.000507240 0.000436209 0.005630583 0.000816819 0.000172565 0.999983788
1341846092.191824 0.000828208 0.002544703 0.000094453 0.007495102 0.000501744 0.000933344 0.999971330
1341846092.227766 0.006277663 0.002821686 -0.001983702 0.008530566 0.000165236 -0.000036011 0.999963582
1341846092.259844 0.003416118 0.004478259 -0.001381263 0.008094033 0.000998271 -0.000506463 0.999966621
1341846092.291754 0.004451722 0.001073522 0.002228854 0.008408152 0.000684096 -0.002189746 0.999962032
1341846092.327827 0.004780864 0.000061221 0.003145453 0.010712297 0.000777646 -0.002257545 0.999939799
1341846092.359956 0.002013665 -0.000231837 0.003155927 0.013603766 0.001420223 -0.003406868 0.999900639
1341846092.395855 0.004203630 0.000698861 0.002872443 0.016542511 0.000852932 -0.005432530 0.999848008
1341846092.428016 0.003650081 0.000205534 0.002336904 0.019107454 0.001564871 -0.008259607 0.999782085
1341846092.459991 0.003663936 -0.001713699 0.002672923 0.021480368 0.001903568 -0.010441324 0.999712944
1341846092.495930 0.003662471 -0.003284910 0.002787448 0.024605541 0.002380039 -0.012576115 0.999615312
1341846092.528072 0.004838029 -0.005591786 0.000906928 0.027984282 0.002502971 -0.015942937 0.999478102
1341846092.559842 0.001996591 -0.006398141 0.002059712 0.032655619 0.004659482 -0.018329062 0.999287724
1341846092.595783 0.004898061 -0.006744736 0.000105584 0.037217353 0.005103806 -0.017804654 0.999135554
1341846092.628121 0.005301320 -0.008136491 0.000400332 0.041347012 0.004161910 -0.017115159 0.998989582
1341846092.659797 0.010758159 -0.003182494 0.000014597 0.046798978 0.004361158 -0.018227756 0.998728454
1341846092.696012 0.007327802 -0.000240148 -0.000089117 0.049865913 0.006920720 -0.019233553 0.998546720
1341846092.727906 0.006530489 -0.009645517 0.000239188 0.051869307 0.007245929 -0.019806819 0.998431146
1341846092.760105 0.004158307 -0.014222334 -0.000561296 0.058064885 0.007365470 -0.016647803 0.998146832
1341846092.795871 0.007663578 -0.011114100 -0.000101126 0.063384719 0.004978113 -0.015776487 0.997852027
1341846092.827857 0.009129082 -0.016968412 -0.007311994 0.068079859 0.005066759 -0.020209033 0.997462332
1341846092.863824 0.013171333 -0.018371610 -0.005819202 0.071807183 0.007087421 -0.026625762 0.997037888
1341846092.895885 0.010702888 -0.015043159 -0.000594170 0.074084163 0.007548529 -0.028659813 0.996811509
1341846092.927920 0.010993673 -0.020353146 0.001508614 0.078416727 0.007064445 -0.029248493 0.996466458
1341846092.963849 0.011963984 -0.018445436 -0.000735297 0.084803440 0.008191640 -0.028960241 0.995943069
1341846092.995760 0.010505204 -0.024866380 -0.000703207 0.088855594 0.008813489 -0.028315088 0.995602965
1341846093.027860 0.012495993 -0.030313307 -0.001202517 0.096301824 0.008053097 -0.025449425 0.994994223
1341846093.063741 0.014777428 -0.024228122 -0.000703938 0.104953267 0.008155333 -0.024489095 0.994142115
1341846093.125933 0.022365712 -0.031055272 -0.001701150 0.110884748 0.010012677 -0.029443320 0.993346572
1341846093.157795 0.012276410 -0.025267759 -0.001757711 0.118047968 0.013377970 -0.026009437 0.992577076
1341846093.189822 0.014645041 -0.033294272 -0.001937863 0.121796362 0.010738198 -0.022965038 0.992231309
1341846093.225887 0.019752838 -0.032807127 -0.002668645 0.127027765 0.010534193 -0.022431998 0.991589487
1341846093.257900 0.021477427 -0.032906376 -0.002651568 0.131701514 0.012090967 -0.021496197 0.990982533
1341846093.289744 0.022475762 -0.037808709 -0.003266318 0.136618286 0.013362995 -0.021176035 0.990307212
1341846093.325795 0.020528311 -0.039909240 -0.007379741 0.142432645 0.014440246 -0.020770930 0.989481151
1341846093.357904 0.020274207 -0.039172929 -0.009363924 0.147123143 0.015752442 -0.021827266 0.988751829
1341846093.393841 0.018978702 -0.039961874 -0.004274820 0.150620371 0.016977498 -0.022911374 0.988180339
1341846093.425924 0.017768783 -0.047838185 -0.005707361 0.155623406 0.016480714 -0.019623306 0.987483978
1341846093.457796 0.025310969 -0.047005478 -0.010322670 0.161868170 0.014491261 -0.017626535 0.986548543
1341846093.493817 0.026520114 -0.053581856 -0.012426992 0.166129395 0.015144094 -0.015573123 0.985864699
1341846093.525871 0.039194975 -0.049198776 -0.007368310 0.173288971 0.012985762 -0.011785785 0.984714866
1341846093.561833 0.037677485 -0.055031218 -0.008269941 0.179360718 0.013033930 -0.008506383 0.983660221
1341846093.593995 0.031141644 -0.051079571 -0.011464900 0.185598448 0.014229350 -0.009114412 0.982480347
1341846093.625945 0.039103262 -0.051462632 -0.020028505 0.188563377 0.014587160 -0.009439372 0.981907308
1341846093.661809 0.040697973 -0.054586086 -0.021961015 0.194097832 0.014479216 -0.011322393 0.980809987
1341846093.693938 0.042883065 -0.053270709 -0.024156280 0.200222373 0.014423703 -0.011691702 0.979574561
1341846093.725842 0.034618963 -0.064953037 -0.019709548 0.203735366 0.014248039 -0.011450724 0.978855371
1341846093.761995 0.029597677 -0.071269304 -0.025052140 0.210824996 0.013430480 -0.008656106 0.977393210
1341846093.794228 0.031260781 -0.076901689 -0.023763571 0.217611521 0.009757561 -0.004269755 0.975977361
1341846093.829820 0.034140792 -0.073618539 -0.027370624 0.224672720 0.006853170 -0.004092751 0.974401593
1341846093.861841 0.036542181 -0.065897226 -0.030891260 0.230254188 0.008315924 -0.006315735 0.973074496
1341846093.893823 0.029442143 -0.077914484 -0.028173756 0.235846862 0.008982335 -0.008460117 0.971711874
1341846093.929912 0.029384144 -0.083618544 -0.033814326 0.242773682 0.006022566 -0.006868361 0.970039964
1341846093.961968 0.041726798 -0.083050787 -0.040562913 0.251375705 0.004148087 -0.003104793 0.967875719
1341846093.994029 0.041561615 -0.084354311 -0.042166971 0.256423682 0.005093570 -0.003056802 0.966546237
1341846094.029902 0.037779856 -0.079841450 -0.045688018 0.260354966 0.006323200 -0.005696154 0.965475440
1341846094.062046 0.053115822 -0.084633157 -0.039249510 0.264203399 0.005730027 -0.004981656 0.964437127
1341846094.097921 0.052082527 -0.078632228 -0.041561585 0.269758761 0.006552537 -0.003403120 0.962899625
1341846094.129856 0.062567793 -0.090115622 -0.033503879 0.269428521 0.005970216 -0.004346201 0.962992072
1341846094.161786 0.063006483 -0.084443875 -0.035120130 0.273383886 0.008033505 -0.004121179 0.961862624
1341846094.197938 0.054704547 -0.084236197 -0.041443247 0.273117781 0.013902398 -0.005225081 0.961865962
1341846094.229967 0.048438594 -0.088574134 -0.037737492 0.273924679 0.016017199 -0.004441397 0.961607516
1341846094.261795 0.051767975 -0.087672569 -0.034473948 0.272554249 0.016784765 -0.005674939 0.961977243
1341846094.297927 0.052936204 -0.077937298 -0.036435585 0.271406233 0.018941309 -0.005771653 0.962261200
1341846094.329846 0.047592070 -0.081751965 -0.042987652 0.268251419 0.021821924 -0.007213106 0.963074744
1341846094.366053 0.050997101 -0.081369832 -0.032999087 0.264808595 0.019934202 -0.005705317 0.964078069
1341846094.397911 0.052102745 -0.079771630 -0.040772896 0.260971248 0.017898558 -0.004372333 0.965170741
1341846094.429746 0.046148155 -0.078755863 -0.034816120 0.255071789 0.019437611 -0.006086702 0.966707587
1341846094.466133 0.063977003 -0.069400243 -0.023872938 0.248900294 0.015213383 -0.005010107 0.968396664
1341846094.497922 0.063703030 -0.079793684 -0.025354795 0.241359875 0.011641321 -0.000973174 0.970365405
1341846094.533970 0.050525177 -0.067280218 -0.030893702 0.235956267 0.011553966 0.003298841 0.971689403
1341846094.565945 0.056904696 -0.066824928 -0.026331680 0.228108734 0.008265089 0.005626874 0.973584354
1341846094.597899 0.052966144 -0.061754365 -0.030298276 0.220888078 0.008773887 0.007748059 0.975228906
1341846094.633912 0.049734898 -0.051496860 -0.021588575 0.213417038 0.007843559 0.010354988 0.976874828
1341846094.665844 0.060255617 -0.051575243 -0.023704501 0.206915572 0.004320840 0.013165699 0.978260636
1341846094.697961 0.073455520 -0.044165637 -0.028232401 0.200060129 0.005197416 0.011564007 0.979701579
1341846094.733999 0.072881021 -0.047536336 -0.032061722 0.192925155 0.009227509 0.012559321 0.981089711
1341846094.767923 0.061756823 -0.045208126 -0.030764328 0.186740249 0.009907662 0.019810637 0.982159615
1341846094.801844 0.053971913 -0.043731071 -0.020235486 0.181386903 0.006667427 0.024260772 0.983089924
1341846094.833846 0.062017564 -0.032671995 -0.017056661 0.176963985 0.006207531 0.025528423 0.983866632
1341846094.866031 0.057448331 -0.034740742 -0.021924363 0.168685943 0.009156760 0.028405050 0.985217929
1341846094.901923 0.057908095 -0.025101768 -0.020261357 0.159518436 0.008304778 0.032139651 0.986636698
1341846094.966365 0.062989488 -0.022356061 -0.018857300 0.143653497 0.003747260 0.038791414 0.988860369
1341846095.002198 0.065979794 -0.002325640 -0.015872816 0.136185780 0.004321816 0.037341278 0.989969909
1341846095.034722 0.063846163 -0.025559295 -0.017094908 0.120625146 0.006016130 0.034743909 0.992071688
1341846095.075946 0.059196752 -0.007967540 -0.013596841 0.119917057 0.007748236 0.037144236 0.992058575
1341846095.134021 0.061403006 -0.015757317 -0.013745554 0.110707000 0.010781408 0.040437296 0.992971599
1341846095.169946 0.062884726 -0.008969902 -0.011994720 0.109289505 0.010728071 0.045319196 0.992918372
1341846095.201911 0.056310650 -0.011343978 -0.019233987 0.104149729 0.010764108 0.047781702 0.993354857
1341846095.233880 0.057882924 -0.007994398 -0.022483340 0.099199861 0.010542882 0.048089299 0.993848920
1341846095.269927 0.050802376 0.003201884 -0.017935783 0.096214816 0.012181771 0.047060017 0.994172871
1341846095.301803 0.047402386 0.003544565 -0.015715720 0.090005621 0.010639341 0.047986459 0.994727671
1341846095.337767 0.056764632 0.011972540 -0.012828606 0.085647672 0.006496055 0.051820166 0.994955719
1341846095.369772 0.059302781 0.006167697 -0.013873586 0.078426592 0.007305223 0.049528569 0.995662034
1341846095.401800 0.054575428 0.010377960 -0.012879902 0.073973075 0.008660038 0.050604191 0.995937884
1341846095.437762 0.056875531 0.009892880 -0.019113338 0.068954803 0.007437003 0.051400475 0.996267021
1341846095.469900 0.059848350 0.007235319 -0.017396720 0.064370602 0.008100191 0.054991502 0.996376812
1341846095.501905 0.057631884 0.012976835 -0.019011583 0.061882187 0.009496486 0.055281065 0.996506095
1341846095.538219 0.060147736 0.019875417 -0.010270916 0.056933668 0.009685352 0.053663507 0.996887624
1341846095.569934 0.061036792 0.018871130 -0.010081335 0.051216248 0.010410773 0.052807141 0.997236133
1341846095.606238 0.063184507 0.020018728 -0.007266930 0.046650492 0.010343276 0.054277275 0.997381926
1341846095.637875 0.059403431 0.016596470 -0.007570106 0.042906605 0.010996846 0.055827912 0.997457445
1341846095.669890 0.063318446 0.019165697 -0.009566520 0.039990932 0.010224629 0.056683056 0.997538567
1341846095.705878 0.066186026 0.023424547 -0.008677627 0.036547571 0.011739405 0.056282233 0.997676671
1341846095.737902 0.065540321 0.019445213 -0.008139973 0.031511243 0.013180007 0.058927964 0.997677684
1341846095.773812 0.064254858 0.020217715 -0.008487764 0.028415509 0.013452357 0.060654260 0.997663617
1341846095.838106 0.067032695 0.029484008 -0.011221456 0.021411663 0.015420025 0.059454165 0.997882247
1341846095.873871 0.064344540 0.035548009 -0.008099304 0.017868385 0.017741177 0.057614077 0.998021364
1341846095.905980 0.055511139 0.037460670 -0.009843690 0.011928769 0.018927807 0.058635104 0.998028755
1341846095.937932 0.063667201 0.037786398 -0.009841145 0.006826360 0.016264593 0.060480632 0.998013496
1341846095.973926 0.067615956 0.043377988 -0.009455496 0.003991347 0.016763939 0.060966473 0.997991085
1341846096.005891 0.062081039 0.046374153 -0.011093955 -0.000805050 0.017699180 0.062054507 0.997915506
1341846096.041838 0.066049017 0.039184112 -0.011726691 -0.007540894 0.015760874 0.061423633 0.997958839
1341846096.073937 0.063710175 0.047612954 -0.009295106 -0.010379486 0.016263219 0.058716957 0.998088241
1341846096.105773 0.065876819 0.047500402 -0.010845848 -0.016148087 0.015960468 0.057188556 0.998105228
1341846096.141944 0.061127115 0.048589163 -0.009625131 -0.022455372 0.016878303 0.056231108 0.998022497
1341846096.173951 0.065765202 0.043510076 -0.006392960 -0.026585141 0.014934796 0.055197004 0.998009801
1341846096.205991 0.067109868 0.046752241 -0.003445897 -0.027123703 0.014856877 0.054918222 0.998011827
1341846096.241942 0.064210430 0.047364075 -0.007895021 -0.029780954 0.014686336 0.057106134 0.997815788
1341846096.273909 0.063680768 0.047483053 -0.008855061 -0.032526564 0.014108116 0.055159342 0.997847915
1341846096.309891 0.065437131 0.053152021 -0.010779856 -0.035598803 0.014259887 0.053413257 0.997835875
1341846096.341861 0.064605586 0.045828480 -0.007756216 -0.040429454 0.013851480 0.053856656 0.997633755
1341846096.374240 0.067279615 0.047332898 -0.005463563 -0.041071329 0.012267943 0.053361088 0.997654855
1341846096.409718 0.067839362 0.058321074 -0.006044868 -0.040158797 0.012877479 0.051716015 0.997770965
1341846096.441905 0.066511162 0.056212712 -0.006937062 -0.044022158 0.013573707 0.049615502 0.997705400
1341846096.473846 0.070099778 0.053329937 -0.005829289 -0.047671851 0.011971924 0.046952289 0.997687161
1341846096.510050 0.072022989 0.052968889 -0.003017304 -0.049878929 0.011840820 0.044826180 0.997678578
1341846096.542063 0.069800928 0.047727466 -0.004874717 -0.052272070 0.013332991 0.044097442 0.997569680
1341846096.577955 0.064425886 0.054644287 -0.007898944 -0.053301364 0.014697867 0.044040069 0.997498572
1341846096.609941 0.062689014 0.057621285 -0.011609511 -0.057132814 0.014383570 0.042654704 0.997351289
1341846096.641875 0.066006012 0.055844672 -0.010843908 -0.063058205 0.013355042 0.040061060 0.997116089
1341846096.677902 0.068191208 0.060879409 -0.009008127 -0.064727783 0.013471195 0.038255803 0.997078419
1341846096.709906 0.067218125 0.058332793 -0.015965298 -0.070571877 0.013843855 0.038175557 0.996679783
1341846096.745991 0.071031220 0.063823640 -0.011102177 -0.075043499 0.012260860 0.038369235 0.996366382
1341846096.777870 0.071358182 0.063559704 -0.009565268 -0.079151392 0.013154032 0.034745116 0.996170104
1341846096.810244 0.070021972 0.071674377 -0.010690613 -0.084418587 0.013988344 0.033633377 0.995764315
1341846096.845763 0.069321439 0.073877893 -0.010089247 -0.090672433 0.013467373 0.032850079 0.995247722
1341846096.878199 0.074672982 0.071948119 -0.007522606 -0.095409989 0.012735562 0.030333677 0.994894266
1341846096.909946 0.070044629 0.077247500 -0.011059076 -0.098418638 0.014179451 0.031474493 0.994546175
1341846096.945914 0.070211671 0.078031465 -0.010166229 -0.105649069 0.012926001 0.031301513 0.993826628
1341846096.978058 0.074129038 0.078360401 -0.008505838 -0.113961637 0.012256393 0.028378127 0.993004143
1341846097.014061 0.072064698 0.081403792 -0.008710654 -0.120521292 0.014211255 0.025684781 0.992276669
1341846097.045960 0.070191048 0.078601480 -0.009106455 -0.129362404 0.015526992 0.024674397 0.991168737
1341846097.078464 0.071784206 0.081462421 -0.006085924 -0.134896949 0.015589823 0.024194358 0.990441501
1341846097.113795 0.071605973 0.084028594 -0.005204754 -0.139202490 0.016513081 0.022115625 0.989879251
1341846097.146138 0.070580341 0.085929349 -0.004879132 -0.142797038 0.018179545 0.021114610 0.989359736
1341846097.178019 0.072932094 0.081772640 -0.003421951 -0.147512600 0.018300651 0.022428149 0.988636434
1341846097.213933 0.073918365 0.081479363 -0.004874777 -0.148920581 0.015787538 0.022784263 0.988460541
1341846097.246080 0.072207987 0.084498070 -0.003114461 -0.150990158 0.014916808 0.021869412 0.988180757
1341846097.282030 0.076894686 0.090470344 -0.003888462 -0.151936054 0.014865816 0.020661186 0.988062501
1341846097.313977 0.077267200 0.084475122 -0.002477782 -0.155671537 0.014812095 0.024459802 0.987394869
1341846097.345922 0.076036498 0.086269684 -0.007102455 -0.159013048 0.013570325 0.029588135 0.986739695
1341846097.381852 0.065466933 0.080261193 0.004123124 -0.164318219 0.017039014 0.028591663 0.985845685
1341846097.413864 0.070412636 0.081506617 -0.002537887 -0.168069065 0.019278696 0.028288063 0.985180616
1341846097.445910 0.082656719 0.089266010 -0.010836397 -0.174649402 0.016785964 0.029454673 0.984046876
1341846097.481979 0.074456200 0.091486700 -0.007457485 -0.182406425 0.018665824 0.026255393 0.982695341
1341846097.514061 0.072959222 0.082755663 -0.004195951 -0.191444889 0.020617491 0.022075946 0.981038451
1341846097.550048 0.069530964 0.074270822 -0.001989354 -0.201296449 0.022777090 0.022313846 0.979011238
1341846097.587812 0.069267273 0.101703018 -0.005033534 -0.202589974 0.022655303 0.022245968 0.978748739
1341846097.649731 0.072113611 0.103439681 -0.006972109 -0.211160257 0.023879247 0.017242184 0.977007568
1341846097.681970 0.083753861 0.092837386 -0.002204753 -0.220184296 0.021487340 0.015044856 0.975105524
1341846097.714026 0.083869927 0.098760508 -0.004273586 -0.222263411 0.021302836 0.015614918 0.974628806
1341846097.749749 0.081617527 0.097552903 -0.003994418 -0.223393276 0.021877838 0.014100648 0.974380791
1341846097.782019 0.082465358 0.092741333 -0.006744645 -0.228116632 0.021387579 0.011948371 0.973325551
1341846097.817835 0.075812355 0.099120609 -0.005045935 -0.229908973 0.022478899 0.010802676 0.972892523
1341846097.849998 0.075936526 0.109651275 -0.010316666 -0.224495858 0.022144599 0.009574107 0.974176347
1341846097.882032 0.076206960 0.101660050 -0.007929968 -0.225467369 0.021234818 0.008839598 0.973979175
1341846097.917945 0.078759737 0.107239284 -0.008173303 -0.223894373 0.019458048 0.008104320 0.974385440
1341846097.949812 0.070866793 0.097761266 -0.008248285 -0.222223684 0.021353155 0.005724493 0.974745035
1341846097.985786 0.071037553 0.109435678 -0.010570314 -0.214503765 0.022071082 0.006383361 0.976452887
1341846098.017778 0.073219903 0.110656194 -0.011146350 -0.208688319 0.021438932 0.006154586 0.977727830
1341846098.050033 0.070554458 0.116130561 -0.011738746 -0.200275853 0.022285288 0.002414013 0.979483068
1341846098.085962 0.065514237 0.102176443 -0.009911192 -0.199236989 0.025020050 -0.002244515 0.979629338
1341846098.117764 0.067551509 0.101670481 -0.009192609 -0.197907776 0.027869357 -0.011692199 0.979754627
1341846098.149904 0.073136277 0.097271629 -0.007287884 -0.198890269 0.028124735 -0.014969588 0.979503751
1341846098.185874 0.068601370 0.093761370 -0.005549435 -0.194934174 0.028495464 -0.011566973 0.980334044
1341846098.217722 0.063260734 0.111605383 -0.012023301 -0.182630733 0.029540122 -0.005229253 0.982723773
1341846098.253811 0.060399223 0.102032147 -0.013263164 -0.175575733 0.032983638 -0.005859151 0.983895779
1341846098.285939 0.068397537 0.103307121 -0.010261995 -0.166021943 0.032339796 -0.004093243 0.985583127
1341846098.319650 0.063606337 0.098847061 -0.010541716 -0.155888364 0.035046939 -0.004616701 0.987141967
1341846098.353827 0.069507971 0.093362153 -0.008505478 -0.147052601 0.036110364 -0.006095019 0.988450527
1341846098.385963 0.058590580 0.086867981 -0.008818046 -0.139861867 0.040950179 -0.009676714 0.989276528
1341846098.418076 0.067407139 0.077998787 -0.011605314 -0.133726120 0.042517010 -0.015117619 0.989990413
1341846098.453988 0.067013629 0.068730600 -0.010790925 -0.132467732 0.045257308 -0.018754743 0.989975929
1341846098.485927 0.067999333 0.065085813 -0.007214884 -0.129334316 0.045332815 -0.018381827 0.990393698
1341846098.521907 0.067430988 0.059355732 -0.009459837 -0.123537078 0.044825554 -0.018001532 0.991163552
1341846098.553851 0.077710100 0.067547671 -0.010396279 -0.113377474 0.043605637 -0.013172604 0.992507219
1341846098.585937 0.074563831 0.064524651 -0.006813980 -0.106673919 0.044521313 -0.010732011 0.993238807
1341846098.621830 0.076004386 0.062669218 -0.006111530 -0.098277844 0.043499034 -0.008014074 0.994175553
1341846098.653874 0.075599715 0.057725750 -0.010851566 -0.090934917 0.043841016 -0.005805134 0.994874418
1341846098.685832 0.078059196 0.054355953 -0.008897981 -0.083432518 0.042345453 -0.002909744 0.995609045
1341846098.721860 0.076333418 0.048210029 -0.006198697 -0.074842580 0.041850857 -0.001704910 0.996315300
1341846098.753828 0.071063086 0.046979666 -0.003600639 -0.063119307 0.040913202 0.001236102 0.997166276
1341846098.789998 0.073450342 0.039976366 -0.002614603 -0.052342240 0.039980896 0.002440474 0.997825563
1341846098.827945 0.068504043 0.037860841 -0.003028201 -0.039929021 0.040471915 0.005898558 0.998365104
1341846098.889904 0.066602983 0.022008192 -0.008534224 -0.020433735 0.037147123 0.011762960 0.999031603
1341846098.921923 0.073140308 0.018907744 -0.011996255 -0.007273423 0.035277914 0.013226666 0.999263525
1341846098.957887 0.071930863 0.027004767 -0.012332403 0.005532273 0.034794874 0.014658292 0.999271631
1341846098.990630 0.066204704 0.023444725 -0.015377937 0.013940102 0.032405123 0.012681253 0.999297142
1341846099.022028 0.077161878 0.008059084 -0.016344201 0.021963621 0.029738724 0.012122771 0.999242842
1341846099.058015 0.080375195 0.020785725 -0.019951468 0.036536753 0.028975625 0.012534191 0.998833477
1341846099.089878 0.087587781 0.012989745 -0.021487379 0.043246873 0.026624331 0.012618801 0.998629868
1341846099.121774 0.089660577 0.011734813 -0.021953452 0.053961262 0.025567062 0.013601051 0.998122990
1341846099.157775 0.087879851 0.020272173 -0.021701038 0.062786050 0.025114201 0.013126043 0.997624636
1341846099.189822 0.094754353 0.019531343 -0.020650076 0.068158925 0.023865789 0.011462836 0.997323096
1341846099.226178 0.092377700 0.016566774 -0.021695048 0.073861115 0.024702830 0.012633505 0.996882498
1341846099.264156 0.087919973 0.017636200 -0.023611851 0.078815408 0.024450775 0.013752092 0.996494472
1341846099.300270 0.094862446 0.024395930 -0.020772066 0.083687700 0.023029992 0.015367195 0.996107340
1341846099.332076 0.093484767 0.026579609 -0.022968225 0.086084567 0.025408356 0.016072651 0.995834112
1341846099.363831 0.092075199 0.031198451 -0.021629749 0.087505296 0.027444988 0.017879449 0.995625377
1341846099.399799 0.098716199 0.035861380 -0.016605349 0.087252244 0.028808273 0.017178861 0.995621383
1341846099.432113 0.109796964 0.034506157 -0.018235557 0.085929893 0.031927019 0.017101908 0.995642602
1341846099.463909 0.106206410 0.031635839 -0.021417134 0.085305087 0.038322363 0.018308092 0.995449245
1341846099.499765 0.118930124 0.028832382 -0.026696403 0.085170336 0.042721279 0.017400399 0.995298028
1341846099.564678 0.134334117 0.023621911 -0.016202329 0.087562069 0.062140837 0.016044656 0.994089484
1341846099.626222 0.138277203 0.031870279 -0.011309489 0.090900034 0.081955381 0.014080410 0.992382109
1341846099.657825 0.136579365 0.026020143 -0.022756668 0.088403635 0.093189031 0.011440084 0.991649985
1341846099.693870 0.136981800 0.029912738 -0.004270861 0.089116253 0.103895612 0.010493787 0.990532100
1341846099.725881 0.139750704 0.026120711 -0.005201270 0.089369193 0.114162527 0.011756587 0.989364386
1341846099.761986 0.143288091 0.023583112 -0.008245589 0.092226088 0.122799367 0.017707957 0.987978280
1341846099.793945 0.134480730 0.015519314 -0.007550264 0.094759777 0.135517865 0.026974179 0.985864043
1341846099.825926 0.147129074 0.024102278 0.002913862 0.098032072 0.144434780 0.029999489 0.984189153
1341846099.862065 0.161643147 0.023459999 0.004145237 0.097890161 0.153588116 0.031051097 0.982783794
1341846099.894034 0.145600274 0.014580476 -0.008460728 0.098026916 0.165328652 0.035738166 0.980703771
1341846099.925860 0.161101028 0.023969054 0.000494299 0.101718888 0.170108005 0.037480380 0.979444623
1341846099.961831 0.157068267 0.020138007 -0.015816011 0.102669798 0.181857750 0.037728041 0.977222204
1341846099.993861 0.155711889 0.017377257 -0.008995936 0.102497913 0.192497745 0.037924454 0.975192547
1341846100.029846 0.156972766 0.021257639 -0.020609761 0.103223421 0.201677948 0.039554290 0.973193944
1341846100.069920 0.157475650 0.018532915 -0.025906965 0.104351200 0.213869467 0.038923595 0.970492482
1341846100.099862 0.160962939 0.015389690 -0.017933602 0.105835289 0.223315239 0.043451142 0.968008876
1341846100.132811 0.148458481 0.018643161 -0.016553033 0.107775033 0.231816247 0.044369038 0.965752125
1341846100.168188 0.160977736 0.017529821 -0.023260219 0.109263092 0.236439720 0.049335588 0.964221895
1341846100.199801 0.150759965 0.019816773 -0.013382143 0.110549189 0.245828465 0.048865594 0.961748064
1341846100.235866 0.148181319 0.014778794 -0.014238985 0.109511293 0.252833635 0.050333805 0.959973395
1341846100.267868 0.162763342 0.021480732 -0.000804167 0.110677220 0.258096337 0.053706609 0.958254874
1341846100.299821 0.145348936 0.024004200 -0.008078998 0.110965960 0.265653878 0.054930884 0.956084251
1341846100.335884 0.155170783 0.021606732 -0.005889961 0.111167565 0.270703524 0.055752281 0.954595685
1341846100.367898 0.125178784 0.025971964 -0.016761735 0.110775352 0.281198710 0.054232802 0.951690555
1341846100.400000 0.134826824 0.015751021 -0.011944084 0.108919591 0.282040805 0.055430137 0.951586545
1341846100.435828 0.169174910 0.020293361 -0.031690635 0.110033266 0.281712502 0.055426706 0.951555908
1341846100.467678 0.156735331 0.020538880 -0.031991642 0.110109523 0.291062176 0.053011294 0.948866963
1341846100.503838 0.151679978 0.013946818 -0.015051364 0.110213101 0.296016872 0.051078279 0.947427094
1341846100.535834 0.156496033 0.020990336 -0.023763856 0.112800926 0.301510960 0.049550749 0.945469141
1341846100.568004 0.145800948 0.040157210 0.008432297 0.119126730 0.311076611 0.052648529 0.941418231
1341846100.604545 0.184561193 0.015529995 -0.063646123 0.113817051 0.311920881 0.045480341 0.942169070
1341846100.635826 0.177959919 0.020967770 -0.054146212 0.115974084 0.322993428 0.043850735 0.938244283
1341846100.672445 0.167255327 0.022636894 -0.010524665 0.117347494 0.329959124 0.048520189 0.935415626
1341846100.733981 0.166076839 0.028322540 -0.058655407 0.119861379 0.335610747 0.048318245 0.933093786
1341846100.765776 0.172606543 0.014089180 -0.064034320 0.115665555 0.340281487 0.046373397 0.932029784
1341846100.798442 0.174272209 0.026191697 -0.054267149 0.118585289 0.345162570 0.050817050 0.929633260
1341846100.833838 0.152349755 0.047031894 -0.005904833 0.123609431 0.352585524 0.054857749 0.925956130
1341846100.866041 0.158847079 0.043835990 -0.025022786 0.120785996 0.349389791 0.054500066 0.927559853
1341846100.897858 0.168984637 0.031161744 -0.035939079 0.118269198 0.349181533 0.053046957 0.928046703
1341846100.933895 0.175196886 0.030728679 -0.053037912 0.119598299 0.347753227 0.055677675 0.928258538
1341846100.965736 0.166841224 0.024389397 -0.004223830 0.119839899 0.348132402 0.057987139 0.927943766
1341846101.001817 0.156562686 0.033568285 -0.037843257 0.120291770 0.346786797 0.057422120 0.928424180
1341846101.033901 0.163293377 0.037172217 -0.064100504 0.120123908 0.343823373 0.058715932 0.929466605
1341846101.065947 0.166343018 0.040901743 -0.012540041 0.121499479 0.341755539 0.058237404 0.930080354
1341846101.102829 0.164856002 0.046696253 -0.026148167 0.121715255 0.340203822 0.057585519 0.930661380
1341846101.134613 0.161729306 0.039437458 0.011495369 0.120469771 0.339366138 0.058260061 0.931087196
1341846101.169743 0.164415389 0.034472033 0.028652584 0.116939008 0.334699929 0.055541355 0.933389723
1341846101.202171 0.157439440 0.041712366 -0.016053505 0.115608029 0.330378592 0.051529292 0.935323179
1341846101.234098 0.153714001 0.049653556 -0.018839885 0.115971357 0.327010334 0.049933050 0.936547697
1341846101.269940 0.157591969 0.027327200 -0.053679258 0.109361753 0.318035811 0.046041377 0.940623939
1341846101.301837 0.154617995 0.028660282 -0.054020155 0.109542899 0.314716399 0.044845536 0.941776395
1341846101.333884 0.151533633 0.032444086 -0.004572265 0.110984080 0.313712358 0.044913135 0.941939414
1341846101.369943 0.149677575 0.029051280 -0.051846433 0.107176326 0.305912584 0.041159756 0.945111930
1341846101.402755 0.146657333 0.027531281 -0.056479163 0.104696386 0.299553901 0.039352402 0.947500646
1341846101.437821 0.148065895 0.033711530 -0.012610876 0.105452888 0.297066361 0.038660739 0.948228121
1341846101.469768 0.140943155 0.033225313 -0.017011853 0.104882345 0.292192817 0.038987048 0.949791074
1341846101.501812 0.141198993 0.028192298 -0.030501667 0.103585050 0.283955455 0.041388627 0.952326834
1341846101.537892 0.146151885 0.024590585 -0.014172574 0.104256533 0.281554550 0.037068628 0.953144014
1341846101.569873 0.144773021 0.032250330 -0.016560374 0.103672542 0.275926858 0.034494042 0.954948425
1341846101.601955 0.142650768 0.048928261 -0.009396956 0.104747258 0.267149508 0.035133541 0.957300782
1341846101.637841 0.138782173 0.038694926 -0.004595077 0.100695483 0.262379259 0.032520290 0.959145427
1341846101.670644 0.143361434 0.047080796 -0.048365336 0.102530099 0.252285212 0.035968702 0.961533129
1341846101.705786 0.129744709 0.038554508 -0.012350203 0.103325821 0.247173965 0.039250970 0.962646425
1341846101.738127 0.122422598 0.033944953 -0.010489036 0.104324110 0.243755654 0.039609760 0.963395417
1341846101.769786 0.107837930 0.036816061 -0.010862754 0.105614886 0.239601284 0.039865021 0.964285970
1341846101.805816 0.116561890 0.030137520 -0.030803263 0.104111336 0.230676323 0.041573390 0.966551065
1341846101.837808 0.110135876 0.027808193 -0.024354365 0.104065269 0.228743017 0.039227676 0.967113316
1341846101.869834 0.105031572 0.026161119 -0.009755910 0.104607917 0.224284127 0.041056547 0.968022823
1341846101.905918 0.094372846 0.030892331 -0.022303337 0.104191586 0.217115313 0.040395316 0.969728410
1341846101.937872 0.099840440 0.030746086 -0.019830834 0.104486518 0.210033208 0.039277513 0.971301138
1341846101.973942 0.097556651 0.025186287 -0.026951393 0.104582444 0.204574585 0.041329931 0.972370088
1341846102.005947 0.086866170 0.024532987 -0.040532745 0.104704335 0.191454500 0.045130439 0.974856615
1341846102.037846 0.097540610 0.025732053 -0.031567585 0.105989359 0.182223409 0.043889876 0.976542115
1341846102.073879 0.069751263 0.036992583 -0.040082049 0.109558307 0.180016920 0.043720722 0.976565063
1341846102.105961 0.068523206 0.038162395 -0.043323342 0.106137246 0.164792523 0.041354626 0.979728580
1341846102.137878 0.082848638 0.035765268 -0.019832626 0.103501976 0.155374467 0.042124636 0.981514931
1341846102.173907 0.057818998 0.037288822 -0.040576432 0.101550959 0.153051704 0.040370617 0.982157230
1341846102.205896 0.065211944 0.045936324 -0.019167200 0.101082169 0.141067028 0.038796287 0.984061658
1341846102.242018 0.055044662 0.033874922 -0.037993554 0.095265158 0.129466578 0.039309777 0.986213803
1341846102.274144 0.069456846 0.029525694 -0.044082876 0.093234822 0.115470529 0.035782594 0.988277972
1341846102.305875 0.061800573 0.033389207 -0.044934101 0.092454590 0.108415775 0.028845569 0.989376605
1341846102.341821 0.057278488 0.029875897 -0.037762251 0.088544376 0.093437634 0.027670959 0.991293907
1341846102.374024 0.059243571 0.022744585 -0.055094063 0.087431028 0.079581968 0.026130611 0.992642820
1341846102.409984 0.065333411 0.025799397 -0.044910125 0.090586618 0.069729246 0.023031842 0.993177414
1341846102.441952 0.052669220 0.036682561 -0.066866264 0.090347521 0.060849857 0.019897975 0.993850410
1341846102.473881 0.060396057 0.024839757 -0.043533467 0.088721067 0.048647672 0.017775288 0.994709015
1341846102.509959 0.066696197 0.028981714 -0.040696621 0.092020847 0.045793042 0.016722310 0.994562984
1341846102.541996 0.056244463 0.042377945 -0.039768878 0.094939731 0.045228958 0.015283349 0.994337559
1341846102.574361 0.052073911 0.044985741 -0.045498177 0.091449790 0.036509886 0.015076016 0.995025992
1341846102.610654 0.058323916 0.025456825 -0.042525571 0.089966461 0.032061528 0.020319197 0.995221198
1341846102.642222 0.050405346 0.032507129 -0.050411537 0.094926402 0.028829303 0.024150932 0.994773626
1341846102.677806 0.044142071 0.036923699 -0.072047740 0.094796933 0.019161889 0.024121493 0.995019853
1341846102.709968 0.043134607 0.037329484 -0.060902067 0.093290411 0.005474040 0.025511416 0.995297015
1341846102.741857 0.054150157 0.037084002 -0.059827816 0.093430117 -0.003185171 0.029189117 0.995192766
1341846102.777720 0.055758875 0.040141392 -0.064359054 0.092229538 -0.012373463 0.030554384 0.995191932
1341846102.809783 0.055985179 0.031321838 -0.059897985 0.089878783 -0.019380284 0.032580521 0.995230973
1341846102.841828 0.056058414 0.031433627 -0.055450071 0.096299507 -0.027030839 0.035476644 0.994352639
1341846102.877813 0.056092776 0.037426867 -0.059111048 0.096097104 -0.030390412 0.038145367 0.994176388
1341846102.909875 0.048090413 0.034281597 -0.064750791 0.093339913 -0.034696639 0.038788859 0.994273245
1341846102.945843 0.050053507 0.037576273 -0.054448750 0.094250754 -0.044953655 0.039252892 0.993758082
1341846102.977815 0.044237539 0.041920610 -0.066979408 0.094604202 -0.054352075 0.041178524 0.993176818
1341846103.009867 0.040425189 0.046215348 -0.072405644 0.090783581 -0.064443909 0.042528503 0.992872953
1341846103.045829 0.042473365 0.038647402 -0.069346868 0.086141258 -0.076870963 0.042282317 0.992412567
1341846103.077786 0.043101031 0.036935572 -0.076305427 0.086100683 -0.088657320 0.042918932 0.991405308
1341846103.110039 0.040923212 0.034434032 -0.079190135 0.086625665 -0.100686200 0.047067072 0.990021706
1341846103.145830 0.039634004 0.029882293 -0.067431003 0.086393803 -0.111758731 0.048843753 0.988767087
1341846103.177933 0.056308728 0.032901142 -0.059941683 0.087400556 -0.123968758 0.047074314 0.987307906
1341846103.213980 0.056910023 0.030471373 -0.086907685 0.088541858 -0.128975093 0.041549753 0.986812770
1341846103.246103 0.046503939 0.043064706 -0.083581075 0.091269106 -0.143689469 0.037814911 0.984679282
1341846103.277869 0.059771437 0.035008654 -0.073333800 0.088122115 -0.155284360 0.032742266 0.983386636
1341846103.314495 0.057461001 0.034836423 -0.091291405 0.087662742 -0.159996867 0.025761759 0.982879758
1341846103.345951 -0.031828303 0.012864464 -0.136490121 0.081295118 -0.159770072 0.020499604 0.983587503
1341846103.382135 0.011991388 0.040696606 -0.096371323 0.083792165 -0.191231623 0.017894939 0.977798104
1341846103.413791 0.019466238 0.028093763 -0.087513849 0.081096552 -0.200737357 0.011997623 0.976208925
1341846103.445861 -0.014608300 0.033267077 -0.138713017 0.082281575 -0.203637719 0.007081741 0.975556910
1341846103.482382 -0.058710810 0.048373446 -0.125606388 0.080864094 -0.219753459 0.014537157 0.972089589
1341846103.513968 0.049608570 0.032075908 -0.069298685 0.073875077 -0.260818899 0.017379334 0.962400079
1341846103.545990 0.052971281 0.002169122 -0.102464840 0.070427023 -0.266627014 0.015463784 0.961098790
1341846103.582021 0.012498101 0.030066533 -0.101289459 0.077304557 -0.271306992 0.014713268 0.959270597
1341846103.614121 0.022532297 0.037515305 -0.107211038 0.075939670 -0.289534926 0.017244425 0.953994393
1341846103.650229 0.045591559 0.020215468 -0.079132311 0.075316571 -0.310467839 0.028019099 0.947181106
1341846103.714025 0.009435915 0.041678678 -0.083567306 0.074950904 -0.328970701 0.036347352 0.940659106
1341846103.749741 0.065148324 0.020588031 -0.070315823 0.067615479 -0.355008721 0.037908651 0.931643605
1341846103.813998 0.053484898 0.037984952 -0.079163469 0.072890915 -0.371985942 0.042205501 0.924409032
1341846103.849900 0.047089819 0.049230415 -0.066730499 0.070805907 -0.387828052 0.044477519 0.917931199
1341846103.883046 0.053731486 0.034707684 -0.070610724 0.064767100 -0.401874751 0.042357199 0.912418664
1341846103.917830 0.050465893 0.035394508 -0.064699262 0.063656159 -0.408783287 0.044422403 0.909324348
1341846103.949988 0.046847630 0.035150006 -0.089667641 0.061615080 -0.416958541 0.042947162 0.905817151
1341846103.981996 0.054740220 0.034290206 -0.085389614 0.057736684 -0.432375193 0.039482307 0.898976803
1341846104.017780 0.042427965 0.020604564 -0.065960951 0.055964213 -0.438613743 0.038263083 0.896114886
1341846104.049832 0.073367201 0.033713594 -0.096698388 0.056906734 -0.450555533 0.034740597 0.890255213
1341846104.082120 0.047335368 0.032777771 -0.073773094 0.057989538 -0.459962279 0.026213143 0.885654986
1341846104.117792 0.035218891 0.042249363 -0.067546822 0.058085911 -0.465890199 0.026684785 0.882530630
1341846104.150184 0.065073460 0.035993639 -0.085323207 0.054247268 -0.476832986 0.024439642 0.876977921
1341846104.185757 0.050855950 0.043620732 -0.080689251 0.052549850 -0.480830252 0.018916693 0.875033140
1341846104.217842 0.033941224 0.042648040 -0.066688865 0.049186517 -0.485663801 0.020180656 0.872527421
1341846104.250204 0.047922757 0.019689145 -0.036709368 0.045343034 -0.494933993 0.020919329 0.867494524
1341846104.286035 0.025784831 0.041100804 -0.111666940 0.049016576 -0.489965439 0.019867776 0.870135903
1341846104.317813 0.029778600 0.046399288 -0.082855590 0.046630245 -0.502485693 0.015608143 0.863186002
1341846105.258397 0.071879402 -0.000048359 -0.091814101 0.068787463 -0.284344226 0.029829470 0.955785990
1341846105.289917 0.090117238 0.027287204 -0.079850137 0.073522575 -0.279805779 0.042590145 0.956289291
1341846105.321831 0.098502591 0.030413456 -0.079991043 0.071858674 -0.275324792 0.045263931 0.957592726
1341846105.357830 0.100492850 0.009798752 -0.086539179 0.068463266 -0.267005920 0.044863358 0.960212409
1341846105.389824 0.105297506 0.026463147 -0.095601901 0.072732612 -0.259551346 0.049106456 0.961733639
1341846105.425915 0.106681794 0.013193567 -0.096390180 0.070364557 -0.247036844 0.047291432 0.965290189
1341846105.457863 0.098894238 0.016323635 -0.083654113 0.073661052 -0.235392511 0.048800632 0.967875481
1341846105.489902 0.131821945 0.009871149 -0.111700453 0.072549418 -0.227839231 0.042679664 0.970053792
1341846105.525969 0.104973488 -0.008319074 -0.104678907 0.072604969 -0.207810327 0.041250184 0.974598289
1341846105.557770 0.146362275 0.022834102 -0.073179036 0.079507858 -0.205843285 0.051509243 0.973988652
1341846105.594012 0.128077626 0.028176565 -0.089475900 0.080002286 -0.190395445 0.048989736 0.977215052
1341846105.626122 0.115705915 0.018674539 -0.071380615 0.081457093 -0.174695805 0.053448826 0.979790449
1341846105.657815 0.126749828 0.023620503 -0.078622058 0.084454805 -0.165675595 0.054913465 0.981021643
1341846105.693879 0.131610960 0.011523093 -0.075231664 0.082934871 -0.153098613 0.054194644 0.983232200
1341846105.726045 0.119227365 0.021889957 -0.069880024 0.087830655 -0.140702039 0.055995177 0.984557390
1341846105.758468 0.127458110 0.030626366 -0.072770335 0.090661861 -0.133764192 0.058294695 0.985134184
1341846105.793970 0.142664075 0.028609337 -0.075391255 0.090154901 -0.123079717 0.055548456 0.986730874
1341846105.825903 0.131202593 0.023063123 -0.073770173 0.090496145 -0.107914023 0.053517658 0.988585293
1341846105.861764 0.141599387 0.025152003 -0.086565115 0.093361057 -0.099957898 0.054553725 0.989098608
1341846105.893922 0.186258644 0.023063757 -0.083096847 0.093454763 -0.091863543 0.056175340 0.989783645
1341846105.925960 0.162420705 0.015478806 -0.071481004 0.096676275 -0.073598370 0.057745468 0.990909934
1341846105.963745 0.139683217 0.037054237 -0.063694097 0.101101674 -0.060669821 0.059678040 0.991229653
1341846106.025952 0.131400689 0.030777009 -0.064169049 0.094416671 -0.039924230 0.044216067 0.993748724
1341846106.061758 0.104853228 0.031700689 -0.067085356 0.094883479 -0.032005128 0.040028322 0.994168282
1341846106.093961 0.110843047 0.029953972 -0.063758023 0.094369508 -0.031904187 0.036372922 0.994360864
1341846106.130133 0.134775162 0.029325906 -0.066435128 0.094082914 -0.028021462 0.032312058 0.994645238
1341846106.161819 0.118776545 0.032310795 -0.056960326 0.095269769 -0.018801263 0.030087672 0.994819045
1341846106.193968 0.113926433 0.033912487 -0.056706730 0.095054582 -0.015923321 0.031327579 0.994851589
1341846106.229889 0.134184301 0.035311218 -0.056180868 0.094914496 -0.014985713 0.033626594 0.994804442
1341846106.261942 0.139323473 0.040839147 -0.048902236 0.094086438 -0.007172398 0.033060245 0.994989097
1341846106.293939 0.120635830 0.036205877 -0.061934240 0.091597117 -0.000779198 0.032072552 0.995279193
1341846106.329961 0.119255669 0.038460139 -0.062350333 0.090244733 -0.000577647 0.026221858 0.995574176
1341846106.361877 0.113062076 0.040768132 -0.066395603 0.086226694 0.000443787 0.014887568 0.996164203
1341846106.398046 0.114901148 0.040163599 -0.057219580 0.080678508 -0.001327553 0.001012073 0.996738791
1341846106.429938 0.105464831 0.035830554 -0.061633859 0.075534455 -0.003565603 -0.011377868 0.997071922
1341846106.461886 0.107092328 0.037326399 -0.060874715 0.070540681 -0.009353961 -0.024073355 0.997174501
1341846106.497910 0.120962240 0.035599358 -0.059921432 0.066771664 -0.010981723 -0.034624349 0.997106850
1341846106.529979 0.113263734 0.026083963 -0.064900622 0.066571109 -0.007568106 -0.042068888 0.996865690
1341846106.561925 0.120416343 0.030102003 -0.069278479 0.067329161 -0.010593861 -0.053131830 0.996258795
1341846106.597815 0.116071552 0.028387100 -0.071815372 0.063906826 -0.007900931 -0.075482935 0.995065749
1341846106.632234 0.125973016 0.036202341 -0.068623886 0.062919125 -0.006195161 -0.094457418 0.993519306
1341846106.665869 0.116771050 0.026459465 -0.070351727 0.060495466 -0.003989229 -0.109214373 0.992167592
1341846106.697883 0.125410467 0.029345216 -0.070483409 0.060125746 -0.005207851 -0.122864559 0.990586758
1341846106.729896 0.139280587 0.035892431 -0.077666797 0.060877692 -0.004398332 -0.135451436 0.988902152
1341846106.766032 0.120603919 0.024734408 -0.074208207 0.058458086 0.000705550 -0.150594980 0.986865401
1341846106.797963 0.118849754 0.031006958 -0.074735247 0.057327785 -0.001177529 -0.164505422 0.984708130
1341846106.834113 0.131887391 0.034823988 -0.080241531 0.054397214 -0.006322879 -0.177158475 0.982657552
1341846106.865869 0.129718095 0.031752046 -0.080627173 0.052241780 -0.004099844 -0.188445851 0.980684519
1341846106.897921 0.123129778 0.023248399 -0.076162204 0.050946139 -0.004056953 -0.197117031 0.979046941
1341846106.933929 0.127733991 0.025522467 -0.085360318 0.051866554 -0.004886513 -0.205062330 0.977361441
1341846106.967484 0.137288779 0.037722461 -0.080618471 0.052830439 -0.005837871 -0.212986842 0.975608289
1341846106.999098 0.119369663 0.026558539 -0.079520091 0.048001748 -0.002141278 -0.228931010 0.972256064
1341846107.033909 0.115822747 0.025276618 -0.069402754 0.047574617 -0.005076481 -0.241396204 0.969246507
1341846107.065762 0.120564401 0.030113384 -0.080519453 0.046796847 -0.005953880 -0.258149981 0.964952409
1341846107.101921 0.118263870 0.035961047 -0.075342894 0.043941800 -0.005348992 -0.268201441 0.962345302
1341846107.133974 0.116041347 0.033145051 -0.072221063 0.039581493 -0.009908595 -0.281578541 0.958670259
1341846107.166082 0.116451085 0.033894744 -0.071506128 0.037573352 -0.011243586 -0.296045244 0.954368412
1341846107.202100 0.118837774 0.038516235 -0.067981511 0.035471860 -0.012129668 -0.307886302 0.950684309
1341846107.233799 0.108337149 0.044111703 -0.066859007 0.032696504 -0.013583601 -0.318561912 0.947240591
1341846107.265874 0.109291159 0.041601446 -0.065980054 0.030201789 -0.018002894 -0.330239475 0.943242133
1341846107.301965 0.110772431 0.047016412 -0.068713725 0.030459590 -0.021228056 -0.340095401 0.939657748
1341846107.334002 0.101717860 0.050753064 -0.073143080 0.027682006 -0.023511551 -0.351184070 0.935601771
1341846107.369797 0.103814363 0.045189463 -0.075959221 0.025144415 -0.026410524 -0.364598602 0.930450439
1341846107.401899 0.107843660 0.052964680 -0.073340282 0.026813261 -0.026020704 -0.377476364 0.925265133
1341846107.434304 0.107471921 0.061727572 -0.068246044 0.024677344 -0.027164573 -0.387917340 0.920963228
1341846107.469787 0.104972214 0.056510445 -0.069402687 0.019552255 -0.028866593 -0.394266963 0.918334365
1341846107.502174 0.104053162 0.057731286 -0.070226520 0.017304417 -0.028186807 -0.400360733 0.915760517
1341846107.533946 0.113189116 0.069914304 -0.065486670 0.017737828 -0.027878180 -0.408553243 0.912136197
1341846107.601911 0.101592973 0.066071913 -0.070315972 0.009743856 -0.033213753 -0.425078839 0.904494286
1341846107.637876 0.094052091 0.068128139 -0.071806476 0.009092116 -0.030822266 -0.436177433 0.899286687
1341846107.669757 0.106033951 0.070758805 -0.066994622 0.007619448 -0.032809529 -0.447108597 0.893845260
1341846107.701892 0.092012838 0.077252477 -0.055822052 0.004080809 -0.030601470 -0.456901461 0.888981462
1341846107.737797 0.108440578 0.080042638 -0.065305464 0.003432680 -0.035777401 -0.457561404 0.888451338
1341846107.769837 0.105094172 0.067288764 -0.073087014 -0.002550557 -0.036052644 -0.467093170 0.883469105
1341846107.805959 0.101357602 0.078552499 -0.071812168 -0.002693911 -0.033954907 -0.475604355 0.878999591
1341846107.837955 0.105542913 0.085387193 -0.076481886 -0.005693958 -0.033245824 -0.485773414 0.873433709
1341846107.870011 0.093607575 0.089162029 -0.069056548 -0.012033128 -0.025939004 -0.500490546 0.865269661
1341846107.905926 0.088410817 0.086705238 -0.066258423 -0.015030200 -0.020582365 -0.515395701 0.856573224
1341846107.938092 0.106473945 0.086737186 -0.078368723 -0.015343749 -0.017004352 -0.529900134 0.847750723
1341846107.969943 0.111762069 0.101969600 -0.070594139 -0.021923024 -0.008651487 -0.541890085 0.840118825
1341846108.006614 0.113205239 0.097506657 -0.072072402 -0.029302785 -0.007769738 -0.549167573 0.835162222
1341846108.073927 0.101236358 0.103250034 -0.064136580 -0.045552034 0.004615214 -0.569555283 0.820676863
1341846108.106110 0.099895783 0.100986615 -0.064839780 -0.047877684 0.006071820 -0.575703204 0.816233218
1341846108.137977 0.099655688 0.109859824 -0.057765681 -0.048479348 0.008911550 -0.577250063 0.815078318
1341846108.173901 0.098435067 0.101491995 -0.063122936 -0.051382121 0.007626358 -0.580017626 0.812946022
1341846108.205882 0.103459336 0.097113177 -0.072283834 -0.052817117 0.010915012 -0.584804833 0.809379101
1341846108.237836 0.111847699 0.107769012 -0.060571425 -0.052811176 0.014022933 -0.589058220 0.806241155
1341846108.273872 0.117597014 0.105360061 -0.078024402 -0.057521656 0.014856106 -0.596413732 0.800475657
1341846108.305866 0.106408238 0.098901801 -0.073907539 -0.066091813 0.023150735 -0.605585814 0.792692661
1341846108.341858 0.113529861 0.108441755 -0.059497006 -0.066506214 0.026536858 -0.610905409 0.788458765
1341846108.373928 0.120280489 0.106863618 -0.071917392 -0.069542766 0.026882205 -0.612668812 0.786815107
1341846108.406059 0.108681299 0.110841163 -0.065735303 -0.075163335 0.033802282 -0.616607547 0.782945096
1341846108.441881 0.108055323 0.109392792 -0.057444878 -0.076724723 0.034633409 -0.617929935 0.781713784
1341846108.473918 0.105588667 0.106057018 -0.059306033 -0.075380109 0.036757119 -0.616356254 0.782988966
1341846108.506142 0.115489215 0.104687236 -0.064513415 -0.072721042 0.037788343 -0.614009857 0.785032272
1341846108.541923 0.111733541 0.104679517 -0.064041652 -0.073958121 0.040426306 -0.615366280 0.783722043
1341846108.573967 0.103600658 0.096655704 -0.071727306 -0.075939924 0.046743218 -0.621604919 0.778238714
1341846108.609979 0.096925020 0.115627989 -0.060364813 -0.071535386 0.061022591 -0.622335553 0.777082622
1341846108.641701 0.118705392 0.116756789 -0.046875540 -0.065861501 0.057643645 -0.613159418 0.785095513
1341846108.673868 0.102897041 0.107114218 -0.066457622 -0.067786671 0.060461204 -0.612700164 0.785078347
1341846108.710024 0.103389479 0.105458096 -0.055390060 -0.061977245 0.070855714 -0.609329462 0.787309289
1341846108.742835 0.110448971 0.097927205 -0.061892197 -0.058394827 0.072703309 -0.606386960 0.789682925
1341846108.773793 0.107763015 0.091883041 -0.063772887 -0.057019901 0.078146592 -0.607095480 0.788718522
1341846108.810032 0.108881734 0.092108838 -0.063174970 -0.050659630 0.085250102 -0.606508434 0.788868487
1341846108.841885 0.116781376 0.097258866 -0.059589241 -0.046176594 0.087629750 -0.603965819 0.790831208
1341846108.877944 0.117889367 0.095497258 -0.054609455 -0.044508845 0.087879956 -0.602414846 0.792081058
1341846108.909950 0.119317211 0.088590689 -0.055539813 -0.040268078 0.089282691 -0.600699008 0.793453097
1341846108.941882 0.132673740 0.096804425 -0.054303154 -0.035437703 0.090444289 -0.593620300 0.798861086
1341846108.977902 0.129572690 0.092308223 -0.056933500 -0.038043812 0.088896267 -0.591921985 0.800173998
1341846109.009916 0.125516698 0.084330380 -0.058618844 -0.037047543 0.091577016 -0.592499852 0.799490511
1341846109.045986 0.135368079 0.087765202 -0.059380822 -0.032918248 0.093434125 -0.585899770 0.804305851
1341846109.077854 0.137602583 0.088084377 -0.060978360 -0.033028524 0.093585141 -0.584040284 0.805635035
1341846109.109839 0.133439645 0.082956970 -0.053328898 -0.033031784 0.096238293 -0.585150540 0.804515958
1341846109.145865 0.128423944 0.085718445 -0.048092827 -0.027776962 0.098604001 -0.581016123 0.807419300
1341846109.178396 0.130213901 0.087697633 -0.046622157 -0.022194773 0.096661948 -0.574447036 0.812511206
1341846109.209809 0.127078280 0.083844326 -0.045003623 -0.018400220 0.094475158 -0.571823835 0.814710617
1341846109.245810 0.113941364 0.082751274 -0.040487032 -0.010279433 0.094532058 -0.568263948 0.817333519
1341846109.277797 0.124544874 0.083307594 -0.033914275 0.004572636 0.085890338 -0.550506055 0.830388427
1341846109.313909 0.118299164 0.076296054 -0.038211592 0.014417879 0.078394450 -0.538251340 0.839006484
1341846109.345968 0.114104211 0.075777702 -0.043476045 0.022843249 0.075622380 -0.529452741 0.844653308
1341846109.377812 0.125709698 0.074195698 -0.034951542 0.030506343 0.068141803 -0.516183496 0.853217840
1341846109.413820 0.119252563 0.072169349 -0.036036428 0.035467286 0.061481468 -0.503121197 0.861296177
1341846109.445954 0.124138989 0.071172595 -0.053793792 0.039048780 0.058444373 -0.493308932 0.867009640
1341846109.490348 0.130735412 0.073316351 -0.060034025 0.039399136 0.057989199 -0.483985990 0.872262836
1341846109.545959 0.120453104 0.068013556 -0.051836971 0.041430920 0.054005995 -0.467365891 0.881439686
1341846109.581855 0.117918678 0.064675294 -0.048632342 0.044561379 0.051622517 -0.454164773 0.888303876
1341846109.613999 0.122353792 0.058000833 -0.056104686 0.050378673 0.042497493 -0.434611082 0.898203313
1341846109.645963 0.110017620 0.053920079 -0.056972720 0.055259794 0.033080623 -0.413636714 0.908161163
1341846109.681808 0.108710006 0.055949397 -0.049884271 0.062244959 0.027071657 -0.393322170 0.916891694
1341846109.713847 0.110189758 0.058068518 -0.062609337 0.065545917 0.022939844 -0.378264338 0.923089147
1341846109.745831 0.118319109 0.054809246 -0.056801099 0.067412779 0.019030478 -0.364247262 0.928664267
1341846109.781814 0.119240880 0.052138686 -0.062383857 0.068266980 0.016921349 -0.351352751 0.933597624
1341846109.813956 0.118553393 0.049411755 -0.065323398 0.069234878 0.016828185 -0.342508018 0.936809301
1341846109.850256 0.117447764 0.050980289 -0.062918268 0.071338341 0.014763884 -0.332693100 0.940217137
1341846109.913863 0.115239993 0.045305677 -0.067549780 0.076351620 0.009195811 -0.318972588 0.944638729
1341846109.949976 0.117545448 0.048368193 -0.070159487 0.076982170 0.008515263 -0.318617135 0.944713950
1341846109.981998 0.109798193 0.042453073 -0.071331792 0.076985657 0.008902186 -0.319189548 0.944516838
1341846110.017884 0.112004109 0.043625996 -0.070399940 0.079848267 0.007230227 -0.315867543 0.945409834
1341846110.049982 0.108505949 0.036225379 -0.071221478 0.081724346 0.006698230 -0.312080175 0.946510553
1341846110.117943 0.106787942 0.043202266 -0.068666801 0.089611746 0.004009266 -0.298249960 0.950263441
1341846110.150254 0.105072133 0.041259445 -0.072946139 0.090201907 0.002638358 -0.291449368 0.952320278
1341846110.181980 0.109348409 0.040784452 -0.067810260 0.092624433 0.001321400 -0.281423867 0.955101848
1341846110.217907 0.109649703 0.043244623 -0.070034757 0.092878021 -0.000523735 -0.274405390 0.957118094
1341846110.249883 0.109961651 0.041853312 -0.066876501 0.092042133 -0.003243138 -0.265289694 0.959759951
1341846110.286020 0.105951555 0.036053833 -0.073355682 0.093451574 -0.005912115 -0.254128307 0.962626934
1341846110.356025 0.114218719 0.048322383 -0.077578820 0.095761187 -0.008841830 -0.233067721 0.967693686
1341846110.417989 0.109620132 0.040413070 -0.078105807 0.094175860 -0.009744118 -0.222850665 0.970244050
1341846110.449878 0.109756552 0.044018514 -0.081378646 0.095718160 -0.011671257 -0.216281965 0.971557498
1341846110.485899 0.110806242 0.040115234 -0.083537541 0.095571928 -0.013690920 -0.213869289 0.972079456
1341846110.517949 0.112176344 0.039392587 -0.086935245 0.095250271 -0.014107086 -0.212383151 0.972430885
1341846110.554149 0.102539361 0.041677687 -0.086264439 0.094920300 -0.014135398 -0.209622025 0.973061621
1341846110.585896 0.105077788 0.043125696 -0.083288468 0.095345348 -0.017993594 -0.205830500 0.973765552
1341846110.617933 0.115003064 0.042102210 -0.087762624 0.094107777 -0.021043694 -0.200383767 0.974960148
1341846110.653885 0.106791072 0.041901950 -0.082280882 0.092498280 -0.021517094 -0.192618206 0.976667464
1341846110.686533 0.110291451 0.035527490 -0.086522639 0.093042716 -0.025931612 -0.182092994 0.978525817
1341846110.717831 0.117244452 0.047634818 -0.090405881 0.095105588 -0.025939327 -0.172186375 0.980119348
1341846110.753826 0.110538289 0.046401855 -0.085684031 0.093575604 -0.022555560 -0.161039680 0.982242882
1341846110.785789 0.113257356 0.037935048 -0.082386240 0.093585186 -0.023164168 -0.147962987 0.984282613
1341846110.821828 0.122408837 0.042054504 -0.086830176 0.094780490 -0.025036123 -0.135426044 0.985925794
1341846110.853855 0.123963915 0.040824261 -0.090727650 0.094011903 -0.024275452 -0.124783479 0.987421691
1341846110.885864 0.124286778 0.032756280 -0.081942469 0.094508193 -0.023486096 -0.114422254 0.988647640
1341846110.921999 0.120312877 0.034935795 -0.085055888 0.095523544 -0.023254378 -0.107057773 0.989380181
1341846110.953861 0.125703052 0.034643725 -0.084242851 0.095191419 -0.023678221 -0.101030856 0.990035713
1341846110.985986 0.126175493 0.031485736 -0.082643405 0.095387228 -0.021180529 -0.097223565 0.990454555
1341846111.021940 0.117574520 0.041353300 -0.090483546 0.094824448 -0.019368352 -0.095595732 0.990704119
1341846111.053945 0.119747214 0.038043778 -0.089086816 0.090910725 -0.021202914 -0.092510045 0.991326153
1341846111.089856 0.122520290 0.034411274 -0.083888553 0.089611903 -0.023128610 -0.088321663 0.991783261
1341846111.121811 0.121189177 0.034152929 -0.085267141 0.087825567 -0.026089048 -0.079568602 0.992610157
1341846111.153919 0.114482895 0.026037939 -0.083545282 0.087314099 -0.028681505 -0.072708979 0.993109763
1341846111.189911 0.120963112 0.031155147 -0.087054946 0.088291496 -0.032099571 -0.065776370 0.993402064
1341846111.221870 0.119574599 0.035858568 -0.090415597 0.085325338 -0.033116385 -0.059033021 0.994051278
1341846111.258571 0.117418297 0.029924329 -0.092403516 0.081501141 -0.033632003 -0.056256481 0.994515777
1341846111.289825 0.120786786 0.026692923 -0.087655373 0.079210058 -0.035040502 -0.053403012 0.994809568
1341846111.321895 0.123321958 0.023104988 -0.087149076 0.079865701 -0.035994057 -0.049628604 0.994918525
1341846111.357890 0.116686463 0.028602177 -0.088005841 0.080896780 -0.035905417 -0.043299302 0.995133996
1341846111.390567 0.119075000 0.025947230 -0.086919054 0.079235196 -0.038469613 -0.039559901 0.995327532
1341846111.421924 0.127931178 0.021309188 -0.085861370 0.079683453 -0.039342139 -0.035808429 0.995399654
1341846111.457975 0.120065846 0.029047387 -0.086860240 0.080257230 -0.037854996 -0.028883751 0.995636225
1341846111.490354 0.117643833 0.025167769 -0.093126774 0.078793585 -0.040470187 -0.021060068 0.995846510
1341846111.525824 0.125449404 0.025471356 -0.081311427 0.081096455 -0.043179985 -0.011107199 0.995708525
1341846111.557829 0.125503421 0.030329140 -0.088090718 0.081441432 -0.043360595 -0.001279911 0.995733678
1341846111.589761 0.123931170 0.030922066 -0.087841935 0.079239964 -0.045534037 0.010439998 0.995760381
1341846111.625966 0.133546427 0.030113563 -0.086914830 0.077910654 -0.047636934 0.022996327 0.995556056
1341846111.658029 0.137695834 0.026520453 -0.083712183 0.077202417 -0.047191866 0.036750421 0.995219648
1341846111.689871 0.131105885 0.030026937 -0.085902691 0.077417754 -0.045748547 0.047283381 0.994825542
1341846111.725851 0.133677125 0.030543195 -0.087444372 0.075874858 -0.046420243 0.060213510 0.994214535
1341846111.757957 0.140979260 0.027205037 -0.083673708 0.075182296 -0.046304174 0.072809651 0.993429542
1341846111.793921 0.136199906 0.025495082 -0.085022964 0.075196825 -0.044901285 0.084081903 0.992602408
1341846111.825999 0.131906852 0.029645169 -0.083609313 0.075642459 -0.046294313 0.095229879 0.991496980
1341846111.857852 0.140159369 0.020720994 -0.079897404 0.075053543 -0.048357919 0.105172776 0.990437865
1341846111.893939 0.133618891 0.022417724 -0.085727282 0.077328585 -0.046687152 0.109849162 0.989835262
1341846111.925817 0.124129146 0.016791770 -0.091973372 0.075498469 -0.048518360 0.117221870 0.989042461
1341846111.957857 0.133610025 0.012949675 -0.087372385 0.077136479 -0.054428782 0.123929374 0.987789929
1341846111.993917 0.135271594 0.016825164 -0.086637087 0.079726815 -0.055755727 0.130920112 0.986607730
1341846112.025975 0.137890145 0.011473941 -0.088263482 0.078620195 -0.057798155 0.140055865 0.985323608
1341846112.061964 0.138946712 0.009516776 -0.087751620 0.080006748 -0.059279509 0.151013061 0.983503878
1341846112.094004 0.144004434 0.007332716 -0.086142853 0.081050299 -0.060738750 0.163762912 0.981286585
1341846112.125857 0.144025683 0.002996053 -0.090051860 0.082431845 -0.061710328 0.177719578 0.978679001
1341846112.161882 0.150760949 -0.001302414 -0.090412527 0.084847674 -0.064518176 0.192071915 0.975575030
1341846112.193903 0.145960435 -0.001051567 -0.091545142 0.089626551 -0.065931857 0.205943182 0.972217798
1341846112.230507 0.149641469 0.001084608 -0.085523382 0.093741223 -0.068442143 0.214979723 0.969696820
1341846112.261848 0.151148468 0.003813296 -0.085995778 0.095763586 -0.067762226 0.222033098 0.967956066
1341846112.293912 0.154153287 0.000347605 -0.087617762 0.096419483 -0.068456791 0.232441276 0.965395272
1341846112.329892 0.160652399 -0.002093817 -0.080920637 0.102253318 -0.070660003 0.244796887 0.961574674
1341846112.361751 0.160426870 -0.003058478 -0.085292600 0.106587663 -0.070215635 0.253882855 0.958776474
1341846112.393853 0.158052415 -0.005925043 -0.084573887 0.107853748 -0.068830490 0.259017199 0.957360983
1341846112.429940 0.158307046 -0.009279993 -0.087259330 0.109365195 -0.067532271 0.264793754 0.955700219
1341846112.461839 0.159316942 -0.013184123 -0.089647591 0.111225352 -0.068067484 0.272265136 0.953345418
1341846112.498139 0.157432765 -0.012367226 -0.089310840 0.113202691 -0.067889288 0.277443111 0.951630950
1341846112.530069 0.148681507 -0.017946666 -0.097127154 0.112418979 -0.067020580 0.280013055 0.951032579
1341846112.562160 0.146410003 -0.010831245 -0.101652019 0.112321362 -0.069590665 0.286117435 0.949040473
1341846112.597968 0.153394565 -0.016865624 -0.093700834 0.111734428 -0.073225960 0.297363162 0.945372164
1341846112.630702 0.152477801 -0.013872758 -0.098824814 0.112381302 -0.075134084 0.304811746 0.942769945
1341846112.661861 0.146270186 -0.004957034 -0.095295392 0.111383490 -0.075465359 0.310643435 0.940956593
1341846112.698170 0.151339874 -0.011033090 -0.091850042 0.107030720 -0.075579591 0.320827335 0.938030899
1341846112.729995 0.156549528 -0.012749283 -0.087055646 0.106322274 -0.076805130 0.332763523 0.933844209
1341846112.765875 0.165608361 -0.004596548 -0.082820356 0.107039563 -0.076665908 0.341898590 0.930467784
1341846112.798043 0.177245796 -0.002554830 -0.082447387 0.107793890 -0.071204044 0.354123294 0.926232755
1341846112.829969 0.166426584 -0.011993998 -0.086068973 0.107886247 -0.062611029 0.365351707 0.922474146
1341846112.865900 0.155564100 -0.011953196 -0.097023606 0.107110612 -0.059831016 0.373541147 0.919464290
1341846112.897929 0.161297858 -0.008891486 -0.089031331 0.105993606 -0.060087260 0.381448060 0.916325450
1341846112.935783 0.168624043 -0.012045695 -0.085334241 0.106000058 -0.057936441 0.390476227 0.912653089
1341846112.998277 0.165182859 -0.014724605 -0.092618026 0.104318969 -0.057729196 0.406448960 0.905860960
1341846113.033814 0.167029887 -0.013417266 -0.089063026 0.104923129 -0.055776630 0.412739962 0.903064728
1341846113.072059 0.165438876 -0.012121248 -0.090658396 0.104851753 -0.051460691 0.420268118 0.899851441
1341846113.139948 0.169506878 -0.010716873 -0.089254364 0.105617031 -0.048750430 0.438857973 0.890995026
1341846113.198174 0.166901812 -0.010126973 -0.099077404 0.105306610 -0.040354870 0.459112495 0.881191134
1341846113.233852 0.179226592 -0.012052076 -0.087088764 0.104048856 -0.040729742 0.469061255 0.876068711
1341846113.265850 0.181718543 -0.007065922 -0.083806850 0.105339661 -0.038172159 0.475927353 0.872318506
1341846113.301938 0.183145270 -0.010072887 -0.088663973 0.105467096 -0.033827525 0.487651944 0.865983844
1341846113.333866 0.173795521 -0.010986936 -0.093755774 0.105905756 -0.029856337 0.498294532 0.859997153
1341846113.366028 0.187139302 -0.012342221 -0.085559815 0.104188539 -0.031043308 0.508124948 0.854394555
1341846113.401917 0.194550946 -0.015623017 -0.078963190 0.103932865 -0.029500900 0.519364178 0.847696006
1341846113.433895 0.184251547 -0.013131318 -0.091934681 0.104992464 -0.026698129 0.529882669 0.841123164
1341846113.469984 0.183912277 -0.013819430 -0.092646852 0.104669735 -0.027175635 0.538901091 0.835398912
1341846113.501829 0.194762021 -0.014371694 -0.089331150 0.105157457 -0.026849100 0.546697557 0.830266714
1341846113.533888 0.181670442 -0.015877474 -0.092933893 0.105760023 -0.025372459 0.554154396 0.825278103
1341846113.569800 0.186624736 -0.016933059 -0.101075165 0.104876637 -0.027953211 0.563059688 0.819257736
1341846113.601892 0.190260977 -0.015479593 -0.090491034 0.105912529 -0.029282201 0.567600667 0.815937817
1341846113.634488 0.186705530 -0.013734429 -0.099727638 0.104954608 -0.027482996 0.573912561 0.811697960
1341846113.669776 0.187853828 -0.016617749 -0.094860986 0.102812380 -0.027764216 0.584859788 0.804113030
1341846113.701823 0.207594931 -0.017810663 -0.087056495 0.102237269 -0.030207405 0.596701324 0.795350611
1341846113.737952 0.193312794 -0.016815523 -0.099867888 0.104337558 -0.028522741 0.603784502 0.789774895
1341846113.769790 0.186577201 -0.015559253 -0.107503302 0.101885982 -0.030190136 0.608562410 0.786358476
1341846113.801808 0.193818063 -0.016073324 -0.085848294 0.100194588 -0.032164987 0.615572512 0.781023026
1341846113.837973 0.196010992 -0.016620921 -0.097323336 0.099185273 -0.031005694 0.620725334 0.777110636
1341846113.869842 0.201343924 -0.017275389 -0.097457893 0.097261034 -0.033044953 0.629373014 0.770284355
1341846113.901753 0.201162875 -0.018224208 -0.096772872 0.098330416 -0.032427005 0.634920239 0.765608191
1341846113.937955 0.196662188 -0.019842876 -0.109867319 0.097745880 -0.029231930 0.641683757 0.760153353
1341846113.969840 0.192900106 -0.018415812 -0.117043495 0.095062599 -0.029268794 0.648725510 0.754494309
1341846114.005912 0.196128801 -0.012665364 -0.104177661 0.093690425 -0.031017371 0.655657053 0.748581231
1341846114.043864 0.189635932 -0.014640007 -0.100196131 0.092852250 -0.026843809 0.663389146 0.742005825
1341846114.106082 0.204737082 -0.013227800 -0.110940032 0.089791924 -0.030767392 0.678155780 0.728763044
1341846114.137798 0.200207487 -0.013898501 -0.100955039 0.090064242 -0.030591333 0.680039704 0.726979136
1341846114.170101 0.196723446 -0.011327581 -0.109265722 0.089207403 -0.028163563 0.683788478 0.723658860
1341846114.205882 0.200590238 -0.009036531 -0.112352490 0.087420061 -0.030342063 0.686129868 0.721569777
1341846114.237814 0.200616255 -0.012182740 -0.113268137 0.086945556 -0.031464010 0.686918080 0.720828712
1341846114.273904 0.201831177 -0.010999187 -0.102671757 0.087648004 -0.033078909 0.689896524 0.717820525
1341846114.305813 0.207777441 -0.010979391 -0.117704891 0.086316638 -0.035219487 0.693885207 0.714025438
1341846114.337919 0.199181274 -0.015098371 -0.111260638 0.087553181 -0.034781568 0.692904711 0.714848042
1341846114.374059 0.204907715 -0.015138075 -0.111455627 0.086552016 -0.035454053 0.696369469 0.711562574
1341846114.406296 0.207952142 -0.011419999 -0.108808197 0.086329222 -0.038453571 0.700967014 0.706904411
1341846114.441861 0.202433795 -0.010437650 -0.105213821 0.088158049 -0.040543683 0.701154888 0.706375360
1341846114.473886 0.194105625 -0.009886856 -0.106255569 0.089312628 -0.040410258 0.701670647 0.705725551
1341846114.506009 0.204676718 -0.009668798 -0.115494005 0.086511098 -0.043259263 0.706874967 0.700694084
1341846114.541924 0.198975503 -0.011958611 -0.101185217 0.088612169 -0.044628657 0.706950307 0.700269520
1341846114.573824 0.187993586 -0.017818209 -0.117839493 0.089116268 -0.042027108 0.701205015 0.706118643
1341846114.605897 0.183170393 -0.011003326 -0.117468864 0.086871788 -0.042135634 0.700506985 0.707084000
1341846114.641888 0.193828225 -0.008890709 -0.100009508 0.084867351 -0.045856740 0.702409089 0.705206454
1341846114.673974 0.194814906 -0.007587601 -0.102765448 0.087009408 -0.044870295 0.701319635 0.706092596
1341846114.709730 0.181440219 -0.007007587 -0.113169350 0.085861869 -0.043408897 0.697329640 0.710263908
1341846114.741795 0.184414491 -0.009322845 -0.111179978 0.082787782 -0.044613805 0.692166388 0.715584755
1341846114.773917 0.185769081 -0.009705110 -0.098139577 0.083080843 -0.044714622 0.687612414 0.719921768
1341846114.810044 0.181484208 -0.007399918 -0.107378609 0.084187776 -0.043778729 0.676523447 0.730282068
1341846114.841856 0.172727942 -0.003301942 -0.101537675 0.084219582 -0.043943528 0.662389219 0.743112743
1341846114.873982 0.176031798 -0.000239731 -0.086446524 0.085131213 -0.045071952 0.651962519 0.752107739
1341846114.909807 0.189174548 -0.004360541 -0.085253857 0.087497398 -0.044406623 0.643856406 0.758828819
1341846114.941865 0.193934187 -0.005560718 -0.087234251 0.093946375 -0.042948078 0.637914419 0.763147891
1341846114.977980 0.188869819 -0.004709042 -0.090612143 0.099868461 -0.041369691 0.630522728 0.768606544
1341846115.009784 0.183915913 -0.007811347 -0.103196591 0.100825623 -0.038257238 0.621792197 0.775722325
1341846115.041927 0.184665203 -0.002880807 -0.109519474 0.099293701 -0.036666345 0.612062514 0.783693731
1341846115.077974 0.174978048 -0.003879515 -0.108052097 0.099432796 -0.036651626 0.606530845 0.787965775
1341846115.109710 0.169993058 0.002205783 -0.094848432 0.101179369 -0.038417179 0.597355545 0.794640362
1341846115.177979 0.148964152 0.000307004 -0.129377261 0.095586509 -0.035310831 0.571969211 0.813921154
1341846115.209893 0.142535284 0.003760281 -0.128745779 0.090208679 -0.037973296 0.561469615 0.821688712
1341846115.245960 0.145861551 0.012212051 -0.112327866 0.084550284 -0.038976230 0.553917766 0.827349544
1341846115.277850 0.139731079 0.006424591 -0.110450603 0.077276893 -0.034803431 0.545967042 0.833508849
1341846115.309821 0.128305808 0.011049279 -0.128797099 0.071278885 -0.034088857 0.534066498 0.841742396
1341846115.345985 0.136178106 0.019715423 -0.109709807 0.066203289 -0.036226444 0.522591829 0.849236488
1341846115.377811 0.135420188 0.020663723 -0.109681576 0.062832326 -0.034869403 0.507528841 0.858633041
1341846115.409843 0.121592820 0.018013705 -0.128029749 0.056908946 -0.031201851 0.488551736 0.870117843
1341846115.445793 0.119988292 0.030795582 -0.110854708 0.051190682 -0.032198634 0.467699289 0.881816387
1341846115.478059 0.136117011 0.021988362 -0.096614055 0.047716990 -0.032303307 0.457172781 0.887509286
1341846115.513951 0.130994931 0.023950526 -0.113472059 0.050427068 -0.030380068 0.445793688 0.893197715
1341846115.545891 0.116130754 0.035189889 -0.111565173 0.051135078 -0.030596327 0.434782267 0.898561895
1341846115.577954 0.114567675 0.045970105 -0.103147894 0.049592923 -0.031936347 0.420960635 0.905158997
1341846115.613954 0.117025495 0.038912237 -0.101688363 0.046358798 -0.030591706 0.410987467 0.909947455
1341846115.645824 0.113699093 0.037728604 -0.115463674 0.044775523 -0.032153025 0.395487040 0.916815877
1341846115.681882 0.097824402 0.046461556 -0.106379360 0.043085758 -0.031795755 0.378872722 0.923898339
1341846115.714384 0.112098068 0.046978526 -0.106995955 0.038823996 -0.031313814 0.362450212 0.930667520
1341846115.746144 0.104268327 0.043704968 -0.113299876 0.036268704 -0.027260451 0.349343538 0.935895622
1341846115.781725 0.109372713 0.044581473 -0.108780608 0.033393838 -0.028924331 0.340263784 0.939291656
1341846115.813812 0.101772226 0.055616077 -0.097152658 0.032889061 -0.026222114 0.328809708 0.943459034
1341846115.848050 0.104627542 0.052360959 -0.105102062 0.031187417 -0.021291764 0.317014009 0.947668791
1341846115.881857 0.100719191 0.050401948 -0.115916364 0.028127033 -0.018200750 0.308880150 0.950510800
1341846115.913919 0.099965475 0.054353315 -0.113566339 0.024419155 -0.018232016 0.302076846 0.952796340
1341846115.950006 0.109766901 0.052823197 -0.106225923 0.022013940 -0.016981591 0.293548465 0.955539823
1341846115.982063 0.108714297 0.055225998 -0.112581410 0.022142671 -0.012042951 0.284947872 0.958211541
1341846116.014067 0.103859574 0.048952766 -0.115767553 0.020164644 -0.010606722 0.281571120 0.959269881
1341846116.050272 0.108438350 0.047619257 -0.110714346 0.020365208 -0.012130485 0.276554704 0.960705817
1341846116.081984 0.104202285 0.052232780 -0.108959474 0.022962270 -0.009289201 0.267408639 0.963264823
1341846116.113928 0.103317574 0.055950597 -0.111180931 0.021900898 -0.006993469 0.259049028 0.965590537
1341846116.149901 0.103566311 0.047108527 -0.106706604 0.019990364 -0.008830800 0.254466772 0.966834605
1341846116.181797 0.104427412 0.047119990 -0.105644576 0.022988029 -0.008865828 0.244705662 0.969284356
1341846116.219755 0.104559198 0.058994539 -0.104212470 0.024838459 -0.006574732 0.234190524 0.971851170
1341846116.252587 0.108063243 0.047803484 -0.101437598 0.021377360 -0.006631455 0.229532018 0.973043740
1341846116.282014 0.115494125 0.046053015 -0.096991226 0.023420339 -0.006944401 0.224801689 0.974098325
1341846116.319031 0.111327209 0.056542519 -0.099620774 0.026314752 -0.005176458 0.220490932 0.975020230
1341846116.381987 0.109605581 0.053572781 -0.100701608 0.024688506 -0.002415305 0.212578505 0.976829112
1341846116.417962 0.106044918 0.057831377 -0.100096948 0.025094656 -0.000645779 0.207999259 0.977806807
1341846116.449943 0.103508316 0.058137931 -0.099353403 0.024078140 -0.000111210 0.200764671 0.979343534
1341846116.486079 0.104081631 0.063275896 -0.098315008 0.024291279 0.001830345 0.189077303 0.981660008
1341846116.517901 0.097025558 0.062671229 -0.106557474 0.022575269 0.004063689 0.179368690 0.983514488
1341846116.549851 0.098050140 0.063620478 -0.104741208 0.020985672 0.002598659 0.169714198 0.985266447
1341846116.585719 0.101264529 0.064271539 -0.101023793 0.019303547 0.002029693 0.158836961 0.987114012
1341846116.617985 0.106744356 0.064507291 -0.100726619 0.016706726 0.003282773 0.152555317 0.988148272
1341846116.653901 0.097704768 0.059914518 -0.104768969 0.014784631 0.004905802 0.150996864 0.988411486
1341846116.686079 0.104577154 0.062428840 -0.097623035 0.015411274 0.003067401 0.149859786 0.988582373
1341846116.717942 0.102019571 0.065450482 -0.100340620 0.016927650 0.006212488 0.147350878 0.988919914
1341846116.753865 0.097353131 0.067264773 -0.103660315 0.015756985 0.008019286 0.145168215 0.989248991
1341846116.785839 0.097396262 0.061312586 -0.101344369 0.015192477 0.005681295 0.142380923 0.989679039
1341846116.818815 0.102027543 0.066187449 -0.102695644 0.017881474 0.004430142 0.133703738 0.990850151
1341846116.853902 0.091149412 0.065796286 -0.105582140 0.016077578 0.007084105 0.125372440 0.991954148
1341846116.886435 0.095753342 0.061793748 -0.100186899 0.015028827 0.003943043 0.118432842 0.992840469
1341846116.921838 0.099656232 0.061716452 -0.099792615 0.016730662 0.002453814 0.111154638 0.993659258
1341846116.953941 0.094777346 0.065672144 -0.098972864 0.018043892 0.002855757 0.103019029 0.994511604
1341846116.985759 0.090475209 0.064597093 -0.099150844 0.018139824 0.001775844 0.096622638 0.995154202
1341846117.021816 0.095186226 0.063665301 -0.095793784 0.018744128 -0.001190915 0.090149201 0.995751143
1341846117.054055 0.088064738 0.064597383 -0.098227106 0.019676829 -0.001270877 0.081503905 0.996477962
1341846117.085953 0.087900415 0.064842626 -0.094059043 0.019453544 -0.003136208 0.074677303 0.997013092
1341846117.121840 0.089079738 0.062108565 -0.097583525 0.019502047 -0.005603771 0.069320820 0.997388065
1341846117.154178 0.090256236 0.062378973 -0.095476441 0.020721558 -0.007721250 0.064664759 0.997662008
1341846117.190028 0.087083660 0.060329266 -0.095957093 0.021866849 -0.008344690 0.060685001 0.997882545
1341846117.221812 0.087567374 0.064190641 -0.095258668 0.023188829 -0.009040220 0.055338625 0.998157382
1341846117.253848 0.084765904 0.060402576 -0.098473839 0.022172786 -0.007075987 0.051252913 0.998414457
1341846117.289976 0.078233987 0.058493510 -0.099487975 0.021934405 -0.007719783 0.050374053 0.998459697
1341846117.321956 0.082946241 0.059567750 -0.096312374 0.022830855 -0.011115679 0.047989812 0.998524964
1341846117.354004 0.093390912 0.059790064 -0.097313344 0.024238447 -0.010167893 0.042923953 0.998732507
1341846117.389874 0.082121849 0.063710310 -0.099824950 0.024260253 -0.006887429 0.040868700 0.998846233
1341846117.421707 0.082848534 0.056764126 -0.096603610 0.022630969 -0.010165088 0.039647989 0.998905718
1341846117.457914 0.093465306 0.064500846 -0.090256207 0.026141079 -0.012202090 0.036128182 0.998930693
1341846117.490067 0.084027603 0.063864194 -0.096534133 0.025214182 -0.009563372 0.032959219 0.999092817
1341846117.521746 0.080028035 0.057207108 -0.095484719 0.022568438 -0.011473011 0.032247905 0.999159157
1341846117.557896 0.087743916 0.052645393 -0.092461735 0.023791060 -0.015087188 0.030100571 0.999149799
1341846117.590027 0.088023759 0.058939304 -0.091458268 0.025366658 -0.015889412 0.028702809 0.999139726
1341846117.621818 0.084814861 0.053555865 -0.090030015 0.024969595 -0.017147822 0.029821532 0.999096155
1341846117.658054 0.085139848 0.046590950 -0.094720915 0.026948601 -0.019548135 0.029985085 0.998995781
1341846117.689984 0.088801347 0.054350596 -0.088821672 0.030870821 -0.020052461 0.028903080 0.998904169
1341846117.725898 0.087191083 0.046794519 -0.090048209 0.032098610 -0.020613898 0.028387953 0.998868823
1341846117.757737 0.089086488 0.046455517 -0.088573031 0.036406875 -0.022657184 0.027251001 0.998708487
1341846117.790023 0.089748010 0.048874043 -0.090286054 0.038915556 -0.024825281 0.025390761 0.998611331
1341846117.825949 0.093837127 0.044094969 -0.091161042 0.039871577 -0.026000874 0.023438428 0.998591423
1341846117.857847 0.094254240 0.041925438 -0.095931754 0.041360341 -0.024920251 0.023228914 0.998563349
1341846117.893987 0.085698478 0.042693492 -0.098430388 0.041905832 -0.024443774 0.025581315 0.998494864
1341846117.925908 0.093883343 0.043868221 -0.093363658 0.042164177 -0.027244922 0.028825337 0.998323083
1341846117.958141 0.101974018 0.048740145 -0.090432309 0.043872163 -0.026452018 0.029687457 0.998245537
1341846117.993978 0.094107710 0.050921407 -0.094656527 0.042970385 -0.023461426 0.032109946 0.998284578
1341846118.025852 0.094988488 0.047246166 -0.094405405 0.040883109 -0.024935661 0.035600897 0.998218060
1341846118.058362 0.104138002 0.044729870 -0.090122677 0.040582821 -0.026213951 0.037174921 0.998140216
1341846118.093970 0.102232248 0.049783487 -0.090565369 0.041621290 -0.024568724 0.037933528 0.998110771
1341846118.125943 0.096109375 0.048915390 -0.092426300 0.040467698 -0.023937549 0.039584685 0.998109400
1341846118.161827 0.104942590 0.041671839 -0.088625811 0.039290778 -0.026564414 0.040748760 0.998043180
1341846118.194750 0.104144514 0.045034390 -0.091291949 0.041510150 -0.024184268 0.038381554 0.998107672
1341846118.226048 0.102214694 0.043247458 -0.094051562 0.041263305 -0.022824466 0.038950786 0.998127878
1341846118.261772 0.103836454 0.040907476 -0.090487495 0.042046171 -0.023285009 0.039730314 0.998053849
1341846118.294053 0.109366469 0.039912421 -0.086120278 0.043926019 -0.022899363 0.040549248 0.997948825
1341846118.336123 0.105833977 0.043358959 -0.089431666 0.045133732 -0.021172237 0.040201835 0.997947156
1341846118.362053 0.105030917 0.043340940 -0.086559430 0.044436745 -0.021048006 0.039378684 0.998013854
1341846118.393906 0.109824315 0.043616913 -0.087733552 0.044622779 -0.020637158 0.038809873 0.998036444
1341846118.429882 0.103938885 0.043269306 -0.091197133 0.044870857 -0.017744172 0.038721785 0.998084366
1341846118.461821 0.097782664 0.043300547 -0.094510518 0.043697111 -0.017943144 0.039473597 0.998103440
1341846118.509152 0.107865565 0.042926501 -0.089781851 0.042832620 -0.020264836 0.040028691 0.998074353
1341846118.535838 0.106084257 0.041538000 -0.091920756 0.043418683 -0.018761005 0.040244620 0.998069763
1341846118.567808 0.099389896 0.045711372 -0.093024984 0.043100353 -0.018348627 0.041478015 0.998040736
1341846118.603991 0.103359282 0.036577847 -0.093834996 0.041271746 -0.020488692 0.041709419 0.998066723
1341846118.635802 0.112249538 0.041182879 -0.088702865 0.044477869 -0.019559070 0.041274890 0.997965693
1341846118.667919 0.103264265 0.043915655 -0.092957571 0.044508182 -0.017139833 0.042390440 0.997962058
1341846118.703956 0.108676895 0.039624915 -0.090634450 0.043619700 -0.019423021 0.043648899 0.997905254
1341846118.735837 0.114002295 0.040583897 -0.088789463 0.045603052 -0.018741053 0.043828242 0.997821748
1341846118.772013 0.108624533 0.043329373 -0.098107494 0.045332722 -0.016247211 0.044278152 0.997857928
1341846118.804343 0.105927661 0.040381815 -0.095984250 0.044438347 -0.016652705 0.045310661 0.997845113
1341846118.835817 0.114742741 0.037098609 -0.095198438 0.045768626 -0.017355476 0.045012783 0.997786522
1341846118.872045 0.109504350 0.041815624 -0.097515494 0.046124019 -0.015964393 0.045704648 0.997761905
1341846118.903860 0.110239595 0.043753669 -0.095087826 0.045972623 -0.016879462 0.045216523 0.997776091
1341846118.935809 0.117788091 0.037637193 -0.091893129 0.045428500 -0.017488241 0.044048589 0.997842729
1341846118.971870 0.112232916 0.041500099 -0.096256293 0.046549235 -0.015510301 0.044420715 0.997807264
1341846119.003949 0.110826962 0.035711199 -0.090979092 0.046136677 -0.015739731 0.045862887 0.997757614
1341846119.035768 0.125127554 0.037998915 -0.090833172 0.049580764 -0.016870800 0.048345208 0.997456729
1341846119.071829 0.122112848 0.038314439 -0.093435034 0.052937593 -0.012881012 0.050290115 0.997247517
1341846119.103837 0.115625471 0.038157579 -0.097374871 0.053882446 -0.011324089 0.050918225 0.997183919
1341846119.136478 0.123537779 0.038615536 -0.093331695 0.054605410 -0.012993881 0.050572351 0.997141838
1341846119.171928 0.130543113 0.038246762 -0.091498584 0.056887761 -0.012438508 0.051350709 0.996981561
1341846119.203919 0.122438505 0.037485953 -0.095687307 0.058380038 -0.009662929 0.052910194 0.996844471
1341846119.266059 0.121782623 0.033911373 -0.097482003 0.059702929 -0.014414841 0.058777444 0.996379972
1341846119.297817 0.121645227 0.037323974 -0.099486500 0.060650907 -0.014854665 0.059660863 0.996263742
1341846119.334095 0.119211823 0.035243437 -0.099779680 0.059292592 -0.016095903 0.061349515 0.996223688
1341846119.365757 0.126752630 0.028753098 -0.097683519 0.059532274 -0.019975232 0.063886888 0.995979607
1341846119.401815 0.128939480 0.032661527 -0.097083077 0.062043503 -0.021000076 0.064329416 0.995776772
1341846119.434863 0.130677029 0.032838996 -0.097175092 0.062310316 -0.020460831 0.062449291 0.995890975
1341846119.465868 0.134542659 0.034037195 -0.094080210 0.062481895 -0.020233704 0.061904311 0.995918930
1341846119.501761 0.131546587 0.031997968 -0.097765714 0.063680395 -0.018683108 0.061754096 0.995882630
1341846119.533772 0.131126180 0.028110458 -0.100175574 0.064099841 -0.018320743 0.061734043 0.995863676
1341846119.565854 0.130370021 0.035241522 -0.104841933 0.065100759 -0.018118128 0.060914371 0.995852947
