1341846092.023798 0.0000000 0.0000000 0.0000000 0.0000000 0.0000000 0.0000000 1.0000000
1341846092.595783 0.0061940 -0.0077481 0.0014176 0.0369121 0.0048571 -0.0175784 0.9991521
1341846092.628121 0.0059965 -0.0091254 0.0012214 0.0411267 0.0040807 -0.0172651 0.9989964
1341846093.027860 0.0148016 -0.0341474 0.0008676 0.0953578 0.0076117 -0.0252164 0.9950945
1341846093.125933 0.0254941 -0.0317582 -0.0048614 0.1103378 0.0095451 -0.0281248 0.9934503
1341846093.425924 0.0258804 -0.0522977 -0.0094026 0.1543783 0.0151087 -0.0173258 0.9877443
1341846093.794228 0.0344704 -0.0792241 -0.0181267 0.2176319 0.0092007 -0.0035061 0.9759812
1341846093.861841 0.0386171 -0.0766310 -0.0130270 0.2294518 0.0073821 -0.0068962 0.9732676
1341846093.929912 0.0344719 -0.0966509 -0.0287675 0.2415254 0.0049400 -0.0072335 0.9703550
1341846094.397911 0.0538816 -0.0710213 -0.0277710 0.2629587 0.0173688 -0.0028372 0.9646465
1341846094.565945 0.0551440 -0.0668521 -0.0312116 0.2279355 0.0089120 0.0061737 0.9736159
1341846094.597899 0.0591703 -0.0650515 -0.0231299 0.2205993 0.0080262 0.0081085 0.9752978
1341846094.633912 0.0522272 -0.0615401 -0.0199785 0.2119787 0.0074903 0.0114802 0.9771782
1341846094.665844 0.0628146 -0.0610878 -0.0278621 0.2054433 0.0041719 0.0138361 0.9785623
1341846096.878199 0.0769723 0.0711144 -0.0046096 -0.0954001 0.0121989 0.0296082 0.9949238
1341846098.185874 0.0729652 0.1030103 -0.0075156 -0.1929257 0.0275141 -0.0092682 0.9807838
1341846098.827945 0.0741484 0.0415152 -0.0126218 -0.0390221 0.0398240 0.0076951 0.9984148
1341846099.022028 0.0828830 0.0159676 -0.0191987 0.0248086 0.0289158 0.0130594 0.9991886
1341846099.226178 0.0855329 0.0166005 -0.0220117 0.0739313 0.0262925 0.0123720 0.9968399
1341846099.363831 0.0875079 0.0293959 -0.0228427 0.0873482 0.0285072 0.0174712 0.9956166
1341846099.961831 0.1565672 0.0157884 -0.0199367 0.1016446 0.1816417 0.0368338 0.9774037
1341846099.993861 0.1506300 0.0178593 -0.0125530 0.1023772 0.1932361 0.0363837 0.9751179
1341846100.029846 0.1534913 0.0123554 -0.0256752 0.1017926 0.2021541 0.0371741 0.9733397
1341846100.604545 0.1779266 0.0152539 -0.0662274 0.1150916 0.3128906 0.0437011 0.9417769
1341846100.733981 0.1577041 0.0090476 -0.0420900 0.1172225 0.3358998 0.0456086 0.9334613
1341846101.202171 0.1626762 0.0197138 -0.0457983 0.1109859 0.3269378 0.0475796 0.9372993
1341846101.601955 0.1318721 0.0284552 -0.0309393 0.1006009 0.2681417 0.0324072 0.9575642
1341846101.637841 0.1363664 0.0268477 -0.0336383 0.0985495 0.2616961 0.0304822 0.9596218
1341846101.705786 0.1209990 0.0250215 -0.0191553 0.1007363 0.2489792 0.0347001 0.9626305
1341846101.769786 0.1137874 0.0217396 -0.0338209 0.1030931 0.2380121 0.0382291 0.9650185
1341846101.837808 0.1169354 0.0215587 -0.0165463 0.1035291 0.2277557 0.0373821 0.9674770
1341846101.973942 0.0969426 0.0184531 -0.0244632 0.1037311 0.2049625 0.0390026 0.9724757
1341846102.005947 0.0817605 0.0219318 -0.0458274 0.1046463 0.1935987 0.0424237 0.9745609
1341846102.105961 0.0639278 0.0312521 -0.0519695 0.1054380 0.1663048 0.0417035 0.9795337
1341846102.205896 0.0638211 0.0287719 -0.0598999 0.0976315 0.1416263 0.0362100 0.9844282
1341846102.677806 0.0451617 0.0373079 -0.0753589 0.0943588 0.0190394 0.0243882 0.9950573
1341846102.809783 0.0501469 0.0281763 -0.0600545 0.0895615 -0.0184246 0.0324337 0.9952825
1341846102.977815 0.0394776 0.0369514 -0.0665433 0.0940016 -0.0525014 0.0402806 0.9933704
1341846103.345951 0.0142482 0.0249098 -0.1074487 0.0840144 -0.1710265 0.0215987 0.9814403
1341846103.513968 0.0571600 0.0347312 -0.0683270 0.0743669 -0.2621704 0.0176226 0.9619905
1341846103.650229 0.0436931 0.0329469 -0.0662960 0.0785878 -0.3111641 0.0262161 0.9467384
1341846103.813998 0.0658814 0.0325975 -0.0669673 0.0714088 -0.3756499 0.0407118 0.9231092
1341846103.849900 0.0737246 0.0403889 -0.0601002 0.0686144 -0.3931310 0.0424087 0.9159375
1341846103.883046 0.0651937 0.0396320 -0.0802737 0.0650137 -0.4030006 0.0410311 0.9119650
1341846103.949988 0.0505847 0.0350039 -0.0858955 0.0616116 -0.4178548 0.0415105 0.9054713
1341846103.981996 0.0655536 0.0408583 -0.0846819 0.0588143 -0.4341069 0.0379599 0.8981376
1341846104.017780 0.0599165 0.0372074 -0.0638189 0.0586748 -0.4412078 0.0356187 0.8947760
1341846104.049832 0.0464021 0.0358810 -0.0697878 0.0594841 -0.4482923 0.0320631 0.8913292
1341846104.082120 0.0488240 0.0386151 -0.0779409 0.0585780 -0.4598109 0.0252580 0.8857226
1341846104.150184 0.0641130 0.0415730 -0.0860613 0.0550755 -0.4769164 0.0226416 0.8769292
1341846104.185757 0.0608192 0.0374349 -0.0914147 0.0511132 -0.4805942 0.0195248 0.8752345
1341846104.286035 0.0766793 0.0355489 -0.1171973 0.0460600 -0.4983993 0.0197616 0.8654976
1341846107.334002 0.1070895 0.0501390 -0.0657075 0.0280050 -0.0248479 -0.3519489 0.9352701
1341846107.870011 0.1022712 0.0831065 -0.0682046 -0.0121262 -0.0274932 -0.5013236 0.8647379
1341846108.273872 0.1258120 0.1042688 -0.0728315 -0.0566382 0.0137889 -0.5971777 0.7999880
1341846108.573967 0.1058802 0.0964038 -0.0743919 -0.0755330 0.0461406 -0.6204806 0.7792109
1341846108.742835 0.1210127 0.0993214 -0.0652748 -0.0567073 0.0710365 -0.6059221 0.7903142
1341846108.941882 0.1331652 0.0940583 -0.0593524 -0.0358529 0.0900098 -0.5938075 0.7987525
1341846109.178396 0.1320335 0.0833156 -0.0493873 -0.0226079 0.0961279 -0.5742494 0.8127028
1341846109.345968 0.1249219 0.0738920 -0.0442707 0.0236145 0.0738508 -0.5298030 0.8445692
1341846110.286020 0.1096776 0.0291146 -0.0744395 0.0924557 -0.0062908 -0.2537653 0.9628165
1341846110.717831 0.1267141 0.0381988 -0.0853852 0.0940674 -0.0278164 -0.1709442 0.9803855
1341846111.893939 0.1364678 0.0208882 -0.0843138 0.0769956 -0.0470880 0.1102735 0.9897950
1341846112.329892 0.1669610 -0.0105015 -0.0783304 0.1005679 -0.0712519 0.2469862 0.9611489
1341846112.661861 0.1495143 -0.0115453 -0.0929230 0.1101222 -0.0754246 0.3112992 0.9408916
1341846112.998277 0.1674003 -0.0185410 -0.0911276 0.1033030 -0.0576449 0.4072417 0.9056267
1341846114.909807 0.1864793 -0.0073935 -0.0829986 0.0875184 -0.0435312 0.6439906 0.7587632
