1548265363.585140 0.000000000 0.000000000 0.000000000 -0.000000000 -0.000000000 -0.000000000 1.000000000
1548265363.618650 0.005363240 0.010035951 -0.000455388 0.003441699 0.002907817 -0.000828325 0.999989510
1548265363.652170 -0.000955856 0.008419739 -0.001576451 0.003667298 0.007842259 -0.000430484 0.999962449
1548265363.684590 -0.007463898 -0.007684679 0.001733110 0.001489118 0.010262994 -0.000432614 0.999946177
1548265363.717130 -0.011700505 -0.008432927 0.000637400 0.002157249 0.011062705 -0.001743725 0.999934971
1548265363.750510 -0.011919583 -0.011257979 -0.000003381 0.001980703 0.011296928 -0.002042068 0.999932170
1548265363.784020 -0.014565840 0.005385327 0.000449201 0.004745826 0.010539458 -0.002055577 0.999931097
1548265363.817540 -0.003944156 -0.001644768 0.003145001 0.003226079 0.007876750 -0.001826134 0.999962151
1548265363.851060 -0.034595139 -0.007379553 -0.000433236 0.002559252 0.010665579 -0.003400445 0.999934077
1548265363.884520 -0.020854205 -0.005537239 -0.001740848 0.002756880 0.006833814 -0.004819833 0.999961257
1548265363.917970 -0.020573232 -0.008591999 0.000394334 0.002676530 0.008446764 -0.004637385 0.999949992
1548265363.951480 -0.026974045 -0.022028273 -0.000885021 0.001673008 0.008772232 -0.003000260 0.999955654
1548265363.985070 -0.023395268 -0.021811169 0.002227370 0.002929565 0.005807462 -0.002367393 0.999976039
1548265364.018640 -0.010713679 -0.008898471 0.001422579 0.006226337 0.001403510 -0.001972250 0.999977708
1548265364.052150 -0.003083991 -0.013663515 0.003161501 0.006469519 -0.001192412 -0.002375017 0.999975562
1548265364.085670 -0.014071438 -0.031538974 -0.001370570 0.005053660 0.001809075 -0.003154945 0.999980628
1548265364.119210 -0.013141816 -0.035484284 -0.003548171 0.006369906 0.002783048 -0.002588223 0.999972522
1548265364.152730 -0.018728716 -0.034566082 -0.003083681 0.008659028 0.003596799 -0.002100573 0.999953866
1548265364.186300 -0.023648277 -0.049967468 -0.003327065 0.008182992 0.003146312 -0.002923030 0.999957323
1548265364.219870 -0.012343509 -0.041417405 -0.004973093 0.011811296 0.001451106 -0.003448020 0.999923289
1548265364.253420 -0.018344542 -0.044373762 -0.006387017 0.013235915 0.002864589 -0.002777885 0.999904454
1548265364.287020 -0.041351270 -0.056372195 -0.009051096 0.013053846 0.003342872 -0.001081004 0.999908686
1548265364.320590 -0.006239704 -0.040661003 -0.004839759 0.018216351 -0.004193462 -0.001910936 0.999823451
1548265364.354090 -0.021279618 -0.059629586 -0.012167239 0.017749144 -0.001266847 -0.002132477 0.999839425
1548265364.387620 -0.022523945 -0.060830835 -0.012175961 0.019604176 -0.000113763 -0.001362204 0.999806941
1548265364.421140 -0.022542285 -0.063088648 -0.011941347 0.021657757 -0.000050692 -0.000477563 0.999765396
1548265364.454650 -0.022650661 -0.081229992 -0.016935982 0.021021768 0.000139736 -0.000884299 0.999778628
1548265364.488170 -0.017063778 -0.086745158 -0.014723784 0.022470579 0.000312009 -0.000457886 0.999747336
1548265364.521680 -0.019682040 -0.076261990 -0.015867844 0.026986789 0.001849125 -0.000862414 0.999633789
1548265364.555200 -0.021489508 -0.076607168 -0.014002445 0.029276352 0.005127258 -0.000694208 0.999557972
1548265364.588730 -0.034322605 -0.082581162 -0.012905756 0.030608915 0.008497434 0.000877157 0.999494970
1548265364.622260 -0.042428374 -0.102551274 -0.016967714 0.029757526 0.006180189 0.000227470 0.999538004
1548265364.655760 -0.018777229 -0.082308739 -0.017415350 0.033719420 0.002162141 -0.002083178 0.999426842
1548265364.689280 -0.021558162 -0.070988633 -0.012843031 0.035794236 0.007332907 -0.001568672 0.999331117
1548265364.722790 -0.032583438 -0.101866931 -0.010777920 0.030902939 0.009601654 -0.001902654 0.999474466
1548265364.756310 -0.007840170 -0.074680082 -0.001929071 0.033447776 0.006876471 -0.004582717 0.999406338
1548265364.789820 -0.037950791 -0.096445709 -0.003030006 0.026429912 0.021357279 -0.002096704 0.999420285
1548265364.823340 -0.045009252 -0.107319973 0.005231233 0.022306032 0.022305096 -0.000603177 0.999502182
1548265364.856850 -0.030770224 -0.098196529 0.014286947 0.022488287 0.018274555 -0.002664291 0.999576509
1548265364.890370 0.007372120 -0.084056363 0.015982252 0.023272317 0.016886698 -0.004421507 0.999576807
1548265364.923850 -0.041322671 -0.104683988 0.023822779 0.017644240 0.028962603 -0.000066522 0.999424756
1548265364.957340 -0.031971984 -0.106945291 0.031049464 0.015281145 0.021186201 -0.000855532 0.999658406
1548265364.990840 0.039164521 -0.054319017 0.038141828 0.021849209 0.013536988 -0.002859826 0.999665558
1548265365.024360 -0.029765839 -0.078449957 0.035455674 0.014522815 0.030679764 0.001721625 0.999422312
1548265365.057890 -0.024257833 -0.084276259 0.047654927 0.011073317 0.026540875 0.002573419 0.999583125
1548265365.091390 -0.004250267 -0.066098347 0.055678111 0.011739530 0.023692463 0.001430193 0.999649346
1548265365.124870 -0.015271377 -0.058396898 0.060769588 0.009286490 0.026227841 0.002437383 0.999609888
1548265365.158360 -0.005954156 -0.055727445 0.071666174 0.006247416 0.022958739 0.002794947 0.999713004
1548265365.191870 -0.000458578 -0.046958376 0.071587704 0.003861671 0.021514809 0.001338551 0.999760211
1548265365.225420 0.000912817 -0.046380665 0.076521672 -0.001071151 0.021960793 0.001482175 0.999757171
1548265365.258930 0.003102718 -0.037620880 0.084690385 -0.005537669 0.020045841 0.001410865 0.999782741
1548265365.292450 0.012201024 -0.023389308 0.093418211 -0.009419899 0.018820075 0.000801690 0.999778211
1548265365.325960 0.004531763 -0.016212219 0.102361098 -0.013418514 0.018437378 0.000776989 0.999739707
1548265365.359540 0.022139763 -0.000914214 0.110553496 -0.018269839 0.013045536 -0.004764827 0.999736667
1548265365.393060 0.002579298 -0.002943891 0.124365307 -0.025164610 0.017426213 -0.006074629 0.999513030
1548265365.426670 0.001973417 0.005489068 0.134177983 -0.028706027 0.014921734 -0.007404122 0.999449134
1548265365.460340 0.001982377 0.006454053 0.138416350 -0.032428090 0.012280586 -0.008222384 0.999364793
1548265365.493960 -0.005332818 -0.007370086 0.151137292 -0.037922509 0.006141261 -0.007782295 0.999231517
1548265365.527540 0.005762860 0.002165428 0.152604237 -0.038570274 -0.003856756 -0.011301606 0.999184549
1548265365.561110 0.012653183 0.015416717 0.161700457 -0.038556162 -0.007882521 -0.011612872 0.999157906
1548265365.594690 0.006082269 0.018851116 0.166946217 -0.039859571 -0.011058997 -0.012947360 0.999060214
1548265365.628220 0.017897239 0.021521220 0.166756183 -0.041877355 -0.015129129 -0.014817783 0.998898387
1548265365.661730 0.033298220 0.031682272 0.172314927 -0.042220064 -0.016781332 -0.015393091 0.998848796
1548265365.695250 0.025225429 0.038306952 0.175519988 -0.043118265 -0.014131291 -0.015469188 0.998850286
1548265365.728780 0.036065761 0.052130170 0.180661350 -0.042774934 -0.015225247 -0.017670479 0.998812437
1548265365.762300 0.051030368 0.055760294 0.185499817 -0.044636961 -0.011847815 -0.017926976 0.998772144
1548265365.795810 0.032640975 0.058635689 0.192155853 -0.046966191 -0.006935277 -0.016850773 0.998730302
1548265365.829310 0.058102019 0.074981816 0.194107577 -0.046798356 -0.009169426 -0.018076245 0.998698711
1548265365.862830 0.018551014 0.080595799 0.198669985 -0.049972709 0.002092606 -0.016486449 0.998612404
1548265365.896350 0.047879469 0.077764623 0.208508566 -0.054623589 -0.005416360 -0.015762351 0.998367906
1548265365.929860 0.054602727 0.091451950 0.210948080 -0.054629061 -0.003329691 -0.016593963 0.998363256
1548265365.963380 0.030621553 0.107245177 0.221311405 -0.055172823 0.000722023 -0.013324738 0.998387635
1548265365.996890 0.033106275 0.105574839 0.223837763 -0.059523672 -0.002607672 -0.012882659 0.998140395
1548265366.030410 0.048729271 0.115546897 0.223752573 -0.061426882 -0.007451982 -0.014665836 0.997976005
1548265366.063700 0.064856641 0.128088802 0.229371533 -0.063559972 -0.005724948 -0.016059056 0.997832358
1548265366.097220 0.046396881 0.141509756 0.232144460 -0.066398233 0.001105468 -0.014221571 0.997691274
1548265366.130740 0.046605907 0.145220995 0.241442099 -0.071357228 0.000889402 -0.012138206 0.997376621
1548265366.164250 0.060538623 0.144106209 0.241636738 -0.076369122 -0.000838682 -0.014081680 0.996979833
1548265366.197860 0.046622414 0.150891945 0.252017409 -0.078419626 0.005147146 -0.012054217 0.996834278
1548265366.231280 0.018343842 0.157453194 0.257246286 -0.079069547 0.006808589 -0.008694964 0.996807992
1548265366.264760 0.074872725 0.157757670 0.257271141 -0.079704754 -0.006657936 -0.011599587 0.996728778
1548265366.298280 0.034635782 0.161876395 0.256665260 -0.079350121 0.012629785 -0.009015149 0.996726096
1548265366.331800 0.057476565 0.173215598 0.268123120 -0.077567659 0.010294364 -0.007564009 0.996905267
1548265366.365310 0.070208296 0.179573357 0.270209491 -0.076328963 0.010134199 -0.007313683 0.997004390
1548265366.398830 0.059406567 0.187186688 0.274132490 -0.074747674 0.014759775 -0.005460393 0.997078300
1548265366.432340 0.050645173 0.187362567 0.273102760 -0.074419707 0.016560704 -0.003338466 0.997083902
1548265366.465860 0.062087491 0.191846192 0.273531944 -0.074619338 0.011808391 -0.003632913 0.997135580
1548265366.499320 0.063094161 0.193693891 0.277966291 -0.076118112 0.013324352 -0.003735877 0.997002780
1548265366.532840 0.046194851 0.191699654 0.283531666 -0.077818021 0.014767618 -0.001785092 0.996856630
1548265366.566350 0.067064419 0.183165237 0.286427855 -0.080036826 0.008193606 -0.004177486 0.996749520
1548265366.599660 0.057770278 0.183888853 0.292362303 -0.080547869 0.012173804 -0.004402529 0.996666729
1548265366.633180 0.050347328 0.180668727 0.298657656 -0.082045667 0.012311148 -0.003248454 0.996547222
1548265366.666690 0.056245264 0.175231710 0.299639553 -0.083885781 0.009188558 -0.004466394 0.996423066
1548265366.699900 0.056852728 0.166614413 0.307512343 -0.086049743 0.009227829 -0.004118077 0.996239603
1548265366.733360 0.050042264 0.155064955 0.312609464 -0.086895831 0.009050018 -0.003366677 0.996170640
1548265366.766880 0.058545459 0.146880493 0.310453802 -0.086477503 0.006262505 -0.003461849 0.996228158
1548265366.800400 0.053576846 0.130864426 0.312105864 -0.085301653 0.007049722 -0.002167228 0.996327877
1548265366.833970 0.030010227 0.123298347 0.306036472 -0.082117677 0.008642949 -0.001148722 0.996584535
1548265366.868010 0.043480113 0.116739362 0.305864006 -0.078870296 0.005302903 -0.000863322 0.996870399
1548265366.901520 0.054591388 0.107105024 0.307139993 -0.074873246 0.003794370 0.000382174 0.997185826
1548265366.934520 0.044372212 0.100659862 0.305674136 -0.070943199 0.003693519 0.000515848 0.997473419
1548265366.967980 0.045223620 0.096176848 0.302480936 -0.067312822 0.001554456 -0.000055700 0.997730732
1548265367.001490 0.033681884 0.093324423 0.298967838 -0.064217478 0.001372211 0.001437417 0.997933924
1548265367.035370 0.050896838 0.085996397 0.297656953 -0.061825771 -0.003796538 0.002081505 0.998077571
1548265367.069000 0.053140428 0.081787243 0.292191565 -0.059603859 -0.003722238 0.001781800 0.998213589
1548265367.102510 0.043022148 0.074858584 0.292260230 -0.058383171 -0.002362459 0.001731443 0.998290002
1548265367.136030 0.051591363 0.064008147 0.288126796 -0.057339277 -0.004718363 0.002012757 0.998341560
1548265367.169530 0.062759675 0.060147937 0.286462694 -0.054477997 -0.003557823 0.002642293 0.998505175
1548265367.203040 0.056051232 0.047366753 0.282776415 -0.052691709 -0.000256202 0.003468029 0.998604774
1548265367.236560 0.057248998 0.038673267 0.278094858 -0.050921328 0.001399658 0.003883561 0.998694122
1548265367.269980 0.044148471 0.034518629 0.273831218 -0.047389597 0.006310296 0.005564500 0.998841047
1548265367.303490 0.041161940 0.002629609 0.266003400 -0.048370108 0.004822167 0.009791857 0.998769879
1548265367.336980 0.059576374 0.015776025 0.266855597 -0.039808147 -0.002670334 0.008685831 0.999166012
1548265367.370480 0.064804591 -0.000318762 0.259333551 -0.037015446 -0.001079701 0.007892340 0.999282956
1548265367.403990 0.050068803 -0.012257449 0.254087806 -0.034193873 0.003047695 0.010053492 0.999360025
1548265367.437520 0.049833424 -0.028268790 0.250268131 -0.031242432 0.002041415 0.010055173 0.999459207
1548265367.471070 0.053715773 -0.023483787 0.240867496 -0.025168445 0.002430296 0.009212032 0.999637902
1548265367.504560 0.056158036 -0.040300727 0.236914039 -0.024584893 0.004736112 0.010954870 0.999626517
1548265367.538060 0.048545178 -0.044169221 0.234084949 -0.020947658 0.005897656 0.011538640 0.999696612
1548265367.571530 0.053042248 -0.044415891 0.223556072 -0.017492805 0.005084537 0.010515590 0.999778748
1548265367.605040 0.050097566 -0.059417192 0.221474275 -0.017102208 0.006883658 0.011023771 0.999769270
1548265367.638540 0.040615376 -0.073869675 0.218282744 -0.015702920 0.007445063 0.010395780 0.999794960
1548265367.672050 0.050598066 -0.070052743 0.215027049 -0.011062824 0.004977642 0.008858824 0.999887228
1548265367.705540 0.067693718 -0.074380539 0.204658985 -0.008426313 0.005945063 0.006990667 0.999922395
1548265367.739050 0.056106985 -0.082106642 0.196459278 -0.006346627 0.016263880 0.007188685 0.999821723
1548265367.772560 0.041709419 -0.088460669 0.192686617 -0.003233646 0.022028437 0.008297903 0.999717772
1548265367.806040 0.065845758 -0.086473145 0.184034809 0.001732777 0.022359990 0.006846657 0.999725044
1548265367.839550 0.108933583 -0.128200650 0.170166597 -0.002608912 0.030798148 0.008153815 0.999488950
1548265367.873030 0.005530115 -0.113889933 0.168077901 0.004194067 0.057781015 0.010466944 0.998265624
1548265367.906530 0.113847621 -0.122602038 0.168113559 0.008111212 0.044734001 0.009912945 0.998916864
1548265367.940050 0.088854089 -0.147878975 0.144569531 0.007586521 0.062233027 0.011541320 0.997966111
1548265367.973550 0.012254716 -0.135253295 0.142811656 0.013699912 0.085433997 0.012826595 0.996167123
1548265368.007080 0.096533410 -0.142521083 0.138321072 0.015924459 0.077788055 0.014092983 0.996743083
1548265368.040590 0.080031395 -0.132158518 0.140856355 0.021245643 0.091889463 0.015006601 0.995429456
1548265368.074100 0.037229825 -0.141593054 0.130442098 0.023030626 0.109147891 0.017365044 0.993606985
1548265368.107590 0.037405774 -0.135025606 0.126247704 0.027046204 0.115911104 0.020231361 0.992685199
1548265368.141010 0.086964235 -0.148930207 0.122038759 0.026883135 0.117456317 0.021938765 0.992471695
1548265368.174520 0.084946550 -0.138788298 0.114399366 0.030951314 0.129144177 0.027009159 0.990774632
1548265368.208040 0.094928101 -0.142206207 0.110744327 0.032051895 0.136738703 0.030073136 0.989631712
1548265368.241550 0.104558393 -0.146088749 0.100714557 0.032797527 0.144910112 0.032110959 0.988379657
1548265368.275070 0.112031080 -0.160261318 0.090915434 0.030846551 0.156638637 0.036467511 0.986500382
1548265368.308590 0.130176023 -0.189693376 0.079864018 0.025603097 0.163465932 0.039522383 0.985424459
1548265368.342100 0.104096375 -0.184955806 0.090445541 0.026627861 0.176501602 0.041678697 0.983057022
1548265368.375960 0.137871355 -0.176196843 0.062509909 0.028032687 0.180852160 0.045279786 0.982067406
1548265368.409520 0.129096895 -0.171237081 0.074275352 0.029183770 0.192503050 0.048635662 0.979655802
1548265368.443030 0.089644589 -0.154228747 0.086200900 0.033088982 0.205269486 0.049604587 0.976887405
1548265368.476550 0.137108982 -0.192275479 0.067278251 0.027294105 0.204088077 0.052668560 0.977153599
1548265368.510070 0.125375733 -0.173127040 0.067762315 0.031860404 0.213905394 0.054412317 0.974817336
1548265368.543590 0.132128179 -0.189292580 0.066024579 0.030661408 0.221903980 0.057595804 0.972882986
1548265368.577180 0.126872286 -0.167383939 0.072266184 0.037573293 0.228909209 0.060251713 0.970854580
1548265368.610700 0.148663148 -0.177417591 0.058307901 0.038438097 0.231859788 0.061594695 0.970035970
1548265368.644270 0.151911035 -0.207755834 0.049668394 0.036142576 0.238693759 0.066026233 0.968173325
1548265368.677780 0.149382904 -0.213401556 0.048953239 0.038757939 0.247597516 0.068142317 0.965686262
1548265368.711300 0.134315029 -0.210810423 0.053705007 0.042952407 0.257967889 0.072058730 0.962504685
1548265368.744810 0.138074532 -0.218374103 0.047564384 0.045043848 0.263832062 0.075234450 0.960574627
1548265368.778280 0.173099071 -0.212832645 0.022379206 0.048082866 0.265072286 0.078227274 0.959846437
1548265368.811730 0.124267235 -0.220430747 0.050297391 0.050980192 0.280060381 0.081696890 0.955140233
1548265368.845250 0.121024169 -0.227281258 0.051949013 0.054043021 0.285291284 0.084920600 0.953140497
1548265368.911690 0.202860862 -0.230740964 -0.018184600 0.056758206 0.284296811 0.089291602 0.952880323
1548265368.945160 0.216067880 -0.243039936 -0.025861960 0.056283064 0.286740780 0.090701550 0.952042639
1548265368.978680 0.187661260 -0.234744936 -0.007972769 0.059734501 0.296852916 0.090335630 0.948762119
1548265369.012190 0.193612382 -0.253575623 -0.020396061 0.058676869 0.303465694 0.092519753 0.946522951
1548265369.045690 0.171938762 -0.245299965 0.002204131 0.063732639 0.314269215 0.094721116 0.942444146
1548265369.079210 0.263853699 -0.249402821 -0.066827856 0.065010503 0.301060319 0.095910124 0.946539819
1548265369.112720 0.244776860 -0.251936674 -0.052428883 0.068105914 0.309688389 0.094431274 0.943682909
1548265369.146240 0.249358654 -0.262198657 -0.060552880 0.070452817 0.315041333 0.095734641 0.941605151
1548265369.179740 0.242793426 -0.257198930 -0.065621383 0.075823061 0.319227755 0.097045377 0.939641833
1548265369.213270 0.252510726 -0.253453642 -0.078786448 0.080240995 0.319889516 0.095470980 0.939211011
1548265369.246790 0.247334957 -0.260455996 -0.081699356 0.083157353 0.324301153 0.094725922 0.937518358
1548265369.280310 0.237639681 -0.263558865 -0.085928991 0.085899718 0.327853739 0.095334947 0.935972452
1548265369.313830 0.236387670 -0.258042216 -0.096130013 0.089702412 0.328344494 0.094545275 0.935523689
1548265369.347350 0.214912564 -0.270673215 -0.082142457 0.090132192 0.335101724 0.092733182 0.933265030
1548265369.380870 0.203999311 -0.263850689 -0.078367606 0.093815304 0.341396600 0.091712020 0.930718005
1548265369.414480 0.210294992 -0.271002501 -0.099164039 0.095965430 0.340346277 0.093198553 0.930735767
1548265369.448020 0.198454157 -0.267738193 -0.099128149 0.098550297 0.340823054 0.090759031 0.930532336
1548265369.481510 0.192709073 -0.274076521 -0.086955428 0.097948827 0.345080912 0.087780610 0.929311454
1548265369.514940 0.192510903 -0.272651285 -0.093650959 0.098427989 0.348256767 0.087787353 0.928074658
1548265369.548540 0.212743849 -0.290040880 -0.126659900 0.096172839 0.344395608 0.090749517 0.929465950
1548265369.582080 0.195911765 -0.272102416 -0.117738605 0.097903274 0.346568227 0.088786110 0.928667068
1548265369.615640 0.195179462 -0.290493488 -0.107657939 0.093340509 0.350399375 0.090075709 0.927574396
1548265369.649170 0.186075240 -0.290417582 -0.106652156 0.092121460 0.354427367 0.091070816 0.926067531
1548265369.682700 0.186883241 -0.282470107 -0.114396155 0.091191724 0.354943544 0.091765858 0.925893247
1548265369.716280 0.181850195 -0.282328606 -0.106656730 0.087861404 0.356998026 0.091899887 0.925411940
1548265369.749800 0.169537395 -0.278415799 -0.082480736 0.082824163 0.364411801 0.088494085 0.923316419
1548265369.783310 0.178825900 -0.275126338 -0.094999053 0.077280782 0.367925853 0.089955293 0.922261596
1548265369.816830 0.181458995 -0.271049589 -0.101981997 0.073676005 0.369339764 0.091776952 0.921811819
1548265369.850350 0.179142877 -0.258020878 -0.084575132 0.069783300 0.375353634 0.088798627 0.919975400
1548265369.883860 0.188891023 -0.255846113 -0.097424373 0.067026772 0.376186877 0.090999171 0.919624925
1548265369.917380 0.179019734 -0.251957476 -0.091544151 0.064911723 0.377964318 0.091518052 0.918996215
1548265369.950890 0.262447715 -0.260251105 -0.140840262 0.059159271 0.365794063 0.091657124 0.924280226
1548265369.984450 0.223290414 -0.256476045 -0.105983406 0.058964163 0.375097752 0.091222115 0.920599580
1548265370.018000 0.276630044 -0.268815458 -0.151409939 0.055154119 0.367796719 0.092223026 0.923676670
1548265370.051550 0.209675416 -0.225933149 -0.104000427 0.061525606 0.379353374 0.091649726 0.918643534
1548265370.085070 0.201719373 -0.227645263 -0.100221992 0.059761722 0.381121218 0.091574870 0.918035567
1548265370.118580 0.209048957 -0.229162380 -0.105768159 0.058218062 0.380634218 0.092802033 0.918213606
1548265370.152100 0.185724273 -0.213897854 -0.088220924 0.058574773 0.385133564 0.091910169 0.916402638
1548265370.185610 0.187368795 -0.211841732 -0.089507297 0.056868654 0.384547889 0.092009276 0.916745901
1548265370.219130 0.174653560 -0.206693515 -0.082469963 0.055780187 0.386582881 0.091973551 0.915960252
1548265370.252500 0.287852645 -0.249264732 -0.164187700 0.045985013 0.367849767 0.095908314 0.923782229
1548265370.286000 0.222630024 -0.228057384 -0.119437963 0.048312664 0.376431674 0.095509857 0.920240760
1548265370.319480 0.275472075 -0.237398356 -0.157340705 0.042962905 0.366821617 0.094434217 0.924488127
1548265370.353050 0.215282664 -0.208946437 -0.108553879 0.044635177 0.378157765 0.091462851 0.920129895
1548265370.386490 0.274534464 -0.236460879 -0.152966976 0.037037913 0.369560868 0.094803780 0.923615336
1548265370.420010 0.221735120 -0.209992185 -0.113466442 0.038338207 0.376238465 0.093499191 0.920995474
1548265370.453520 0.271050692 -0.213292018 -0.142537206 0.032774080 0.369754106 0.091340311 0.924048007
1548265370.487030 0.266867131 -0.211334661 -0.136196986 0.030154336 0.372145593 0.092153296 0.923096001
1548265370.520530 0.203312516 -0.176216140 -0.084946372 0.033309646 0.382635802 0.091419041 0.918761611
1548265370.554030 0.203402475 -0.173680782 -0.081898823 0.030007921 0.383337766 0.090976797 0.918626666
1548265370.587530 0.199051797 -0.169376671 -0.076427639 0.026734211 0.384389371 0.090600558 0.918325484
1548265370.621040 0.204570904 -0.165205985 -0.074635193 0.023229310 0.384207994 0.090285406 0.918527722
1548265370.654560 0.196784317 -0.156597331 -0.066239811 0.020569447 0.386628658 0.089479096 0.917653978
1548265370.688050 0.202698201 -0.160424113 -0.065793425 0.015613417 0.386858225 0.091486618 0.917456985
1548265370.721570 0.203385130 -0.156597450 -0.058415338 0.012915370 0.387113422 0.092805967 0.917258680
1548265370.755090 0.201128304 -0.151894659 -0.057886638 0.010961465 0.386279464 0.092975922 0.917618454
1548265370.788620 0.203291684 -0.140481785 -0.053850081 0.008916702 0.385912806 0.092119195 0.917881191
1548265370.822140 0.209713817 -0.147583291 -0.057063445 0.005857539 0.385278285 0.094324231 0.917948425
1548265370.855650 0.218922794 -0.138449922 -0.064669579 0.005116834 0.382076174 0.095350042 0.919184387
1548265370.889400 0.218767881 -0.135005921 -0.060846306 0.002724153 0.381909072 0.094443485 0.919357657
1548265370.922920 0.210350230 -0.121544674 -0.055151276 0.001066742 0.383833081 0.092384093 0.918768883
1548265370.956430 0.209090769 -0.120856747 -0.046884928 -0.001996206 0.385722458 0.093753576 0.917836905
1548265370.989950 0.211972058 -0.128380075 -0.050103292 -0.005226606 0.384450376 0.096003205 0.918125272
1548265371.023470 0.208351672 -0.110459656 -0.044361170 -0.007089120 0.385213554 0.092703938 0.918132007
1548265371.056980 0.201643020 -0.105300292 -0.035233062 -0.010627477 0.388743550 0.093664169 0.916511118
1548265371.090500 0.214344755 -0.114528798 -0.046100050 -0.015790934 0.385524809 0.096221179 0.917530775
1548265371.124050 0.208798349 -0.103297949 -0.036274035 -0.019108638 0.386843562 0.094225846 0.917119682
1548265371.157560 0.213058472 -0.103179663 -0.035048589 -0.022648389 0.386390179 0.096102543 0.917035460
1548265371.191080 0.203350052 -0.089553185 -0.028223217 -0.024711875 0.386230469 0.095301524 0.917133033
1548265371.224580 0.208741337 -0.099874347 -0.026801098 -0.029254775 0.384712994 0.097599588 0.917395473
1548265371.258090 0.216834813 -0.098271690 -0.026972111 -0.031127026 0.382268250 0.098229177 0.918288171
1548265371.291610 0.220008299 -0.102096371 -0.025758917 -0.032862976 0.379813015 0.098366059 0.919231355
1548265371.325120 0.224193528 -0.101347104 -0.027472248 -0.033099987 0.378142238 0.098412655 0.919906437
1548265371.358630 0.221780375 -0.102722906 -0.025361160 -0.032435145 0.376636446 0.099334717 0.920448601
1548265371.392130 0.220858335 -0.096375465 -0.025303243 -0.031147758 0.374545157 0.098229632 0.921464443
1548265371.425560 0.221935630 -0.089012265 -0.026700389 -0.030421367 0.374317944 0.096386731 0.921775579
1548265371.458930 0.216999501 -0.083215505 -0.023624299 -0.029156797 0.375267267 0.096634522 0.921404481
1548265371.492520 0.213893771 -0.079754330 -0.019836321 -0.028995039 0.375619769 0.095870316 0.921345770
1548265371.526110 0.222993508 -0.075191736 -0.026352560 -0.029665817 0.374559850 0.095445395 0.921799958
1548265371.559630 0.218857393 -0.081921659 -0.023645917 -0.031257566 0.376488566 0.096389517 0.920862854
1548265371.593150 0.220330507 -0.071053088 -0.025910467 -0.030555272 0.375642657 0.095227487 0.921352684
1548265371.626670 0.219450355 -0.074745670 -0.022705467 -0.032067385 0.377430171 0.095872939 0.920503438
1548265371.660180 0.217885688 -0.079121992 -0.019250555 -0.032435525 0.377974987 0.098396555 0.920000553
1548265371.693700 0.220627725 -0.079335019 -0.021548750 -0.031935800 0.375982970 0.098920204 0.920777798
1548265371.727220 0.222546443 -0.075872272 -0.024303298 -0.031517677 0.375722647 0.098438740 0.920950055
1548265371.760730 0.216838717 -0.077640094 -0.020490449 -0.031197190 0.377387136 0.099554516 0.920160115
1548265371.794250 0.227565914 -0.084267251 -0.027827386 -0.031450212 0.374802619 0.101004094 0.921049535
1548265371.827760 0.227488339 -0.079051591 -0.025849925 -0.029908480 0.374947220 0.100382388 0.921109974
1548265371.861280 0.225068048 -0.087708645 -0.027351828 -0.028829729 0.375016510 0.102800854 0.920849383
1548265371.894790 0.227099821 -0.087922171 -0.030539598 -0.027106289 0.373975873 0.102898687 0.921313882
1548265371.928310 0.233207121 -0.089703910 -0.033901155 -0.025684191 0.373766899 0.103578381 0.921363235
1548265371.961830 0.233877495 -0.094091795 -0.037562780 -0.024251662 0.373678952 0.103885390 0.921403110
1548265371.995340 0.232920825 -0.097746402 -0.039949104 -0.022018110 0.373005092 0.104939654 0.921612740
1548265372.028860 0.230734587 -0.096457586 -0.041539636 -0.020101925 0.372951627 0.103242308 0.921869934
1548265372.062370 0.227619842 -0.097922564 -0.040954169 -0.018825619 0.374305010 0.102944642 0.921381474
1548265372.095870 0.221121833 -0.097005673 -0.040441170 -0.016967816 0.375539005 0.102916084 0.920918524
1548265372.129380 0.224780321 -0.097139522 -0.044202972 -0.015504048 0.374794573 0.103087135 0.921228409
1548265372.162860 0.221513659 -0.096130259 -0.042170662 -0.013795104 0.375174165 0.102870457 0.921125293
1548265372.196380 0.223462492 -0.096724629 -0.045639884 -0.013245398 0.374713928 0.103025772 0.921303332
1548265372.229900 0.225024492 -0.101458527 -0.050129097 -0.012755733 0.374443769 0.104208305 0.921287060
1548265372.263410 0.224251390 -0.111203723 -0.049907442 -0.012783626 0.373496473 0.105206273 0.921557724
1548265372.296930 0.225761145 -0.111244522 -0.050494026 -0.012487646 0.373411149 0.103840820 0.921751201
1548265372.330440 0.227666065 -0.111116923 -0.054497175 -0.011475343 0.373929828 0.104142755 0.921519995
1548265372.363930 0.228231341 -0.118597180 -0.053987924 -0.011059192 0.373774350 0.105319969 0.921454430
1548265372.397440 0.222174168 -0.118156783 -0.052679799 -0.010314198 0.374240011 0.103890613 0.921436310
1548265372.430970 0.226455331 -0.116639562 -0.055415191 -0.009565645 0.373876929 0.103246748 0.921664119
1548265372.464510 0.226788044 -0.125039980 -0.053853013 -0.008696946 0.374499410 0.104404554 0.921289444
1548265372.498200 0.222016424 -0.125630409 -0.054299876 -0.006599376 0.374538958 0.103383683 0.921405971
1548265372.531720 0.228541419 -0.124955475 -0.059812233 -0.004370313 0.373884887 0.103442714 0.921678185
1548265372.565260 0.229868144 -0.130954251 -0.062124524 -0.002821038 0.374445528 0.104217261 0.921369374
1548265372.598790 0.225029692 -0.126188248 -0.061572291 0.000097907 0.374656230 0.103189312 0.921403646
1548265372.632310 0.272272110 -0.154503345 -0.108446278 -0.001416682 0.365383834 0.104905441 0.924925745
1548265372.665820 0.225948766 -0.134978443 -0.067464292 0.005143541 0.374938101 0.102755256 0.921323180
1548265372.699350 0.224105671 -0.139588177 -0.071854830 0.007613360 0.375566304 0.103966765 0.920914173
1548265372.732870 0.213156760 -0.144775197 -0.069772176 0.009796108 0.377034217 0.103748173 0.920318246
1548265372.766390 0.205467165 -0.149334505 -0.067254186 0.011381161 0.379200906 0.103834413 0.919399619
1548265372.799900 0.210703433 -0.156159952 -0.075649865 0.012413546 0.377781034 0.104372278 0.919909716
1548265372.833420 0.209443986 -0.147290438 -0.071883336 0.015599132 0.378940523 0.102765344 0.919565141
1548265372.866940 0.265831232 -0.176621705 -0.127305910 0.012983114 0.369337857 0.104405940 0.923320353
1548265372.900460 0.216026783 -0.162164554 -0.085788712 0.019343637 0.378617972 0.105093233 0.919363737
1548265372.933970 0.212085247 -0.160481736 -0.088764623 0.022761533 0.378764212 0.104390465 0.919305325
1548265372.967480 0.203619748 -0.162083745 -0.086888000 0.025322912 0.380034566 0.103805877 0.918780088
1548265373.001000 0.200953901 -0.178340912 -0.087441631 0.025189418 0.380448639 0.104659490 0.918515503
1548265373.034540 0.184919700 -0.178244323 -0.076450050 0.026751304 0.383524239 0.103820130 0.917286754
1548265373.068070 0.180833608 -0.181585088 -0.081106894 0.027551504 0.383535057 0.104524188 0.917178571
1548265373.101640 0.203280762 -0.175339013 -0.099056348 0.028403565 0.380122930 0.105304673 0.918482900
1548265373.135160 0.253417045 -0.203044921 -0.144853860 0.023610827 0.371615499 0.107937194 0.921788573
1548265373.168740 0.252527356 -0.206680655 -0.145193040 0.022447344 0.371373177 0.107971534 0.921911180
1548265373.202370 0.196036637 -0.182452500 -0.098193057 0.026038017 0.381318271 0.106839955 0.917879999
1548265373.235880 0.199992284 -0.191804811 -0.100008890 0.023849474 0.380668551 0.107878380 0.918087661
1548265373.269400 0.247160733 -0.213040203 -0.142714441 0.019015975 0.373321205 0.107384682 0.921269953
1548265373.302920 0.240296081 -0.219843835 -0.140865713 0.018068930 0.373727977 0.108537339 0.920988917
1548265373.336430 0.251215637 -0.219929829 -0.145808369 0.016485168 0.369668424 0.106104784 0.922938406
1548265373.369950 0.249664769 -0.222197607 -0.143328100 0.015652755 0.372526407 0.105208583 0.921905816
1548265373.403350 0.249484628 -0.226020351 -0.144459337 0.016192403 0.372638792 0.105883837 0.921773732
1548265373.436860 0.199380606 -0.210095212 -0.103665859 0.020569865 0.381241590 0.104076602 0.918367982
1548265373.470500 0.200339526 -0.212656215 -0.105060190 0.022347683 0.381351471 0.103052534 0.918396354
1548265373.504080 0.194202200 -0.210774675 -0.107187316 0.025227351 0.381004453 0.101520650 0.918636382
1548265373.537600 0.190524787 -0.213843957 -0.108738519 0.026757723 0.379906058 0.099909164 0.919224441
1548265373.570930 0.187371224 -0.216846675 -0.111615837 0.027861301 0.379363716 0.097524874 0.919671595
1548265373.604390 0.176484138 -0.214764819 -0.108866826 0.029788597 0.381640166 0.095860228 0.918843985
1548265373.637960 0.165636048 -0.215403885 -0.108862355 0.030650916 0.382351995 0.096120976 0.918492377
1548265373.671470 0.167733654 -0.216262221 -0.109785698 0.029630588 0.382302940 0.093817003 0.918784440
1548265373.704990 0.156220764 -0.220352128 -0.103942551 0.029143004 0.385825187 0.094335161 0.917273402
1548265373.738740 0.166246384 -0.224225506 -0.111678183 0.028898770 0.385515749 0.095885575 0.917250454
1548265373.772370 0.162500247 -0.224581063 -0.111627407 0.030266434 0.386091292 0.098246939 0.916714311
1548265373.805960 0.147097364 -0.214439034 -0.096935287 0.031705245 0.389553964 0.096552499 0.915379822
1548265373.839480 0.137631744 -0.216514632 -0.095975921 0.032981370 0.390541613 0.098871335 0.914666057
1548265373.872920 0.212948188 -0.262196273 -0.160886213 0.028122781 0.373999774 0.105324060 0.920999587
1548265373.906440 0.169947758 -0.234322011 -0.120295100 0.032677401 0.380398571 0.101188704 0.918689311
1548265373.939950 0.140904933 -0.225949705 -0.101054974 0.035101257 0.386852205 0.101627015 0.915852189
1548265373.973350 0.214218587 -0.260101676 -0.160784140 0.030683044 0.372618198 0.106411606 0.921352804
1548265374.006870 0.216813564 -0.260167807 -0.159518555 0.030315690 0.371330768 0.104775913 0.922071874
1548265374.040380 0.219827130 -0.265292048 -0.159040481 0.029460320 0.372436285 0.103901036 0.921752691
1548265374.073900 0.220777601 -0.268509120 -0.164083987 0.030428791 0.371753156 0.105231643 0.921845973
1548265374.107420 0.228366032 -0.268470198 -0.167954743 0.031480704 0.368970543 0.103131376 0.923165023
1548265374.140810 0.223317727 -0.266347557 -0.160623401 0.032150377 0.371998549 0.099349529 0.922341168
1548265374.174260 0.160439909 -0.252848953 -0.122877762 0.036835104 0.383296460 0.099112511 0.917553127
1548265374.207240 0.172195688 -0.258513808 -0.135635644 0.038997166 0.379974514 0.099386185 0.918815017
1548265374.240700 0.164760008 -0.256886721 -0.126634717 0.041221261 0.380146861 0.095569223 0.919051528
1548265374.274220 0.156862617 -0.247239351 -0.123413429 0.044486474 0.382423848 0.093217693 0.918195784
1548265374.307710 0.140321717 -0.240202278 -0.114817671 0.048632678 0.384261250 0.092647687 0.917275667
1548265374.341230 0.124315888 -0.243374944 -0.108626828 0.050566778 0.385455608 0.091779970 0.916757047
1548265374.374740 0.150552362 -0.268682688 -0.133113414 0.049229968 0.380218625 0.094754495 0.918712080
1548265374.408280 0.150791287 -0.266977131 -0.138487473 0.052337285 0.378162622 0.095601231 0.919300973
1548265374.441800 0.199721187 -0.286693275 -0.177209511 0.050372105 0.369429708 0.096255422 0.922886431
1548265374.475370 0.195463389 -0.290139258 -0.177106306 0.051208753 0.369543701 0.097300239 0.922685146
1548265374.508880 0.204280406 -0.298179150 -0.187208623 0.051634900 0.366364479 0.098767869 0.923772633
1548265374.542350 0.204352617 -0.291608781 -0.185868576 0.053808633 0.365406841 0.097528264 0.924159467
1548265374.575870 0.138369322 -0.271162033 -0.142856956 0.058545355 0.376021385 0.095601380 0.919804752
1548265374.609380 0.140609428 -0.279701531 -0.149649143 0.058280658 0.375021935 0.096161909 0.920171082
1548265374.642950 0.139711782 -0.275968969 -0.148301348 0.058604278 0.374547333 0.094052568 0.920561790
1548265374.676800 0.133185014 -0.266347975 -0.142983779 0.059390280 0.376707166 0.092137538 0.919823468
1548265374.710320 0.145500481 -0.261308163 -0.161772415 0.060269896 0.373716205 0.091751672 0.921024144
1548265374.743900 0.130923197 -0.271149039 -0.150491625 0.059847154 0.375847250 0.091393970 0.920219719
1548265374.777420 0.115077905 -0.266739696 -0.145884365 0.060085591 0.377477646 0.089301318 0.919742227
1548265374.811010 0.118647695 -0.269404292 -0.148803055 0.058986332 0.376552254 0.089771941 0.920146823
1548265374.844450 0.121792771 -0.266760916 -0.151942983 0.059395548 0.374380767 0.089363687 0.921045840
1548265374.877920 0.116842613 -0.270362139 -0.152683213 0.058694609 0.373591959 0.088455111 0.921498597
1548265374.911440 0.098299332 -0.262806565 -0.141341642 0.058820359 0.375327617 0.087326899 0.920892715
1548265374.944960 0.113081969 -0.259467602 -0.147941589 0.058340594 0.372621059 0.087565027 0.921999097
1548265374.978470 0.120262124 -0.267421126 -0.154076234 0.056555659 0.369891018 0.087799393 0.923186541
1548265375.011960 0.153744638 -0.231388599 -0.180783495 0.058685400 0.362732828 0.082913890 0.926340282
1548265375.045500 0.117636234 -0.271940857 -0.150889307 0.052921712 0.369831234 0.088045880 0.923402488
1548265375.079020 0.112037070 -0.261032641 -0.149198994 0.053570576 0.368740797 0.088373221 0.923769772
1548265375.112560 0.118767440 -0.262769699 -0.150832713 0.050641768 0.366930574 0.087008335 0.924784839
1548265375.146090 0.114284918 -0.267743170 -0.143983126 0.047622491 0.368098319 0.087329693 0.924450815
1548265375.179590 -0.171004295 -0.350509852 0.120575376 0.039558120 0.420431137 0.097126916 0.901243150
1548265375.213130 -0.143874317 -0.324282467 0.090036690 0.039785437 0.413813859 0.094822921 0.904535174
1548265375.246620 -0.117614016 -0.299309641 0.073659874 0.040197015 0.408156872 0.091421194 0.907432854
1548265375.280140 -0.093464196 -0.284015328 0.058832109 0.039995153 0.403069824 0.089047343 0.909948230
1548265375.313630 -0.057865597 -0.270481557 0.012796767 0.039060693 0.394908935 0.089524075 0.913513362
1548265375.347170 -0.028873257 -0.250207961 -0.006087882 0.040029220 0.389973044 0.087189823 0.915814757
1548265375.380680 -0.003161465 -0.243524730 -0.040675364 0.038875837 0.382735342 0.087406017 0.918892026
1548265375.414230 0.028807320 -0.226870283 -0.060826398 0.039700020 0.375888973 0.084886387 0.921914220
1548265375.447680 0.055185840 -0.221341565 -0.085733980 0.039485049 0.369006246 0.084330305 0.924750626
1548265375.481200 0.084881753 -0.215215966 -0.100943029 0.038720634 0.364619017 0.081407383 0.926782906
1548265375.514760 0.110529006 -0.214422420 -0.130101442 0.037426963 0.358740658 0.082126141 0.929063857
1548265375.548230 0.133054137 -0.215614900 -0.146126315 0.035927832 0.352984607 0.079704605 0.931535482
1548265375.581800 0.165935457 -0.223026186 -0.169626772 0.033258874 0.345659405 0.079432219 0.934400320
1548265375.615310 0.190019339 -0.237909287 -0.188560709 0.028907828 0.341661930 0.077869564 0.936145246
1548265375.648780 0.213431850 -0.248756975 -0.209191352 0.025739713 0.336356401 0.079339944 0.938033640
1548265375.682340 0.236546502 -0.267392635 -0.229362607 0.020707222 0.329798430 0.077751964 0.940616190
1548265375.715810 0.270562410 -0.287515551 -0.246529087 0.015460717 0.323265821 0.078613110 0.942910492
1548265375.749330 0.295820564 -0.314767003 -0.264210761 0.009291918 0.318258494 0.079844624 0.944589913
1548265375.782840 0.321635306 -0.336895317 -0.277141601 0.003117069 0.312125146 0.081218764 0.946557820
1548265375.816290 0.350429535 -0.360800207 -0.284980744 -0.003584235 0.306193352 0.083126754 0.948326290
1548265375.849750 0.374989182 -0.392323375 -0.293826431 -0.012229480 0.302076578 0.084782586 0.949427307
1548265375.883260 0.399108529 -0.417676598 -0.297514975 -0.019579217 0.298708588 0.087337725 0.950137854
1548265375.916770 0.420096248 -0.450456321 -0.305491567 -0.026676048 0.294174463 0.091240279 0.951012611
1548265375.950290 0.442597121 -0.482845545 -0.311267853 -0.035849012 0.288209558 0.091316439 0.952529013
1548265375.983800 0.474903584 -0.510768414 -0.314058900 -0.044149265 0.283589333 0.095276639 0.953179061
1548265376.017320 0.104969092 -0.205733702 -0.112845153 0.000424083 0.337685734 0.075584024 0.938219190
1548265376.050810 0.075018018 -0.182411909 -0.093175545 0.001465207 0.340472311 0.073639564 0.937365353
1548265376.084060 0.112586431 -0.202030674 -0.113624938 -0.004413970 0.334221184 0.075938091 0.939420104
1548265376.117320 0.114793956 -0.203174233 -0.110896781 -0.006596013 0.334405065 0.077534661 0.939211428
1548265376.150840 0.114808410 -0.200604454 -0.112905584 -0.007979643 0.332468301 0.077527151 0.939888716
1548265376.184350 0.106175557 -0.188947618 -0.109883636 -0.008824392 0.334018499 0.075405397 0.939504087
1548265376.217860 0.108694606 -0.189233467 -0.103321895 -0.010439232 0.334710479 0.076912031 0.939118981
1548265376.251380 0.117804304 -0.192857534 -0.112740710 -0.011952759 0.331165045 0.078262299 0.940245688
1548265376.284900 0.101410709 -0.184667140 -0.102065265 -0.012711440 0.334252059 0.076299563 0.939304173
1548265376.318420 0.115733221 -0.183437347 -0.106559075 -0.013127702 0.332640886 0.079076052 0.939640701
1548265376.351990 0.123136729 -0.170438945 -0.114634559 -0.011968792 0.329145759 0.078919031 0.940899432
1548265376.385530 0.121485308 -0.192623198 -0.110582300 -0.016466567 0.330410928 0.079032317 0.940378308
1548265376.419050 0.123829775 -0.180564135 -0.110802203 -0.015711116 0.330541670 0.079670288 0.940291464
1548265376.452570 0.126402050 -0.179977387 -0.114594840 -0.016595611 0.328737348 0.080333874 0.940852165
1548265376.486080 0.126165643 -0.178090274 -0.113474838 -0.017256653 0.328898698 0.080334201 0.940783918
1548265376.519600 0.119328097 -0.176388219 -0.109736308 -0.017922740 0.329299420 0.080560833 0.940611899
1548265376.553110 0.123104848 -0.170186341 -0.111726142 -0.017856766 0.328240395 0.080561057 0.940983176
1548265376.586630 0.123131372 -0.172763541 -0.109545089 -0.019038530 0.328199238 0.081406623 0.940901577
1548265376.620150 0.121977486 -0.153814197 -0.109086469 -0.017813787 0.327433109 0.080726460 0.941251099
1548265376.653640 0.128429577 -0.154931009 -0.109915793 -0.019820252 0.326661319 0.081820317 0.941384673
1548265376.687150 0.122284174 -0.153393298 -0.105493695 -0.020717628 0.327218086 0.082389250 0.941122293
1548265376.720900 0.120784447 -0.140963256 -0.103691831 -0.021580638 0.326885670 0.081235811 0.941318691
1548265376.754430 0.118569665 -0.135796770 -0.100416355 -0.023427250 0.327874541 0.081393331 0.940916896
1548265376.787960 0.119554922 -0.139026448 -0.098340392 -0.026592994 0.328594714 0.082584113 0.940477729
1548265376.821470 0.128758475 -0.136273950 -0.100800484 -0.028224846 0.326773614 0.084129751 0.940927565
1548265376.854980 0.127809331 -0.121281184 -0.096272662 -0.028155843 0.327425003 0.082735397 0.940826774
1548265376.888480 0.122366272 -0.126440689 -0.091716513 -0.029623935 0.328814119 0.084784627 0.940114498
1548265376.922000 0.127898276 -0.120191157 -0.094347700 -0.029701753 0.327150643 0.085368566 0.940639377
1548265376.955510 0.122144878 -0.124901541 -0.088029839 -0.031598169 0.328681141 0.086310796 0.939957917
1548265376.989030 0.136389077 -0.136834741 -0.095459849 -0.033777997 0.325584441 0.090069793 0.940606892
1548265377.022540 0.143969238 -0.146424055 -0.094380923 -0.035822544 0.324290961 0.091922663 0.940798759
1548265377.056070 0.145297438 -0.144105285 -0.096045032 -0.035860389 0.324745089 0.091634043 0.940668881
1548265377.089600 0.136605918 -0.139047369 -0.090492301 -0.035204340 0.326421678 0.092951529 0.939983845
1548265377.123210 0.138819382 -0.139741302 -0.092128456 -0.035343327 0.325646907 0.093611948 0.940181792
1548265377.156960 0.145846575 -0.143605515 -0.094829321 -0.036375482 0.324604392 0.094454616 0.940418661
1548265377.190480 0.140522242 -0.136421502 -0.092303753 -0.035200976 0.325220048 0.094960153 0.940199673
1548265377.223990 0.147078991 -0.130889297 -0.097188324 -0.034713216 0.323167175 0.095447339 0.940876126
1548265377.257510 0.151302040 -0.137089819 -0.097792581 -0.036282808 0.322985291 0.095471911 0.940876901
1548265377.291020 0.145549312 -0.125186056 -0.096964806 -0.034720831 0.323757917 0.095715307 0.940645456
1548265377.324540 0.136831179 -0.122106276 -0.091714397 -0.035001967 0.324742973 0.095078140 0.940360069
1548265377.358070 0.150204718 -0.124540947 -0.097092032 -0.036285874 0.322969258 0.096782945 0.940748274
1548265377.391610 0.147956491 -0.121465623 -0.095087655 -0.036563668 0.323002219 0.097475231 0.940654755
1548265377.425110 0.150464222 -0.122631222 -0.094722793 -0.037776459 0.321874619 0.098005377 0.940938234
1548265377.458620 0.152584940 -0.124905303 -0.092164621 -0.038867529 0.321513981 0.098539457 0.940961301
1548265377.492120 0.156592697 -0.122200422 -0.091362432 -0.038579926 0.320226878 0.098915666 0.941372454
1548265377.525590 0.151762217 -0.124704331 -0.087702453 -0.038436737 0.319618106 0.098744005 0.941603243
1548265377.559070 0.153639108 -0.119472116 -0.089173779 -0.037525598 0.317449987 0.097520605 0.942500472
1548265377.592590 0.153839916 -0.116832651 -0.089590386 -0.036814142 0.316891849 0.097084455 0.942761362
1548265377.626110 0.159823060 -0.114486694 -0.090875193 -0.036616743 0.314819008 0.096367456 0.943536758
1548265377.659620 0.153622210 -0.113361284 -0.086936183 -0.036485508 0.314348310 0.096054614 0.943730652
1548265377.693140 0.162503585 -0.107150041 -0.091627494 -0.036807124 0.312131077 0.094511040 0.944609523
1548265377.726650 0.153210998 -0.110252827 -0.082305819 -0.037376177 0.313864082 0.094991341 0.943964541
1548265377.760170 0.148983240 -0.103725798 -0.080797233 -0.036989115 0.312248737 0.094779812 0.944536567
1548265377.793690 0.162323505 -0.100199290 -0.088731028 -0.037680566 0.308750689 0.094603643 0.945676208
1548265377.827200 0.158028856 -0.111311734 -0.081460625 -0.040562406 0.310225308 0.094720364 0.945062459
1548265377.860720 0.148442149 -0.105086051 -0.078583613 -0.039512768 0.310371935 0.095209643 0.945009649
1548265377.894220 0.150159657 -0.097564071 -0.077076092 -0.039215948 0.308398277 0.094252318 0.945763767
1548265377.927660 0.153222859 -0.094474010 -0.078180894 -0.039049923 0.307455480 0.093609452 0.946141481
1548265377.961070 0.154992804 -0.101526260 -0.077010415 -0.040071912 0.306188822 0.094650619 0.946405768
1548265377.994590 0.157791778 -0.103814460 -0.079274550 -0.039828751 0.304323077 0.094306827 0.947051942
1548265378.028100 0.147393703 -0.100372344 -0.077922434 -0.039205492 0.305136204 0.092500523 0.946994483
1548265378.061620 0.149578363 -0.119930826 -0.069863930 -0.041759633 0.304598719 0.094797619 0.946831167
1548265378.095080 0.153236613 -0.103681795 -0.078407787 -0.038479254 0.301599264 0.092741840 0.948132992
1548265378.128590 0.143637434 -0.105137028 -0.074564703 -0.038507503 0.301907957 0.090933502 0.948208809
1548265378.162080 0.148476303 -0.118335396 -0.074552454 -0.040365256 0.300030977 0.091622703 0.948660851
1548265378.195630 0.149344146 -0.119388893 -0.077460013 -0.040281400 0.298221827 0.091585703 0.949238241
1548265378.229190 0.139121220 -0.111770064 -0.074096225 -0.038302537 0.297936350 0.090556167 0.949508548
1548265378.262700 0.144537717 -0.121217050 -0.077932499 -0.039929062 0.295071393 0.089828722 0.950404823
1548265378.296220 0.142086491 -0.124048591 -0.079232484 -0.039707605 0.294224083 0.090014815 0.950659156
1548265378.329730 0.136104599 -0.118863232 -0.075633503 -0.038645934 0.293533504 0.089423425 0.950972199
1548265378.363250 0.135032803 -0.115507469 -0.072425596 -0.037988491 0.291893870 0.089182347 0.951525807
1548265378.396770 0.131374240 -0.124393903 -0.073138930 -0.039028201 0.291187614 0.089308970 0.951688290
1548265378.430280 0.137197092 -0.121650748 -0.077510118 -0.038059689 0.288445204 0.090206869 0.952477634
1548265378.463800 0.135223642 -0.123481333 -0.076235913 -0.038129956 0.287529528 0.089813270 0.952788830
1548265378.497290 0.129152581 -0.133565366 -0.075247973 -0.039752502 0.287583530 0.089523241 0.952733457
1548265378.530830 0.131093830 -0.131810561 -0.077826761 -0.038781598 0.284615964 0.090419076 0.953579664
1548265378.564320 0.130975246 -0.124062262 -0.076638438 -0.036622219 0.282420635 0.088158503 0.954528987
1548265378.597840 0.129606411 -0.130195603 -0.076061815 -0.036591917 0.281392485 0.088215798 0.954828501
1548265378.631350 0.145625040 -0.117894456 -0.089056551 -0.032922439 0.275736660 0.089573927 0.956484139
1548265378.664870 0.132183179 -0.129605860 -0.083724596 -0.033473462 0.275712997 0.087361358 0.956676483
1548265378.698300 0.132589072 -0.127849340 -0.081546538 -0.032156974 0.275119811 0.086447522 0.956975341
1548265378.731820 0.127154231 -0.128309175 -0.084814742 -0.030787503 0.274821520 0.086216815 0.957126975
1548265378.765320 0.113464609 -0.146200284 -0.076316774 -0.032337464 0.275630504 0.085496008 0.956907868
1548265378.798800 0.124295339 -0.135232300 -0.083887920 -0.029111503 0.271913677 0.085116722 0.958107889
1548265378.832320 0.121996127 -0.121424198 -0.086384796 -0.025149595 0.271658927 0.085757099 0.958235204
1548265378.865830 0.113203831 -0.144334272 -0.089793690 -0.027418703 0.271235794 0.086895004 0.958190322
1548265378.899340 0.122402251 -0.128231466 -0.086850137 -0.024792373 0.269359201 0.085666880 0.958901584
1548265378.932850 0.114262111 -0.127699777 -0.089470863 -0.024349190 0.271685511 0.087659627 0.958076119
1548265378.966360 0.116209216 -0.132254884 -0.089238510 -0.024995998 0.270137995 0.088594928 0.958410978
1548265378.999850 0.121976472 -0.142416179 -0.091029689 -0.026960682 0.270275980 0.088885501 0.958291948
1548265379.033310 0.122685336 -0.144462436 -0.087012008 -0.027662855 0.271163821 0.090718068 0.957849264
1548265379.066830 0.125184834 -0.132490396 -0.091303594 -0.025988333 0.270526826 0.090224624 0.958122849
1548265379.100400 0.111759678 -0.140609682 -0.085320368 -0.027058339 0.274683833 0.090605900 0.956873655
1548265379.133910 0.108776450 -0.139787987 -0.087325312 -0.026609896 0.273985714 0.092666596 0.956889093
1548265379.167440 0.113073975 -0.142098844 -0.088428736 -0.027110662 0.272694856 0.092008844 0.957307160
1548265379.200960 0.115744323 -0.146865547 -0.089211203 -0.027750785 0.272307664 0.092513151 0.957350373
1548265379.234460 0.116541646 -0.149689049 -0.090998113 -0.028243918 0.272272706 0.092712007 0.957326651
1548265379.267990 0.116266862 -0.148567662 -0.089940593 -0.028335249 0.272644699 0.092614241 0.957227588
1548265379.301520 0.125721306 -0.136562794 -0.091960967 -0.027225297 0.273074806 0.091994874 0.957196891
1548265379.335020 0.114289835 -0.145926192 -0.089853026 -0.029741202 0.277824730 0.092875801 0.955668867
1548265379.368490 0.119002149 -0.144039527 -0.092318222 -0.030761963 0.276640713 0.094892852 0.955781877
1548265379.402010 0.130280674 -0.140685573 -0.092472844 -0.031640995 0.275789231 0.094272926 0.956060588
1548265379.435540 0.116642453 -0.145111695 -0.086705498 -0.032868475 0.279474795 0.095904998 0.954785764
1548265379.469050 0.118304878 -0.155912474 -0.084399804 -0.035119340 0.278621554 0.097468726 0.954796612
1548265379.502570 0.126658678 -0.152041763 -0.086350113 -0.035479359 0.277144372 0.097363636 0.955223858
1548265379.536100 0.126267597 -0.161044836 -0.090177104 -0.037920419 0.277819663 0.098030210 0.954865694
1548265379.569630 0.126205310 -0.160584480 -0.084051870 -0.038829140 0.277555674 0.099296108 0.954775155
1548265379.603150 0.118875347 -0.157145694 -0.080098659 -0.038917635 0.278025448 0.098463081 0.954721093
1548265379.636660 0.125396669 -0.160247490 -0.083710834 -0.039537720 0.276613802 0.098889247 0.955061555
1548265379.670160 0.126437739 -0.158707857 -0.083858564 -0.039450023 0.276334435 0.099328376 0.955100536
1548265379.703680 0.128527224 -0.157816336 -0.084969655 -0.039252847 0.275961936 0.099816523 0.955165386
1548265379.737190 0.122730955 -0.166640997 -0.079228297 -0.040180717 0.277203977 0.101056039 0.954636693
1548265379.770710 0.129313707 -0.159163490 -0.084822841 -0.038496915 0.274641335 0.102149040 0.955330193
1548265379.804220 0.126183763 -0.155766577 -0.081899717 -0.038192455 0.274497300 0.101543330 0.955448389
1548265379.837770 0.132549047 -0.159889579 -0.081644773 -0.039242242 0.273364991 0.101568244 0.955727816
1548265379.871290 0.133806750 -0.150637448 -0.080900520 -0.038504113 0.274375021 0.101278998 0.955499053
1548265379.904870 0.134412318 -0.157474637 -0.081250086 -0.040357672 0.276282549 0.101611659 0.954837382
1548265379.938390 0.137279555 -0.172003090 -0.081885643 -0.043354869 0.277428091 0.102650166 0.954262614
1548265379.971910 0.145387053 -0.167559102 -0.084551357 -0.043263528 0.276806921 0.102654524 0.954446614
1548265380.005420 0.147730544 -0.166232958 -0.084588863 -0.043210711 0.278445542 0.102578349 0.953980446
1548265380.038940 0.141573712 -0.165592626 -0.077097230 -0.042824373 0.282183647 0.101919584 0.952969551
1548265380.072450 0.139293030 -0.183823392 -0.076279745 -0.045171417 0.284018368 0.102813460 0.952219784
1548265380.105970 0.141263410 -0.173181877 -0.080568068 -0.042493884 0.284150332 0.102939248 0.952290058
1548265380.139490 0.143211856 -0.173374534 -0.080111116 -0.041423351 0.285363674 0.103215404 0.951944530
1548265380.173000 0.148407161 -0.173779562 -0.081633836 -0.039886113 0.285376161 0.104623012 0.951852739
1548265380.206520 0.138460055 -0.190163702 -0.077558517 -0.040277325 0.288235158 0.105327383 0.950896680
1548265380.240030 0.143505484 -0.194571286 -0.081427574 -0.038364336 0.288257867 0.106936269 0.950789273
1548265380.273550 0.149336591 -0.195735484 -0.086171679 -0.036127258 0.287074655 0.107453853 0.951176465
1548265380.307070 0.142192721 -0.199827969 -0.083100066 -0.034442678 0.289652586 0.107500494 0.950451910
1548265380.340620 0.139812291 -0.184408620 -0.085668005 -0.029816685 0.290835381 0.106899261 0.950314879
1548265380.374130 0.147927567 -0.190697938 -0.092492215 -0.029520264 0.290173352 0.107416153 0.950468183
1548265380.407650 0.141652897 -0.189055055 -0.089510232 -0.027730837 0.292059273 0.105629690 0.950144589
1548265380.441290 0.143677831 -0.188854620 -0.091761306 -0.026531544 0.293541074 0.104621671 0.949833691
1548265380.474800 0.137979820 -0.192977071 -0.092704572 -0.025256835 0.295565754 0.104509294 0.949252784
1548265380.508360 0.139589548 -0.189471841 -0.095674068 -0.023101151 0.295723766 0.103814110 0.949334741
1548265380.541870 0.131884277 -0.190474734 -0.090185374 -0.021829542 0.297573060 0.103262305 0.948847055
1548265380.575390 0.137576416 -0.192870513 -0.094134785 -0.020030890 0.296122104 0.103201568 0.949347138
1548265380.608870 0.139385059 -0.196401834 -0.096966997 -0.017470539 0.296273798 0.103342935 0.949334979
1548265380.642390 0.130982772 -0.196336493 -0.096487552 -0.014385049 0.297803313 0.101475365 0.949109614
1548265380.675900 0.126023144 -0.208120614 -0.094343476 -0.013259941 0.298409760 0.102315851 0.948845208
1548265380.709450 0.140994340 -0.205260918 -0.105930455 -0.009807759 0.293985456 0.101498604 0.950354874
1548265380.742980 0.148597255 -0.191076890 -0.110316053 -0.005506145 0.291591614 0.097308725 0.951564550
1548265380.776500 0.155630186 -0.201238915 -0.108599558 -0.007083921 0.296358377 0.095180757 0.950295866
1548265380.810010 0.134516805 -0.186199367 -0.088918053 -0.004432695 0.303632259 0.094398282 0.948091149
1548265380.843520 0.132642597 -0.194619179 -0.082392849 -0.006184349 0.303122431 0.095100120 0.948174357
1548265380.877040 0.140287369 -0.173700064 -0.083035782 -0.005451181 0.300025821 0.092635825 0.949406922
1548265380.910560 0.153920799 -0.152036890 -0.082466848 -0.005413276 0.299265951 0.090519771 0.949850917
1548265380.944070 0.148628235 -0.164945900 -0.071945496 -0.010771555 0.302488089 0.092486247 0.948594332
1548265380.977590 0.151138321 -0.155974805 -0.063644044 -0.013293359 0.299931705 0.092209570 0.949400783
1548265381.011100 0.166848361 -0.149239331 -0.060790680 -0.016725285 0.297595322 0.091057964 0.950192511
1548265381.044620 0.156530738 -0.149416313 -0.040705383 -0.019910663 0.300105423 0.092717752 0.949180603
1548265381.078130 0.166757479 -0.141903087 -0.041063964 -0.021563621 0.294205695 0.092581391 0.951003075
1548265381.111660 0.177706569 -0.129418626 -0.039314989 -0.023429576 0.293016464 0.092860974 0.951298773
1548265381.145270 0.167819783 -0.126048058 -0.019909313 -0.026629141 0.295258403 0.094718941 0.950337708
1548265381.178790 0.173818424 -0.134319663 -0.016261006 -0.030824071 0.288230926 0.097314283 0.952104449
1548265381.212200 0.197421148 -0.122899570 -0.021522315 -0.031662796 0.282621682 0.094760343 0.954014182
1548265381.245650 0.188095927 -0.110637739 -0.002598256 -0.032110985 0.286529690 0.095597640 0.952749074
1548265381.279130 0.189233556 -0.100357801 0.004568830 -0.031847809 0.283268929 0.095153309 0.953776896
1548265381.312580 0.215122908 -0.091981553 -0.004698364 -0.033458371 0.278589875 0.092755131 0.955334902
1548265381.346070 0.221062586 -0.088683039 0.000253871 -0.036124509 0.280223668 0.093386874 0.954698205
1548265381.379580 0.228028372 -0.095099926 0.005572407 -0.040623598 0.281470239 0.092732273 0.954214334
1548265381.413070 0.226946652 -0.078875147 0.012461316 -0.041894879 0.284300953 0.092621304 0.953330517
1548265381.446590 0.234598190 -0.076119237 0.015115384 -0.045995779 0.284379840 0.091993906 0.953178763
1548265381.480100 0.244256794 -0.068906166 0.024171185 -0.048204206 0.286122710 0.092637561 0.952485442
1548265381.513620 0.229292959 -0.067119755 0.043709796 -0.049716454 0.289803416 0.094965056 0.951064646
1548265381.547160 0.240831301 -0.062185176 0.044274617 -0.051736064 0.284664124 0.095425621 0.952461958
1548265381.580680 0.250772744 -0.049791191 0.043886874 -0.051730670 0.283033967 0.095779449 0.952912450
1548265381.614190 0.240191430 -0.038600635 0.061524600 -0.051295843 0.283718526 0.098007903 0.952505648
1548265381.647710 0.255399466 -0.031973105 0.057739515 -0.052981522 0.277720690 0.097851597 0.954195619
1548265381.681350 0.262180924 -0.028738679 0.062305391 -0.054507781 0.277307898 0.099188536 0.954091668
1548265381.714870 0.256869763 -0.021626186 0.073337562 -0.054809529 0.276227713 0.101135947 0.954183280
1548265381.748390 0.271342218 -0.006609126 0.068916336 -0.054976732 0.270603865 0.101686493 0.955725431
1548265381.781950 0.277002096 -0.006004278 0.074507155 -0.057966329 0.269815296 0.103357397 0.955592513
1548265381.815470 0.273748547 -0.007831544 0.088970676 -0.059280276 0.270255387 0.106757127 0.955013573
1548265381.849000 0.289215356 0.005543418 0.085591748 -0.059179220 0.264315188 0.107161127 0.956635714
1548265381.882600 0.303092271 0.017891278 0.080306455 -0.059175134 0.261297464 0.107374445 0.957440734
1548265381.916130 0.303649187 0.024543446 0.089671746 -0.060605556 0.262342960 0.109636419 0.956808805
1548265381.949640 0.305305660 0.025258102 0.096024260 -0.063203529 0.261797220 0.110559523 0.956683934
1548265381.983160 0.311397225 0.030035667 0.099628009 -0.064831965 0.260025412 0.110441111 0.957071781
1548265382.016680 0.312205762 0.049167823 0.103481025 -0.065886088 0.260483772 0.108921990 0.957049310
1548265382.050190 0.321097076 0.046591476 0.105256937 -0.072695658 0.260345042 0.112663977 0.956160367
1548265382.083720 0.318384975 0.039440308 0.119474918 -0.077186480 0.260847598 0.113685794 0.955550313
1548265382.117240 0.327607453 0.058356635 0.114192784 -0.076039888 0.256469488 0.112977587 0.956910372
1548265382.150740 0.328491151 0.062667444 0.122487798 -0.078597546 0.257397503 0.112511456 0.956509411
1548265382.184250 0.322907686 0.063423216 0.131108597 -0.080070071 0.256987035 0.114242278 0.956292450
1548265382.217730 0.339607805 0.072790869 0.124848135 -0.080566756 0.251348883 0.114271462 0.957744658
1548265382.251240 0.334232867 0.073261797 0.134527713 -0.084033974 0.251476884 0.116109788 0.957191825
1548265382.284760 0.347719491 0.066064440 0.138303816 -0.086047247 0.240471840 0.116290241 0.959815502
1548265382.318280 0.361628801 0.083231516 0.132662937 -0.082337260 0.237855434 0.115333870 0.960907638
1548265382.351760 0.337292403 0.076661929 0.149599850 -0.082521386 0.241598651 0.115056396 0.959990859
1548265382.385270 0.356146932 0.084696583 0.141433254 -0.080732867 0.235199004 0.113894239 0.961868882
1548265382.418720 0.347901195 0.085372999 0.149471208 -0.079522572 0.235573873 0.115607895 0.961673558
1548265382.452230 0.372143269 0.090586618 0.139350906 -0.076715499 0.223802745 0.113430589 0.964966655
1548265382.485740 0.352700531 0.093810208 0.153081775 -0.073107772 0.227041811 0.111700974 0.964691758
1548265382.519250 0.351660639 0.111740246 0.145708263 -0.067703240 0.220224187 0.109006308 0.966972232
1548265382.552680 0.376508921 0.120865539 0.139037639 -0.068329975 0.214947253 0.108329028 0.968190849
1548265382.586200 0.387859046 0.127954662 0.142856389 -0.067585774 0.214735404 0.105807483 0.968568921
1548265382.619670 0.386650205 0.122044154 0.149829984 -0.066745743 0.221209779 0.104991995 0.967257977
1548265382.653230 0.384375989 0.119970053 0.150929719 -0.062108591 0.215993136 0.099268906 0.969347835
1548265382.686750 0.375856578 0.103867531 0.136527419 -0.061935738 0.222695887 0.088747345 0.968862474
1548265382.720200 0.387154013 0.128636196 0.152991295 -0.050643034 0.229460195 0.086909220 0.968106449
1548265382.753620 0.383610636 0.138124034 0.148830429 -0.042216659 0.228190467 0.079035528 0.969484568
1548265382.787120 0.410172820 0.133241966 0.138394549 -0.037875362 0.234883264 0.073090643 0.968531370
1548265382.820610 0.383486360 0.141263485 0.145185143 -0.030241322 0.242531866 0.068877205 0.967222691
1548265382.854150 0.387835860 0.155712053 0.143426895 -0.022845149 0.238808274 0.061621618 0.968840301
1548265382.887660 0.384986132 0.164930612 0.141703188 -0.017721083 0.249009594 0.054508891 0.966803551
1548265382.921200 0.389110386 0.174224168 0.145298958 -0.014225999 0.252244502 0.052136261 0.966153264
1548265382.954820 0.400301337 0.190610349 0.138559490 -0.012249353 0.256216437 0.047714684 0.965363324
1548265382.988330 0.384602278 0.187739149 0.150965706 -0.014318172 0.261896521 0.047246598 0.963832498
1548265383.022210 0.381927103 0.190542221 0.151094377 -0.015901942 0.260346770 0.045226254 0.964324296
1548265383.055750 0.381633818 0.195315763 0.154760197 -0.017248660 0.260769486 0.044515073 0.964219987
1548265383.089270 0.373894364 0.206643626 0.164233610 -0.016834801 0.258411527 0.045362804 0.964822412
1548265383.122790 0.394465238 0.205932960 0.153544456 -0.018632120 0.253880739 0.042958293 0.966101468
1548265383.156270 0.389109552 0.217577726 0.164439842 -0.017687770 0.256544858 0.043743785 0.965379953
1548265383.189710 0.385174185 0.217869893 0.170977175 -0.018556474 0.257052243 0.044448927 0.965196431
1548265383.223220 0.399085313 0.221170530 0.164613575 -0.018973146 0.255861521 0.044576500 0.965498805
1548265383.256740 0.382494003 0.227209955 0.181338832 -0.018173471 0.259165704 0.045833707 0.964573622
1548265383.290260 0.367273927 0.239912122 0.176824003 -0.016498066 0.251149535 0.045256197 0.966749012
1548265383.323770 0.402271926 0.244282827 0.168995619 -0.017955542 0.243648633 0.042415496 0.968769252
1548265383.357210 0.389712125 0.239511862 0.175495967 -0.019741567 0.246451870 0.045528457 0.967883766
1548265383.390640 0.379409134 0.252365679 0.181938112 -0.018435031 0.243675575 0.046370834 0.968572259
1548265383.424130 0.400605530 0.246547148 0.176158786 -0.021549448 0.236012906 0.044540435 0.970489442
1548265383.457630 0.401419133 0.241612494 0.182507038 -0.022968160 0.236608192 0.045610771 0.970262229
1548265383.491090 0.394707352 0.255954534 0.188746586 -0.019372361 0.235372677 0.047400180 0.970555305
1548265383.524610 0.411550164 0.256086498 0.177060306 -0.018984493 0.227568954 0.045788836 0.972499549
1548265383.558020 0.415422082 0.261097938 0.176266670 -0.017413223 0.230251312 0.046431042 0.971866965
1548265383.591540 0.402573377 0.263773501 0.184002608 -0.016180661 0.232711092 0.046928745 0.971278250
1548265383.625060 0.405508876 0.262807965 0.182081968 -0.015990328 0.229470789 0.047331639 0.972032487
1548265383.658670 0.414012730 0.264823586 0.177333146 -0.015910583 0.227449000 0.046334691 0.972556949
1548265383.692190 0.400338680 0.273255795 0.184774041 -0.014334361 0.229199797 0.046392836 0.972167552
1548265383.725760 0.400715768 0.268851161 0.185284674 -0.015438159 0.225535393 0.045112342 0.973067522
1548265383.759300 0.411197871 0.270060092 0.179075778 -0.015449498 0.221883729 0.043314476 0.973988175
1548265383.792820 0.405066580 0.267097294 0.181304589 -0.015355024 0.222300380 0.043079913 0.973905027
1548265383.826330 0.398535609 0.256316304 0.183372214 -0.015759099 0.221453652 0.042703398 0.974108040
1548265383.859820 0.415089071 0.253340513 0.171447843 -0.014095720 0.217071027 0.041142493 0.975186586
1548265383.893180 0.401448488 0.253714144 0.178366512 -0.009966918 0.222279519 0.042332146 0.974012554
1548265383.926690 0.386484712 0.242060319 0.181682661 -0.007200506 0.220540509 0.042976674 0.974403977
1548265383.960400 0.404252023 0.234420359 0.168688193 -0.004225930 0.214189321 0.041673299 0.975893736
1548265383.993920 0.397253692 0.235496894 0.161563903 0.000927223 0.218115076 0.041610390 0.975035191
1548265384.027250 0.381018966 0.223672211 0.157035545 0.003424350 0.215617970 0.040992793 0.975611031
1548265384.060770 0.401787490 0.218465254 0.141181692 0.006005199 0.209196180 0.038358163 0.977102637
1548265384.094280 0.391864687 0.220045924 0.140069813 0.010527291 0.218583688 0.038012277 0.975020766
1548265384.127800 0.375884354 0.210000306 0.143049940 0.012084764 0.217975900 0.038156934 0.975133121
1548265384.161320 0.392753005 0.209143996 0.129619181 0.014345275 0.211803690 0.034506503 0.976597548
1548265384.194830 0.384641558 0.206827044 0.126749262 0.017122859 0.219196260 0.034773689 0.974910617
1548265384.228320 0.355869472 0.198800325 0.131019205 0.018353861 0.220788181 0.034443062 0.974540651
1548265384.261840 0.380341709 0.203290477 0.119811453 0.020611024 0.211326256 0.031326521 0.976696014
1548265384.295350 0.381692380 0.202938363 0.117149666 0.021694124 0.215298653 0.030014714 0.975845814
1548265384.328870 0.359336376 0.202021688 0.124598950 0.022196332 0.219708562 0.031491309 0.974804521
1548265384.362380 0.359690785 0.192760423 0.118262254 0.020555783 0.215813890 0.030041184 0.975755811
1548265384.395930 0.377532661 0.197197646 0.110544845 0.021120563 0.214622974 0.029393109 0.976026118
1548265384.429520 0.360387623 0.189695835 0.117775865 0.019503178 0.219018206 0.030810142 0.975039244
1548265384.462960 0.362577200 0.187476844 0.114149362 0.018961092 0.217140049 0.030910922 0.975466728
1548265384.496450 0.368301660 0.184735209 0.108892687 0.018453503 0.217253521 0.030706167 0.975457609
1548265384.529960 0.362604022 0.186822534 0.113258153 0.019647898 0.220468640 0.033212811 0.974630475
1548265384.563480 0.370152712 0.182442263 0.107981630 0.019364579 0.218719006 0.034105368 0.974999487
1548265384.596980 0.373429060 0.186967060 0.105592333 0.020652313 0.221184462 0.034393676 0.974406540
1548265384.630500 0.373495609 0.190509394 0.105250753 0.021954397 0.222340450 0.036976568 0.974020302
1548265384.664010 0.368234426 0.177866802 0.106505156 0.020649200 0.223242864 0.036449701 0.973862290
1548265384.697530 0.374444962 0.187730730 0.102870762 0.022772895 0.224470645 0.036075283 0.973546624
1548265384.731040 0.369086385 0.184059680 0.104541272 0.022621354 0.227644369 0.037528388 0.972757936
1548265384.764510 0.375672638 0.192877337 0.095138602 0.023406368 0.226704448 0.037142701 0.972973645
1548265384.798080 0.378588349 0.197751969 0.095931448 0.023142565 0.228097126 0.036916751 0.972662985
1548265384.831670 0.382465124 0.196016043 0.092387863 0.021725982 0.231133029 0.035442781 0.972033620
1548265384.865180 0.377138853 0.187529653 0.094651245 0.019789824 0.236669391 0.039059751 0.970603049
1548265384.898090 0.368047774 0.171711713 0.097620808 0.017318306 0.238709375 0.039172184 0.970146120
1548265384.931430 0.389215887 0.181679413 0.089452349 0.019861585 0.238443255 0.040102798 0.970124781
1548265384.965120 0.368041277 0.161406547 0.092434831 0.017283542 0.246126860 0.042984243 0.968129754
1548265384.999250 0.368186444 0.163898468 0.089979731 0.019610139 0.243773103 0.045065362 0.968586206
1548265385.033030 0.383183300 0.156713560 0.080693744 0.019413695 0.242587000 0.043978881 0.968937874
1548265385.066620 0.372557580 0.155519664 0.084854171 0.021696467 0.248639300 0.047637951 0.967180669
1548265385.100300 0.370853424 0.148870960 0.082376018 0.022343237 0.249155119 0.048895285 0.966970444
1548265385.133930 0.379760057 0.148814350 0.071601808 0.023693597 0.250598490 0.050295327 0.966493368
1548265385.167330 0.372698605 0.157649949 0.076049797 0.026509659 0.254877448 0.053908482 0.965105534
1548265385.200680 0.362866104 0.156145081 0.078329794 0.027347742 0.255466044 0.056040995 0.964804947
1548265385.234200 0.370949447 0.151417002 0.069284171 0.026564378 0.253684103 0.057387151 0.965217888
1548265385.267990 0.356989145 0.143739641 0.074088156 0.025113327 0.257647753 0.059840277 0.964057148
1548265385.301540 0.355444759 0.148048908 0.074589536 0.025503524 0.255127937 0.062381405 0.964555860
1548265385.335020 0.370044768 0.150909618 0.063873403 0.024057591 0.249788448 0.061543901 0.966043174
1548265385.368540 0.370518029 0.153625712 0.056121342 0.022768160 0.252353162 0.063555554 0.965277255
1548265385.402050 0.354809582 0.149066761 0.070108309 0.020040374 0.255737811 0.064931072 0.964354992
1548265385.435570 0.355395794 0.144832283 0.066300541 0.016801436 0.251139641 0.064351730 0.965663195
1548265385.468870 0.365429223 0.146177128 0.057948641 0.013646347 0.249085382 0.062397663 0.966373026
1548265385.501860 0.357451797 0.148371756 0.066024855 0.011278091 0.252388835 0.062716566 0.965525448
1548265385.535280 0.350735754 0.148916066 0.068860620 0.008818828 0.250571489 0.061967522 0.966072559
1548265385.568700 0.361494899 0.146525025 0.059437200 0.005555758 0.247167483 0.059395418 0.967134774
1548265385.602150 0.354339242 0.139090836 0.059621729 0.002532808 0.249980122 0.059365902 0.966426015
1548265385.635670 0.341283321 0.140957057 0.069114596 0.001556362 0.251259148 0.058763240 0.966133237
1548265385.669230 0.356224954 0.143849328 0.058383979 0.000783820 0.246871099 0.057212304 0.967357695
1548265385.702770 0.355360508 0.139818907 0.055514250 -0.000824024 0.249505773 0.057007749 0.966693580
1548265385.736280 0.345750779 0.141976491 0.061192855 -0.001087309 0.251838207 0.057555441 0.966055810
