1.000000 0.000000 0.000000 0.000000 0.000000 1.000000 0.000000 0.000000 0.000000 0.000000 1.000000 0.000000
0.999812 -0.009144 0.017120 0.046491 0.009181 0.999956 -0.002086 -0.008906 -0.017100 0.002242 0.999851 1.173652
0.999883 -0.011745 0.009751 0.059975 0.011782 0.999923 -0.003825 -0.005941 -0.009705 0.003940 0.999945 1.487986
0.999904 -0.013429 -0.003304 0.072384 0.013409 0.999893 -0.005897 -0.009004 0.003383 0.005853 0.999977 1.799032
0.999754 -0.012090 -0.018603 0.066129 0.011980 0.999910 -0.006000 -0.008525 0.018674 0.005776 0.999809 2.238526
0.999256 -0.007916 -0.037756 0.020155 0.007723 0.999956 -0.005259 -0.031300 0.037796 0.004964 0.999273 2.585852
0.998022 -0.004251 -0.062714 0.103932 0.003966 0.999981 -0.004676 -0.067467 0.062733 0.004418 0.998021 2.925324
0.996246 -0.004646 -0.086441 0.054016 0.003859 0.999950 -0.009270 -0.008793 0.086479 0.008901 0.996214 3.160370
0.993118 -0.005523 -0.116989 0.252102 0.004412 0.999943 -0.009747 0.014367 0.117036 0.009163 0.993085 3.662589
0.991431 -0.008061 -0.130382 0.018660 0.006744 0.999922 -0.010541 0.024014 0.130457 0.009572 0.991408 3.939203
0.988590 -0.004580 -0.150559 0.026705 0.003000 0.999938 -0.010717 0.012486 0.150599 0.010143 0.988543 4.319087
0.985742 -0.004868 -0.168195 -0.036786 0.003166 0.999941 -0.010385 0.010113 0.168236 0.009704 0.985699 4.746313
0.983341 -0.003390 -0.181738 -0.102537 0.001246 0.999928 -0.011912 0.036402 0.181766 0.011487 0.983275 5.081298
0.980227 -0.011153 -0.197564 -0.042863 0.009140 0.999897 -0.011100 0.033345 0.197667 0.009075 0.980227 5.393227
0.976581 -0.013522 -0.214723 0.920879 0.012647 0.999905 -0.005447 -0.092199 0.214776 0.002604 0.976660 4.599095
0.975505 -0.004954 -0.219921 0.487240 0.002515 0.999932 -0.011372 -0.101287 0.219963 0.010540 0.975451 5.474683
0.973217 -0.012571 -0.229543 0.602052 0.010685 0.999898 -0.009457 -0.130266 0.229639 0.006751 0.973253 5.587522
0.970690 -0.015102 -0.239858 0.695755 0.012375 0.999841 -0.012872 -0.065976 0.240014 0.009526 0.970723 5.817341
0.967580 -0.018202 -0.251907 0.836207 0.015139 0.999786 -0.014091 -0.106927 0.252109 0.009820 0.967649 6.150220
0.965931 -0.024332 -0.257654 0.601008 0.020120 0.999617 -0.018971 0.046910 0.258017 0.013141 0.966051 6.492292
0.961634 -0.033437 -0.272290 0.645754 0.028922 0.999370 -0.020580 0.037405 0.272806 0.011915 0.961995 7.011152
0.957384 -0.038125 -0.286292 0.545534 0.032444 0.999172 -0.024562 0.039534 0.286991 0.014227 0.957828 7.688871
0.957612 -0.023700 -0.287084 0.273937 0.016146 0.999459 -0.028652 -0.011511 0.287608 0.022802 0.957477 7.790108
0.955397 -0.026257 -0.294155 0.299242 0.019312 0.999462 -0.026492 -0.142647 0.294692 0.019629 0.955391 7.674383
0.952370 -0.029903 -0.303476 0.216092 0.022177 0.999337 -0.028872 -0.144159 0.304138 0.020767 0.952402 8.043967
0.948852 -0.032756 -0.314018 0.072993 0.024217 0.999224 -0.031057 -0.170766 0.314792 0.021864 0.948909 8.645974
0.945474 -0.031684 -0.324152 -0.156595 0.020507 0.999073 -0.037840 -0.117110 0.325051 0.029129 0.945248 9.509072
0.943398 -0.030095 -0.330295 -0.237284 0.016256 0.998873 -0.044581 -0.078499 0.331265 0.036689 0.942824 9.687171
0.940941 -0.029008 -0.337325 -0.509000 0.011201 0.998445 -0.054614 -0.091815 0.338385 0.047610 0.939803 10.541515
0.937904 -0.042145 -0.344325 -0.627914 0.023133 0.997982 -0.059140 -0.153834 0.346123 0.047502 0.936986 10.994216
0.937287 -0.044084 -0.345758 -0.523876 0.023682 0.997732 -0.063011 -0.275080 0.347752 0.050871 0.936205 10.663748
0.936638 -0.035174 -0.348527 -0.650650 0.009815 0.997191 -0.074260 -0.295765 0.350160 0.066134 0.934352 10.960732
0.934083 -0.042407 -0.354528 -0.983075 0.013204 0.996346 -0.084388 -0.205940 0.356811 0.074144 0.931230 11.816439
0.932551 -0.039472 -0.358874 -0.827837 0.009366 0.996316 -0.085246 -0.391337 0.360916 0.076135 0.929485 11.631567
0.929244 -0.039527 -0.367347 -0.862235 0.006767 0.995915 -0.090046 -0.486424 0.369406 0.081189 0.925715 12.157097
0.927625 -0.039420 -0.371427 -1.061740 0.003990 0.995404 -0.095679 -0.510407 0.373492 0.087272 0.923519 12.548954
0.929322 -0.031389 -0.367933 -1.293140 -0.004226 0.995411 -0.095595 -0.643465 0.369245 0.090394 0.924925 12.267194
0.927117 -0.038162 -0.372823 -1.574595 0.001758 0.995234 -0.097501 -0.627670 0.374767 0.089740 0.922766 12.831010
0.923182 -0.037071 -0.382571 -1.641133 -0.001624 0.994953 -0.100331 -0.554314 0.384359 0.093245 0.918463 13.434913
0.920140 -0.041703 -0.389363 -1.843416 0.005488 0.995589 -0.093662 -0.783498 0.391552 0.084046 0.916310 13.856819
0.917113 -0.035534 -0.397040 -2.015388 -0.002924 0.995392 -0.095840 -0.744419 0.398616 0.089057 0.912783 14.409391
0.914143 -0.035493 -0.403835 -2.069643 -0.002364 0.995676 -0.092862 -0.725771 0.405384 0.085843 0.910107 14.463359
0.911250 -0.026619 -0.410993 -2.175963 -0.010900 0.996001 -0.088678 -0.736631 0.411710 0.085287 0.907315 14.720721
0.906518 -0.026626 -0.421326 -2.382852 -0.008267 0.996698 -0.080775 -0.870173 0.422086 0.076707 0.903305 15.250617
0.901386 -0.029818 -0.431989 -2.631145 -0.002211 0.997296 -0.073452 -1.048462 0.433012 0.067164 0.898883 15.868866
0.897198 -0.022078 -0.441077 -2.847497 -0.010487 0.997403 -0.071255 -1.167968 0.441504 0.068556 0.894636 16.373192
0.892710 -0.029794 -0.449645 -3.213664 -0.003945 0.997257 -0.073912 -1.061040 0.450614 0.067756 0.890144 16.956755
0.889352 -0.029284 -0.456285 -3.563440 -0.006103 0.997098 -0.075887 -1.007299 0.457183 0.070275 0.886592 17.463102
0.885664 -0.027854 -0.463490 -3.666893 -0.005774 0.997461 -0.070976 -1.131796 0.464291 0.065537 0.883255 17.580614
0.882160 -0.028203 -0.470104 -3.910192 -0.004849 0.997608 -0.068949 -1.139034 0.470925 0.063103 0.879914 17.923649
0.878299 -0.028995 -0.477233 -4.122407 -0.001980 0.997930 -0.064275 -1.180790 0.478109 0.057397 0.876423 18.227901
0.875698 -0.023956 -0.482264 -4.418843 -0.005520 0.998207 -0.059607 -1.197529 0.482827 0.054860 0.873996 18.564716
0.870722 -0.024979 -0.491141 -4.524718 0.000841 0.998783 -0.049306 -1.438619 0.491775 0.042519 0.869684 18.844479
0.864028 -0.025722 -0.502786 -4.861495 0.000545 0.998741 -0.050158 -1.441995 0.503443 0.043064 0.862954 19.778467
0.859500 -0.028247 -0.510355 -5.232225 0.000705 0.998536 -0.054080 -1.355990 0.511135 0.046122 0.858262 20.531977
0.855044 -0.030162 -0.517677 -5.479128 0.003235 0.998598 -0.052840 -1.356491 0.518545 0.043506 0.853943 21.034828
0.853071 -0.029356 -0.520969 -5.791138 0.003631 0.998726 -0.050332 -1.433219 0.521783 0.041045 0.852090 21.403564
0.849952 -0.031628 -0.525910 -6.138867 0.005307 0.998660 -0.051481 -1.428639 0.526833 0.040965 0.848981 21.965071
0.847261 -0.035045 -0.530020 -6.371030 0.009182 0.998638 -0.051354 -1.473733 0.531098 0.038643 0.846429 22.347475
0.847820 -0.034845 -0.529138 -6.562799 0.009202 0.998655 -0.051020 -1.462713 0.530204 0.038386 0.847000 22.415588
0.846290 -0.030427 -0.531853 -6.880688 0.004923 0.998772 -0.049305 -1.581432 0.532700 0.039108 0.845400 23.078075
0.850533 -0.030104 -0.525060 -7.249772 0.005088 0.998785 -0.049022 -1.491071 0.525898 0.039023 0.849652 23.161257
0.852288 -0.031965 -0.522096 -7.590117 0.007927 0.998806 -0.048210 -1.505728 0.523013 0.036950 0.851523 23.442444
0.845192 -0.033810 -0.533393 -8.021056 0.007667 0.998662 -0.051154 -1.603710 0.534408 0.039145 0.844320 24.816874
0.844377 -0.034193 -0.534658 -8.350536 0.007419 0.998612 -0.052148 -1.621342 0.535699 0.040066 0.843458 25.300955
0.842685 -0.035304 -0.537248 -8.585550 0.011219 0.998783 -0.048036 -1.690712 0.538290 0.034452 0.842055 25.680040
0.842503 -0.035953 -0.537491 -9.040957 0.013522 0.998867 -0.045620 -1.688062 0.538522 0.031167 0.842035 26.145342
0.838386 -0.033957 -0.544018 -9.411304 0.011957 0.998963 -0.043928 -1.685138 0.544945 0.030324 0.837923 26.827341
0.833721 -0.034846 -0.551086 -9.771428 0.014341 0.999037 -0.041474 -1.740081 0.552000 0.026674 0.833417 27.392632
0.830137 -0.035141 -0.556451 -10.115458 0.013035 0.998962 -0.043641 -1.767710 0.557407 0.028975 0.829734 27.744493
0.826031 -0.043680 -0.561930 -10.434653 0.024584 0.998836 -0.041503 -1.934521 0.563089 0.020469 0.826143 27.850164
0.817373 -0.057533 -0.573229 -10.665942 0.041432 0.998295 -0.041117 -1.924783 0.574618 0.009858 0.818363 28.169834
0.813085 -0.047328 -0.580218 -11.045341 0.026698 0.998673 -0.044047 -1.748343 0.581533 0.020323 0.813269 28.641199
0.806997 -0.050614 -0.588382 -11.375368 0.039049 0.998713 -0.032353 -1.963968 0.589263 0.003133 0.807935 29.003075
0.808392 -0.047636 -0.586715 -11.778387 0.027152 0.998677 -0.043674 -1.687639 0.588019 0.019375 0.808615 29.126335
0.806927 -0.056778 -0.587915 -12.234466 0.036970 0.998272 -0.045666 -1.790679 0.589493 0.015114 0.807632 29.468668
0.812636 -0.076279 -0.577758 -12.560081 0.066252 0.997062 -0.038452 -2.085223 0.578993 -0.007031 0.815302 28.819660
0.809156 -0.078106 -0.582380 -12.945954 0.066075 0.996935 -0.041900 -2.092812 0.583867 -0.004578 0.811837 29.295956
0.813825 -0.084617 -0.574917 -13.455979 0.077309 0.996313 -0.037203 -2.090833 0.575945 -0.014170 0.817366 29.162426
0.814335 -0.087879 -0.573703 -13.981192 0.083884 0.995913 -0.033485 -2.079562 0.574301 -0.020857 0.818379 29.415564
0.815954 -0.093204 -0.570554 -14.491220 0.097713 0.994954 -0.022793 -2.277950 0.569799 -0.037153 0.820943 29.513184
0.818595 -0.096580 -0.566194 -15.118182 0.100960 0.994608 -0.023692 -2.322192 0.565429 -0.037768 0.823932 29.830477
0.819099 -0.106192 -0.563738 -15.598848 0.113487 0.993291 -0.022214 -2.408166 0.562315 -0.045782 0.825655 29.990332
0.818607 -0.115807 -0.562558 -16.136641 0.124503 0.991952 -0.023031 -2.506829 0.560698 -0.051187 0.826437 30.289804
0.815651 -0.110807 -0.567834 -16.091278 0.119570 0.992583 -0.021938 -2.534050 0.566054 -0.050002 0.822850 30.325729
0.809706 -0.088543 -0.580117 -15.932523 0.098083 0.995066 -0.014977 -2.775032 0.578581 -0.044773 0.814395 30.589567
0.804686 -0.090431 -0.586773 -16.006430 0.103441 0.994570 -0.011422 -2.840454 0.584620 -0.051506 0.809671 30.737562
0.803639 -0.082995 -0.589301 -16.280416 0.096463 0.995299 -0.008626 -3.002701 0.587247 -0.049913 0.807867 30.931780
0.802045 -0.089719 -0.590487 -16.829481 0.103778 0.994549 -0.010154 -3.052283 0.588179 -0.053136 0.806983 31.262041
0.800744 -0.099595 -0.590669 -17.164055 0.112997 0.993492 -0.014332 -2.959659 0.588252 -0.055267 0.806787 31.310890
0.795231 -0.086467 -0.600109 -17.136618 0.095925 0.995255 -0.016287 -3.029046 0.598670 -0.044613 0.799753 31.527128
0.793148 -0.100042 -0.600756 -17.496231 0.113366 0.993428 -0.015761 -3.038095 0.598384 -0.055605 0.799277 31.602592
0.789011 -0.106670 -0.605048 -17.981901 0.124601 0.992129 -0.012428 -3.150847 0.601611 -0.065584 0.796092 31.959404
0.786098 -0.110824 -0.608085 -18.323124 0.133600 0.991004 -0.007900 -3.235782 0.603490 -0.075031 0.793833 32.147362
0.778039 -0.112578 -0.618047 -18.213980 0.135811 0.990689 -0.009487 -3.174586 0.613360 -0.076556 0.786084 32.168182
0.777288 -0.115538 -0.618445 -18.821766 0.138972 0.990242 -0.010332 -3.263410 0.613604 -0.077916 0.785760 32.542294
0.773659 -0.121903 -0.621765 -19.202875 0.150940 0.988525 -0.005995 -3.413297 0.615361 -0.089211 0.783181 32.765949
