0.000000 0.0000000 0.0000000 0.0000000 0.0000000 0.0000000 0.0000000 1.0000000
0.415622 -0.0377145 -0.0017663 0.4291095 0.0010312 -0.0155219 -0.0008770 0.9998786
0.519499 -0.0402559 0.0033824 0.5566694 0.0020334 -0.0217428 -0.0010042 0.9997610
0.934622 -0.1456681 0.0038748 1.1936815 0.0027392 -0.0568412 0.0005357 0.9983793
1.556997 -0.5403669 -0.0128869 2.3787055 0.0062242 -0.1392600 -0.0063620 0.9902158
2.386504 -1.6570617 -0.0336901 3.9300373 0.0050569 -0.2875243 -0.0084083 0.9577231
3.526893 -4.9684830 -0.0474394 5.7502012 -0.0064760 -0.5737446 -0.0075556 0.8189738
4.150266 -7.7209435 -0.0096361 5.7848988 -0.0086298 -0.6828607 -0.0074457 0.7304596
4.671250 -10.3988476 -0.0063261 5.2450881 -0.0061010 -0.7189974 0.0002296 0.6949860
5.401501 -14.7177801 0.0452184 4.7060256 -0.0071921 -0.7155462 0.0058401 0.6985040
5.714253 -16.3102226 -0.0154913 4.7329245 -0.0019934 -0.7113221 0.0022964 0.7028596
6.443143 -17.9951820 -0.0832577 4.8005419 -0.0034072 -0.7086688 -0.0040377 0.7055216
6.859377 -19.0726547 -0.0950368 4.8267150 -0.0019453 -0.7081716 0.0001387 0.7060376
7.275272 -20.1773052 -0.1187016 4.8832111 -0.0070827 -0.7102163 -0.0028579 0.7039421
7.795131 -21.5683174 -0.0719440 4.8976336 -0.0034467 -0.7116013 -0.0042564 0.7025622
8.418880 -23.2115154 -0.0737974 4.9060893 -0.0001412 -0.7120638 -0.0025873 0.7021099
9.042758 -24.8316631 -0.0653456 4.9174914 -0.0008185 -0.7129332 -0.0031992 0.7012242
9.770380 -26.7157612 -0.0780483 4.9333534 -0.0004883 -0.7179521 0.0007051 0.6960920
