0.000000 0.0000000 0.0000000 0.0000000 0.0000000 0.0000000 0.0000000 1.0000000
0.415622 -0.0450956 -0.0036152 0.4362734 0.0009461 -0.0151155 -0.0009115 0.9998849
0.519499 -0.0598192 -0.0010802 0.5607448 0.0018440 -0.0209117 -0.0010292 0.9997791
0.727122 -0.1053792 -0.0006811 0.8605178 0.0023703 -0.0360542 -0.0009189 0.9993466
1.038404 -0.2174486 -0.0091303 1.3914368 0.0025897 -0.0668091 0.0004715 0.9977623
1.453253 -0.5080169 -0.0343083 2.1825368 0.0052582 -0.1204899 -0.0055982 0.9926848
1.868002 -0.9501485 -0.0462372 3.0408852 0.0051127 -0.1876411 -0.0102648 0.9821707
2.386504 -1.7421654 -0.0570977 4.0771546 0.0039347 -0.2865789 -0.0084018 0.9580117
2.697329 -2.4351952 -0.0740944 4.6603289 0.0027229 -0.3614104 -0.0128962 0.9323137
3.734395 -6.1080284 -0.0000954 6.1839943 -0.0092909 -0.6205045 -0.0062498 0.7841229
4.254380 -8.5711517 0.0079163 6.1086650 -0.0097023 -0.6985348 -0.0008037 0.7155098
4.775500 -11.3505650 0.3267734 5.5094075 -0.0039415 -0.7292656 0.0144700 0.6840664
5.401501 -15.2605104 0.5229685 4.7964144 -0.0035877 -0.7254695 0.0275106 0.6876950
5.818377 -18.0361252 0.5531328 4.4323964 -0.0025341 -0.7155720 0.0414600 0.6973029
6.235023 -20.9576473 0.3985451 4.1391292 -0.0033100 -0.7035702 0.0541934 0.7085486
6.547271 -23.2139931 0.2146377 3.9959338 -0.0094012 -0.6936088 0.0691359 0.7169649
6.859377 -25.5086918 -0.0149333 3.9575069 -0.0099654 -0.6820688 0.0893405 0.7257418
7.171256 -27.7292118 -0.2663945 4.0382791 -0.0110401 -0.6710960 0.0948723 0.7351921
7.483251 -28.9209042 -0.4252200 4.1965294 -0.0132624 -0.6708323 0.0881311 0.7362344
8.107005 -30.6707573 -0.6499848 4.4044938 -0.0084846 -0.6710095 0.0892718 0.7360060
8.522877 -31.8278027 -0.7947751 4.5388966 -0.0096937 -0.6707923 0.0874779 0.7364044
9.042758 -33.2711868 -0.9622837 4.7063518 -0.0095429 -0.6706019 0.0872935 0.7366016
9.354505 -34.1256218 -1.0690347 4.8102546 -0.0050774 -0.6709787 0.0870100 0.7363363
9.770380 -35.2664871 -1.2175821 4.9627271 -0.0094743 -0.6737899 0.0889366 0.7334901
10.186010 -36.3995247 -1.3595845 5.1160917 -0.0044632 -0.6765482 0.0868108 0.7312499
