1341846313.592026 0.000000000 0.000000000 0.000000000 -0.000000000 -0.000000000 -0.000000000 1.000000000
1341846313.654184 0.003326889 -0.002137664 -0.006415551 -0.000928867 -0.002768935 0.004639525 0.999984980
1341846313.686156 0.010727790 -0.002431074 -0.001861667 -0.000017354 -0.005109672 0.004424762 0.999977171
1341846313.721918 0.019665543 0.003951039 -0.004099980 0.000793771 -0.006718680 0.004920766 0.999965012
1341846313.753994 0.025857830 0.001187383 0.000235482 -0.000070617 -0.007370939 0.006012108 0.999954760
1341846313.789969 0.033528700 0.000970147 0.001906199 0.001010829 -0.008148456 0.004263962 0.999957204
1341846313.822075 0.045527223 0.007802802 -0.000225001 0.001861393 -0.007869926 0.003319877 0.999961793
1341846313.853928 0.055092841 0.005799353 0.006630839 0.000912726 -0.006089514 0.002797095 0.999977171
1341846313.890011 0.057554577 0.009760956 0.002680594 0.001275642 -0.003941742 0.003531010 0.999985218
1341846313.922055 0.065375641 0.014948429 0.002635374 -0.000218992 -0.004004697 0.004978009 0.999979615
1341846313.957927 0.101680286 0.011002537 0.004550823 -0.003124589 -0.003474584 0.007170268 0.999963403
1341846313.990058 0.087105259 0.012338956 0.008572750 -0.004147104 0.005364704 0.007207927 0.999951065
1341846314.022042 0.087004252 0.017536793 0.000024562 -0.005889835 0.007658075 0.008231595 0.999919474
1341846314.057816 0.106125318 0.015558389 0.011245358 -0.009533479 0.008618460 0.010199186 0.999865472
1341846314.089801 0.114409506 0.011542097 0.016019043 -0.009211671 0.013383209 0.010386392 0.999814093
1341846314.122037 0.116154157 0.025403118 0.012011093 -0.008834557 0.017435431 0.013408363 0.999719083
1341846314.157989 0.131467685 0.018395159 0.019375019 -0.011853643 0.019302830 0.013725847 0.999649227
1341846314.190094 0.131428897 0.020326549 0.016439242 -0.011445495 0.023908231 0.014616120 0.999541819
1341846314.225969 0.134445667 0.029322140 0.012853772 -0.012890473 0.026102439 0.017435128 0.999424160
1341846314.257923 0.139813706 0.019336328 0.022464316 -0.015952630 0.027967805 0.017417872 0.999329805
1341846314.290052 0.140835941 0.020470481 0.020051651 -0.014421452 0.029797180 0.015698485 0.999328613
1341846314.325981 0.150112107 0.027369723 0.014832394 -0.014626616 0.030431256 0.014449264 0.999325395
1341846314.357905 0.160641417 0.019700838 0.022623451 -0.016373333 0.032572623 0.015176957 0.999220014
1341846314.389899 0.153837979 0.019768240 0.022619728 -0.014793686 0.037001971 0.013345831 0.999116600
1341846314.427905 0.163393572 0.026969543 0.017563324 -0.014133984 0.038267892 0.012151727 0.999093711
1341846314.493987 0.182825118 0.016571116 0.019542525 -0.013962176 0.046436094 0.005215219 0.998810053
1341846314.526085 0.178776667 0.022748524 0.008010944 -0.013086727 0.050041758 0.003173437 0.998656392
1341846314.558292 0.187821969 0.022369402 0.013013803 -0.014320686 0.052539069 0.004224671 0.998507261
1341846314.594085 0.210539103 0.013730234 0.020873832 -0.014231228 0.054528885 0.004313447 0.998401463
1341846314.626096 0.209440574 0.020047156 0.007645471 -0.013278420 0.059040986 0.005396481 0.998152673
1341846314.658455 0.209066063 0.021854764 0.011520164 -0.015088029 0.062065504 0.003314152 0.997952521
1341846314.694004 0.221154317 0.011945197 0.022927187 -0.015785867 0.065132588 0.002108731 0.997749567
1341846314.725910 0.222242236 0.006792082 0.023644198 -0.011985886 0.068465970 0.006388015 0.997560978
1341846314.761942 0.221461922 0.016510710 0.019107981 -0.006941543 0.069551438 0.009655925 0.997507513
1341846314.794030 0.244427532 0.009111369 0.015502282 -0.005468594 0.069231778 0.013127681 0.997499228
1341846314.826092 0.253880113 0.012913463 0.008318430 -0.002907850 0.072875224 0.013623561 0.997243822
1341846314.862145 0.256125480 0.019650780 0.009361603 -0.002025283 0.077124305 0.014268588 0.996917367
1341846314.894072 0.266912818 0.014865563 0.011261135 -0.003131693 0.080079749 0.016923970 0.996639907
1341846314.925969 0.266300291 0.020362074 0.011811601 -0.002423864 0.083363183 0.019922003 0.996317148
1341846314.961937 0.276525766 0.030482739 0.007420759 -0.004254378 0.082819663 0.025909053 0.996218622
1341846314.994564 0.278875530 0.028595312 0.016548749 -0.007533941 0.084225930 0.023674672 0.996136904
1341846315.029900 0.293272495 0.024697024 0.020276055 -0.008260055 0.086774692 0.021087090 0.995970547
1341846315.061965 0.293354005 0.026508154 0.026554445 -0.008649216 0.089410625 0.024618126 0.995653093
1341846315.094388 0.295531929 0.023537830 0.031095402 -0.008794951 0.088613242 0.024970191 0.995714307
1341846315.129851 0.307066888 0.021386810 0.012737598 -0.007437715 0.087881930 0.025000541 0.995789409
1341846315.161941 0.306857586 0.041136980 -0.002656188 -0.008034091 0.088182278 0.028116340 0.995675087
1341846315.197984 0.303321034 0.038468275 0.001350237 -0.014574803 0.087229922 0.023770509 0.995797992
1341846315.230076 0.316729099 0.036014955 0.005612407 -0.018336808 0.084820308 0.020886915 0.996008575
1341846315.262069 0.317043155 0.036009263 0.008942742 -0.021478605 0.082512639 0.023690024 0.996076882
1341846315.298000 0.324605584 0.028470643 0.018780487 -0.024093106 0.078268744 0.025324481 0.996319354
1341846315.329931 0.335157752 0.014447458 0.027912462 -0.022122160 0.076229349 0.026262037 0.996498942
1341846315.361981 0.342469692 0.020036634 0.019437464 -0.016327934 0.075023219 0.030067649 0.996594608
1341846315.397962 0.351379275 0.022323500 0.019982768 -0.013243889 0.074613854 0.033990633 0.996545017
1341846315.429923 0.357647628 0.024920845 0.015242774 -0.010139816 0.076194547 0.035318747 0.996415675
1341846315.466047 0.374617517 0.028940886 0.013298819 -0.009279254 0.078206465 0.038042020 0.996167898
1341846315.497883 0.371147275 0.033560604 0.018676480 -0.009484766 0.081936806 0.041523024 0.995727003
1341846315.530008 0.374276727 0.029518303 0.015680738 -0.010066064 0.083095893 0.042745925 0.995573461
1341846315.566108 0.373310387 0.033391036 0.015677702 -0.010306209 0.085009523 0.043259978 0.995387256
1341846315.597986 0.374705970 0.031315308 0.021383107 -0.010732214 0.086423703 0.042211160 0.995306015
1341846315.630109 0.376459420 0.031521436 0.020154251 -0.010592180 0.087502748 0.041020717 0.995263040
1341846315.666042 0.380349308 0.037516318 0.007250176 -0.011010914 0.088779286 0.040999666 0.995146275
1341846315.698114 0.386125267 0.043880846 0.004591161 -0.015282131 0.091531381 0.039905746 0.994884968
1341846315.733985 0.374616832 0.029734308 0.025647460 -0.019497061 0.095625661 0.039804447 0.994430184
1341846315.766041 0.366991937 0.030247340 0.020860441 -0.019175442 0.094041675 0.040940594 0.994541287
1341846315.798188 0.373648018 0.029618843 0.019097876 -0.020169515 0.092523202 0.040137637 0.994696796
1341846315.834140 0.371597707 0.021941993 0.025184447 -0.019978410 0.094948374 0.038480643 0.994537592
1341846315.866751 0.365233749 0.020973329 0.021049632 -0.017661812 0.097055234 0.037652884 0.994409680
1341846315.898492 0.360374987 0.021218069 0.021632325 -0.016313342 0.097967617 0.037123352 0.994363189
1341846315.936901 0.359193861 0.014801096 0.025234239 -0.014261211 0.099420585 0.036215018 0.994284034
1341846315.966572 0.349022597 0.015322483 0.021732952 -0.010672672 0.101629078 0.035213053 0.994141698
1341846316.034204 0.338228166 0.013486437 0.019996775 -0.007155027 0.101804264 0.033801675 0.994204283
1341846316.066113 0.330515742 0.011399020 0.022420399 -0.004930672 0.102160767 0.033947423 0.994176269
1341846316.101867 0.317509472 0.015604870 0.016115535 -0.003132386 0.101798706 0.034879573 0.994188488
1341846316.134066 0.305480391 0.016609712 0.017972052 -0.003917980 0.099670976 0.031895030 0.994501412
1341846316.202049 0.297924787 0.008198742 0.017126886 -0.004245420 0.094363183 0.028000206 0.995134950
1341846316.233979 0.295166045 0.009230877 0.006439348 -0.003722746 0.092813618 0.025801502 0.995342255
1341846316.270052 0.291358680 0.010025376 0.006277854 -0.004915094 0.093917996 0.023276784 0.995295703
1341846316.301915 0.283374131 0.001036294 0.012747573 -0.005432204 0.095362663 0.021438532 0.995196939
1341846316.334208 0.271525323 0.000948861 0.013828552 -0.003768954 0.095274299 0.022874331 0.995181084
1341846316.370006 0.265963912 -0.001452683 0.012779629 -0.001954013 0.094021395 0.023560315 0.995289505
1341846316.401994 0.258192122 0.000139135 0.009544058 0.000032243 0.093590729 0.025549280 0.995282948
1341846316.438069 0.251344949 -0.004557252 0.017618487 0.001804837 0.093427785 0.027476911 0.995245218
1341846316.470076 0.239741310 -0.007943495 0.014719200 0.006054177 0.093530692 0.029821990 0.995151341
1341846316.502034 0.225025415 0.005716879 -0.001227248 0.009210545 0.091744997 0.031318467 0.995247304
1341846316.537975 0.220215678 0.006527471 0.000596981 0.006700525 0.088786773 0.029423853 0.995593488
1341846316.570121 0.213985890 -0.003439783 0.008984358 0.005684217 0.088755250 0.026337998 0.995688975
1341846316.601885 0.205393150 -0.006022440 0.012392218 0.007522660 0.088511221 0.025228439 0.995727301
1341846316.638009 0.196110904 -0.009290931 0.010277946 0.009563810 0.087469801 0.026751067 0.995762050
1341846316.669925 0.189378276 -0.011618967 0.012433905 0.011855807 0.086912036 0.026456473 0.995794058
1341846316.705941 0.193862081 -0.012953807 0.009617294 0.016098393 0.085337177 0.026752172 0.995862842
1341846316.738062 0.184126452 -0.003590964 -0.000229726 0.019299392 0.084950782 0.029922774 0.995748818
1341846316.770433 0.176181570 -0.000646316 -0.001192940 0.018582914 0.084243476 0.030382210 0.995808601
1341846316.805932 0.168693364 -0.009855670 0.006435462 0.018393092 0.084602870 0.029102694 0.995819867
1341846316.838029 0.155228853 -0.005614426 0.002893619 0.020126712 0.083661035 0.030828556 0.995813906
1341846316.870034 0.143332154 -0.009053338 0.006830304 0.020339916 0.080888584 0.032142419 0.995997071
1341846316.906344 0.138647929 -0.009262417 0.002365960 0.021428337 0.077418350 0.031122195 0.996282458
1341846316.937940 0.134483337 -0.006612110 -0.000930443 0.021564795 0.075977363 0.028596500 0.996466100
1341846316.973994 0.124798901 -0.007228987 0.002779656 0.020618107 0.074525952 0.028610667 0.996595323
1341846317.005913 0.114514679 -0.010134550 0.006936518 0.019265048 0.072396144 0.029290266 0.996759653
1341846317.037936 0.107239351 -0.014862672 0.012636649 0.019346343 0.070192225 0.028551431 0.996937156
1341846317.073972 0.103100784 -0.016194250 0.010698632 0.020414125 0.068198361 0.029356595 0.997030854
1341846317.106113 0.091565788 -0.021706408 0.020112427 0.022340538 0.067140818 0.033604119 0.996927202
1341846317.137887 0.072606586 -0.018921463 0.026717432 0.025869139 0.062614657 0.037765928 0.996987462
1341846317.173970 0.073097557 -0.013901373 0.009541600 0.027365293 0.054332618 0.038344998 0.997411072
1341846317.205887 0.074666619 -0.015272441 0.014260486 0.027333284 0.050444670 0.039890680 0.997555554
1341846317.248131 0.065945402 -0.017263765 0.016683377 0.028511969 0.048131313 0.041495077 0.997571409
1341846317.306289 0.055682220 -0.014120450 0.013021224 0.030485576 0.041907754 0.045746647 0.997608006
1341846317.348137 0.053604897 -0.017905030 0.012289623 0.031391300 0.042716213 0.047041800 0.997485399
1341846317.410120 0.031056391 -0.012995437 0.014845166 0.033465639 0.043439150 0.052309580 0.997124314
1341846317.442569 0.036424715 -0.023353757 0.018070119 0.035079204 0.042296320 0.055099539 0.996967673
1341846317.474010 0.026402708 -0.022980675 0.016729454 0.040589143 0.042940002 0.057841010 0.996575713
1341846317.509927 0.011113509 -0.011000932 0.013085435 0.044640783 0.041652605 0.061542861 0.996235311
1341846317.542282 0.005417260 -0.008691516 0.009250381 0.043936148 0.038879715 0.062110431 0.996343493
1341846317.573943 0.006521672 -0.015945697 0.008646055 0.043188136 0.039182097 0.061043303 0.996430337
1341846317.610159 -0.005190695 -0.020427724 0.016518628 0.045385249 0.041778821 0.061335832 0.996209145
1341846317.643553 -0.021467943 -0.016996864 0.022433560 0.048137199 0.042178795 0.063200533 0.995946527
1341846317.677993 -0.034499757 -0.023168681 0.025075350 0.048316788 0.039587762 0.064795144 0.995941758
1341846317.709996 -0.036836792 -0.023761412 0.024032677 0.051029284 0.036614843 0.064862013 0.995915830
1341846317.741834 -0.047602084 -0.014428542 0.019076755 0.051745497 0.035939813 0.064372130 0.995935202
1341846317.777923 -0.056705967 -0.016532095 0.025008235 0.049804110 0.035108253 0.063544258 0.996117055
1341846317.810021 -0.065985374 -0.019723298 0.027034553 0.049302407 0.033688586 0.061856989 0.996297240
1341846317.841886 -0.074488387 -0.013715982 0.023585731 0.049097903 0.032735758 0.060034402 0.996450543
1341846317.878017 -0.079089195 -0.010709986 0.028257936 0.046946526 0.032086439 0.056803342 0.996764719
1341846317.909910 -0.080589972 -0.014925327 0.032746613 0.045741286 0.032945458 0.053186461 0.996992290
1341846317.946031 -0.095204562 -0.018441048 0.032606531 0.046653595 0.034446076 0.053812981 0.996865690
1341846317.978041 -0.105274245 -0.021735711 0.030629251 0.048605725 0.033316407 0.054513559 0.996772707
1341846318.009897 -0.108788498 -0.021984709 0.026604252 0.050643809 0.033501484 0.052326653 0.996782243
1341846318.045949 -0.121119685 -0.016391307 0.025984896 0.051331080 0.035055988 0.050948180 0.996765018
1341846318.078074 -0.137388438 -0.020654336 0.025651410 0.050143879 0.034315169 0.049381118 0.996930063
1341846318.109894 -0.148586646 -0.019985313 0.024247564 0.049940471 0.030620975 0.047289919 0.997162044
1341846318.145957 -0.142942622 -0.013527704 0.039519705 0.050107952 0.027176587 0.044991072 0.997359812
1341846318.178001 -0.150939852 -0.016496057 0.043743514 0.049275290 0.027669091 0.042412698 0.997500658
1341846318.214074 -0.168196231 -0.021803023 0.045425631 0.049800873 0.026443869 0.041933861 0.997528017
1341846318.245970 -0.177739203 -0.029586188 0.049392529 0.052105300 0.021392560 0.043266859 0.997474551
1341846318.278018 -0.186115339 -0.028587809 0.034706954 0.055928838 0.016472563 0.042168532 0.997407854
1341846318.313937 -0.208513975 -0.026959067 0.029647324 0.057965551 0.011840947 0.041465878 0.997386754
1341846318.345989 -0.217923656 -0.031451125 0.032133151 0.059059042 0.003535769 0.040305577 0.997434199
1341846318.382046 -0.222047582 -0.031970154 0.024997925 0.061006609 -0.004556888 0.039437640 0.997347534
1341846318.414072 -0.239289969 -0.035495240 0.018804068 0.062283587 -0.010324826 0.039767534 0.997212529
1341846318.446035 -0.241030991 -0.037709892 0.018176179 0.064158373 -0.016820699 0.039914418 0.996999323
1341846318.482196 -0.237620100 -0.029879946 0.021966688 0.066432834 -0.019900244 0.040431205 0.996772826
1341846318.514144 -0.246430889 -0.031186868 0.022021953 0.066464074 -0.021055365 0.041346740 0.996709406
1341846318.546259 -0.251039475 -0.037201505 0.020448508 0.067470655 -0.022423815 0.041163791 0.996619523
1341846318.582042 -0.255212575 -0.028962625 0.033902254 0.069505692 -0.022268349 0.040129341 0.996525347
1341846318.614115 -0.269813687 -0.030062107 0.031927612 0.068964720 -0.021899594 0.039679114 0.996589124
1341846318.650038 -0.280269682 -0.030737437 0.029307960 0.068484984 -0.022273224 0.036123477 0.996749163
1341846318.682350 -0.284765750 -0.027492380 0.035194401 0.068492942 -0.023273125 0.034750737 0.996774554
1341846318.714063 -0.295838982 -0.028457623 0.033395775 0.068091393 -0.023851631 0.034131832 0.996809781
1341846318.749905 -0.302088380 -0.033777207 0.033891607 0.068608314 -0.024113208 0.035799950 0.996709526
1341846318.782036 -0.320424080 -0.031447601 0.032225523 0.070704587 -0.023821833 0.037529256 0.996506393
1341846318.814121 -0.336912066 -0.036358811 0.013772571 0.069889344 -0.028852848 0.036195319 0.996480286
1341846318.850072 -0.349271655 -0.038981825 0.017797584 0.070252404 -0.034071285 0.033751689 0.996375740
1341846318.883516 -0.362021267 -0.048474971 0.018368078 0.072789006 -0.041204084 0.033574693 0.995930135
1341846318.918047 -0.373894125 -0.035213139 0.012606423 0.076955952 -0.054663673 0.031367641 0.995040655
1341846318.950044 -0.378836185 -0.041127972 0.017794503 0.078296274 -0.063382827 0.028691139 0.994499445
1341846318.982028 -0.389363915 -0.033880427 0.014331469 0.080642849 -0.066841036 0.025291845 0.994177699
1341846319.018123 -0.404972315 -0.040157881 0.011092453 0.079275966 -0.071324363 0.024776084 0.993989110
1341846319.050745 -0.398197174 -0.053961974 0.015501206 0.079584941 -0.078629881 0.024666222 0.993415952
1341846319.081905 -0.382720709 -0.055818748 0.001634501 0.084456906 -0.081370570 0.023997165 0.992809117
1341846319.117976 -0.409662217 -0.036758538 0.009287830 0.088795595 -0.078516617 0.027782172 0.992561698
1341846319.150093 -0.415231168 -0.040357895 0.011836784 0.090414107 -0.083157718 0.034982171 0.991809666
1341846319.186069 -0.406170905 -0.025842048 0.013990594 0.092781365 -0.085398383 0.035156902 0.991394401
1341846319.218149 -0.408935010 -0.006744963 0.010540320 0.090777904 -0.080488428 0.033182468 0.992058516
1341846319.250034 -0.420771956 -0.009084724 0.017463725 0.084817365 -0.074333012 0.032591429 0.993085325
1341846319.286594 -0.434889853 -0.019135579 0.017571531 0.082248867 -0.070673652 0.036318816 0.993439138
1341846319.318034 -0.441345483 -0.025883785 0.018289952 0.082426004 -0.070020281 0.039665077 0.993342757
1341846319.350268 -0.452839911 -0.030766062 0.009467149 0.082675837 -0.069221087 0.046172448 0.993096828
1341846319.386163 -0.473799199 -0.031144146 0.021720635 0.084715419 -0.072666325 0.053089514 0.992332816
1341846319.418386 -0.470143169 -0.028346241 0.002815385 0.085811518 -0.078803368 0.054567076 0.991689920
1341846319.453961 -0.471067935 -0.024937270 -0.003423313 0.086330101 -0.080975011 0.051138841 0.991652727
1341846319.486271 -0.485802650 -0.025142532 -0.007514376 0.085316576 -0.080776855 0.050335594 0.991797626
1341846319.554083 -0.502854943 -0.027680956 0.012615576 0.080347098 -0.086899355 0.048573196 0.991783023
1341846319.586296 -0.515081346 -0.029415954 0.007214920 0.080600038 -0.086067557 0.045238096 0.991992772
1341846319.622031 -0.530737400 -0.029074401 -0.003648567 0.078869507 -0.088864341 0.043003891 0.991984606
1341846319.653962 -0.534468412 -0.033473037 0.015076913 0.078132495 -0.094639592 0.041928418 0.991554677
1341846319.686352 -0.544955075 -0.035927739 0.007228384 0.079830296 -0.098094210 0.042874090 0.991043150
1341846319.721992 -0.552203000 -0.026317779 0.008225520 0.081233762 -0.102114551 0.043283198 0.990505099
1341846319.754063 -0.554648876 -0.015981348 0.006582789 0.078546166 -0.104800723 0.043118432 0.990448475
1341846319.786397 -0.556451917 -0.020224705 0.011579800 0.073952973 -0.105038032 0.046944432 0.990603030
1341846319.822008 -0.564115644 -0.019715469 0.007986269 0.070679896 -0.105621681 0.051308986 0.990563452
1341846319.853917 -0.565150321 -0.018598316 0.003910109 0.065821901 -0.106675535 0.054891627 0.990593195
1341846319.889942 -0.569903374 -0.028785503 0.017145347 0.062268473 -0.107560650 0.060052902 0.990427673
1341846319.922039 -0.584462583 -0.036449332 0.009059843 0.061201505 -0.111025617 0.061347548 0.990032434
1341846319.953946 -0.581592917 -0.037954587 0.022407647 0.061940204 -0.117535077 0.058434248 0.989411175
1341846319.990054 -0.579027236 -0.036247000 0.025043752 0.064734861 -0.120888077 0.051379394 0.989219785
1341846320.028122 -0.587697446 -0.037741560 0.025170339 0.066785365 -0.124195591 0.050062917 0.988741100
1341846320.090047 -0.567347169 -0.028130718 0.019247726 0.072537504 -0.132348582 0.050373331 0.987261236
1341846320.122011 -0.558480620 -0.025520602 0.026838321 0.073403224 -0.130589753 0.051586490 0.987368822
1341846320.157952 -0.550651371 -0.029944902 0.019233644 0.073168211 -0.127904981 0.052159164 0.987707555
1341846320.190003 -0.535618603 -0.037957862 0.026963834 0.075276136 -0.125302747 0.051107459 0.987937689
1341846320.221941 -0.530935287 -0.037489347 0.024116319 0.079578340 -0.121776566 0.051308259 0.988031030
1341846320.258015 -0.523085296 -0.042157859 0.027066536 0.083346404 -0.120787710 0.053802516 0.987709045
1341846320.289887 -0.510450006 -0.051517002 0.019984366 0.088078097 -0.121730499 0.055212323 0.987104654
1341846320.321954 -0.497427464 -0.050840981 0.023655634 0.096533619 -0.123378076 0.055606443 0.986086726
1341846320.357890 -0.482897490 -0.039810576 0.022276767 0.102765560 -0.123192504 0.056327298 0.985439062
1341846320.390064 -0.462834477 -0.038151395 0.030855466 0.104533710 -0.120224319 0.056418419 0.985614419
1341846320.426544 -0.435281128 -0.038637705 0.036106564 0.107040897 -0.113500930 0.053143796 0.986324251
1341846320.458122 -0.434363753 -0.035589140 0.050747521 0.108726986 -0.105671167 0.049530596 0.987197459
1341846320.490186 -0.421980262 -0.039921366 0.085771389 0.112023227 -0.099408269 0.049640056 0.987473905
1341846320.525911 -0.409886926 -0.033300966 0.066607170 0.115739189 -0.091937482 0.048049603 0.987847745
1341846320.558091 -0.404964656 -0.036899887 0.023577666 0.116349876 -0.086894959 0.043798454 0.988429904
1341846320.594093 -0.389492691 -0.037714243 0.056104962 0.118129909 -0.082304910 0.039699994 0.988784730
1341846320.631955 -0.382960647 -0.034550134 0.048232920 0.120615862 -0.074888259 0.039148375 0.989096045
1341846320.664916 -0.371256173 -0.031555992 0.035719398 0.120719224 -0.072532602 0.037471380 0.989323974
1341846320.699927 -0.342522591 -0.038050964 0.038590115 0.120248266 -0.069936551 0.036204323 0.989615381
1341846320.731822 -0.337714314 -0.033828620 0.049883906 0.122631870 -0.063207552 0.034865871 0.989823580
1341846320.763877 -0.347728699 -0.007412365 0.035360083 0.121414475 -0.060608562 0.034035333 0.990164995
1341846320.799999 -0.316268593 -0.029049890 0.024079747 0.113190897 -0.063589804 0.031034170 0.991050541
1341846320.831871 -0.288303018 -0.037569229 0.074553266 0.115392625 -0.054528087 0.026030157 0.991480589
1341846320.863887 -0.309023857 -0.021368284 0.015338132 0.114021242 -0.042846546 0.026715504 0.992194355
1341846320.900014 -0.304973394 -0.036298003 0.006247138 0.106446587 -0.047437400 0.031119836 0.992698550
1341846320.931889 -0.271987587 -0.044347871 0.021085443 0.107448876 -0.048798822 0.030151261 0.992554486
1341846320.967866 -0.273165524 -0.024295446 0.003117077 0.107488148 -0.042726606 0.026525514 0.992933631
1341846321.000017 -0.276171923 -0.022304391 0.030011296 0.101605453 -0.041839346 0.025364481 0.993620872
1341846321.031860 -0.256194144 -0.031891607 0.030303882 0.099292442 -0.041699335 0.023757268 0.993900299
1341846321.068047 -0.251627684 -0.024611380 0.023561336 0.100056410 -0.037888974 0.021247389 0.994033098
1341846321.099840 -0.246304080 -0.026348758 0.022394285 0.097481549 -0.036657467 0.021936022 0.994320095
1341846321.131821 -0.223689258 -0.036275133 0.029416602 0.097480372 -0.035829782 0.023648562 0.994311154
1341846321.167887 -0.212246045 -0.031763021 0.029875608 0.100226760 -0.032214407 0.024139777 0.994149983
1341846321.200042 -0.208938241 -0.027549164 0.027950505 0.100801937 -0.029637292 0.023921909 0.994177222
1341846321.231950 -0.199529707 -0.034965549 0.027078956 0.099723011 -0.028777607 0.022503687 0.994344413
1341846321.267939 -0.183812201 -0.029175421 0.023596857 0.100481160 -0.027039653 0.017674372 0.994414449
1341846321.299948 -0.172973737 -0.033123415 0.027033452 0.098941706 -0.022913344 0.012056872 0.994756401
1341846321.331858 -0.171450526 -0.036731776 0.034937087 0.099007063 -0.019541178 0.008030415 0.994862497
1341846321.367913 -0.150021955 -0.042674750 0.033193391 0.100080736 -0.017941734 0.004168780 0.994808793
1341846321.399897 -0.143485963 -0.038526285 0.035908312 0.102164470 -0.012853384 0.003100467 0.994679689
1341846321.435994 -0.138085589 -0.043467205 0.039167602 0.103338122 -0.009534881 0.003025304 0.994596004
1341846321.467946 -0.128520325 -0.041132070 0.041194294 0.105454974 -0.007073209 0.003412328 0.994393170
1341846321.499882 -0.116618119 -0.040991336 0.041328311 0.106763646 -0.004281013 0.003664457 0.994268477
1341846321.536109 -0.098444827 -0.031563584 0.036158632 0.106966920 0.000571346 0.000583579 0.994262338
1341846321.568960 -0.103201188 -0.026118698 0.041568197 0.103994608 0.007519632 -0.001626875 0.994548082
1341846321.603938 -0.095696479 -0.032250989 0.043833222 0.100360200 0.009704883 -0.001509254 0.994902730
1341846321.637163 -0.061480690 -0.024981214 0.016824305 0.098006435 0.013391476 -0.001584004 0.995094478
1341846321.668306 -0.074489132 -0.020875286 0.033826530 0.094056919 0.023476198 0.000276643 0.995290041
1341846321.704411 -0.087954484 -0.027324924 0.040433258 0.090338506 0.025577048 0.008621712 0.995545328
1341846321.736861 -0.075774156 -0.025028219 0.042744145 0.089441411 0.022723511 0.016887303 0.995589674
1341846321.771881 -0.059239700 -0.010500751 0.039368093 0.087578796 0.021781057 0.022248780 0.995670915
1341846321.804114 -0.057372842 -0.015671153 0.052545484 0.082944386 0.025166137 0.024383046 0.995937943
1341846321.836152 -0.055852268 -0.009103293 0.052980863 0.080343768 0.027561354 0.024773898 0.996078074
1341846321.871882 -0.052900761 -0.002738374 0.049114138 0.075384900 0.028778765 0.022133149 0.996493459
1341846321.904074 -0.044813059 -0.005466120 0.052955117 0.068896085 0.029746320 0.019549830 0.996988654
1341846321.939847 -0.040603489 -0.010455204 0.057207316 0.064678393 0.032758050 0.016758574 0.997227550
1341846322.004094 -0.048196003 -0.016053805 0.064091951 0.057556648 0.031427827 0.015930960 0.997720301
1341846322.066178 -0.028731331 -0.022766374 0.062189233 0.052602988 0.035349008 0.013270305 0.997901499
1341846322.107979 -0.033881381 -0.038053714 0.066546403 0.049675360 0.037750661 0.012104710 0.997978330
1341846322.166164 -0.036435414 -0.058963086 0.066620588 0.052718908 0.037856121 0.011620228 0.997823954
1341846322.202932 -0.033535976 -0.061368946 0.063380674 0.054124869 0.035315633 0.011980384 0.997837663
1341846322.234093 -0.032547817 -0.065658621 0.061086543 0.052918892 0.033603970 0.010184675 0.997981369
1341846322.265941 -0.032972492 -0.076571144 0.058213558 0.050122309 0.030813331 0.010691255 0.998210430
1341846322.301996 -0.025193682 -0.089345679 0.059025481 0.048247110 0.028680794 0.011678379 0.998355269
1341846322.333949 -0.035868905 -0.102887481 0.060961574 0.047288999 0.027586043 0.011253539 0.998436928
1341846322.369871 -0.026008207 -0.116610453 0.063693672 0.048212957 0.021602582 0.008249192 0.998569429
1341846322.402292 -0.008985062 -0.131283522 0.062578648 0.049774241 0.021936437 0.002922623 0.998515368
1341846322.433955 -0.024400588 -0.158872515 0.069650769 0.053558711 0.024315601 -0.000856157 0.998268247
1341846322.470030 -0.025183000 -0.170805857 0.068687320 0.061011005 0.020080125 0.002501991 0.997932017
1341846322.502433 -0.012134200 -0.187688246 0.069484435 0.066763498 0.016196674 0.005764760 0.997620702
1341846322.534002 -0.007701013 -0.207021683 0.068208642 0.074462421 0.015908817 0.006769554 0.997074008
1341846322.570196 -0.011509982 -0.201239914 0.062661603 0.086764358 0.016476380 0.007088033 0.996067405
1341846322.601920 -0.020761445 -0.209085017 0.065890767 0.092100501 0.013994616 0.011074639 0.995589793
1341846322.638119 -0.002001204 -0.223189548 0.061813284 0.097072661 0.009802206 0.011283900 0.995165110
1341846322.669947 0.006826235 -0.229163870 0.053946655 0.101738222 0.012686250 0.010055757 0.994679511
1341846322.702026 -0.007149702 -0.236680955 0.054794159 0.105103977 0.015284589 0.011155321 0.994281232
1341846322.738006 0.000730847 -0.235269457 0.065670133 0.106630392 0.011539900 0.013546065 0.994139552
1341846322.770087 0.015760690 -0.259140700 0.069879688 0.105497591 0.011167726 0.014717770 0.994247973
1341846322.806047 0.001539127 -0.267338395 0.070031323 0.109601758 0.011991561 0.015274873 0.993785918
1341846322.838063 -0.002423220 -0.273509085 0.064595371 0.111491956 0.007968652 0.016647430 0.993593991
1341846322.870081 0.004186274 -0.290357709 0.070492119 0.113185324 0.002547524 0.017840957 0.993410468
1341846322.906018 0.019223258 -0.294953287 0.074671485 0.117749311 -0.000017274 0.018593527 0.992869258
1341846322.938349 0.014328606 -0.279749781 0.073847204 0.119437583 0.001605968 0.019667542 0.992645681
1341846322.970069 0.019078720 -0.286428422 0.074332483 0.114607714 0.000872576 0.021268448 0.993182719
1341846323.011820 0.022263788 -0.301500440 0.080930695 0.111856304 0.001202274 0.021513179 0.993490815
1341846323.073951 0.020563291 -0.301324606 0.081491828 0.109255500 0.001108615 0.025965227 0.993673921
1341846323.105962 0.022631230 -0.321430206 0.080542207 0.105785295 0.001198327 0.025442975 0.994062781
1341846323.138158 0.022718776 -0.322059065 0.079900049 0.106594980 0.001251866 0.022002328 0.994058311
1341846323.174092 0.019285217 -0.322905838 0.078198083 0.104603507 0.000938146 0.020620674 0.994299829
1341846323.206059 0.028451448 -0.329005420 0.078800410 0.101693913 -0.000141799 0.018553834 0.994642735
1341846323.238053 0.032799575 -0.330995053 0.080438390 0.099221900 0.002662808 0.016856261 0.994919002
1341846323.273997 0.013991782 -0.333739877 0.076501764 0.095036499 0.004093385 0.017015506 0.995320022
1341846323.305946 0.020016808 -0.341389865 0.079778500 0.089989461 -0.000258617 0.018127164 0.995777786
1341846323.342027 0.044240840 -0.358072728 0.094786786 0.087503746 -0.000018408 0.017282831 0.996014237
1341846323.374048 0.020400105 -0.368580967 0.095012620 0.087842718 0.004916434 0.018102108 0.995957792
1341846323.405987 0.011351687 -0.381132513 0.078159049 0.087250128 0.001308183 0.023385715 0.995911121
1341846323.441956 0.030309688 -0.392163783 0.086929455 0.088305332 -0.003949785 0.025605259 0.995756447
1341846323.473878 0.034922745 -0.401361167 0.088592686 0.092271090 -0.002786468 0.024279686 0.995433986
1341846323.506129 0.020622652 -0.389977664 0.089757837 0.095846206 -0.001897248 0.021575995 0.995160520
1341846323.541972 0.029882178 -0.391607940 0.083955094 0.094502158 -0.002320120 0.018870141 0.995343149
1341846323.573913 0.045893475 -0.409510702 0.082671165 0.093148574 0.001175430 0.013857854 0.995555162
1341846323.609927 0.033979312 -0.408671767 0.087618344 0.093995780 0.007799876 0.010465675 0.995487034
1341846323.642014 0.021941021 -0.421170324 0.078234933 0.092413060 0.010122059 0.010690537 0.995611966
1341846323.674081 0.022503478 -0.428655744 0.086371407 0.092730492 0.008017866 0.013581838 0.995566308
1341846323.710069 0.026274165 -0.446235478 0.086316787 0.093779907 0.006329726 0.018472061 0.995401502
1341846323.742111 0.023281470 -0.454709768 0.081963539 0.098446459 0.004884326 0.018320980 0.994961739
1341846323.774928 0.023885829 -0.451297283 0.079312921 0.102156311 0.002636393 0.015361894 0.994646251
1341846323.810012 0.027866838 -0.458325475 0.079464927 0.103366464 0.001159778 0.011943516 0.994570911
1341846323.842207 0.030283114 -0.466766059 0.071009211 0.104417004 0.001103122 0.006673671 0.994510591
1341846323.878019 0.022959048 -0.477051675 0.069643751 0.105031058 0.000731060 0.002746586 0.994464874
1341846323.909826 0.025343480 -0.488182634 0.075869933 0.108242251 -0.000927495 -0.001208439 0.994123399
1341846323.942459 0.021805592 -0.486939907 0.072536021 0.112229839 -0.000873188 -0.000972600 0.993681490
1341846323.978055 0.014779476 -0.493357390 0.070306763 0.114306584 -0.003285171 0.000453198 0.993440032
1341846324.015934 0.026523955 -0.495951951 0.071029067 0.117996208 -0.006145871 0.000587041 0.992994845
1341846324.047722 0.028370799 -0.487839103 0.072556265 0.121686563 -0.004639530 -0.000463707 0.992557645
1341846324.083904 0.026170928 -0.478314191 0.065063231 0.121846631 -0.002997309 -0.001717821 0.992542982
1341846324.115968 0.028816879 -0.477796942 0.067279905 0.119466871 -0.001374733 -0.003256834 0.992831945
1341846324.151967 0.033561461 -0.471070826 0.066795632 0.119213335 0.001318357 -0.007956532 0.992835999
1341846324.183941 0.029771304 -0.456075430 0.067406394 0.116831154 0.005452942 -0.010872392 0.993077338
1341846324.219984 0.020905206 -0.456358224 0.071129933 0.112332933 0.007828134 -0.010694470 0.993582249
1341846324.251968 0.018395409 -0.457756221 0.075381882 0.111622475 0.008012660 -0.011096827 0.993656456
1341846324.284052 0.012609479 -0.444393247 0.074506864 0.112410396 0.007595036 -0.012041498 0.993559897
1341846324.319880 0.006675209 -0.430181116 0.072627403 0.111341946 0.004490618 -0.012662842 0.993691385
1341846324.351917 0.013031057 -0.415859640 0.073561355 0.108095929 0.000688529 -0.013816851 0.994044244
1341846324.388001 0.021732118 -0.407711059 0.073741324 0.103887655 0.000253484 -0.017092284 0.994442165
1341846324.419908 0.018733177 -0.394776642 0.075909138 0.099460118 0.002545140 -0.019610813 0.994845092
1341846324.452027 0.012914808 -0.393230885 0.080574997 0.094585530 0.003258182 -0.020078164 0.995308995
1341846324.487928 0.011083956 -0.387440145 0.083072588 0.093133800 0.002908359 -0.017788110 0.995490491
1341846324.519985 0.001173989 -0.375826478 0.081768259 0.091911234 0.001291023 -0.013604247 0.995673478
1341846324.556001 0.001142701 -0.361288190 0.080905877 0.090377733 -0.003762804 -0.009630528 0.995853901
1341846324.587888 0.003719861 -0.347633392 0.082900017 0.087130189 -0.006967877 -0.007165799 0.996146798
1341846324.620086 0.002674969 -0.341534376 0.086088054 0.084895626 -0.009430029 -0.009369479 0.996301234
1341846324.655955 0.007358151 -0.328241229 0.086623341 0.083908439 -0.010769974 -0.010817351 0.996356606
1341846324.688082 0.004279375 -0.324834853 0.089047030 0.083137751 -0.010420959 -0.010127777 0.996432126
1341846324.755922 -0.007433848 -0.292099595 0.090797409 0.084762812 -0.013049346 -0.006768520 0.996292770
1341846324.814016 0.009854420 -0.243436977 0.093069144 0.080366798 -0.020244060 -0.008238648 0.996525705
1341846324.849979 -0.000597366 -0.238074243 0.100133583 0.074444667 -0.016403964 -0.010943031 0.997030199
1341846324.881924 -0.009786702 -0.235526711 0.103121944 0.071403421 -0.017150285 -0.010937597 0.997240067
1341846324.913902 -0.004011371 -0.225096881 0.105117157 0.070484027 -0.019038025 -0.007681608 0.997301698
1341846324.949999 -0.007285722 -0.229032651 0.109483838 0.070470959 -0.018968327 -0.004784424 0.997322023
1341846324.981922 -0.016958177 -0.231961280 0.097391695 0.074053742 -0.021145791 -0.000859942 0.997029662
1341846325.018013 -0.020221382 -0.206030697 0.108417526 0.079679698 -0.026046351 0.000727131 0.996479928
1341846325.050079 -0.023518996 -0.190284267 0.103739440 0.081955262 -0.030957274 -0.000048986 0.996155143
1341846325.081901 -0.021017183 -0.173902899 0.100874871 0.081288412 -0.036320660 -0.002147241 0.996026337
1341846325.118531 -0.007902021 -0.158667833 0.101101279 0.077184856 -0.038791794 -0.004068739 0.996253610
1341846325.149933 -0.009030425 -0.158119842 0.106069691 0.071387619 -0.036501434 -0.005364729 0.996766150
1341846325.181925 -0.014159363 -0.152340129 0.106549650 0.068250053 -0.035009075 -0.003055559 0.997049153
1341846325.218055 -0.012068256 -0.147672430 0.102608405 0.065074302 -0.035193618 0.001383378 0.997258663
1341846325.249811 -0.015897548 -0.139915451 0.104012452 0.063095324 -0.035005264 0.004796601 0.997381926
1341846325.285925 -0.012879658 -0.128322318 0.105506599 0.060690910 -0.035800140 0.007860223 0.997483492
1341846325.317988 -0.001171146 -0.130672961 0.114032932 0.057956908 -0.033861797 0.010173754 0.997692823
1341846325.349844 -0.004298735 -0.139740676 0.120837077 0.059789959 -0.029192921 0.012743525 0.997702658
1341846325.387302 -0.004916185 -0.124582358 0.124701604 0.065134175 -0.026458403 0.015140902 0.997410834
1341846325.417931 0.004333862 -0.116985172 0.131695151 0.068239965 -0.021818247 0.017596709 0.997275114
1341846325.450747 0.007604814 -0.122041494 0.139303178 0.072459817 -0.014056496 0.019998655 0.997071803
1341846325.485954 -0.000966108 -0.109601326 0.132278189 0.080391280 -0.007406748 0.022534780 0.996481121
1341846325.517875 -0.006227500 -0.092364825 0.131450251 0.085617684 -0.003455799 0.023762608 0.996038675
1341846325.553859 -0.003411847 -0.085406534 0.135582715 0.088700570 -0.000197347 0.023307357 0.995785654
1341846325.585855 -0.011116437 -0.066860437 0.133162305 0.091568924 0.003359253 0.021170070 0.995568097
1341846325.617990 -0.013333637 -0.048025448 0.131892100 0.088941813 0.005190991 0.019787166 0.995826781
1341846325.653982 -0.014662572 -0.064602949 0.139777645 0.085167274 0.007004733 0.017195551 0.996193707
1341846325.685819 -0.016579192 -0.067166306 0.144683987 0.089923650 0.008316972 0.018713787 0.995738089
1341846325.717857 -0.021660579 -0.050530016 0.144218415 0.094921775 0.009679497 0.025157582 0.995119750
1341846325.754083 -0.023483124 -0.050711282 0.146420419 0.097638279 0.009692785 0.029962057 0.994723678
1341846325.786087 -0.019185716 -0.044158887 0.147984877 0.103922486 0.009840474 0.031341087 0.994042754
1341846325.821856 -0.021697626 -0.024299139 0.144081518 0.108512685 0.011972386 0.032638390 0.993487000
1341846325.853827 -0.029846337 -0.017912908 0.144443274 0.109161988 0.012992700 0.035751723 0.993295908
1341846325.885958 -0.039009966 -0.003766279 0.139145136 0.109886706 0.010688191 0.041623410 0.993014693
1341846325.921984 -0.032883786 -0.001107345 0.148383886 0.108774163 0.006419097 0.046096627 0.992976427
1341846325.953899 -0.021018924 0.001976055 0.153857201 0.111568399 0.005958507 0.047929164 0.992582381
1341846325.985823 -0.025512896 0.014567098 0.155547053 0.114633657 0.009083862 0.051847566 0.992012382
1341846326.021991 -0.031263568 0.015927015 0.157568723 0.117135242 0.009586427 0.057903655 0.991380155
1341846326.054055 -0.026691465 0.033397969 0.160488769 0.122956678 0.008561073 0.061338902 0.990477681
1341846326.089984 -0.022355719 0.052582469 0.163782910 0.126018003 0.010220619 0.060226101 0.990145385
1341846326.121822 -0.022901600 0.063504241 0.167263597 0.125721008 0.014293391 0.058183469 0.990254879
1341846326.154079 -0.030080294 0.064268157 0.170181856 0.126009628 0.017226212 0.056591816 0.990263700
1341846326.190178 -0.032750409 0.076435521 0.170179531 0.128505439 0.016771974 0.059256002 0.989794910
1341846326.222162 -0.037193909 0.093434833 0.169297740 0.128201619 0.015223708 0.064966671 0.989500940
1341846326.259181 -0.036369979 0.105237447 0.169354737 0.125387534 0.012467185 0.068705305 0.989647508
1341846326.322766 -0.031003900 0.127379254 0.180186749 0.117833354 0.011599683 0.068552472 0.990596473
1341846326.359773 -0.028350651 0.131735086 0.181196630 0.113753192 0.012841980 0.066839129 0.991174996
1341846326.392109 -0.026074465 0.126440018 0.187280223 0.111984447 0.014689224 0.067799166 0.991285563
1341846326.423985 -0.033429548 0.131033540 0.193731755 0.116150990 0.015861284 0.072464876 0.990457594
1341846326.459869 -0.039981078 0.148621425 0.192405343 0.118915610 0.013816905 0.075623170 0.989923894
1341846326.526163 -0.025394805 0.185291424 0.200467050 0.119727097 0.014450537 0.075227946 0.989847243
1341846326.560211 -0.028593041 0.191792801 0.203437686 0.114128865 0.018664746 0.075729407 0.990399599
1341846326.591828 -0.031261746 0.197630808 0.205620259 0.111330450 0.020824324 0.076410547 0.990622759
1341846326.627027 -0.028963313 0.207331255 0.210499957 0.111014448 0.022156505 0.075874738 0.990670443
1341846326.658442 -0.024618018 0.222053602 0.210316211 0.108993217 0.025631612 0.074473336 0.990917385
1341846326.694856 -0.031419180 0.235701084 0.214304075 0.105381012 0.029458910 0.074525565 0.991197765
1341846326.726206 -0.032253135 0.253382772 0.217843071 0.100167714 0.030505257 0.072286606 0.991872311
1341846326.762753 -0.030137669 0.261114150 0.213469028 0.093519047 0.033138283 0.070154749 0.992589712
1341846326.826821 -0.033749826 0.290294290 0.219834700 0.079031959 0.039205786 0.065435581 0.993949234
1341846326.858887 -0.030608092 0.291008145 0.227965772 0.070723653 0.039915655 0.064751297 0.994591475
1341846326.895360 -0.035002626 0.291459024 0.227802724 0.068321936 0.039628856 0.066723026 0.994640529
1341846326.926897 -0.037377991 0.299894691 0.231262922 0.070588961 0.036023606 0.068640947 0.994488776
1341846326.958888 -0.031724233 0.308112532 0.232528493 0.073211648 0.033347432 0.071806721 0.994168937
1341846326.994594 -0.034718208 0.328703433 0.226102233 0.073839806 0.034373365 0.073860139 0.993937016
1341846327.026301 -0.032003213 0.345784366 0.220180571 0.072005495 0.035432186 0.073229000 0.994081140
1341846327.063945 -0.031069934 0.348176718 0.224647567 0.068464212 0.037766147 0.070233181 0.994461477
1341846327.094662 -0.033783797 0.357960969 0.239181176 0.068427227 0.040322840 0.067204177 0.994572997
1341846327.128901 -0.038099695 0.366782904 0.237696961 0.067294434 0.040905919 0.065188229 0.994760633
1341846327.161940 -0.036863863 0.379456371 0.236658067 0.066325061 0.039608665 0.064849094 0.994900405
1341846327.193867 -0.029163359 0.385007232 0.246604010 0.065307550 0.040302198 0.063478060 0.995028257
1341846327.229885 -0.026608333 0.396424055 0.236097768 0.066419229 0.043244876 0.062303290 0.994905412
1341846327.262014 -0.019329853 0.405695230 0.231273368 0.065423653 0.047432777 0.059070025 0.994977772
1341846327.294023 -0.014447899 0.413242668 0.230038822 0.068697780 0.058631029 0.052671611 0.994519353
1341846327.330015 -0.020569673 0.438787818 0.224753797 0.072188862 0.069622628 0.049968768 0.993702471
1341846327.361939 -0.027808748 0.453110278 0.237393528 0.069696829 0.075505532 0.044412717 0.993714690
1341846327.393887 -0.028480930 0.462060362 0.243180290 0.068282969 0.077749141 0.038260873 0.993895769
1341846327.429966 -0.031869814 0.484744638 0.241008699 0.066989258 0.077734672 0.038556002 0.993973494
1341846327.461965 -0.037144240 0.505346835 0.269143671 0.059325166 0.073781908 0.037874602 0.994787574
1341846327.497931 -0.029616630 0.509578109 0.270537257 0.054661755 0.071629308 0.035003524 0.995317101
1341846327.530068 -0.031945854 0.526663542 0.276356578 0.054231104 0.072266705 0.037968166 0.995185912
1341846327.561895 -0.035633415 0.535125315 0.287738144 0.052739806 0.070378527 0.043051969 0.995194495
1341846327.598010 -0.040256619 0.537537098 0.293236941 0.053580780 0.067750946 0.047027756 0.995151937
1341846327.629945 -0.050509930 0.546263039 0.286049575 0.053185113 0.063145332 0.047795232 0.995439410
1341846327.662003 -0.047720429 0.545143306 0.293559343 0.051830649 0.059753340 0.043132488 0.995933115
1341846327.697919 -0.045342848 0.572766900 0.284331322 0.055832356 0.058206424 0.044971716 0.995727062
1341846327.730075 -0.044636231 0.598016739 0.286864191 0.053198788 0.057330936 0.046961918 0.995830119
1341846327.766017 -0.042631932 0.606636584 0.287994921 0.048834108 0.056531832 0.048152056 0.996042609
1341846327.797917 -0.045863368 0.628843427 0.291428477 0.045164965 0.056452002 0.050613008 0.996098220
1341846327.830054 -0.043845326 0.634182334 0.294139087 0.038361806 0.055607233 0.050725479 0.996425211
1341846327.865944 -0.039404675 0.640739143 0.294748634 0.034309108 0.056469727 0.050623056 0.996529639
1341846327.898010 -0.046052329 0.652683437 0.300385535 0.031748816 0.058137592 0.051694605 0.996463597
1341846327.929991 -0.044116084 0.663958669 0.300820321 0.028046124 0.056135770 0.049812827 0.996785283
1341846327.966065 -0.040793318 0.673317075 0.297216147 0.023616029 0.055871520 0.047104534 0.997046590
1341846327.998073 -0.042258959 0.679117918 0.299516767 0.016287509 0.057102848 0.043565363 0.997284412
1341846328.034045 -0.042761832 0.684779167 0.300611138 0.010419492 0.058021117 0.041901559 0.997381270
1341846328.065993 -0.042336587 0.684718192 0.301443875 0.005035984 0.058735851 0.042431146 0.997358739
1341846328.098045 -0.044815354 0.660460472 0.304628879 0.000843439 0.059653986 0.044022255 0.997247636
1341846328.133967 -0.048761357 0.653024912 0.299751461 0.002472076 0.058950644 0.047219489 0.997140467
1341846328.166023 -0.047881376 0.646755397 0.300972134 0.001303254 0.055544503 0.048637409 0.997270107
1341846328.198018 -0.047519527 0.645211935 0.294451118 0.003360885 0.052745014 0.045253422 0.997576475
1341846328.234044 -0.043289185 0.638066053 0.291610956 0.006623533 0.050488580 0.044581175 0.997707188
1341846328.265899 -0.043620642 0.624577999 0.288090050 0.008046634 0.048836708 0.044710491 0.997773170
1341846328.302051 -0.038181886 0.609541953 0.282523841 0.011114565 0.047866818 0.046510454 0.997708440
1341846328.333917 -0.042532768 0.590186894 0.280472279 0.014057643 0.048580948 0.048225079 0.997555315
1341846328.366008 -0.041181859 0.567266703 0.277924329 0.018261585 0.048094861 0.045505561 0.997638583
1341846328.402010 -0.046665527 0.532653987 0.283674419 0.029037405 0.051180497 0.046048835 0.997204542
1341846328.433920 -0.046429262 0.521849334 0.267831236 0.032723036 0.049255006 0.045936402 0.997192621
1341846328.470003 -0.042412899 0.492470711 0.273084074 0.031428255 0.047849070 0.038708508 0.997609377
1341846328.502194 -0.039622817 0.465333492 0.272303581 0.031986248 0.049905986 0.030972511 0.997761011
1341846328.534033 -0.037200879 0.444908708 0.275003403 0.032554939 0.052613199 0.028252665 0.997684240
1341846328.570125 -0.039628241 0.421999663 0.281633645 0.034373701 0.052910626 0.030320207 0.997546852
1341846328.602804 -0.037896428 0.395213157 0.252239883 0.038281299 0.047478981 0.036235083 0.997480512
1341846328.672663 -0.027178872 0.360834867 0.247621298 0.047898725 0.033389751 0.033619627 0.997727752
1341846328.702975 -0.018741617 0.331046969 0.245327830 0.048095301 0.029584439 0.031619459 0.997903705
1341846328.770129 -0.010306851 0.307992399 0.231201321 0.058025461 0.025956878 0.026860839 0.997616053
1341846328.802331 -0.019637968 0.296911359 0.240461022 0.059908431 0.024898756 0.026671227 0.997536838
1341846328.838051 -0.012626741 0.279740900 0.234350875 0.063380934 0.022394158 0.023909997 0.997451603
1341846328.869939 -0.010156739 0.283596665 0.224884987 0.064147130 0.021001125 0.022831790 0.997458220
1341846328.904486 -0.011464420 0.262385637 0.230136067 0.059216991 0.018140480 0.022566205 0.997825205
1341846328.939814 -0.003998417 0.230775058 0.230206847 0.060517203 0.014790745 0.022771452 0.997797787
1341846328.970217 0.000745886 0.231909633 0.220554993 0.065391965 0.012245394 0.027025426 0.997418523
1341846329.006232 0.000515101 0.221853882 0.222311318 0.066614851 0.010407587 0.029839793 0.997278214
1341846329.038243 0.004309950 0.204906806 0.221642107 0.069782123 0.009528124 0.029403111 0.997083366
1341846329.106125 0.005141739 0.197439089 0.206112847 0.073022172 0.009156134 0.029383127 0.996855319
1341846329.138340 0.008489019 0.178502440 0.204267964 0.073611386 0.007912603 0.027945722 0.996864021
1341846329.169991 0.009531668 0.178431794 0.198899239 0.076095216 0.006832579 0.026696220 0.996719718
1341846329.208656 0.013152862 0.169453979 0.200481266 0.076333851 0.005473438 0.026125994 0.996724963
1341846329.238169 0.015969127 0.170032397 0.194278210 0.076356634 0.004328326 0.025830841 0.996736526
1341846329.273827 0.015221131 0.154213101 0.195466965 0.074029922 0.003549139 0.026578065 0.996895552
1341846329.306052 0.014782412 0.151123166 0.189094245 0.074670315 0.001115993 0.025963824 0.996869683
1341846329.338104 0.021922193 0.154111907 0.187323228 0.071876280 -0.001354412 0.024219751 0.997118592
1341846329.373907 0.017358417 0.126718104 0.185545862 0.067110382 -0.001196004 0.021890365 0.997504711
1341846329.405985 0.018939046 0.117451690 0.181827679 0.068356924 -0.002762144 0.019178227 0.997472763
1341846329.442057 0.020392995 0.114961222 0.179811165 0.067935660 -0.003328645 0.015467474 0.997564256
1341846329.473950 0.017841266 0.099100523 0.178205535 0.066410005 -0.004212316 0.009679420 0.997736633
1341846329.506147 0.016856756 0.095105574 0.172225997 0.066823743 -0.006049454 0.006785378 0.997723401
1341846329.542121 0.014308861 0.082079172 0.170261502 0.064786874 -0.008881371 0.006467063 0.997838676
1341846329.574086 0.019407557 0.063760504 0.167741224 0.066512600 -0.011450163 0.005197254 0.997706413
1341846329.606387 0.018523453 0.063772134 0.164141282 0.069670878 -0.011693168 0.003513474 0.997495353
1341846329.641955 0.012254872 0.060376257 0.160302565 0.069665276 -0.012436568 0.003266068 0.997487545
1341846329.681570 0.011406539 0.045838632 0.161067188 0.068347655 -0.015374010 0.004005723 0.997535110
1341846329.748113 0.022038482 0.040520776 0.155749470 0.070490435 -0.016288087 0.002344778 0.997376740
1341846329.810175 0.017789032 0.013947999 0.157294944 0.067962132 -0.012558192 0.006753487 0.997586012
1341846329.842255 0.016210509 0.007992775 0.162178904 0.069896109 -0.012514081 0.010011366 0.997425616
1341846329.874044 0.014448535 0.002009706 0.154488027 0.071675748 -0.012277178 0.012789438 0.997270465
1341846329.910073 0.013475049 0.007482854 0.151383489 0.072487339 -0.012755694 0.014902442 0.997176409
1341846329.942009 0.011200091 0.006182381 0.151897341 0.068113618 -0.012912857 0.019702362 0.997399449
1341846329.978087 0.011550198 -0.018594872 0.158463076 0.065249823 -0.013514948 0.021768617 0.997539997
1341846330.016305 0.017818358 -0.010939695 0.149983987 0.067634888 -0.012855449 0.019538077 0.997436047
1341846330.048192 0.010069645 -0.006148162 0.146703675 0.064039007 -0.010809087 0.020248329 0.997683465
1341846330.080418 0.012199569 -0.027873805 0.151012361 0.059013538 -0.011219442 0.022846062 0.997932673
1341846330.115886 0.015659150 -0.044042405 0.145510152 0.061002016 -0.009890961 0.024168363 0.997795999
1341846330.147839 0.010104332 -0.027394287 0.139945373 0.064370856 -0.009498456 0.026116090 0.997539043
1341846330.181257 0.009767156 -0.015352959 0.137988225 0.060051151 -0.010051124 0.028362092 0.997741699
1341846330.215852 0.012972982 -0.032038894 0.142921224 0.053086631 -0.009404573 0.028447650 0.998140395
1341846330.247833 0.008669987 -0.037921280 0.137476325 0.051109165 -0.008604324 0.027643787 0.998273373
1341846330.283913 0.005836480 -0.024375819 0.131697819 0.048287921 -0.009043374 0.027903553 0.998402715
1341846330.316011 0.003407937 -0.039840989 0.137466043 0.041333087 -0.009702349 0.027586631 0.998717427
1341846330.347868 0.002899856 -0.048803419 0.133153632 0.038932562 -0.011335856 0.026237745 0.998833060
1341846330.383835 0.004742496 -0.050226368 0.138980567 0.036890872 -0.011933049 0.026820779 0.998888075
1341846330.415934 0.005912764 -0.065888040 0.140905708 0.035793398 -0.011235391 0.025395913 0.998973310
1341846330.452561 -0.001214190 -0.066835418 0.136749536 0.038703602 -0.011174470 0.023832761 0.998904049
1341846330.483903 -0.004869921 -0.061259609 0.132441506 0.039187644 -0.012842248 0.026104540 0.998808324
1341846330.515970 -0.004746474 -0.071199782 0.132434562 0.037305430 -0.015060609 0.029243462 0.998762429
1341846330.552099 -0.002658428 -0.074608468 0.130687431 0.038579781 -0.016514149 0.031530663 0.998621464
1341846330.583876 -0.005559755 -0.065330982 0.124079809 0.038537756 -0.016557321 0.031868540 0.998611629
1341846330.619992 -0.011595241 -0.058170062 0.117526405 0.034049064 -0.017337227 0.030786751 0.998795450
1341846330.652136 -0.007428761 -0.064667717 0.118977718 0.027547648 -0.019330269 0.029814763 0.998988807
1341846330.683796 -0.010324798 -0.068928018 0.116479889 0.022890944 -0.019021450 0.028731789 0.999144018
1341846330.719991 -0.019701125 -0.083421879 0.115560621 0.019759206 -0.020510307 0.029537152 0.999157906
1341846330.752103 -0.022111133 -0.088634357 0.110459328 0.021285275 -0.024631349 0.033630561 0.998904049
1341846330.787952 -0.028739640 -0.080267385 0.101134345 0.022941859 -0.029002093 0.037732106 0.998603463
1341846330.819823 -0.024040084 -0.079967961 0.102997221 0.022551650 -0.033899687 0.038626444 0.998423934
1341846330.852208 -0.023912404 -0.071238942 0.097924478 0.022691801 -0.035616130 0.039270945 0.998335838
1341846330.914111 -0.028459407 -0.060559526 0.095354706 0.013839326 -0.038659006 0.038880836 0.998399913
1341846330.949903 -0.034743290 -0.073381320 0.091366500 0.010272888 -0.039239511 0.038854130 0.998421311
1341846330.981986 -0.042013630 -0.072879776 0.086163826 0.011225217 -0.043248292 0.039198320 0.998232067
1341846331.014111 -0.038494013 -0.068263389 0.084292769 0.011012189 -0.047483329 0.039496075 0.998030126
1341846331.082139 -0.040998627 -0.072119787 0.078300983 0.012568158 -0.050224818 0.036293853 0.997999132
1341846331.114334 -0.041499101 -0.068791248 0.074922144 0.012500973 -0.052472219 0.035898037 0.997898698
1341846331.149989 -0.038069595 -0.077514954 0.077201761 0.012315650 -0.053707950 0.035044935 0.997865617
1341846331.181954 -0.042471647 -0.077286750 0.073047638 0.015620939 -0.053702533 0.033639964 0.997867942
1341846331.218151 -0.051413521 -0.061808251 0.066273972 0.016303860 -0.056134034 0.034057651 0.997708976
1341846331.249914 -0.038322441 -0.069799013 0.074693643 0.013561006 -0.059279721 0.034281284 0.997560441
1341846331.318141 -0.031576183 -0.066119008 0.072795093 0.024393335 -0.049920354 0.030133802 0.998000443
1341846331.349926 -0.026328588 -0.064759985 0.074769258 0.023303278 -0.047570296 0.028825453 0.998179913
1341846331.382003 -0.008220293 -0.084401250 0.090714410 0.024896163 -0.041926999 0.026838265 0.998449862
1341846331.418008 -0.017278994 -0.073734105 0.088155679 0.032451376 -0.031698845 0.026797658 0.998611093
1341846331.450327 -0.021009753 -0.066131428 0.092328846 0.034590300 -0.026631135 0.028027140 0.998653531
1341846331.486219 -0.026933732 -0.059360709 0.099044472 0.035174824 -0.023861947 0.028891059 0.998678446
1341846331.518344 -0.014096973 -0.061754737 0.104132712 0.033819396 -0.023948478 0.027826263 0.998753488
1341846331.550202 -0.010407371 -0.072152719 0.111410126 0.035116080 -0.019537752 0.026254635 0.998847306
1341846331.586139 -0.022099158 -0.058005072 0.112917148 0.038312450 -0.017194340 0.026547581 0.998765171
1341846331.617931 -0.012951829 -0.056209192 0.120406851 0.037387937 -0.018011076 0.027479434 0.998760581
1341846331.654027 -0.005110939 -0.063173816 0.137968361 0.037485834 -0.015870033 0.028002711 0.998778701
1341846331.686123 -0.012971674 -0.050958246 0.134277761 0.040445227 -0.012385447 0.029318742 0.998674750
1341846331.717954 -0.019359244 -0.038920563 0.143107042 0.038070191 -0.013067152 0.029340221 0.998758733
1341846331.754076 -0.005516041 -0.053474627 0.157984644 0.035048861 -0.013338141 0.028331768 0.998894930
1341846331.785920 -0.006405134 -0.053871222 0.166961834 0.037947878 -0.010317200 0.026813582 0.998866618
1341846331.818053 -0.010903410 -0.041174822 0.174822316 0.039162859 -0.008351846 0.026791476 0.998838723
1341846331.853849 -0.008191019 -0.049228702 0.189548716 0.037405103 -0.008116494 0.026312683 0.998920739
1341846331.885987 -0.000920874 -0.051214330 0.200282514 0.040084932 -0.006003594 0.024329012 0.998881996
1341846331.922014 -0.003468551 -0.042828567 0.209551319 0.042459600 -0.002643324 0.023256576 0.998824000
1341846331.954037 0.004163827 -0.045163445 0.220310122 0.041975155 -0.000340595 0.024291180 0.998823285
1341846331.986135 0.010379167 -0.056331493 0.232669100 0.043641470 0.004851326 0.025454463 0.998711169
1341846332.022364 -0.002567790 -0.059264667 0.248050228 0.050265148 0.010668458 0.024958543 0.998367012
1341846332.054175 -0.003925832 -0.053939801 0.259780556 0.056484450 0.010429360 0.028291037 0.997948050
1341846332.086502 0.001199781 -0.049508050 0.269729286 0.059555992 0.010042599 0.030268485 0.997715473
1341846332.122051 -0.002534566 -0.045602880 0.279500574 0.061437063 0.011384306 0.029035397 0.997623682
1341846332.153983 -0.006798731 -0.030041011 0.289937019 0.060322981 0.011056787 0.026798660 0.997757912
1341846332.190165 -0.008298735 -0.031723347 0.305361450 0.053799391 0.009527378 0.024863755 0.998196721
1341846332.254145 -0.007428491 -0.049813204 0.335571080 0.053103954 0.009496719 0.023004433 0.998278856
1341846332.289948 -0.014961632 -0.041808415 0.354070604 0.055773083 0.010220484 0.023633774 0.998111427
1341846332.322172 -0.013624419 -0.043568391 0.363967419 0.056354441 0.009625786 0.025846859 0.998029828
1341846332.354003 -0.005167920 -0.047818892 0.370033532 0.058695734 0.010967697 0.023356570 0.997942448
1341846332.390180 -0.005752279 -0.032772791 0.381026238 0.061197467 0.015370041 0.020438924 0.997798085
1341846332.422055 -0.011324826 -0.030578114 0.392420530 0.059273440 0.018275637 0.016699189 0.997934759
1341846332.458114 -0.005480289 -0.035413001 0.401069820 0.058426283 0.020105245 0.012955361 0.998005211
1341846332.489993 -0.015756140 -0.029322747 0.412551850 0.059891798 0.022666277 0.013800509 0.997852147
1341846332.522130 -0.023467695 -0.027398981 0.428997695 0.059178822 0.019346768 0.019668577 0.997866094
1341846332.558114 -0.018003622 -0.032556701 0.427407473 0.058798786 0.013787998 0.025759095 0.997842252
1341846332.589874 -0.009166030 -0.022456128 0.430941731 0.059104659 0.010477399 0.030566493 0.997728705
1341846332.621889 -0.005675455 -0.015151637 0.439563990 0.055270270 0.010216097 0.032217123 0.997899294
1341846332.658202 -0.001324173 -0.020053003 0.458601832 0.051165894 0.010492817 0.031489089 0.998138547
1341846332.690001 0.000774924 -0.016664872 0.463716686 0.049448639 0.011040045 0.032479215 0.998187423
1341846332.726000 -0.003780969 -0.021114295 0.477189392 0.048050802 0.010547169 0.036316451 0.998128831
1341846332.758386 0.002407579 -0.017147658 0.487918079 0.049048930 0.007553634 0.038714293 0.998017251
1341846332.789937 0.012322259 -0.007937902 0.495894521 0.048921131 0.007948138 0.037095856 0.998081863
1341846332.825925 0.014385996 -0.010803867 0.508273125 0.046249378 0.010257228 0.035684891 0.998239636
1341846332.857898 0.013969585 -0.012227648 0.516344666 0.046966989 0.011662976 0.035127781 0.998210490
1341846332.894069 0.013307133 0.000806228 0.521022022 0.047622319 0.011783161 0.034966458 0.998183727
1341846332.926029 0.021057261 0.005170230 0.530242860 0.044335276 0.011636187 0.033146963 0.998398900
1341846332.958015 0.024953252 0.006949696 0.540785074 0.041506156 0.013594507 0.030886957 0.998568177
1341846332.994073 0.025088454 0.007652817 0.548740983 0.038457382 0.015110789 0.029157763 0.998720467
1341846333.026545 0.031102151 0.006781673 0.556476533 0.035742324 0.015762219 0.027338361 0.998862684
1341846333.057998 0.037630875 0.007088198 0.562016070 0.034569725 0.017542951 0.027477890 0.998870492
1341846333.094024 0.039110105 0.006568444 0.567837596 0.034767151 0.019152416 0.031055339 0.998729229
1341846333.126095 0.043904282 0.013017324 0.573837340 0.035924498 0.020606836 0.032766104 0.998604655
1341846333.161973 0.048349246 0.020301407 0.578600049 0.035158012 0.023089804 0.033958852 0.998537719
1341846333.195660 0.048046861 0.020552153 0.587757230 0.032633167 0.025331385 0.035696696 0.998508453
1341846333.226331 0.050425727 0.023517137 0.597914100 0.031651974 0.026136944 0.035471432 0.998527348
1341846333.262056 0.051628705 0.028422810 0.599502027 0.028450074 0.026325390 0.033579290 0.998684168
1341846333.294147 0.052738480 0.023100132 0.604275107 0.024422830 0.026105328 0.032244261 0.998840570
1341846333.326100 0.054408222 0.024484683 0.607366562 0.022703232 0.024861392 0.030752394 0.998959839
1341846333.362100 0.058166131 0.032796711 0.609544754 0.020263251 0.023858471 0.029330857 0.999079525
1341846333.394119 0.056853268 0.026193069 0.615997255 0.016596397 0.023104791 0.029428249 0.999162078
1341846333.429974 0.058804888 0.028048178 0.615184963 0.015975377 0.021071335 0.029438226 0.999216855
1341846333.462115 0.063041411 0.027082177 0.619125485 0.015728889 0.020982523 0.028155006 0.999259591
1341846333.494040 0.065006286 0.029172953 0.620981276 0.016913446 0.021582045 0.027072493 0.999257326
1341846333.529953 0.069547750 0.030735938 0.621953189 0.018099580 0.022176014 0.026983751 0.999225974
1341846333.562063 0.065855637 0.033017959 0.622625709 0.019045739 0.024972383 0.028522830 0.999099672
1341846333.594090 0.058726471 0.039621528 0.623340309 0.018502597 0.025051018 0.028981017 0.999094665
1341846333.629994 0.059452407 0.041529078 0.623465180 0.015116292 0.022417858 0.028189186 0.999236882
1341846333.662127 0.062451601 0.041123070 0.621552408 0.012025186 0.020992734 0.027709154 0.999323249
1341846333.697964 0.062332232 0.033565540 0.622877657 0.009391441 0.021064449 0.028714145 0.999321580
1341846333.730092 0.061429653 0.030822555 0.618985415 0.011624650 0.021411944 0.029794218 0.999259114
1341846333.762089 0.061375957 0.030964307 0.613312244 0.013069603 0.022211485 0.030865531 0.999191284
1341846333.798006 0.060945768 0.027375929 0.609792411 0.014147176 0.022735743 0.030370500 0.999180019
1341846333.830055 0.062101394 0.028339302 0.604412794 0.016809355 0.023738777 0.028591027 0.999167919
1341846333.866045 0.056597523 0.028249824 0.599868596 0.017850203 0.025650391 0.027094293 0.999144316
1341846333.897987 0.054141894 0.023806592 0.596355081 0.019134119 0.025854472 0.026020739 0.999143839
1341846333.930099 0.055228725 0.021473648 0.590555310 0.021911681 0.026384894 0.025064148 0.999097407
1341846333.965889 0.051909722 0.022515025 0.584482491 0.024397230 0.027624253 0.024702465 0.999015272
1341846333.997985 0.051009588 0.016255442 0.579123557 0.026549032 0.028575597 0.024478149 0.998939157
1341846334.030076 0.047510996 0.020618675 0.571214974 0.030126905 0.030021008 0.025363587 0.998773158
1341846334.066000 0.042964749 0.019140493 0.565958560 0.031664666 0.029902333 0.026641713 0.998695910
1341846334.097932 0.044349730 0.018774463 0.558627784 0.033669613 0.029559584 0.026365420 0.998647869
1341846334.133884 0.039319053 0.019009376 0.552182496 0.035212666 0.031000499 0.026469441 0.998548210
1341846334.166115 0.031876199 0.019648079 0.545009494 0.035667587 0.030287042 0.026951080 0.998540998
1341846334.198072 0.031583548 0.017582702 0.537844241 0.035934109 0.028535588 0.026195619 0.998603165
1341846334.234097 0.033377040 0.019098755 0.530102909 0.036412146 0.028854925 0.025088059 0.998605132
1341846334.266045 0.024752613 0.015133152 0.527179360 0.036167700 0.031066574 0.025328754 0.998541594
1341846334.297946 0.016975394 0.015883913 0.519369364 0.037727647 0.030084550 0.027111730 0.998467088
1341846334.334036 0.019269641 0.017994899 0.509292603 0.038173292 0.028037269 0.027742419 0.998492479
1341846334.365871 0.018888006 0.020357540 0.501531541 0.037867580 0.027971191 0.026135245 0.998549283
1341846334.401845 0.016156556 0.018138587 0.492533177 0.036234982 0.028995540 0.024993934 0.998609841
1341846334.433864 0.009203001 0.012515147 0.490085065 0.035849474 0.028226994 0.025646407 0.998629212
1341846334.466105 0.009392939 0.015934963 0.480377197 0.036882404 0.026329964 0.026278283 0.998627007
1341846334.502142 0.003911346 0.018036606 0.472374737 0.035744589 0.025413087 0.027523682 0.998658657
1341846334.540153 0.003123505 0.015734581 0.466056347 0.035103198 0.024037484 0.026311930 0.998748124
1341846334.602351 -0.009289373 0.022708457 0.449364930 0.030907171 0.020980511 0.019161159 0.999118328
1341846334.670161 -0.012607104 0.017644865 0.436422557 0.025596550 0.018295828 0.012563633 0.999426007
1341846334.702085 -0.021863881 0.012795355 0.425158679 0.024166092 0.017078074 0.012840848 0.999479592
1341846334.734751 -0.023800354 0.014909720 0.419940799 0.024578825 0.014197662 0.014243539 0.999495625
1341846334.770889 -0.025596522 0.014472569 0.407384187 0.024464758 0.012554160 0.016948117 0.999478221
1341846334.802194 -0.031258624 0.015927544 0.396931618 0.024161715 0.010389670 0.017774131 0.999496043
1341846334.833908 -0.028568337 0.017711595 0.388064891 0.023841495 0.008340990 0.016317254 0.999547839
1341846334.869874 -0.032331128 0.019074289 0.379076034 0.022404728 0.008153855 0.016010921 0.999587595
1341846334.902006 -0.039509565 0.016620679 0.369492650 0.020655131 0.006986887 0.016412798 0.999627590
1341846334.938010 -0.042031497 0.015769059 0.360764891 0.020198813 0.003771271 0.015927093 0.999662042
1341846334.970032 -0.037909158 0.013853354 0.352641732 0.019963078 0.002404776 0.015143599 0.999683201
1341846335.002203 -0.042326890 0.008666338 0.345462799 0.021127291 0.002781188 0.017021652 0.999628067
1341846335.037880 -0.050323460 0.011721898 0.330853254 0.024012031 0.000339242 0.019065434 0.999529779
1341846335.069990 -0.045810573 0.015458254 0.320346802 0.024629494 -0.003013601 0.018965583 0.999512196
1341846335.106038 -0.043337997 0.011578915 0.316452682 0.024507293 -0.002397732 0.017485453 0.999543905
1341846335.138045 -0.050159674 0.010643683 0.302434295 0.026223045 -0.000763621 0.016744725 0.999515593
1341846335.169900 -0.056065369 0.014559378 0.284157664 0.026710702 -0.002864421 0.016508132 0.999502838
1341846335.206091 -0.051948994 0.014486495 0.277737528 0.025869800 -0.005409376 0.014612239 0.999543905
1341846335.239365 -0.051545087 0.009582990 0.273598284 0.025512630 -0.004556606 0.012103830 0.999590874
1341846335.269948 -0.056747422 0.007518587 0.262378812 0.026998634 -0.002887360 0.010714170 0.999573946
1341846335.305972 -0.062259149 0.006121255 0.249593288 0.028818501 -0.004060775 0.011118746 0.999514580
1341846335.338012 -0.058237597 0.003811677 0.236113459 0.029968129 -0.005878639 0.013126872 0.999447405
1341846335.374005 -0.051733587 -0.006032237 0.231033981 0.033501912 -0.004670992 0.014177779 0.999327242
1341846335.406025 -0.056057394 -0.005655279 0.221927106 0.040154330 -0.002028893 0.016310401 0.999058366
1341846335.438079 -0.058032297 0.003820917 0.206961691 0.046059132 -0.001126628 0.019450771 0.998748779
1341846335.473998 -0.056065202 0.008234381 0.197055310 0.048355900 0.000273197 0.020491978 0.998619974
1341846335.507038 -0.056810968 0.013804176 0.187493712 0.049732964 0.002974360 0.018295821 0.998590589
1341846335.538040 -0.061351679 0.018769067 0.175464436 0.049282242 0.005497905 0.016297249 0.998636842
1341846335.574119 -0.068666033 0.022114761 0.166222721 0.046927206 0.005817561 0.016560245 0.998744130
1341846335.605970 -0.067506582 0.015414828 0.164063364 0.044912431 0.004633917 0.016090911 0.998850584
1341846335.641978 -0.065176874 0.016558675 0.153342620 0.046239201 0.005492730 0.013808066 0.998819888
1341846335.673993 -0.071563423 0.019127576 0.142253548 0.046077386 0.006631651 0.013415768 0.998825848
1341846335.706178 -0.074228711 0.018213388 0.132826805 0.045446906 0.005250109 0.014350328 0.998849928
1341846335.741982 -0.070276923 0.016503161 0.123450696 0.045806665 0.004589389 0.013923088 0.998842835
1341846335.773960 -0.074269645 0.021897094 0.111284770 0.046247635 0.005402467 0.013173836 0.998828530
1341846335.806271 -0.075920567 0.026819661 0.099541701 0.044477023 0.004766772 0.013484126 0.998908103
1341846335.842031 -0.074921183 0.019711966 0.089027345 0.042137705 0.005685871 0.013212110 0.999008298
1341846335.873966 -0.075820602 0.018023662 0.074101388 0.042916790 0.007286747 0.012453754 0.998974502
1341846335.910005 -0.084421150 0.023000935 0.060488716 0.042761683 0.007851251 0.013924241 0.998957455
1341846335.941936 -0.087351404 0.023704756 0.053042602 0.041868273 0.005962868 0.014821501 0.998995423
1341846335.974198 -0.085837930 0.023624633 0.044613775 0.041620851 0.004883519 0.013085051 0.999035835
1341846336.010032 -0.089475706 0.024564225 0.032536253 0.041481324 0.005031553 0.011523302 0.999060154
1341846336.042129 -0.095708802 0.025745336 0.021097755 0.040707070 0.004039937 0.011795125 0.999093354
1341846336.078076 -0.096757337 0.022683596 0.014649584 0.040486202 0.002033223 0.011255008 0.999114692
1341846336.110739 -0.095132478 0.024133518 0.003240732 0.041149408 0.001702995 0.009710171 0.999104381
1341846336.142002 -0.103107125 0.024354655 -0.006410825 0.041070037 0.002129627 0.010378694 0.999100149
1341846336.183953 -0.109074220 0.028531421 -0.015725430 0.040818091 -0.000405028 0.011333800 0.999102235
1341846336.241891 -0.105463676 0.028397229 -0.026448151 0.038695786 -0.001681485 0.011185142 0.999187052
1341846336.277946 -0.115327798 0.022662669 -0.030688338 0.038825218 -0.000847723 0.012776081 0.999164045
1341846336.309977 -0.118846193 0.021601386 -0.040559515 0.041378222 -0.003237108 0.015606814 0.999016404
1341846336.346143 -0.117830135 0.028280983 -0.050039802 0.043658663 -0.004700949 0.016639080 0.998896897
1341846336.377975 -0.117609560 0.028543159 -0.055995651 0.044395141 -0.004548764 0.016143089 0.998873293
1341846336.410032 -0.120307021 0.030219089 -0.068676516 0.045355033 -0.003729156 0.016169610 0.998833120
1341846336.446041 -0.122776307 0.032254778 -0.079711623 0.044952694 -0.004087618 0.015831862 0.998855352
1341846336.477990 -0.122563943 0.031835642 -0.084258862 0.043945607 -0.004277323 0.015759852 0.998900473
1341846336.510056 -0.124695688 0.028732441 -0.091199860 0.044076487 -0.003520437 0.016320249 0.998888671
1341846336.546024 -0.126087770 0.029111585 -0.098340288 0.045148950 -0.003509599 0.017967734 0.998812556
1341846336.578003 -0.128764570 0.036457319 -0.108903706 0.045276087 -0.003788673 0.019721488 0.998772681
1341846336.614020 -0.124843992 0.036290627 -0.111021712 0.044612583 -0.003583673 0.018965207 0.998817980
1341846336.645982 -0.131386593 0.041073143 -0.121442646 0.043767795 -0.001731239 0.018006595 0.998878002
1341846336.678036 -0.137961254 0.036427569 -0.129494324 0.041571498 -0.003215015 0.018526435 0.998958588
1341846336.714024 -0.138491526 0.030141646 -0.122315474 0.042827491 -0.005811925 0.018656798 0.998891413
1341846336.746016 -0.142446995 0.027500667 -0.130236447 0.046425015 -0.007758658 0.020410458 0.998683095
1341846336.778014 -0.149909511 0.034989674 -0.146207616 0.049615227 -0.011159782 0.023790302 0.998422682
1341846336.820006 -0.151305854 0.040771127 -0.145304516 0.050463058 -0.014967008 0.025850469 0.998279154
1341846336.882056 -0.155766144 0.038928315 -0.154644430 0.053111181 -0.016970474 0.024508487 0.998143554
1341846336.914273 -0.164369658 0.030908959 -0.156144530 0.055122942 -0.021110628 0.026837509 0.997895598
1341846336.945998 -0.163728148 0.031358648 -0.158756092 0.061247818 -0.027065573 0.028145006 0.997358561
1341846336.981980 -0.160192683 0.051095121 -0.177476943 0.065170981 -0.031358320 0.026797619 0.997021198
1341846337.014238 -0.155109912 0.055863492 -0.186149046 0.062227886 -0.034510873 0.025033526 0.997150958
1341846337.046017 -0.154384539 0.052731305 -0.173801690 0.059762493 -0.036126621 0.021245174 0.997332454
1341846337.082104 -0.160932720 0.050344884 -0.183060437 0.059457101 -0.036083221 0.017288666 0.997428656
1341846337.114317 -0.165959209 0.050180852 -0.187149167 0.057585344 -0.038108185 0.016972421 0.997468650
1341846337.150037 -0.161764741 0.049714014 -0.187870324 0.055949870 -0.040250354 0.016019842 0.997493327
1341846337.181873 -0.155747682 0.049146824 -0.189542145 0.055465899 -0.040448643 0.013022620 0.997555971
1341846337.214073 -0.160298511 0.057484232 -0.195312083 0.053544812 -0.038752485 0.010843301 0.997754335
1341846337.250087 -0.174270719 0.043793056 -0.195535854 0.050169867 -0.039458975 0.012006054 0.997888684
1341846337.282028 -0.172374859 0.043830570 -0.199730650 0.051400531 -0.043630168 0.015067729 0.997610867
1341846337.317920 -0.163360193 0.048432540 -0.196182504 0.051409815 -0.045795701 0.015727006 0.997503102
1341846337.350018 -0.164935783 0.056784246 -0.210514054 0.050098289 -0.044888798 0.015359044 0.997616827
1341846337.382159 -0.160442755 0.050108176 -0.209238246 0.046972699 -0.044851236 0.013751781 0.997793972
1341846337.417941 -0.166427225 0.040433206 -0.216794342 0.047252938 -0.043669380 0.013533068 0.997836232
1341846337.450137 -0.167840078 0.049861237 -0.224145129 0.048393551 -0.045505501 0.014710353 0.997682869
1341846337.482096 -0.162817702 0.046271920 -0.223119363 0.046616506 -0.046161469 0.015855594 0.997719765
1341846337.518008 -0.164099708 0.039403580 -0.226936683 0.047226965 -0.046363547 0.015670570 0.997684598
1341846337.549978 -0.163445652 0.051981736 -0.231552780 0.048122987 -0.047168117 0.014035716 0.997628450
1341846337.585971 -0.164614812 0.046946678 -0.227845371 0.045056704 -0.047610372 0.013666591 0.997755706
1341846337.617903 -0.165249869 0.030708980 -0.220478579 0.045492414 -0.048176311 0.013839791 0.997706354
1341846337.650141 -0.163842604 0.046411209 -0.225424752 0.048872605 -0.048510738 0.013324372 0.997537255
1341846337.686352 -0.162730917 0.052411191 -0.224163532 0.047336668 -0.048365891 0.013700033 0.997613370
1341846337.718002 -0.159560323 0.046892975 -0.217873126 0.045187231 -0.048164386 0.013892315 0.997720122
1341846337.749920 -0.155390814 0.052345317 -0.211854577 0.045285482 -0.046550233 0.013388642 0.997799158
1341846337.786157 -0.157173187 0.058723867 -0.208699554 0.042577583 -0.043722160 0.013422626 0.998045802
1341846337.817945 -0.156132713 0.050535642 -0.199910820 0.039660089 -0.041647200 0.014823686 0.998234928
1341846337.854071 -0.152433410 0.059344526 -0.195367366 0.039032999 -0.038639706 0.014465601 0.998385787
1341846337.885951 -0.156890586 0.064461060 -0.195372656 0.036082540 -0.035871692 0.012525770 0.998626292
1341846337.918223 -0.153473303 0.064093418 -0.187916294 0.031817026 -0.034834873 0.010028162 0.998836160
1341846337.954120 -0.154432505 0.059014212 -0.182547271 0.029239673 -0.033257801 0.009353567 0.998975277
1341846337.985994 -0.148606703 0.070122033 -0.174479365 0.027033700 -0.032851789 0.009504408 0.999049366
1341846338.018107 -0.144773185 0.065514788 -0.164391458 0.023381284 -0.031494059 0.010935081 0.999170601
1341846338.054055 -0.142104939 0.072128296 -0.158859000 0.021613652 -0.030080000 0.009699736 0.999266744
1341846338.085986 -0.136090145 0.071077347 -0.148662537 0.018093703 -0.027357085 0.009783207 0.999414086
1341846338.121875 -0.138769031 0.065430395 -0.142002001 0.015860591 -0.024769431 0.011219346 0.999504447
1341846338.154089 -0.141207233 0.065532133 -0.136580437 0.015001519 -0.023966637 0.014162475 0.999499857
1341846338.186029 -0.138115183 0.067160785 -0.130258650 0.013944836 -0.024586080 0.016831731 0.999458790
1341846338.222071 -0.129773527 0.071619309 -0.119567573 0.012966043 -0.023897316 0.016543770 0.999493480
1341846338.254107 -0.130967796 0.064774968 -0.108875126 0.010595494 -0.021831388 0.016732568 0.999565482
1341846338.290130 -0.133351743 0.059966881 -0.106471874 0.010511857 -0.021601195 0.018589569 0.999538541
1341846338.321952 -0.131878570 0.064740874 -0.099958025 0.010881560 -0.020764733 0.020605890 0.999512792
1341846338.354022 -0.130648509 0.062852912 -0.087097988 0.010119366 -0.020170940 0.020874117 0.999527395
1341846338.389969 -0.129405782 0.069248080 -0.081631906 0.010111874 -0.019250784 0.021114273 0.999540567
1341846338.422377 -0.129992843 0.066639490 -0.072842658 0.008005881 -0.018763039 0.021216242 0.999566793
1341846338.454010 -0.129558712 0.068579830 -0.065433420 0.007113153 -0.019053008 0.019998321 0.999593198
1341846338.489894 -0.127248645 0.067190237 -0.051452957 0.005366551 -0.019650768 0.020595642 0.999580324
1341846338.522066 -0.121693850 0.064020738 -0.039782986 0.005900107 -0.019860029 0.020361947 0.999577999
1341846338.558058 -0.122319996 0.077965371 -0.033230074 0.006334282 -0.019649835 0.019251619 0.999601483
1341846338.589842 -0.116574839 0.073851027 -0.015312918 0.003807323 -0.020378327 0.019421306 0.999596477
1341846338.622019 -0.111284703 0.066852428 -0.004861848 0.004009672 -0.019649461 0.020769557 0.999583185
1341846338.657984 -0.115861647 0.075164832 -0.001120992 0.004974916 -0.019288711 0.022236960 0.999554276
1341846338.690198 -0.109370492 0.079088658 0.012144230 0.003100804 -0.020573314 0.022278393 0.999535322
1341846338.722454 -0.104124933 0.071561567 0.026768127 0.001906979 -0.019728675 0.022514999 0.999550104
1341846338.757945 -0.109415494 0.077081993 0.028894570 0.002366904 -0.019089403 0.023951225 0.999528050
1341846338.790039 -0.108624980 0.078270040 0.037038282 0.000268609 -0.021091774 0.024201833 0.999484599
1341846338.826048 -0.098777853 0.076008320 0.053440321 0.000509563 -0.021188520 0.023272544 0.999504507
1341846338.858027 -0.104405046 0.084793426 0.053179577 0.001261484 -0.018856283 0.021770913 0.999584436
1341846338.889902 -0.105550587 0.083996579 0.063118577 -0.001427866 -0.019579694 0.021396874 0.999578357
1341846338.925948 -0.095690861 0.079695418 0.079864882 -0.002443386 -0.019728307 0.020128323 0.999599814
1341846338.958108 -0.096531324 0.080859117 0.087161116 -0.002028146 -0.017521115 0.018772466 0.999668241
1341846338.990057 -0.094661757 0.078097217 0.098476797 -0.001930519 -0.017576756 0.019788686 0.999647856
1341846339.025928 -0.085519418 0.075055480 0.114670172 -0.000127496 -0.017423542 0.020569460 0.999636650
1341846339.057939 -0.086727336 0.082329057 0.119371735 0.003079363 -0.014698517 0.020194523 0.999683321
1341846339.093927 -0.092395075 0.090380572 0.128463343 0.002246968 -0.014598897 0.021090318 0.999668479
1341846339.126562 -0.084042676 0.094814770 0.143927589 -0.000560093 -0.016189447 0.020003913 0.999668717
1341846339.157969 -0.076094836 0.093576334 0.161659196 -0.003127106 -0.014178891 0.018302582 0.999727070
1341846339.194113 -0.083984800 0.096866816 0.162648961 -0.004824686 -0.012137138 0.018879065 0.999736488
1341846339.228165 -0.080893800 0.102015242 0.179553479 -0.007861594 -0.014241375 0.020961713 0.999647975
1341846339.257998 -0.069010042 0.099493235 0.201683864 -0.010621493 -0.014798746 0.021858560 0.999595165
1341846339.294132 -0.069608748 0.102378882 0.205860913 -0.010543008 -0.011957236 0.022475030 0.999620378
1341846339.326577 -0.077606499 0.114050768 0.203697339 -0.013149998 -0.012568903 0.024800742 0.999526978
1341846339.362269 -0.065699443 0.110175610 0.223663270 -0.018001430 -0.016017988 0.023716275 0.999428332
1341846339.394725 -0.057046667 0.106840871 0.227412969 -0.019645264 -0.014947250 0.023798903 0.999412000
1341846339.462186 -0.052994322 0.106857590 0.247563154 -0.023041598 -0.015752472 0.023310555 0.999338627
1341846339.496743 -0.041989315 0.104671709 0.258380949 -0.020654809 -0.012962379 0.021370996 0.999474168
1341846339.562052 -0.045945965 0.103170432 0.275291353 -0.019412691 -0.009084481 0.023065886 0.999504149
1341846339.595122 -0.036591101 0.107158981 0.288943797 -0.016857607 -0.009027762 0.022321571 0.999567986
1341846339.632085 -0.032360017 0.106402233 0.293461680 -0.015784260 -0.005689546 0.020743724 0.999644101
1341846339.664568 -0.031138942 0.107015125 0.297407240 -0.015513705 -0.002797470 0.018517500 0.999704301
1341846339.698896 -0.030060757 0.103884995 0.307248414 -0.016137119 -0.001733270 0.017556680 0.999714196
1341846339.731977 -0.024747616 0.102800921 0.315831453 -0.016153721 -0.001864495 0.016321246 0.999734640
1341846339.762241 -0.020132329 0.100497857 0.324286819 -0.016025135 -0.000859744 0.016053416 0.999742389
1341846339.797873 -0.019950073 0.100191049 0.328886926 -0.015948353 -0.000147917 0.017199539 0.999724925
1341846339.830245 -0.017017091 0.099651210 0.336955190 -0.016238354 -0.000729305 0.017452314 0.999715626
1341846339.862015 -0.012421717 0.100729115 0.344179183 -0.016592624 -0.000868541 0.017346578 0.999711514
1341846339.897797 -0.006956641 0.099659808 0.352635443 -0.017662808 -0.000037276 0.016841168 0.999702156
1341846339.929916 -0.007321840 0.095610693 0.358317912 -0.018263042 0.001276636 0.018319344 0.999664605
1341846339.961960 -0.004978118 0.093262866 0.366325319 -0.017168794 0.000482046 0.019513177 0.999662101
1341846339.997845 0.000929667 0.096652292 0.374468118 -0.015174636 0.001214504 0.019642906 0.999691188
1341846340.029925 0.004629291 0.091634907 0.380485237 -0.014901282 0.003565974 0.020705968 0.999668241
1341846340.066044 0.006105732 0.090795137 0.388357192 -0.012860901 0.004933829 0.021892326 0.999665499
1341846340.098009 0.005753406 0.094217137 0.392182320 -0.011618013 0.005759245 0.022503208 0.999662697
1341846340.130102 0.009828267 0.094423831 0.401308537 -0.012313893 0.005289124 0.021760825 0.999673367
1341846340.166041 0.017088313 0.089956246 0.407114208 -0.011910561 0.006927744 0.020021791 0.999704659
1341846340.197867 0.014235567 0.093419157 0.410906136 -0.010391902 0.009965376 0.019334301 0.999709487
1341846340.229904 0.014702738 0.096438520 0.417545438 -0.011444326 0.009898292 0.019218856 0.999700844
1341846340.265859 0.022388060 0.090899982 0.428000808 -0.012586265 0.010235669 0.019028774 0.999687374
1341846340.298061 0.023124104 0.091423221 0.432550609 -0.010491030 0.012686041 0.019299319 0.999678254
1341846340.334063 0.016955998 0.098050587 0.438651860 -0.010796377 0.012602532 0.021061184 0.999640465
1341846340.366064 0.027358688 0.089943908 0.442907065 -0.013261295 0.009281645 0.020865945 0.999651253
1341846340.397995 0.032604292 0.089370973 0.447227836 -0.011374787 0.009461701 0.020236723 0.999685764
1341846340.433895 0.031313952 0.091149189 0.452156991 -0.010661781 0.009567594 0.021270255 0.999671102
1341846340.465959 0.031064335 0.090332434 0.455683798 -0.010107904 0.007378695 0.022559186 0.999667227
1341846340.501858 0.036436640 0.089746028 0.454541117 -0.009426625 0.003603308 0.022811709 0.999688864
1341846340.534329 0.042025670 0.090522915 0.453969240 -0.008883504 0.001894442 0.022931270 0.999695837
1341846340.566041 0.045763344 0.086917914 0.455605000 -0.007956113 0.000900845 0.023324400 0.999695897
1341846340.601909 0.049883779 0.087713361 0.452402264 -0.005363981 0.000162100 0.024023581 0.999697030
1341846340.634005 0.052477825 0.093961850 0.450318515 -0.003825127 -0.000253837 0.022643670 0.999736309
1341846340.666028 0.057518933 0.092740782 0.451113492 -0.003992080 -0.000399388 0.020364661 0.999784589
1341846340.701946 0.061171506 0.090512201 0.449612468 -0.002360056 0.000784795 0.018279113 0.999829888
1341846340.733954 0.062382113 0.095437162 0.445944816 -0.000755427 0.002619190 0.016303711 0.999863386
1341846340.770081 0.061041139 0.096535169 0.445367098 -0.001422221 0.003358359 0.013822570 0.999897838
1341846340.801980 0.065884233 0.094597764 0.443134308 -0.001521069 0.003925018 0.008539580 0.999954760
1341846340.833999 0.066827320 0.098598495 0.440502495 -0.001331896 0.006180377 0.004689083 0.999969065
1341846340.870013 0.063376278 0.096335202 0.442019045 -0.002970312 0.006547186 0.002747378 0.999970436
1341846340.901955 0.066291332 0.091702409 0.441831857 -0.002500720 0.005946007 0.002696511 0.999975562
1341846340.933918 0.063976206 0.091713093 0.438064963 -0.000604164 0.005713783 0.005246728 0.999969780
1341846340.970122 0.062720582 0.091579325 0.434367180 0.000456376 0.002787048 0.010343505 0.999942541
1341846341.001922 0.064096354 0.088726982 0.432212830 0.001420052 -0.001413664 0.015653534 0.999875486
1341846341.037923 0.066483065 0.091642328 0.427822649 0.003176800 -0.004046926 0.018049695 0.999823868
1341846341.070300 0.066774793 0.090981431 0.425499976 0.003528241 -0.004698786 0.018039761 0.999820054
1341846341.102028 0.063804798 0.091477774 0.423404098 0.003603318 -0.005841875 0.018321408 0.999808550
1341846341.137982 0.065833256 0.090314202 0.420868248 0.003509996 -0.008006770 0.018513827 0.999790430
1341846341.170048 0.068400659 0.088080414 0.419400334 0.003763771 -0.008668261 0.019675069 0.999761820
1341846341.202110 0.068035245 0.086469755 0.417506605 0.005116665 -0.008970244 0.021474488 0.999716103
1341846341.237996 0.069869727 0.087602258 0.413995802 0.007005654 -0.008920315 0.022064172 0.999692261
1341846341.269883 0.066286013 0.088007346 0.411992729 0.008127141 -0.007944014 0.022302780 0.999686718
1341846341.306107 0.066146672 0.088449322 0.409877270 0.008852656 -0.008654182 0.021402502 0.999694288
1341846341.338109 0.067659490 0.088325590 0.408586293 0.009604905 -0.008303820 0.019486718 0.999729574
1341846341.370120 0.067274138 0.085036345 0.403114170 0.009662095 -0.007113229 0.017816423 0.999769270
1341846341.406074 0.063918106 0.084453009 0.403465033 0.009589612 -0.006492653 0.016935783 0.999789536
1341846341.438113 0.061649531 0.079266876 0.403772742 0.010218622 -0.008076778 0.017452307 0.999762893
1341846341.470024 0.067250729 0.081759781 0.399220854 0.013350762 -0.008974587 0.015995080 0.999742746
1341846341.506077 0.063102648 0.086940192 0.397619784 0.013596834 -0.007502422 0.014260991 0.999777794
1341846341.538156 0.057864409 0.083089903 0.399061799 0.012386659 -0.008740058 0.014355675 0.999782026
1341846341.574016 0.060478456 0.082659185 0.396614909 0.013316978 -0.011239746 0.015440971 0.999728978
1341846341.612466 0.062698834 0.085472673 0.385936826 0.013916243 -0.011991629 0.015992835 0.999703407
1341846341.643972 0.058809258 0.087798186 0.388882101 0.013316991 -0.013060473 0.015064361 0.999712527
1341846341.679982 0.055788048 0.084707096 0.384563893 0.012760383 -0.014297361 0.015786078 0.999691725
1341846341.712332 0.054483503 0.085873477 0.381667972 0.013588250 -0.016451402 0.018555293 0.999600112
1341846341.744185 0.056153823 0.084888808 0.380553305 0.013888421 -0.018573876 0.020396782 0.999522984
1341846341.780061 0.057241291 0.087201007 0.379405439 0.014626737 -0.019251673 0.021757701 0.999470890
1341846341.842595 0.060626168 0.080739044 0.375533462 0.016308976 -0.020418050 0.026659252 0.999302983
1341846341.906227 0.060598649 0.077290505 0.370838344 0.019436497 -0.021009745 0.031783406 0.999084890
1341846341.942069 0.059737302 0.073307477 0.375083029 0.022603000 -0.020728702 0.033386700 0.998971879
1341846341.974775 0.059964787 0.075194694 0.371218860 0.026246117 -0.020791084 0.034808390 0.998833001
1341846342.010161 0.057507869 0.077249490 0.366581053 0.027059872 -0.021843402 0.036982946 0.998710632
1341846342.042024 0.064287610 0.070554987 0.366993964 0.028078310 -0.023225766 0.037357178 0.998637378
1341846342.080032 0.067577794 0.074499518 0.365615368 0.030667197 -0.021304110 0.037297782 0.998606324
1341846342.112265 0.062720805 0.071354493 0.365472496 0.030697972 -0.020153377 0.039210107 0.998556018
1341846342.147954 0.063819729 0.065862440 0.365502536 0.032535151 -0.021498661 0.041391004 0.998381734
1341846342.179852 0.067713566 0.068455160 0.361597568 0.035693619 -0.021334779 0.042800535 0.998217881
1341846342.211848 0.065917462 0.069924921 0.358862996 0.036417942 -0.020428950 0.042452972 0.998225510
1341846342.247920 0.066813007 0.066513568 0.359597445 0.037244227 -0.020332193 0.041137252 0.998252094
1341846342.279870 0.068014532 0.066242799 0.358091861 0.038780104 -0.019947330 0.041515402 0.998185694
1341846342.316068 0.068054087 0.066454798 0.356339455 0.040132638 -0.019746929 0.042476673 0.998095810
1341846342.347894 0.068763345 0.068922095 0.354149342 0.040751401 -0.019799160 0.042470846 0.998069882
1341846342.379953 0.070844866 0.067801416 0.354312569 0.040724806 -0.019435668 0.042578138 0.998073578
1341846342.416195 0.068779215 0.067716271 0.353452742 0.041289553 -0.019040762 0.043854099 0.998002708
