1.000000 0.000000 0.000000 0.000000 0.000000 1.000000 0.000000 0.000000 0.000000 0.000000 1.000000 0.000000
0.999993 -0.002432 -0.002736 -0.020133 0.002426 0.999995 -0.002229 -0.003150 0.002741 0.002222 0.999994 0.706775
0.999973 -0.000844 -0.007348 -0.011451 0.000817 0.999993 -0.003671 -0.008473 0.007351 0.003665 0.999966 1.435997
0.999913 0.000013 -0.013160 0.050415 -0.000087 0.999984 -0.005627 -0.005097 0.013160 0.005628 0.999898 2.185729
0.999872 0.000376 -0.015971 -0.050416 -0.000475 0.999981 -0.006153 -0.011410 0.015969 0.006159 0.999853 2.932323
0.999784 -0.000829 -0.020770 -0.046109 0.000738 0.999990 -0.004373 -0.063686 0.020773 0.004357 0.999775 3.712636
0.999602 0.000810 -0.028216 0.020532 -0.000952 0.999987 -0.005007 -0.087896 0.028212 0.005031 0.999589 4.524001
0.999554 0.003852 -0.029608 -0.124620 -0.004098 0.999958 -0.008253 -0.035719 0.029575 0.008370 0.999527 5.291128
0.999351 0.004377 -0.035759 -0.091327 -0.004608 0.999969 -0.006379 -0.049272 0.035730 0.006539 0.999340 6.121798
0.999008 0.003490 -0.044385 -0.015926 -0.003620 0.999989 -0.002857 -0.078371 0.044375 0.003015 0.999010 6.994832
0.997944 0.001095 -0.064088 0.384316 -0.000482 0.999954 0.009571 -0.286198 0.064096 -0.009520 0.997898 7.916520
0.998984 0.004726 -0.044819 -0.260887 -0.004853 0.999985 -0.002717 -0.056846 0.044805 0.002932 0.998991 8.629542
0.998916 0.003482 -0.046411 -0.310825 -0.003556 0.999993 -0.001520 -0.089174 0.046406 0.001684 0.998921 9.492111
0.998554 0.002995 -0.053674 -0.215189 -0.003104 0.999993 -0.001959 -0.120643 0.053668 0.002123 0.998557 10.393444
0.998040 0.001832 -0.062545 -0.096094 -0.002029 0.999993 -0.003082 -0.073169 0.062539 0.003203 0.998037 11.341289
0.998678 -0.001036 -0.051387 -0.454264 0.000903 0.999996 -0.002607 -0.092429 0.051389 0.002557 0.998675 12.098654
0.998516 0.002100 -0.054423 -0.470812 -0.002369 0.999985 -0.004879 -0.101314 0.054412 0.005000 0.998506 12.997891
0.998522 0.003169 -0.054249 -0.552410 -0.003658 0.999954 -0.008918 -0.096889 0.054218 0.009103 0.998488 13.899982
0.998270 0.006640 -0.058421 -0.540200 -0.007176 0.999934 -0.008964 -0.137852 0.058357 0.009368 0.998252 14.831499
0.995344 0.011756 -0.095663 0.106330 -0.013926 0.999660 -0.022047 0.030990 0.095372 0.023277 0.995170 16.215622
0.996800 0.028067 -0.074847 -0.451121 -0.029364 0.999436 -0.016278 -0.299438 0.074348 0.018424 0.997062 16.940905
0.694469 0.288960 -0.658949 7.687387 -0.376905 0.926209 0.008937 -5.355282 0.612907 0.242155 0.752134 28.553005
-0.478007 -0.679771 -0.556257 -12.030464 -0.547602 0.725786 -0.416374 -0.606344 0.686762 0.105578 -0.719174 52.281208
-0.478007 -0.679771 -0.556257 -12.030464 -0.547602 0.725786 -0.416374 -0.606344 0.686762 0.105578 -0.719174 52.281208
-0.478007 -0.679771 -0.556257 -12.030464 -0.547602 0.725786 -0.416374 -0.606344 0.686762 0.105578 -0.719174 52.281208
-0.478007 -0.679771 -0.556257 -12.030464 -0.547602 0.725786 -0.416374 -0.606344 0.686762 0.105578 -0.719174 52.281208
-0.478007 -0.679771 -0.556257 -12.030464 -0.547602 0.725786 -0.416374 -0.606344 0.686762 0.105578 -0.719174 52.281208
-0.478007 -0.679771 -0.556257 -12.030464 -0.547602 0.725786 -0.416374 -0.606344 0.686762 0.105578 -0.719174 52.281208
-0.478007 -0.679771 -0.556257 -12.030464 -0.547602 0.725786 -0.416374 -0.606344 0.686762 0.105578 -0.719174 52.281208
-0.478007 -0.679771 -0.556257 -12.030464 -0.547602 0.725786 -0.416374 -0.606344 0.686762 0.105578 -0.719174 52.281208
-0.478007 -0.679771 -0.556257 -12.030464 -0.547602 0.725786 -0.416374 -0.606344 0.686762 0.105578 -0.719174 52.281208
-0.478007 -0.679771 -0.556257 -12.030464 -0.547602 0.725786 -0.416374 -0.606344 0.686762 0.105578 -0.719174 52.281208
-0.478007 -0.679771 -0.556257 -12.030464 -0.547602 0.725786 -0.416374 -0.606344 0.686762 0.105578 -0.719174 52.281208
-0.478007 -0.679771 -0.556257 -12.030464 -0.547602 0.725786 -0.416374 -0.606344 0.686762 0.105578 -0.719174 52.281208
-0.478007 -0.679771 -0.556257 -12.030464 -0.547602 0.725786 -0.416374 -0.606344 0.686762 0.105578 -0.719174 52.281208
-0.478007 -0.679771 -0.556257 -12.030464 -0.547602 0.725786 -0.416374 -0.606344 0.686762 0.105578 -0.719174 52.281208
-0.478007 -0.679771 -0.556257 -12.030464 -0.547602 0.725786 -0.416374 -0.606344 0.686762 0.105578 -0.719174 52.281208
-0.478007 -0.679771 -0.556257 -12.030464 -0.547602 0.725786 -0.416374 -0.606344 0.686762 0.105578 -0.719174 52.281208
-0.478007 -0.679771 -0.556257 -12.030464 -0.547602 0.725786 -0.416374 -0.606344 0.686762 0.105578 -0.719174 52.281208
-0.478007 -0.679771 -0.556257 -12.030464 -0.547602 0.725786 -0.416374 -0.606344 0.686762 0.105578 -0.719174 52.281208
-0.478007 -0.679771 -0.556257 -12.030464 -0.547602 0.725786 -0.416374 -0.606344 0.686762 0.105578 -0.719174 52.281208
-0.478007 -0.679771 -0.556257 -12.030464 -0.547602 0.725786 -0.416374 -0.606344 0.686762 0.105578 -0.719174 52.281208
-0.478007 -0.679771 -0.556257 -12.030464 -0.547602 0.725786 -0.416374 -0.606344 0.686762 0.105578 -0.719174 52.281208
-0.478007 -0.679771 -0.556257 -12.030464 -0.547602 0.725786 -0.416374 -0.606344 0.686762 0.105578 -0.719174 52.281208
-0.478007 -0.679771 -0.556257 -12.030464 -0.547602 0.725786 -0.416374 -0.606344 0.686762 0.105578 -0.719174 52.281208
-0.478007 -0.679771 -0.556257 -12.030464 -0.547602 0.725786 -0.416374 -0.606344 0.686762 0.105578 -0.719174 52.281208
-0.478007 -0.679771 -0.556257 -12.030464 -0.547602 0.725786 -0.416374 -0.606344 0.686762 0.105578 -0.719174 52.281208
-0.478007 -0.679771 -0.556257 -12.030464 -0.547602 0.725786 -0.416374 -0.606344 0.686762 0.105578 -0.719174 52.281208
-0.478007 -0.679771 -0.556257 -12.030464 -0.547602 0.725786 -0.416374 -0.606344 0.686762 0.105578 -0.719174 52.281208
-0.478007 -0.679771 -0.556257 -12.030464 -0.547602 0.725786 -0.416374 -0.606344 0.686762 0.105578 -0.719174 52.281208
-0.478007 -0.679771 -0.556257 -12.030464 -0.547602 0.725786 -0.416374 -0.606344 0.686762 0.105578 -0.719174 52.281208
-0.478007 -0.679771 -0.556257 -12.030464 -0.547602 0.725786 -0.416374 -0.606344 0.686762 0.105578 -0.719174 52.281208
-0.478007 -0.679771 -0.556257 -12.030464 -0.547602 0.725786 -0.416374 -0.606344 0.686762 0.105578 -0.719174 52.281208
-0.478007 -0.679771 -0.556257 -12.030464 -0.547602 0.725786 -0.416374 -0.606344 0.686762 0.105578 -0.719174 52.281208
-0.478007 -0.679771 -0.556257 -12.030464 -0.547602 0.725786 -0.416374 -0.606344 0.686762 0.105578 -0.719174 52.281208
-0.478007 -0.679771 -0.556257 -12.030464 -0.547602 0.725786 -0.416374 -0.606344 0.686762 0.105578 -0.719174 52.281208
-0.478007 -0.679771 -0.556257 -12.030464 -0.547602 0.725786 -0.416374 -0.606344 0.686762 0.105578 -0.719174 52.281208
-0.478007 -0.679771 -0.556257 -12.030464 -0.547602 0.725786 -0.416374 -0.606344 0.686762 0.105578 -0.719174 52.281208
-0.478007 -0.679771 -0.556257 -12.030464 -0.547602 0.725786 -0.416374 -0.606344 0.686762 0.105578 -0.719174 52.281208
-0.478007 -0.679771 -0.556257 -12.030464 -0.547602 0.725786 -0.416374 -0.606344 0.686762 0.105578 -0.719174 52.281208
-0.478007 -0.679771 -0.556257 -12.030464 -0.547602 0.725786 -0.416374 -0.606344 0.686762 0.105578 -0.719174 52.281208
-0.478007 -0.679771 -0.556257 -12.030464 -0.547602 0.725786 -0.416374 -0.606344 0.686762 0.105578 -0.719174 52.281208
-0.478007 -0.679771 -0.556257 -12.030464 -0.547602 0.725786 -0.416374 -0.606344 0.686762 0.105578 -0.719174 52.281208
-0.478007 -0.679771 -0.556257 -12.030464 -0.547602 0.725786 -0.416374 -0.606344 0.686762 0.105578 -0.719174 52.281208
-0.478007 -0.679771 -0.556257 -12.030464 -0.547602 0.725786 -0.416374 -0.606344 0.686762 0.105578 -0.719174 52.281208
-0.478007 -0.679771 -0.556257 -12.030464 -0.547602 0.725786 -0.416374 -0.606344 0.686762 0.105578 -0.719174 52.281208
-0.478007 -0.679771 -0.556257 -12.030464 -0.547602 0.725786 -0.416374 -0.606344 0.686762 0.105578 -0.719174 52.281208
-0.478007 -0.679771 -0.556257 -12.030464 -0.547602 0.725786 -0.416374 -0.606344 0.686762 0.105578 -0.719174 52.281208
-0.478007 -0.679771 -0.556257 -12.030464 -0.547602 0.725786 -0.416374 -0.606344 0.686762 0.105578 -0.719174 52.281208
-0.478007 -0.679771 -0.556257 -12.030464 -0.547602 0.725786 -0.416374 -0.606344 0.686762 0.105578 -0.719174 52.281208
-0.478007 -0.679771 -0.556257 -12.030464 -0.547602 0.725786 -0.416374 -0.606344 0.686762 0.105578 -0.719174 52.281208
-0.478007 -0.679771 -0.556257 -12.030464 -0.547602 0.725786 -0.416374 -0.606344 0.686762 0.105578 -0.719174 52.281208
-0.478007 -0.679771 -0.556257 -12.030464 -0.547602 0.725786 -0.416374 -0.606344 0.686762 0.105578 -0.719174 52.281208
-0.478007 -0.679771 -0.556257 -12.030464 -0.547602 0.725786 -0.416374 -0.606344 0.686762 0.105578 -0.719174 52.281208
-0.478007 -0.679771 -0.556257 -12.030464 -0.547602 0.725786 -0.416374 -0.606344 0.686762 0.105578 -0.719174 52.281208
-0.478007 -0.679771 -0.556257 -12.030464 -0.547602 0.725786 -0.416374 -0.606344 0.686762 0.105578 -0.719174 52.281208
-0.478007 -0.679771 -0.556257 -12.030464 -0.547602 0.725786 -0.416374 -0.606344 0.686762 0.105578 -0.719174 52.281208
-0.478007 -0.679771 -0.556257 -12.030464 -0.547602 0.725786 -0.416374 -0.606344 0.686762 0.105578 -0.719174 52.281208
-0.478007 -0.679771 -0.556257 -12.030464 -0.547602 0.725786 -0.416374 -0.606344 0.686762 0.105578 -0.719174 52.281208
-0.478007 -0.679771 -0.556257 -12.030464 -0.547602 0.725786 -0.416374 -0.606344 0.686762 0.105578 -0.719174 52.281208
-0.478007 -0.679771 -0.556257 -12.030464 -0.547602 0.725786 -0.416374 -0.606344 0.686762 0.105578 -0.719174 52.281208
-0.478007 -0.679771 -0.556257 -12.030464 -0.547602 0.725786 -0.416374 -0.606344 0.686762 0.105578 -0.719174 52.281208
-0.478007 -0.679771 -0.556257 -12.030464 -0.547602 0.725786 -0.416374 -0.606344 0.686762 0.105578 -0.719174 52.281208
-0.478007 -0.679771 -0.556257 -12.030464 -0.547602 0.725786 -0.416374 -0.606344 0.686762 0.105578 -0.719174 52.281208
-0.478007 -0.679771 -0.556257 -12.030464 -0.547602 0.725786 -0.416374 -0.606344 0.686762 0.105578 -0.719174 52.281208
-0.478007 -0.679771 -0.556257 -12.030464 -0.547602 0.725786 -0.416374 -0.606344 0.686762 0.105578 -0.719174 52.281208
-0.478007 -0.679771 -0.556257 -12.030464 -0.547602 0.725786 -0.416374 -0.606344 0.686762 0.105578 -0.719174 52.281208
-0.478007 -0.679771 -0.556257 -12.030464 -0.547602 0.725786 -0.416374 -0.606344 0.686762 0.105578 -0.719174 52.281208
-0.478007 -0.679771 -0.556257 -12.030464 -0.547602 0.725786 -0.416374 -0.606344 0.686762 0.105578 -0.719174 52.281208
-0.478007 -0.679771 -0.556257 -12.030464 -0.547602 0.725786 -0.416374 -0.606344 0.686762 0.105578 -0.719174 52.281208
-0.478007 -0.679771 -0.556257 -12.030464 -0.547602 0.725786 -0.416374 -0.606344 0.686762 0.105578 -0.719174 52.281208
-0.478007 -0.679771 -0.556257 -12.030464 -0.547602 0.725786 -0.416374 -0.606344 0.686762 0.105578 -0.719174 52.281208
-0.478007 -0.679771 -0.556257 -12.030464 -0.547602 0.725786 -0.416374 -0.606344 0.686762 0.105578 -0.719174 52.281208
-0.478007 -0.679771 -0.556257 -12.030464 -0.547602 0.725786 -0.416374 -0.606344 0.686762 0.105578 -0.719174 52.281208
-0.478007 -0.679771 -0.556257 -12.030464 -0.547602 0.725786 -0.416374 -0.606344 0.686762 0.105578 -0.719174 52.281208
-0.478007 -0.679771 -0.556257 -12.030464 -0.547602 0.725786 -0.416374 -0.606344 0.686762 0.105578 -0.719174 52.281208
-0.478007 -0.679771 -0.556257 -12.030464 -0.547602 0.725786 -0.416374 -0.606344 0.686762 0.105578 -0.719174 52.281208
-0.478007 -0.679771 -0.556257 -12.030464 -0.547602 0.725786 -0.416374 -0.606344 0.686762 0.105578 -0.719174 52.281208
-0.478007 -0.679771 -0.556257 -12.030464 -0.547602 0.725786 -0.416374 -0.606344 0.686762 0.105578 -0.719174 52.281208
-0.478007 -0.679771 -0.556257 -12.030464 -0.547602 0.725786 -0.416374 -0.606344 0.686762 0.105578 -0.719174 52.281208
