1.000000 0.000000 0.000000 0.000000 0.000000 1.000000 0.000000 0.000000 0.000000 0.000000 1.000000 0.000000
0.995664 -0.003871 0.092938 0.023267 0.003773 0.999992 0.001240 0.004602 -0.092942 -0.000884 0.995671 0.401030
0.992242 -0.000168 0.124321 0.075505 0.000362 0.999999 -0.001543 0.015072 -0.124321 0.001576 0.992241 0.620602
0.992242 -0.000168 0.124321 0.075505 0.000362 0.999999 -0.001543 0.015072 -0.124321 0.001576 0.992241 0.620602
0.975914 -0.001451 0.218151 0.061207 0.002634 0.999983 -0.005135 0.003877 -0.218140 0.005586 0.975901 0.839264
0.965138 0.000054 0.261742 0.035391 0.003955 0.999883 -0.014788 0.022877 -0.261712 0.015307 0.965025 0.992384
0.952398 0.008985 0.304725 0.002539 -0.003724 0.999834 -0.017840 0.006310 -0.304834 0.015856 0.952273 1.147463
0.944112 -0.003688 0.329605 0.017764 0.014040 0.999480 -0.029030 0.069572 -0.329326 0.032035 0.943673 1.229895
0.926997 0.013547 0.374825 -0.064000 0.003365 0.999007 -0.044428 0.098627 -0.375054 0.042446 0.926031 1.333049
0.922338 0.013707 0.386142 -0.011889 -0.018060 0.999808 0.007648 -0.118636 -0.385963 -0.014028 0.922408 1.573230
0.945871 -0.002299 0.324535 0.406238 -0.000034 0.999974 0.007184 -0.083879 -0.324543 -0.006807 0.945846 1.327111
0.945273 -0.004427 0.326250 0.503837 0.003249 0.999986 0.004156 -0.059102 -0.326264 -0.002869 0.945274 1.449438
0.940062 -0.003489 0.340985 0.538461 0.000500 0.999961 0.008854 -0.072014 -0.341003 -0.008153 0.940027 1.614809
0.935564 -0.005291 0.353118 0.594346 0.000761 0.999916 0.012965 -0.088070 -0.353157 -0.011861 0.935489 1.790350
0.932130 -0.004475 0.362097 0.671635 0.000275 0.999932 0.011649 -0.069245 -0.362125 -0.010759 0.932068 1.958714
0.931431 -0.005990 0.363869 0.767884 0.003781 0.999970 0.006783 -0.042138 -0.363898 -0.004942 0.931426 2.095415
0.927707 -0.003666 0.373291 0.861578 0.000909 0.999971 0.007561 -0.038347 -0.373307 -0.006675 0.927684 2.279275
0.925520 -0.025239 0.377856 0.915302 0.018625 0.999603 0.021149 -0.090740 -0.378239 -0.012536 0.925623 2.384526
0.919636 -0.010591 0.392630 0.933888 -0.000359 0.999613 0.027805 -0.088667 -0.392773 -0.025711 0.919276 2.450877
0.915498 -0.037064 0.400612 1.018311 0.027954 0.999201 0.028561 -0.100182 -0.401350 -0.014949 0.915803 2.648300
0.907959 -0.019022 0.418627 1.085699 0.006385 0.999481 0.031568 -0.097250 -0.419010 -0.025989 0.907609 2.835257
0.898161 -0.023048 0.439062 1.126104 0.011601 0.999520 0.028739 -0.089278 -0.439513 -0.020719 0.897997 3.000105
0.896153 -0.026827 0.442934 1.276962 0.016267 0.999486 0.027623 -0.086743 -0.443447 -0.017549 0.896129 3.182897
0.886854 -0.024849 0.461381 1.356210 0.014263 0.999549 0.026417 -0.083947 -0.461829 -0.016848 0.886809 3.336456
0.875480 -0.021453 0.482777 1.441652 0.011005 0.999640 0.024465 -0.078397 -0.483128 -0.016106 0.875402 3.483363
0.861059 -0.019087 0.508147 1.536500 0.008173 0.999686 0.023702 -0.076502 -0.508439 -0.016255 0.860945 3.635520
0.846408 -0.018235 0.532223 1.645085 0.006159 0.999682 0.024458 -0.076165 -0.532500 -0.017423 0.846251 3.779578
0.826386 -0.018328 0.562806 1.744676 0.006048 0.999701 0.023674 -0.073971 -0.563072 -0.016160 0.826250 3.931523
0.807010 -0.021961 0.590129 1.838244 0.007511 0.999609 0.026928 -0.087732 -0.590490 -0.017299 0.806859 4.053808
0.783158 -0.018370 0.621551 1.974453 0.005977 0.999740 0.022017 -0.075156 -0.621794 -0.013527 0.783064 4.262598
0.763267 -0.013469 0.645943 2.097930 0.002982 0.999845 0.017326 -0.070494 -0.646077 -0.011298 0.763189 4.405303
0.742265 -0.016822 0.669895 2.220065 0.008203 0.999838 0.016018 -0.077391 -0.670056 -0.006394 0.742283 4.533020
0.719401 -0.017977 0.694363 2.353368 0.014389 0.999836 0.010978 -0.077291 -0.694446 0.002093 0.719542 4.674033
0.697736 -0.020026 0.716075 2.488863 0.022006 0.999736 0.006516 -0.078909 -0.716017 0.011211 0.697993 4.800960
0.677526 -0.023036 0.735138 2.624259 0.029720 0.999550 0.003930 -0.084021 -0.734898 0.019185 0.677906 4.915785
0.655852 -0.025121 0.754472 2.759732 0.036169 0.999344 0.001833 -0.088437 -0.754023 0.026086 0.656330 5.027862
0.634160 -0.021205 0.772911 2.919157 0.043562 0.999016 -0.008333 -0.087068 -0.771974 0.038955 0.634460 5.158275
0.612943 -0.013074 0.790019 3.047431 0.048529 0.998598 -0.021126 -0.093266 -0.788636 0.051288 0.612718 5.260937
0.592454 0.000874 0.805604 3.209232 0.050311 0.998007 -0.038083 -0.102774 -0.804032 0.063093 0.591229 5.371998
0.571030 0.015027 0.820792 3.377407 0.050734 0.997275 -0.053554 -0.108654 -0.819360 0.072223 0.568711 5.485557
0.549110 0.021353 0.835477 3.534623 0.055406 0.996544 -0.061884 -0.123252 -0.833911 0.080271 0.546029 5.586947
0.527459 0.023189 0.849264 3.694354 0.058935 0.996221 -0.063805 -0.138105 -0.847534 0.083706 0.524099 5.681600
0.505599 0.022461 0.862476 3.849898 0.060608 0.996267 -0.061475 -0.149345 -0.860637 0.083355 0.502351 5.775924
0.486733 0.016922 0.873387 4.030167 0.062686 0.996558 -0.054243 -0.163347 -0.871299 0.081151 0.483997 5.861490
0.468590 0.008329 0.883376 4.180368 0.072640 0.996206 -0.047925 -0.177802 -0.880424 0.086626 0.466207 5.950016
0.454946 0.007524 0.890487 4.352888 0.074499 0.996137 -0.046478 -0.188678 -0.887397 0.087485 0.452628 6.032945
0.442893 0.008387 0.896535 4.504793 0.078515 0.995752 -0.048102 -0.203441 -0.893130 0.091696 0.440353 6.112192
0.432442 0.011123 0.901593 4.649760 0.078816 0.995630 -0.050087 -0.209750 -0.898210 0.092719 0.429676 6.183543
0.422056 0.015695 0.906434 4.831100 0.074059 0.995911 -0.051728 -0.226330 -0.903539 0.088962 0.419168 6.263482
0.409792 0.016216 0.912035 4.999495 0.072714 0.996080 -0.050382 -0.235677 -0.909276 0.086963 0.407006 6.340808
0.400247 0.014643 0.916290 5.153048 0.075978 0.995900 -0.049103 -0.252388 -0.913252 0.089272 0.397493 6.407734
0.393327 0.015130 0.919274 5.330781 0.079310 0.995579 -0.050321 -0.265421 -0.915971 0.092700 0.390388 6.473453
0.389598 0.017459 0.920819 5.509858 0.080153 0.995384 -0.052785 -0.274640 -0.917490 0.094371 0.386401 6.544533
0.389733 0.019986 0.920711 5.688944 0.080781 0.995169 -0.055797 -0.289538 -0.917378 0.096121 0.386235 6.629753
0.393339 0.017852 0.919220 5.862060 0.082961 0.995044 -0.054824 -0.303512 -0.915643 0.097824 0.389908 6.704700
0.400055 0.017875 0.916317 6.046198 0.081148 0.995192 -0.054843 -0.318102 -0.912892 0.096297 0.396681 6.781566
0.408164 0.018115 0.912729 6.234557 0.078913 0.995361 -0.055045 -0.331040 -0.909492 0.094493 0.404841 6.862174
0.415749 0.018710 0.909287 6.430488 0.077330 0.995441 -0.055839 -0.346226 -0.906186 0.093530 0.412406 6.955295
0.421415 0.021377 0.906616 6.591941 0.072820 0.995696 -0.057326 -0.350856 -0.903939 0.090177 0.418045 7.040198
0.425834 0.021548 0.904544 6.771788 0.069463 0.995987 -0.056427 -0.367794 -0.902131 0.086861 0.422629 7.125128
0.428230 0.023650 0.903360 6.984182 0.063890 0.996364 -0.056371 -0.381745 -0.901409 0.081855 0.425161 7.221368
0.428122 0.024505 0.903389 7.188913 0.059856 0.996668 -0.055402 -0.396766 -0.901736 0.077792 0.425229 7.316009
0.427046 0.024526 0.903897 7.381475 0.058968 0.996749 -0.054905 -0.409416 -0.902305 0.076748 0.424211 7.408457
0.426053 0.023771 0.904386 7.572129 0.058705 0.996822 -0.053856 -0.425820 -0.902792 0.076038 0.423303 7.497904
0.425392 0.024499 0.904677 7.770139 0.057742 0.996862 -0.054146 -0.436215 -0.903165 0.075271 0.422643 7.596225
0.427540 0.021616 0.903738 7.994169 0.060118 0.996821 -0.052283 -0.448952 -0.901995 0.076684 0.424881 7.674120
0.426215 0.021768 0.904360 8.182422 0.059387 0.996881 -0.051983 -0.466795 -0.902670 0.075864 0.423593 7.778982
0.425612 0.020359 0.904677 8.376424 0.057041 0.997155 -0.049276 -0.498594 -0.903106 0.072576 0.423240 7.862118
0.423808 0.020717 0.905515 8.564276 0.055644 0.997254 -0.048859 -0.513617 -0.904041 0.071094 0.421492 7.967799
0.425080 0.022024 0.904888 8.812708 0.055151 0.997216 -0.050179 -0.518647 -0.903474 0.071236 0.422682 8.091291
0.427235 0.021661 0.903881 9.030796 0.054781 0.997256 -0.049792 -0.526645 -0.902479 0.070789 0.424876 8.185974
0.430368 0.017860 0.902477 9.247696 0.056291 0.997327 -0.046581 -0.544985 -0.900896 0.070849 0.428213 8.282749
0.431368 0.015209 0.902048 9.431856 0.055682 0.997503 -0.043446 -0.570710 -0.900456 0.068969 0.429444 8.377765
0.433220 0.015950 0.901147 9.645847 0.055329 0.997487 -0.044254 -0.579191 -0.899588 0.069032 0.431249 8.495236
0.434102 0.016972 0.900704 9.848164 0.054601 0.997489 -0.045111 -0.594364 -0.899207 0.068762 0.432085 8.602708
0.436787 0.017087 0.899402 10.055642 0.054963 0.997445 -0.045642 -0.609194 -0.897884 0.069370 0.434732 8.684685
0.434874 0.019685 0.900276 10.247504 0.053384 0.997439 -0.047596 -0.622289 -0.898907 0.068759 0.432710 8.785279
0.432439 0.020445 0.901431 10.453253 0.052033 0.997511 -0.047586 -0.655416 -0.900161 0.067482 0.430299 8.877162
0.427787 0.021683 0.903620 10.644952 0.049292 0.997665 -0.047276 -0.681546 -0.902535 0.064766 0.425719 8.956379
