1548339594.623090 0.0000000 0.0000000 0.0000000 -0.0000000 -0.0000000 -0.0000000 1.0000000
1548339594.656610 -0.0008962 0.0000166 -0.0010270 0.0012571 -0.0000914 0.0014781 0.9999982
1548339594.690130 0.0025071 -0.0022644 -0.0012917 0.0012703 -0.0000030 0.0024131 0.9999963
1548339595.528570 0.0447220 -0.1042101 -0.0197630 -0.0191288 0.0257146 0.0411823 0.9986375
1548339596.801950 0.1173248 -0.2313148 -0.0829767 -0.0192990 0.0471004 0.0615293 0.9968066
1548339596.902500 0.1281950 -0.2187683 -0.0735708 -0.0266321 0.0551227 0.0630494 0.9961310
1548339597.472110 0.1799300 -0.1972042 0.0207817 -0.0439486 0.0679041 0.0596579 0.9949365
1548339597.840710 0.2458773 -0.1919040 0.0534316 -0.0561942 0.0746517 0.0650453 0.9934981
1548339598.041920 0.2623384 -0.1959282 0.0615572 -0.0572409 0.0880842 0.0749540 0.9916384
1548339598.377030 0.2743822 -0.2156700 0.0597969 -0.0457756 0.1164574 0.0900576 0.9880445
1548339598.678570 0.2656685 -0.2292681 0.0620410 -0.0391580 0.1444857 0.0950651 0.9841510
1548339598.846140 0.2657305 -0.2280841 0.0609782 -0.0358534 0.1663146 0.1012597 0.9802043
1548339599.080540 0.2744043 -0.2085684 0.0571273 -0.0450452 0.2041475 0.1110515 0.9715772
1548339599.315100 0.2680618 -0.1908463 0.0568951 -0.0484499 0.2485566 0.1180998 0.9601691
1548339600.152690 0.2693020 -0.1578633 0.0637513 -0.0500418 0.2914873 0.1326011 0.9460168
1548339600.521640 0.2995359 -0.1901459 0.0372133 -0.0253461 0.3290729 0.1538174 0.9313478
1548339600.824130 0.3202492 -0.2025786 0.0147356 -0.0111307 0.3595574 0.1594497 0.9193315
1548339601.158620 0.3536822 -0.2144682 -0.0103791 -0.0076842 0.3898632 0.1694440 0.9051168
1548339601.627960 0.4041880 -0.1986359 -0.0247007 -0.0106916 0.4015246 0.1799953 0.8979229
1548339602.197390 0.5125529 -0.1363589 -0.0152826 -0.0377362 0.3941810 0.1903249 0.8983172
1548339602.331460 0.5410027 -0.1278315 -0.0151822 -0.0396824 0.3923884 0.1923694 0.8985826
1548339602.666510 0.6025130 -0.1265230 -0.0259720 -0.0330844 0.3882318 0.1852515 0.9021438
1548339602.867610 0.6401584 -0.1357422 -0.0373648 -0.0328412 0.3906009 0.1904683 0.9000412
1548339603.169140 0.6816590 -0.1381174 -0.0583655 -0.0277525 0.4041390 0.1838704 0.8955966
1548339603.437230 0.7005700 -0.1302823 -0.0886055 -0.0196776 0.4251328 0.1889756 0.8849651
1548339603.672010 0.7228805 -0.1079752 -0.1027885 -0.0274701 0.4535131 0.1918461 0.8699232
1548339603.839370 0.7328460 -0.1080657 -0.1233514 -0.0360821 0.4660015 0.2044965 0.8600709
1548339604.040340 0.7316360 -0.0914629 -0.1304287 -0.0387631 0.4615755 0.2113827 0.8606759
1548339604.275330 0.7149244 -0.0739377 -0.1273916 -0.0336974 0.4564163 0.2010184 0.8661064
1548339605.012800 0.6527190 -0.0456018 -0.1043779 -0.0364295 0.4141531 0.1847363 0.8905182
1548339606.253100 0.5988331 -0.0592269 -0.1553431 -0.0246687 0.4370575 0.1811393 0.8806593
1548339608.900110 0.6157225 -0.0433111 -0.1624898 -0.0375349 0.4372286 0.1907736 0.8780819
1548339609.603980 0.6252579 -0.0447453 -0.1580594 -0.0386342 0.4333109 0.1924520 0.8796086
1548339612.085060 0.5684069 -0.0568425 0.0107203 -0.0489739 0.4869646 0.2121720 0.8458428
1548339612.520450 0.5921874 -0.0467563 0.1200300 -0.0478253 0.5376766 0.2242784 0.8113666
1548339612.655300 0.5995095 -0.0343625 0.1461633 -0.0390365 0.5543445 0.2293406 0.7991128
1548339613.022910 0.6483181 -0.0634217 0.2453921 -0.0372814 0.6055018 0.2467898 0.7556934
1548339613.157170 0.6746113 -0.0917805 0.2875469 -0.0412275 0.6243538 0.2583438 0.7360307
1548339613.291040 0.7047464 -0.1118631 0.3210350 -0.0459680 0.6386903 0.2661573 0.7205012
1548339613.458620 0.7465380 -0.1023062 0.3526149 -0.0429968 0.6548133 0.2773257 0.7017558
1548339613.726520 0.7976868 -0.0667955 0.3481619 -0.0235487 0.6706975 0.2905268 0.6820590
1548339613.860870 0.7928984 -0.0306058 0.2943350 -0.0096148 0.6674777 0.2921107 0.6848740
1548339614.028450 0.7898725 0.0117767 0.2152205 0.0036467 0.6624500 0.2948884 0.6886128
1548339614.162590 0.7888189 0.0424542 0.1542073 0.0138639 0.6575631 0.2958290 0.6927509
1548339614.296420 0.7890567 0.0726565 0.0905764 0.0231355 0.6525243 0.2986724 0.6960399
1548339614.464000 0.7864103 0.1157902 -0.0102375 0.0371500 0.6416153 0.3014347 0.7043343
1548339614.598010 0.7753836 0.1608570 -0.1050451 0.0495506 0.6280783 0.3017172 0.7155621
1548339614.731920 0.7726249 0.1612870 -0.1231716 0.0506836 0.6246564 0.3021939 0.7182719
1548339614.865980 0.7811950 0.1695610 -0.1268944 0.0495673 0.6244527 0.3031931 0.7181057
1548339615.000210 0.7937574 0.1886635 -0.1477717 0.0523976 0.6205583 0.3058054 0.7201701
1548339615.201420 0.8078310 0.1886856 -0.1492721 0.0538025 0.6174229 0.3013703 0.7246173
1548339615.335300 0.8119875 0.2038049 -0.1519271 0.0566937 0.6149600 0.2960451 0.7286751
1548339615.636730 0.8258910 0.1884005 -0.1632774 0.0561658 0.6121827 0.2996611 0.7295759
1548339615.905040 0.8369462 0.1753233 -0.1528603 0.0570059 0.6109864 0.2980476 0.7311728
1548339616.407290 0.8595388 0.1443509 -0.1599562 0.0624431 0.6044019 0.2931776 0.7381369
1548339616.843360 0.8791335 0.0993374 -0.1534963 0.0774892 0.5982709 0.2826852 0.7457590
1548339617.044450 0.8875329 0.0817799 -0.1430359 0.0816726 0.5942584 0.2761294 0.7509589
1548339617.178380 0.8904077 0.0701986 -0.1311076 0.0813824 0.5922559 0.2724993 0.7538926
1548339617.647370 0.9130682 0.0460201 -0.0730353 0.0770478 0.5815848 0.2725421 0.7625900
1548339618.050140 0.9554042 0.0499661 -0.0276521 0.0693369 0.5519311 0.2704182 0.7857726
1548339618.552560 0.9960345 0.0440522 0.0098711 0.0715939 0.5076807 0.2500797 0.8213372
1548339619.256300 0.9879314 0.0645264 0.0368384 0.0725623 0.4789901 0.2329966 0.8432176
1548339619.692830 0.9817295 0.0626702 0.0290431 0.0887997 0.4937586 0.2264663 0.8348833
1548339620.127820 0.9955838 0.0632167 -0.0021217 0.0915097 0.5307085 0.2352528 0.8090925
1548339620.697700 1.0205953 0.0664108 -0.0533012 0.0928777 0.5791712 0.2495356 0.7704976
1548339621.166590 1.0268105 0.0851102 -0.1010323 0.0940414 0.6185365 0.2578871 0.7362494
1548339621.669180 1.0426122 0.0972891 -0.1453100 0.0893171 0.6515558 0.2724415 0.7023340
1548339621.836810 1.0497792 0.1089402 -0.1534013 0.0872717 0.6572756 0.2779663 0.6950592
1548339622.205950 1.0645347 0.1284668 -0.1682427 0.0806666 0.6680999 0.2875309 0.6815141
1548339622.373240 1.0725532 0.1376556 -0.1745376 0.0788314 0.6711404 0.2915107 0.6770360
1548339622.875990 1.0963814 0.1338130 -0.1382651 0.0753655 0.6473243 0.2872933 0.7019643
1548339623.144110 1.0999706 0.1185890 -0.1107609 0.0767408 0.6194690 0.2759226 0.7309144
1548339623.479950 1.0908439 0.1085722 -0.0799884 0.0806460 0.5843782 0.2566653 0.7655856
1548339623.881950 1.0738947 0.0942876 -0.0426527 0.0814154 0.5410749 0.2328959 0.8039708
1548339624.350880 1.0589795 0.0751383 -0.0138089 0.0873732 0.4996935 0.2166941 0.8340959
1548339624.719320 1.0396479 0.0733034 0.0227954 0.0861582 0.4714735 0.1949756 0.8557302
