1341839845.462040 0.0000000 0.0000000 0.0000000 0.0000000 0.0000000 0.0000000 1.0000000
1341839847.977973 -0.0078994 -0.3155644 0.2954900 -0.0273417 -0.0015066 -0.0268714 0.9992638
1341839848.009895 -0.0108974 -0.3015414 0.3008316 -0.0239804 0.0010987 -0.0268231 0.9993519
1341839848.178002 0.0015410 -0.3873634 0.3491398 -0.0352598 -0.0082853 -0.0233882 0.9990701
1341839848.413925 0.0076289 -0.4401098 0.4105218 -0.0338828 -0.0092077 -0.0178819 0.9992234
1341839848.545913 0.0378691 -0.4773453 0.4394966 -0.0340905 0.0019775 -0.0232840 0.9991455
1341839849.181865 0.0506613 -0.5897572 0.6025255 -0.0527746 -0.0180368 -0.0346180 0.9978432
1341839849.486006 0.1197676 -0.6781336 0.6817884 -0.0537641 -0.0174984 -0.0188631 0.9982221
1341839849.554315 0.0581077 -0.7070721 0.6932716 -0.0530332 -0.0060237 -0.0130695 0.9984890
1341839849.718017 0.1076117 -0.7688488 0.7114258 -0.0395279 -0.0089974 0.0004864 0.9991778
1341839849.985994 0.1343100 -0.8327985 0.7631719 -0.0296437 -0.0123669 0.0200613 0.9992827
1341839850.221936 0.1565330 -0.8677871 0.8139160 -0.0306748 -0.0081253 0.0252266 0.9991780
1341839850.690321 0.1805318 -0.9872536 0.9192614 -0.0320040 -0.0117948 0.0191411 0.9992349
1341839850.794163 0.0999925 -1.0448434 0.9416672 -0.0375039 -0.0007876 0.0205476 0.9990849
1341839851.125994 0.2315277 -1.1135772 1.0033872 -0.0155384 -0.0137081 0.0188207 0.9996082
1341839851.904910 0.2295884 -1.2087432 1.1763227 -0.0088026 -0.0072779 0.0282326 0.9995362
1341839852.234052 0.2699318 -1.2487262 1.2750076 0.0108459 -0.0144440 0.0430722 0.9989086
1341839852.402090 0.3108263 -1.3146219 1.3162318 0.0102756 -0.0210475 0.0501563 0.9984667
1341839852.838052 0.2763527 -1.3524094 1.3989475 0.0177452 -0.0215741 0.0591803 0.9978564
1341839853.105933 0.2717769 -1.3758663 1.4452393 0.0225595 -0.0152813 0.0541179 0.9981627
1341839853.373961 0.2806781 -1.4462729 1.4988692 0.0239942 -0.0130879 0.0542644 0.9981525
1341839853.874078 0.3256017 -1.5629506 1.5940681 0.0351846 -0.0201809 0.0567371 0.9975649
1341839854.081020 0.3306496 -1.5744586 1.6300216 0.0375479 -0.0224597 0.0571414 0.9974069
1341839854.284881 0.3422001 -1.6061348 1.6637150 0.0327234 -0.0186971 0.0602518 0.9974715
1341839854.845912 0.3961834 -1.7244779 1.7552884 0.0308828 -0.0085932 0.0753405 0.9966425
1341839855.282006 0.3649375 -1.8200277 1.8154218 0.0524014 0.0005590 0.0908928 0.9944809
1341839855.518101 0.4359318 -1.8240259 1.8599385 0.0597192 -0.0201421 0.0817323 0.9946596
1341839856.422096 0.4511982 -1.9519539 2.0266438 0.0421880 -0.0490869 0.0551634 0.9963773
1341839857.662157 0.5121695 -2.0606203 2.2419124 0.0592224 -0.0615523 0.0493934 0.9951203
1341839857.799287 0.5223280 -2.0338316 2.2654140 0.0842054 -0.0519783 0.0617949 0.9931712
1341839857.929967 0.5054010 -2.1902244 2.2781582 0.0562437 -0.0493604 0.0642274 0.9951257
1341839858.233933 0.5789681 -2.3116643 2.3523734 0.0606404 -0.0507281 0.0730951 0.9941863
1341839858.365914 0.5282565 -2.3988206 2.3349943 0.0561250 -0.0367844 0.0790842 0.9946067
1341839858.634013 0.5789168 -2.4689622 2.3799317 0.0507029 -0.0395758 0.0894524 0.9939121
1341839858.769868 0.5786381 -2.4867291 2.4113374 0.0575566 -0.0359806 0.0937043 0.9932835
1341839858.901854 0.5866205 -2.5233119 2.4196022 0.0551625 -0.0336145 0.0968596 0.9931996
1341839859.305987 0.7154628 -2.6529236 2.4854112 0.0564423 -0.0447705 0.0858972 0.9936959
1341839859.338680 0.7089055 -2.6398289 2.5011644 0.0595151 -0.0345985 0.0833312 0.9941412
1341839859.473912 0.6555631 -2.6878858 2.5200648 0.0544246 -0.0261789 0.0812050 0.9948660
1341839859.741980 0.7992577 -2.6867418 2.5946164 0.0679694 -0.0476687 0.0726600 0.9938955
1341839859.842092 0.6726106 -2.7787807 2.5503843 0.0494171 -0.0277588 0.0796979 0.9952064
1341839860.141988 0.7197888 -2.7971716 2.6008155 0.0513197 -0.0394769 0.0765875 0.9949584
1341839860.209835 0.7139503 -2.7914116 2.6227591 0.0535192 -0.0348794 0.0733061 0.9952614
1341839860.345873 0.7595649 -2.7527657 2.6652224 0.0615205 -0.0473773 0.0674983 0.9946932
1341839860.545838 0.7731789 -2.7575047 2.6734633 0.0576461 -0.0534319 0.0642565 0.9948332
1341839860.745942 0.7186518 -2.7869315 2.6338842 0.0554979 -0.0405443 0.0650827 0.9955101
1341839860.945909 0.7037226 -2.7929027 2.6303368 0.0580782 -0.0350904 0.0633336 0.9956829
1341839861.045938 0.7194636 -2.7865844 2.6372662 0.0617955 -0.0407459 0.0652751 0.9951182
