1341839845.462040 0.0000000 0.0000000 0.0000000 0.0000000 0.0000000 0.0000000 1.0000000
1341839847.341877 -0.0098793 -0.1868671 0.1697688 -0.0188128 -0.0105915 -0.0284068 0.9993632
1341839847.373888 -0.0011309 -0.1632898 0.1709921 -0.0121468 -0.0093123 -0.0271136 0.9995152
1341839847.841891 -0.0225209 -0.2627921 0.2602208 -0.0195757 0.0008030 -0.0303990 0.9993458
1341839848.378118 -0.0229725 -0.4043171 0.4002564 -0.0322568 -0.0016476 -0.0259439 0.9991415
1341839848.681993 0.0629650 -0.5072682 0.4628540 -0.0351954 -0.0004074 -0.0331858 0.9988292
1341839849.050086 0.0292647 -0.5642921 0.5610763 -0.0479544 -0.0116769 -0.0424808 0.9978774
1341839849.486006 0.0868457 -0.6889435 0.6661524 -0.0566271 -0.0120322 -0.0273697 0.9979476
1341839849.718017 0.0788461 -0.7656595 0.7048873 -0.0392638 -0.0045519 -0.0082935 0.9991841
1341839850.189843 0.0975560 -0.8799031 0.8072201 -0.0367062 -0.0028341 0.0130098 0.9992374
1341839850.690321 0.1303432 -0.9984848 0.9065515 -0.0341500 -0.0036950 0.0047810 0.9993985
1341839850.958098 0.1025743 -1.0589471 0.9585165 -0.0216743 0.0049464 0.0011304 0.9997522
1341839851.468966 0.1939741 -1.1963338 1.0583407 -0.0202807 -0.0033074 0.0027903 0.9997849
1341839851.936894 0.1782968 -1.3110665 1.1686726 -0.0233654 -0.0040902 0.0063641 0.9996983
1341839852.737959 0.1704820 -1.5092822 1.3249902 -0.0106198 0.0065655 0.0212572 0.9996961
1341839853.505944 0.2465844 -1.7135068 1.4942391 -0.0218655 -0.0157501 0.0148083 0.9995272
1341839854.452970 0.2344439 -1.8935988 1.6697755 -0.0274178 0.0081215 0.0144107 0.9994872
1341839855.282006 0.2347223 -2.1308782 1.8140291 -0.0122491 0.0189623 0.0398094 0.9989523
1341839856.422096 0.2533212 -2.3345206 2.0592792 -0.0470666 -0.0192067 -0.0013733 0.9987062
1341839857.662157 0.3553944 -2.5748343 2.3275621 -0.0720462 -0.0455943 -0.0150971 0.9962443
1341839858.198033 0.2955659 -2.7745245 2.4554276 -0.0654611 -0.0139383 0.0000346 0.9977578
1341839858.434138 0.5575622 -2.7888212 2.5048430 -0.0454349 -0.0672743 0.0405861 0.9958728
1341839858.601900 0.3534590 -2.8750334 2.5169773 -0.0607611 -0.0160167 0.0165338 0.9978868
1341839858.801904 0.3446651 -2.9233670 2.5728779 -0.0609716 -0.0075679 0.0215938 0.9978772
1341839858.901854 0.3338469 -2.9750073 2.5849137 -0.0676518 -0.0014486 0.0247859 0.9974000
1341839859.037907 0.3853828 -3.0048242 2.6420352 -0.0702078 -0.0107756 0.0220955 0.9972295
1341839859.105865 0.3830506 -3.0122180 2.6501520 -0.0668138 -0.0047982 0.0216041 0.9975200
1341839859.169843 0.3760625 -3.0405843 2.6651900 -0.0650420 0.0013180 0.0215505 0.9976490
1341839859.270415 0.4042047 -3.0889964 2.6732023 -0.0678910 -0.0088785 0.0245805 0.9973504
1341839859.305987 0.4364984 -3.0600624 2.6983671 -0.0596461 -0.0132025 0.0164601 0.9979966
1341839859.338680 0.4625555 -3.0995865 2.6833835 -0.0660985 -0.0098324 0.0130698 0.9976791
1341839859.374216 0.4152780 -3.1487515 2.6988640 -0.0728464 0.0079042 0.0100741 0.9972610
